    0    16.01667   -97.43872 36.22470      46.629     423.496  956.960  292.838   85.595   -0.069   12.868 0.00000e+00
    1    16.03333   -97.43900 36.22800      46.770     422.300  957.053  292.972   85.292    0.047   12.930 0.00000e+00
    2    16.05000   -97.43948 36.23108      49.819     423.417  957.039  293.032   85.173    0.074   12.961 0.00000e+00
    3    16.06667   -97.43997 36.23387      54.451     425.067  956.914  293.047   85.125    0.102   12.967 0.00000e+00
    4    16.08333   -97.44040 36.23640      63.028     431.102  956.262  293.012   85.300    0.081   12.975 0.00000e+00
    5    16.10000   -97.44077 36.23869      68.157     434.254  955.859  292.955   85.442   -0.021   12.955 0.00000e+00
    6    16.11667   -97.44107 36.24080      68.391     433.549  955.911  292.931   85.445    0.061   12.936 0.00000e+00
    7    16.13333   -97.44109 36.24284      70.600     434.749  955.808  292.907   85.506    0.089   12.927 0.00000e+00
    8    16.15000   -97.44082 36.24484      77.978     440.828  955.140  292.878   85.641    0.147   12.933 0.00000e+00
    9    16.16667   -97.44046 36.24683      92.849     454.111  953.713  292.782   86.072    0.304   12.939 0.00000e+00
   10    16.18333   -97.44011 36.24894     110.847     469.736  951.973  292.629   86.710    0.459   12.935 0.00000e+00
   11    16.20000   -97.43974 36.25121     119.607     475.966  951.291  292.516   87.130    0.310   12.915 0.00000e+00
   12    16.21667   -97.43918 36.25353     117.555     471.311  951.737  292.557   86.926   -0.013   12.912 0.00000e+00
   13    16.23333   -97.43832 36.25591     115.034     466.548  952.203  292.591   86.716    0.009   12.901 0.00000e+00
   14    16.25000   -97.43735 36.25830     124.388     474.168  951.319  292.539   86.903    0.116   12.899 0.00000e+00
   15    16.26667   -97.43642 36.26074     146.747     494.943  949.003  292.388   87.531    0.252   12.901 0.00000e+00
   16    16.28333   -97.43562 36.26327     178.393     525.083  945.649  292.135   88.666    0.343   12.908 0.00000e+00
   17    16.30000   -97.43502 36.26574     214.844     560.843  941.664  291.834   90.040    0.510   12.917 0.00000e+00
   18    16.31667   -97.43462 36.26818     237.694     583.134  939.179  291.606   91.024    0.081   12.905 0.00000e+00
   19    16.33333   -97.43416 36.27056     233.628     578.798  939.656  291.715   90.258   -0.174   12.879 0.00000e+00
   20    16.35000   -97.43353 36.27283     238.559     583.512  939.192  291.655   90.239    0.211   12.833 0.00000e+00
   21    16.36667   -97.43287 36.27502     256.437     600.842  937.332  291.574   90.475    0.991   12.827 0.00000e+00
   22    16.38333   -97.43221 36.27724     311.979     655.752  931.377  291.065   92.938    1.178   12.841 0.00000e+00
   23    16.40000   -97.43166 36.27964     372.913     715.810  924.835  290.498   95.672    0.614   12.841 0.00000e+00
   24    16.41667   -97.43111 36.28237     420.620     763.669  919.656  290.058   97.552    0.806   12.802 0.00000e+00
   25    16.43333   -97.43051 36.28529     448.965     792.492  916.564  289.784   98.854    0.904   12.791 3.22240e-04
   26    16.45000   -97.42947 36.28837     478.887     823.126  913.318  289.522   99.948    0.854   12.763 1.55045e-02
   27    16.46667   -97.42808 36.29160     512.134     855.640  909.925  289.355  100.000    0.795   12.696 7.00016e-02
   28    16.48333   -97.42647 36.29493     544.411     886.692  906.608  289.215  100.000    0.723   12.630 1.33780e-01
   29    16.50000   -97.42484 36.29832     574.502     913.014  903.987  289.082  100.000    0.620   12.559 1.51119e-01
   30    16.51667   -97.42310 36.30169     601.787     933.297  901.936  288.985  100.000    0.497   12.510 1.79199e-01
   31    16.53333   -97.42125 36.30501     621.359     945.275  900.514  288.891  100.000    0.295   12.454 1.61864e-01
   32    16.55000   -97.41917 36.30825     621.972     944.523  900.517  288.870  100.000   -0.008   12.437 1.24911e-01
   33    16.56667   -97.41697 36.31141     599.864     921.531  902.992  288.945  100.000   -0.432   12.462 3.38440e-02
   34    16.58333   -97.41482 36.31445     553.928     875.597  907.788  289.319   98.351   -0.912   12.472 0.00000e+00
   35    16.60000   -97.41281 36.31736     490.140     813.544  914.467  289.935   95.129   -1.256   12.457 0.00000e+00
   36    16.61667   -97.41108 36.32015     423.527     748.353  921.437  290.585   91.788   -1.307   12.434 0.00000e+00
   37    16.63333   -97.40961 36.32289     366.469     691.419  927.705  291.167   88.949   -0.908   12.418 0.00000e+00
   38    16.65000   -97.40841 36.32568     327.792     650.983  932.086  291.560   87.171   -0.312   12.418 0.00000e+00
   39    16.66667   -97.40734 36.32859     307.840     629.145  934.498  291.758   86.418    0.082   12.433 0.00000e+00
   40    16.68333   -97.40632 36.33167     300.897     619.883  935.480  291.823   86.674    0.186   12.508 0.00000e+00
   41    16.70000   -97.40531 36.33484     303.012     619.625  935.525  291.821   87.085    0.088   12.565 0.00000e+00
   42    16.71667   -97.40433 36.33796     307.030     621.593  935.338  291.802   87.344   -0.043   12.590 0.00000e+00
   43    16.73333   -97.40335 36.34104     308.981     621.396  935.323  291.772   87.496   -0.153   12.588 0.00000e+00
   44    16.75000   -97.40228 36.34408     304.586     615.112  935.935  291.816   87.357   -0.266   12.595 0.00000e+00
   45    16.76667   -97.40109 36.34703     292.010     602.137  937.166  291.910   86.859   -0.420   12.581 0.00000e+00
   46    16.78333   -97.39985 36.34983     276.023     590.088  938.465  292.034   86.374   -0.427   12.591 0.00000e+00
   47    16.80000   -97.39864 36.35253     269.029     586.705  938.876  292.084   86.220   -0.237   12.603 0.00000e+00
   48    16.81667   -97.39751 36.35526     273.506     594.227  938.138  292.043   86.424   -0.018   12.611 0.00000e+00
   49    16.83333   -97.39645 36.35806     285.331     607.230  936.793  291.940   86.740   -0.072   12.593 0.00000e+00
   50    16.85000   -97.39534 36.36095     291.327     613.949  936.033  291.886   86.719   -0.264   12.557 0.00000e+00
   51    16.86667   -97.39419 36.36396     288.260     611.697  936.259  291.920   86.321   -0.400   12.523 0.00000e+00
   52    16.88333   -97.39301 36.36707     276.651     601.437  937.377  292.036   85.877   -0.364   12.535 0.00000e+00
   53    16.90000   -97.39177 36.37033     253.514     579.671  939.707  292.259   85.018   -0.528   12.554 0.00000e+00
   54    16.91667   -97.39059 36.37373     215.461     539.798  944.213  292.662   83.410   -0.758   12.571 0.00000e+00
   55    16.93333   -97.38971 36.37722     168.523     488.975  949.804  293.161   81.428   -0.886   12.588 0.00000e+00
   56    16.95000   -97.38908 36.38064     124.848     441.931  954.918  293.634   79.534   -1.027   12.595 0.00000e+00
   57    16.96667   -97.38861 36.38390      85.703     401.237  959.437  294.039   78.028   -0.683   12.611 0.00000e+00
   58    16.98333   -97.38826 36.38692      59.908     373.999  962.463  294.330   77.139   -0.321   12.655 0.00000e+00
   59    17.00000   -97.38808 36.38980      47.438     360.206  964.011  294.614   76.527   -0.075   12.757 0.00000e+00
   60    17.01667   -97.38800 36.39263      43.713     355.240  964.542  294.804   76.099    0.041   12.828 0.00000e+00
   61    17.03333   -97.38800 36.39544      43.722     354.031  964.721  294.917   75.814    0.063   12.867 0.00000e+00
   62    17.05000   -97.38808 36.39823      42.811     352.238  964.851  294.969   75.653   -0.015   12.879 0.00000e+00
   63    17.06667   -97.38818 36.40097      38.644     347.484  965.358  295.049   75.338   -0.097   12.883 0.00000e+00
   64    17.08333   -97.38833 36.40362      33.406     341.689  966.023  295.147   75.002   -0.117   12.894 0.00000e+00
   65    17.10000   -97.38848 36.40615      30.556     338.517  966.369  295.263   74.722   -0.057   12.933 0.00000e+00
   66    17.11667   -97.38861 36.40853      35.156     343.060  965.849  295.361   74.618    0.148   13.000 0.00000e+00
   67    17.13333   -97.38853 36.41081      54.197     361.920  963.748  295.162   75.332    0.450   12.993 0.00000e+00
   68    17.15000   -97.38809 36.41323      93.846     401.161  959.406  294.604   77.082    0.824   12.904 0.00000e+00
   69    17.16667   -97.38734 36.41577     168.570     476.096  951.091  293.839   79.926    1.633   12.871 0.00000e+00
   70    17.18333   -97.38625 36.41837     279.322     587.138  938.931  292.708   84.434    2.034   12.835 0.00000e+00
   71    17.20000   -97.38474 36.42095     400.711     708.427  925.826  291.540   89.580    1.862   12.832 0.00000e+00
   72    17.21667   -97.38271 36.42345     502.834     809.509  915.037  290.562   94.147    1.488   12.825 0.00000e+00
   73    17.23333   -97.38026 36.42593     568.225     872.886  908.315  289.949   97.134    0.843   12.818 0.00000e+00
   74    17.25000   -97.37778 36.42841     591.247     894.017  905.913  289.730   98.181    0.148   12.811 0.00000e+00
   75    17.26667   -97.37556 36.43102     576.898     880.330  907.367  289.867   97.286   -0.385   12.785 0.00000e+00
   76    17.28333   -97.37373 36.43378     542.123     845.348  911.147  290.214   95.350   -0.679   12.758 0.00000e+00
   77    17.30000   -97.37220 36.43671     498.580     800.285  916.041  290.676   92.637   -0.789   12.697 0.00000e+00
   78    17.31667   -97.37090 36.43982     452.665     752.452  921.134  291.151   90.229   -0.803   12.675 0.00000e+00
   79    17.33333   -97.36977 36.44309     408.694     707.207  925.944  291.601   88.002   -0.711   12.653 0.00000e+00
   80    17.35000   -97.36871 36.44644     372.072     669.348  929.978  291.970   86.275   -0.564   12.641 0.00000e+00
   81    17.36667   -97.36767 36.44984     341.251     639.249  933.243  292.260   84.917   -0.375   12.628 0.00000e+00
   82    17.38333   -97.36659 36.45322     321.324     619.887  935.406  292.437   84.147   -0.262   12.624 0.00000e+00
   83    17.40000   -97.36539 36.45653     311.049     610.327  936.357  292.566   83.427    0.121   12.604 0.00000e+00
   84    17.41667   -97.36409 36.45971     312.489     613.482  935.964  292.480   83.579   -0.100   12.565 0.00000e+00
   85    17.43333   -97.36269 36.46279     308.936     612.132  936.218  292.489   83.473   -0.351   12.552 0.00000e+00
   86    17.45000   -97.36149 36.46601     304.459     604.511  937.178  292.610   82.878   -0.129   12.545 0.00000e+00
   87    17.46667   -97.36066 36.46943     316.534     611.767  936.383  292.558   82.782    0.359   12.500 0.00000e+00
   88    17.48333   -97.35989 36.47276     359.858     651.568  931.979  292.213   83.887    0.981   12.454 0.00000e+00
   89    17.50000   -97.35897 36.47597     429.668     719.981  924.614  291.594   86.359    1.189   12.429 0.00000e+00
   90    17.51667   -97.35786 36.47902     503.213     791.893  916.909  290.933   89.356    1.077   12.437 0.00000e+00
   91    17.53333   -97.35673 36.48193     560.383     849.302  910.719  290.389   92.057    0.830   12.462 0.00000e+00
   92    17.55000   -97.35561 36.48476     604.007     894.295  905.909  289.965   94.204    0.822   12.478 0.00000e+00
   93    17.56667   -97.35451 36.48760     643.419     935.158  901.605  289.587   96.099    0.955   12.484 0.00000e+00
   94    17.58333   -97.35336 36.49054     691.686     984.438  896.448  289.135   98.437    1.190   12.493 0.00000e+00
   95    17.60000   -97.35210 36.49361     750.893    1044.325  890.178  288.743  100.000    1.403   12.480 5.80810e-02
   96    17.61667   -97.35058 36.49671     819.170    1112.725  883.070  288.487  100.000    1.612   12.375 1.94958e-01
   97    17.63333   -97.34866 36.49977     888.394    1181.361  875.975  288.185  100.000    1.744   12.236 3.26150e-01
   98    17.65000   -97.34624 36.50270     952.526    1244.323  869.504  287.807  100.000    1.447   12.029 3.61839e-01
   99    17.66667   -97.34332 36.50564    1006.818    1298.468  863.813  287.426  100.000    0.979   11.812 3.41708e-01
  100    17.68333   -97.34010 36.50858    1040.927    1335.068  860.084  287.043   99.834    0.279   11.533 2.36366e-01
  101    17.70000   -97.33651 36.51157    1054.191    1351.184  858.462  286.904   99.269   -0.069   11.386 1.48881e-01
  102    17.71667   -97.33244 36.51465    1061.437    1359.188  857.680  286.775   99.046   -0.453   11.275 9.62371e-02
  103    17.73333   -97.32821 36.51790    1057.973    1357.073  857.879  286.898   98.882   -0.518   11.345 1.34788e-01
  104    17.75000   -97.32410 36.52129    1057.347    1356.901  857.959  286.886   98.451   -0.230   11.285 8.77670e-02
  105    17.76667   -97.32030 36.52459    1066.006    1365.639  857.031  286.753   99.070   -0.163   11.270 1.31795e-02
  106    17.78333   -97.31672 36.52774    1062.549    1364.724  857.112  286.748   98.076   -0.320   11.152 8.41333e-04
  107    17.80000   -97.31322 36.53089    1033.759    1337.536  859.875  286.980   96.992   -0.453   11.162 0.00000e+00
  108    17.81667   -97.31001 36.53415     989.723    1295.954  864.049  287.239   96.424   -0.416   11.231 0.00000e+00
  109    17.83333   -97.30714 36.53755     944.024    1252.614  868.493  287.555   95.655   -0.424   11.315 0.00000e+00
  110    17.85000   -97.30455 36.54104     902.682    1214.924  872.306  287.777   95.351   -0.437   11.393 0.00000e+00
  111    17.86667   -97.30198 36.54461     864.718    1181.293  875.865  288.061   94.803   -0.595   11.491 0.00000e+00
  112    17.88333   -97.29943 36.54808     822.075    1141.584  879.991  288.493   92.384   -0.866   11.461 0.00000e+00
  113    17.90000   -97.29697 36.55136     776.242    1098.470  884.453  288.890   90.882   -0.716   11.509 0.00000e+00
  114    17.91667   -97.29468 36.55455     748.909    1073.439  887.199  289.139   89.814   -0.270   11.522 0.00000e+00
  115    17.93333   -97.29242 36.55775     744.323    1067.091  887.910  289.222   89.043    0.032   11.474 0.00000e+00
  116    17.95000   -97.29031 36.56095     748.706    1069.937  887.578  289.222   88.564    0.243   11.417 0.00000e+00
  117    17.96667   -97.28842 36.56409     759.282    1080.097  886.461  289.086   89.474    0.408   11.449 0.00000e+00
  118    17.98333   -97.28662 36.56720     775.363    1097.225  884.652  288.878   90.929    0.455   11.503 0.00000e+00
  119    18.00000   -97.28474 36.57027     793.990    1116.520  882.721  288.679   91.951    0.252   11.510 0.00000e+00
  120    18.01667   -97.28270 36.57330     802.204    1123.875  882.020  288.593   92.412   -0.038   11.513 0.00000e+00
  121    18.03333   -97.28043 36.57626     796.383    1116.094  882.871  288.636   92.585   -0.272   11.555 0.00000e+00
  122    18.05000   -97.27805 36.57915     779.303    1096.460  884.990  288.838   91.514   -0.479   11.543 0.00000e+00
  123    18.06667   -97.27556 36.58197     761.148    1072.799  887.466  289.089   89.840   -0.518   11.485 0.00000e+00
  124    18.08333   -97.27303 36.58493     738.542    1045.105  890.261  289.319   89.166   -0.778   11.532 0.00000e+00
  125    18.10000   -97.27054 36.58784     686.287     989.735  896.047  289.787   88.847   -0.970   11.764 0.00000e+00
  126    18.11667   -97.26843 36.59057     627.566     928.165  902.561  290.367   87.040   -0.834   11.873 0.00000e+00
  127    18.13333   -97.26676 36.59313     579.652     877.796  907.865  290.843   85.157   -0.482   11.904 0.00000e+00
  128    18.15000   -97.26541 36.59559     541.245     837.692  912.076  291.198   83.809   -0.313   11.926 0.00000e+00
  129    18.16667   -97.26424 36.59793     508.405     803.615  915.706  291.513   82.757   -0.323   11.966 0.00000e+00
  130    18.18333   -97.26318 36.60020     481.211     775.309  918.765  291.779   81.730   -0.229   11.978 0.00000e+00
  131    18.20000   -97.26214 36.60244     465.761     758.827  920.479  291.925   81.326   -0.099   12.007 0.00000e+00
  132    18.21667   -97.26105 36.60467     450.252     742.468  922.118  292.088   80.822   -0.400   12.034 0.00000e+00
  133    18.23333   -97.25998 36.60682     419.626     711.926  925.402  292.404   79.900   -0.767   12.092 0.00000e+00
  134    18.25000   -97.25908 36.60888     376.437     668.918  930.081  292.800   79.381   -0.865   12.254 0.00000e+00
  135    18.26667   -97.25850 36.61089     323.795     616.362  935.735  293.269   78.196   -0.976   12.355 0.00000e+00
  136    18.28333   -97.25817 36.61278     269.793     562.399  941.605  293.766   76.517   -0.964   12.392 0.00000e+00
  137    18.30000   -97.25792 36.61458     228.318     520.885  946.152  294.173   75.094   -0.636   12.412 0.00000e+00
  138    18.31667   -97.25772 36.61647     195.857     488.374  949.677  294.489   73.945   -0.636   12.417 0.00000e+00
  139    18.33333   -97.25749 36.61850     151.076     443.566  954.571  294.993   72.036   -1.042   12.415 0.00000e+00
  140    18.35000   -97.25713 36.62052      92.793     385.293  960.970  295.584   69.964   -1.236   12.422 0.00000e+00
  141    18.36667   -97.25661 36.62240      42.673     335.238  966.505  295.937   68.619   -0.849   12.378 0.00000e+00
  142    18.38333   -97.25591 36.62411      14.675     307.321  969.604  296.608   66.625   -0.268   12.481 0.00000e+00
  143    18.40000   -97.25504 36.62536       6.504     299.255  970.383  297.124   64.947   -0.045   12.545 0.00000e+00
  144    18.41667   -97.25416 36.62630       6.550     299.406  970.342  297.477   63.999    0.046   12.631 0.00000e+00
  145    18.43333   -97.25372 36.62723      12.773     305.681  969.733  297.720   63.370    0.216   12.701 0.00000e+00
  146    18.45000   -97.25368 36.62837      25.720     318.637  968.301  297.523   63.781    0.328   12.650 0.00000e+00
  147    18.46667   -97.25378 36.62962      41.929     334.833  966.512  297.138   64.924    0.343   12.603 0.00000e+00
  148    18.48333   -97.25410 36.63076      51.863     344.750  965.396  296.804   65.875    0.003   12.544 0.00000e+00
  149    18.50000   -97.25457 36.63163      54.019     346.897  965.114  296.819   65.844   -0.037   12.553 0.00000e+00
  150    18.51667   -97.25516 36.63211      61.922     354.788  964.272  296.673   66.348    0.161   12.548 0.00000e+00
  151    18.53333   -97.25568 36.63242      84.559     377.419  961.754  296.475   67.051    0.761   12.562 0.00000e+00
  152    18.55000   -97.25601 36.63273     163.703     456.575  953.077  295.744   69.585    2.133   12.581 0.00000e+00
  153    18.56667   -97.25668 36.63350     307.683     600.608  937.358  294.283   75.012    3.133   12.602 0.00000e+00
  154    18.58333   -97.25738 36.63436     493.816     786.837  917.320  292.395   82.435    3.205   12.579 0.00000e+00
  155    18.60000   -97.25749 36.63521     649.148     942.279  900.926  290.896   88.979    2.376   12.577 0.00000e+00
  156    18.61667   -97.25656 36.63583     753.508    1046.676  889.949  289.850   93.693    1.056   12.542 0.00000e+00
  157    18.63333   -97.25470 36.63631     793.732    1086.833  885.752  289.449   94.521    0.336   12.390 0.00000e+00
  158    18.65000   -97.25296 36.63706     804.448    1097.477  884.676  289.300   95.029    0.163   12.353 0.00000e+00
  159    18.66667   -97.25142 36.63840     816.353    1109.415  883.438  289.174   95.555    0.522   12.339 0.00000e+00
  160    18.68333   -97.24996 36.64020     834.898    1128.255  881.539  288.979   96.927    0.578   12.386 0.00000e+00
  161    18.70000   -97.24857 36.64217     844.297    1137.968  880.548  288.876   97.357    0.206   12.373 0.00000e+00
  162    18.71667   -97.24731 36.64404     836.717    1130.613  881.295  288.964   96.270   -0.185   12.294 0.00000e+00
  163    18.73333   -97.24623 36.64571     810.898    1104.939  883.931  289.235   94.363   -0.514   12.226 0.00000e+00
  164    18.75000   -97.24531 36.64727     769.398    1063.689  888.210  289.643   92.281   -0.731   12.214 0.00000e+00
  165    18.76667   -97.24449 36.64891     716.326    1011.201  893.664  290.183   89.100   -0.835   12.133 0.00000e+00
  166    18.78333   -97.24376 36.65083     659.879     955.525  899.511  290.758   85.879   -0.811   12.052 0.00000e+00
  167    18.80000   -97.24310 36.65307     608.431     904.952  904.860  291.279   83.170   -0.644   11.992 0.00000e+00
  168    18.81667   -97.24255 36.65559     567.963     865.086  909.136  291.662   81.286   -0.319   11.952 0.00000e+00
  169    18.83333   -97.24208 36.65835     548.424     844.967  911.262  291.852   80.456    0.007   11.944 0.00000e+00
  170    18.85000   -97.24159 36.66131     554.474     850.260  910.734  291.788   80.988    0.228   11.981 0.00000e+00
  171    18.86667   -97.24085 36.66438     573.959     868.971  908.723  291.616   81.897    0.291   12.011 0.00000e+00
  172    18.88333   -97.23994 36.66751     595.882     890.601  906.414  291.439   82.517    0.364   11.999 0.00000e+00
  173    18.90000   -97.23901 36.67065     613.472     908.142  904.575  291.297   83.040    0.215   11.991 0.00000e+00
  174    18.91667   -97.23830 36.67385     631.699     926.459  902.659  291.124   83.790    0.342   11.993 0.00000e+00
  175    18.93333   -97.23782 36.67707     661.510     956.327  899.481  290.850   84.760    0.680   11.965 0.00000e+00
  176    18.95000   -97.23760 36.68024     706.914    1001.764  894.705  290.423   86.613    0.721   11.962 0.00000e+00
  177    18.96667   -97.23755 36.68338     752.358    1047.267  889.987  290.009   88.612    0.588   11.983 0.00000e+00
  178    18.98333   -97.23753 36.68653     781.950    1076.916  886.907  289.732   89.956    0.171   11.992 0.00000e+00
