    0    16.01667   -97.48823 36.26278      50.423     415.462  957.843  293.299   85.875    0.439   13.276 0.00000e+00
    1    16.03333   -97.48771 36.26418      72.658     436.998  955.422  292.924   86.897    0.496   13.157 0.00000e+00
    2    16.05000   -97.48682 36.26625      93.776     458.047  953.135  292.602   87.920    0.624   13.077 0.00000e+00
    3    16.06667   -97.48573 36.26884     124.826     488.862  949.802  292.223   89.265    0.529   13.010 0.00000e+00
    4    16.08333   -97.48435 36.27220     157.793     520.619  946.323  291.932   90.317    0.294   12.972 0.00000e+00
    5    16.10000   -97.48315 36.27592     170.074     531.470  945.134  291.844   90.559    0.137   12.951 0.00000e+00
    6    16.11667   -97.48254 36.27962     181.929     542.967  943.874  291.713   90.433    0.199   12.844 0.00000e+00
    7    16.13333   -97.48227 36.28321     202.951     563.408  941.566  291.500   91.173    0.376   12.807 0.00000e+00
    8    16.15000   -97.48207 36.28669     230.063     590.119  938.602  291.235   92.383    0.451   12.802 0.00000e+00
    9    16.16667   -97.48174 36.29005     258.105     616.832  935.604  290.970   93.646    0.405   12.802 0.00000e+00
   10    16.18333   -97.48130 36.29327     278.217     634.995  933.624  290.782   94.540    0.129   12.798 0.00000e+00
   11    16.20000   -97.48093 36.29638     287.724     643.066  932.629  290.685   95.025    0.121   12.798 0.00000e+00
   12    16.21667   -97.48060 36.29931     298.688     652.812  931.646  290.585   95.578    0.201   12.804 0.00000e+00
   13    16.23333   -97.48006 36.30205     314.130     667.255  930.067  290.444   96.263    0.378   12.803 0.00000e+00
   14    16.25000   -97.47905 36.30457     317.118     669.634  929.811  290.426   96.291    0.127   12.795 0.00000e+00
   15    16.26667   -97.47786 36.30711     297.266     648.945  932.166  290.653   95.003   -0.451   12.776 0.00000e+00
   16    16.28333   -97.47713 36.30983     255.121     605.306  936.955  291.089   92.751   -0.649   12.757 0.00000e+00
   17    16.30000   -97.47707 36.31266     213.134     561.470  941.722  291.519   90.677   -0.741   12.751 0.00000e+00
   18    16.31667   -97.47736 36.31559     181.215     526.954  945.560  291.860   89.148   -0.603   12.756 0.00000e+00
   19    16.33333   -97.47777 36.31854     163.829     506.697  947.800  292.062   88.244   -0.344   12.758 0.00000e+00
   20    16.35000   -97.47817 36.32146     157.531     497.581  948.800  292.155   87.799   -0.106   12.755 0.00000e+00
   21    16.36667   -97.47861 36.32436     154.989     492.650  949.287  292.217   87.512    0.016   12.757 0.00000e+00
   22    16.38333   -97.47905 36.32735     149.703     484.647  950.134  292.325   87.118   -0.067   12.774 0.00000e+00
   23    16.40000   -97.47964 36.33036     140.919     472.725  951.396  292.452   86.584   -0.096   12.781 0.00000e+00
   24    16.41667   -97.48037 36.33336     134.346     463.509  952.460  292.553   86.122   -0.052   12.779 0.00000e+00
   25    16.43333   -97.48105 36.33629     131.414     458.834  953.047  292.601   85.898   -0.030   12.777 0.00000e+00
   26    16.45000   -97.48172 36.33913     127.187     454.861  953.325  292.624   85.789   -0.032   12.775 0.00000e+00
   27    16.46667   -97.48242 36.34192     129.051     460.244  952.760  292.572   86.001    0.191   12.772 0.00000e+00
   28    16.48333   -97.48315 36.34465     141.130     475.873  951.037  292.425   86.662    0.359   12.775 0.00000e+00
   29    16.50000   -97.48381 36.34739     157.926     495.230  949.049  292.258   87.451    0.376   12.784 0.00000e+00
   30    16.51667   -97.48447 36.35016     178.824     515.946  946.808  292.069   88.329    0.437   12.790 0.00000e+00
   31    16.53333   -97.48504 36.35293     199.114     536.208  944.590  291.885   89.185    0.356   12.795 0.00000e+00
   32    16.55000   -97.48560 36.35562     215.502     551.910  942.944  291.749   89.830    0.242   12.800 0.00000e+00
   33    16.56667   -97.48611 36.35827     225.261     558.635  942.185  291.702   90.112    0.120   12.813 0.00000e+00
   34    16.58333   -97.48662 36.36086     229.351     559.613  942.051  291.706   90.108   -0.056   12.817 0.00000e+00
   35    16.60000   -97.48714 36.36345     227.101     554.440  942.516  291.788   89.763   -0.089   12.828 0.00000e+00
   36    16.61667   -97.48766 36.36604     230.953     556.796  942.247  291.798   89.734    0.150   12.836 0.00000e+00
   37    16.63333   -97.48805 36.36870     241.632     565.919  941.239  291.747   89.925    0.178   12.835 0.00000e+00
   38    16.65000   -97.48833 36.37147     251.794     574.572  940.198  291.663   90.296    0.103   12.835 0.00000e+00
   39    16.66667   -97.48856 36.37436     260.430     585.172  938.967  291.555   90.820    0.136   12.838 0.00000e+00
   40    16.68333   -97.48860 36.37734     273.222     600.446  937.265  291.408   91.503    0.073   12.838 0.00000e+00
   41    16.70000   -97.48839 36.38040     278.333     607.970  936.459  291.348   91.793   -0.193   12.842 0.00000e+00
   42    16.71667   -97.48807 36.38344     268.504     599.401  937.446  291.444   91.345   -0.470   12.843 0.00000e+00
   43    16.73333   -97.48790 36.38640     243.828     575.823  940.037  291.675   90.237   -0.605   12.838 0.00000e+00
   44    16.75000   -97.48795 36.38918     212.415     545.695  943.332  291.962   88.867   -0.637   12.829 0.00000e+00
   45    16.76667   -97.48820 36.39180     182.570     517.655  946.354  292.228   87.632   -0.515   12.823 0.00000e+00
   46    16.78333   -97.48866 36.39441     159.679     496.538  948.666  292.444   86.565   -0.279   12.808 0.00000e+00
   47    16.80000   -97.48920 36.39718     150.982     489.241  949.542  292.535   86.008   -0.072   12.788 0.00000e+00
   48    16.81667   -97.48957 36.40026     153.253     491.289  949.342  292.555   85.912    0.026   12.792 0.00000e+00
   49    16.83333   -97.48962 36.40362     162.922     500.669  948.294  292.589   85.831    0.221   12.822 0.00000e+00
   50    16.85000   -97.48950 36.40701     174.355     510.564  947.337  292.534   86.040    0.230   12.821 0.00000e+00
   51    16.86667   -97.48941 36.41027     184.165     518.110  946.511  292.467   86.282    0.050   12.815 0.00000e+00
   52    16.88333   -97.48949 36.41339     177.798     509.665  947.454  292.554   85.773   -0.240   12.796 0.00000e+00
   53    16.90000   -97.49002 36.41646     159.155     488.994  949.716  292.770   84.647   -0.367   12.770 0.00000e+00
   54    16.91667   -97.49110 36.41935     129.417     457.581  953.197  293.078   83.233   -0.574   12.754 0.00000e+00
   55    16.93333   -97.49275 36.42193     100.169     427.247  956.458  293.421   81.809   -0.384   12.763 0.00000e+00
   56    16.95000   -97.49488 36.42441      91.383     418.803  957.365  293.438   81.665    0.041   12.742 0.00000e+00
   57    16.96667   -97.49705 36.42700     117.940     445.379  954.409  293.312   82.278    0.844   12.777 0.00000e+00
   58    16.98333   -97.49889 36.42977     179.496     506.157  947.716  292.781   84.585    1.247   12.796 0.00000e+00
   59    17.00000   -97.50046 36.43264     244.837     571.253  940.629  292.171   87.304    1.071   12.808 0.00000e+00
   60    17.01667   -97.50179 36.43542     288.149     614.699  935.873  291.742   89.272    0.407   12.812 0.00000e+00
   61    17.03333   -97.50293 36.43807     302.944     629.967  934.201  291.589   89.927   -0.073   12.805 0.00000e+00
   62    17.05000   -97.50398 36.44075     296.951     624.966  934.768  291.643   89.666   -0.510   12.803 0.00000e+00
   63    17.06667   -97.50497 36.44357     274.766     603.614  937.080  291.857   88.683   -0.668   12.803 0.00000e+00
   64    17.08333   -97.50596 36.44651     248.419     577.790  939.933  292.134   87.317   -0.426   12.789 0.00000e+00
   65    17.10000   -97.50701 36.44960     231.131     559.353  941.947  292.329   86.219   -0.305   12.757 0.00000e+00
   66    17.11667   -97.50820 36.45273     216.189     542.714  943.724  292.493   85.411   -0.140   12.744 0.00000e+00
   67    17.13333   -97.50963 36.45575     211.931     536.769  944.346  292.568   84.992    0.191   12.733 0.00000e+00
   68    17.15000   -97.51124 36.45868     216.065     540.715  943.930  292.547   85.029    0.163   12.727 0.00000e+00
   69    17.16667   -97.51302 36.46169     213.661     538.442  944.134  292.581   84.916   -0.023   12.735 0.00000e+00
   70    17.18333   -97.51498 36.46474     206.206     530.272  945.075  292.735   84.225   -0.047   12.741 0.00000e+00
   71    17.20000   -97.51672 36.46761     205.133     527.890  945.370  292.806   83.807   -0.102   12.730 0.00000e+00
   72    17.21667   -97.51773 36.47032     201.683     523.052  945.938  292.887   83.455   -0.181   12.733 0.00000e+00
   73    17.23333   -97.51811 36.47303     197.712     517.733  946.521  292.986   82.841   -0.119   12.711 0.00000e+00
   74    17.25000   -97.51805 36.47577     197.634     516.390  946.606  292.974   82.621   -0.251   12.666 0.00000e+00
   75    17.26667   -97.51768 36.47864     195.037     512.433  947.016  293.029   82.130   -0.410   12.629 0.00000e+00
   76    17.28333   -97.51720 36.48184     186.135     501.915  948.180  293.177   81.518   -0.159   12.636 0.00000e+00
   77    17.30000   -97.51693 36.48525     191.825     505.791  947.725  293.170   81.436    0.290   12.624 0.00000e+00
   78    17.31667   -97.51690 36.48861     209.701     522.194  945.883  293.053   81.776    0.342   12.608 0.00000e+00
   79    17.33333   -97.51717 36.49162     224.745     537.971  944.199  292.914   82.425    0.228   12.621 0.00000e+00
   80    17.35000   -97.51771 36.49427     236.715     550.884  942.813  292.803   82.970    0.241   12.635 0.00000e+00
   81    17.36667   -97.51837 36.49680     251.795     567.013  941.003  292.631   83.794    0.107   12.648 0.00000e+00
   82    17.38333   -97.51907 36.49932     254.749     570.688  940.659  292.646   83.918   -0.149   12.684 0.00000e+00
   83    17.40000   -97.51985 36.50189     234.128     550.808  942.813  292.859   83.140   -0.508   12.706 0.00000e+00
   84    17.41667   -97.52081 36.50440     201.316     518.690  946.360  293.198   81.755   -0.557   12.714 0.00000e+00
   85    17.43333   -97.52187 36.50679     172.057     487.781  949.800  293.521   80.564   -0.331   12.737 0.00000e+00
   86    17.45000   -97.52296 36.50910     156.164     469.487  951.822  293.708   79.853   -0.164   12.746 0.00000e+00
   87    17.46667   -97.52407 36.51135     152.187     463.205  952.552  293.783   79.584    0.043   12.752 0.00000e+00
   88    17.48333   -97.52519 36.51360     156.529     465.422  952.183  293.756   79.654    0.196   12.747 0.00000e+00
   89    17.50000   -97.52621 36.51596     163.300     470.943  951.573  293.748   79.634    0.041   12.745 0.00000e+00
   90    17.51667   -97.52712 36.51848     166.775     472.906  951.363  293.773   79.342   -0.136   12.721 0.00000e+00
   91    17.53333   -97.52795 36.52111     167.926     472.358  951.328  293.802   79.304   -0.182   12.738 0.00000e+00
   92    17.55000   -97.52867 36.52371     164.688     470.669  951.420  293.836   79.265   -0.196   12.759 0.00000e+00
   93    17.56667   -97.52939 36.52637     161.092     469.638  951.492  293.867   79.133   -0.065   12.760 0.00000e+00
   94    17.58333   -97.53017 36.52911     163.235     474.392  950.979  293.836   79.127    0.100   12.742 0.00000e+00
   95    17.60000   -97.53113 36.53186     173.424     486.333  949.723  293.747   79.440    0.353   12.738 0.00000e+00
   96    17.61667   -97.53232 36.53443     201.217     515.626  946.510  293.543   80.472    0.685   12.785 0.00000e+00
   97    17.63333   -97.53361 36.53672     244.888     560.926  941.580  293.218   81.994    0.983   12.832 0.00000e+00
   98    17.65000   -97.53487 36.53873     303.278     620.992  935.061  292.664   84.309    1.034   12.834 0.00000e+00
   99    17.66667   -97.53603 36.54097     372.439     691.800  927.372  291.964   87.218    0.375   12.811 0.00000e+00
  100    17.68333   -97.53635 36.54353     402.458     723.413  923.935  291.794   85.402   -0.438   12.457 0.00000e+00
  101    17.70000   -97.53606 36.54597     396.135     718.504  924.455  291.822   84.733   -0.197   12.374 0.00000e+00
  102    17.71667   -97.53566 36.54802     415.150     738.379  922.336  291.580   86.012    1.106   12.399 0.00000e+00
  103    17.73333   -97.53500 36.54994     474.422     798.209  915.943  291.002   88.653    1.821   12.407 0.00000e+00
  104    17.75000   -97.53388 36.55234     544.178     868.534  908.483  290.335   91.963    1.603   12.437 0.00000e+00
  105    17.76667   -97.53220 36.55523     578.223     903.170  904.868  290.050   93.211   -0.220   12.428 0.00000e+00
  106    17.78333   -97.53000 36.55796     548.601     872.208  908.199  290.461   90.079   -1.442   12.285 0.00000e+00
  107    17.80000   -97.52758 36.56030     479.076     800.209  915.904  291.236   85.520   -1.628   12.148 0.00000e+00
  108    17.81667   -97.52519 36.56228     412.099     730.714  923.332  291.935   82.092   -1.129   12.089 0.00000e+00
  109    17.83333   -97.52301 36.56406     388.739     705.912  925.934  292.141   81.679   -0.056   12.151 0.00000e+00
  110    17.85000   -97.52109 36.56593     399.242     716.054  924.773  291.972   83.107    0.405   12.248 0.00000e+00
  111    17.86667   -97.51940 36.56795     404.194     721.540  924.146  291.881   83.702    0.487   12.273 0.00000e+00
  112    17.88333   -97.51786 36.57018     395.211     713.893  924.949  291.952   83.423   -0.007   12.277 0.00000e+00
  113    17.90000   -97.51644 36.57268     367.888     688.020  927.783  292.211   82.299   -0.283   12.273 0.00000e+00
  114    17.91667   -97.51512 36.57532     330.016     651.094  931.800  292.574   80.803   -0.405   12.274 0.00000e+00
  115    17.93333   -97.51389 36.57797     295.008     616.546  935.574  292.923   79.291   -0.470   12.261 0.00000e+00
  116    17.95000   -97.51272 36.58051     268.941     590.546  938.422  293.238   77.662   -0.480   12.211 0.00000e+00
  117    17.96667   -97.51160 36.58290     246.155     568.009  940.817  293.500   76.428   -0.377   12.184 0.00000e+00
  118    17.98333   -97.51055 36.58514     227.748     549.940  942.791  293.701   75.479   -0.371   12.159 0.00000e+00
  119    18.00000   -97.50956 36.58732     210.048     532.494  944.699  293.882   74.627   -0.448   12.133 0.00000e+00
  120    18.01667   -97.50871 36.58944     195.546     517.503  946.371  294.059   73.778   -0.358   12.106 0.00000e+00
  121    18.03333   -97.50804 36.59153     186.734     507.664  947.468  294.295   73.326   -0.052   12.195 0.00000e+00
  122    18.05000   -97.50751 36.59361     191.122     511.041  947.104  294.307   73.493    0.109   12.237 0.00000e+00
  123    18.06667   -97.50700 36.59559     202.763     521.682  945.965  294.189   74.091    0.197   12.261 0.00000e+00
  124    18.08333   -97.50645 36.59739     216.304     534.287  944.574  294.058   74.824    0.150   12.301 0.00000e+00
  125    18.10000   -97.50584 36.59905     225.749     542.845  943.640  293.978   75.004   -0.065   12.281 0.00000e+00
  126    18.11667   -97.50521 36.60073     231.031     547.157  943.185  293.964   75.253   -0.090   12.317 0.00000e+00
  127    18.13333   -97.50458 36.60246     243.503     558.571  941.949  293.895   75.711    0.144   12.355 0.00000e+00
  128    18.15000   -97.50382 36.60419     273.089     586.978  938.832  293.647   76.443    0.567   12.325 0.00000e+00
  129    18.16667   -97.50297 36.60617     320.392     633.265  933.781  293.309   78.081    0.886   12.393 0.00000e+00
  130    18.18333   -97.50219 36.60841     362.306     674.472  929.295  292.968   79.507    0.842   12.413 0.00000e+00
  131    18.20000   -97.50153 36.61069     403.150     714.646  925.008  292.576   80.828    0.766   12.370 0.00000e+00
  132    18.21667   -97.50088 36.61307     448.685     759.531  920.215  292.185   82.524    1.008   12.388 0.00000e+00
  133    18.23333   -97.50009 36.61552     506.385     816.939  914.073  291.586   84.529    1.072   12.301 0.00000e+00
  134    18.25000   -97.49912 36.61789     566.343     876.417  907.830  290.984   86.823    1.168   12.246 0.00000e+00
  135    18.26667   -97.49792 36.62010     619.666     928.898  902.262  290.468   89.244    0.882   12.257 0.00000e+00
  136    18.28333   -97.49653 36.62214     654.033     962.219  898.740  290.151   90.908    0.491   12.284 0.00000e+00
  137    18.30000   -97.49515 36.62415     674.285     982.123  896.584  289.964   91.746    0.297   12.279 0.00000e+00
  138    18.31667   -97.49392 36.62624     690.188     998.146  894.919  289.825   92.270    0.263   12.263 0.00000e+00
  139    18.33333   -97.49277 36.62847     704.679    1012.908  893.410  289.696   92.672    0.177   12.235 0.00000e+00
  140    18.35000   -97.49168 36.63084     714.635    1022.665  892.438  289.630   92.443    0.105   12.167 0.00000e+00
  141    18.36667   -97.49065 36.63336     721.857    1028.898  891.774  289.583   92.583    0.133   12.158 0.00000e+00
  142    18.38333   -97.48968 36.63600     727.875    1033.966  891.233  289.544   93.036    0.192   12.194 0.00000e+00
  143    18.40000   -97.48864 36.63869     732.302    1037.541  890.853  289.517   93.405    0.134   12.226 0.00000e+00
  144    18.41667   -97.48748 36.64136     731.810    1036.544  890.967  289.593   91.686   -0.123   12.059 0.00000e+00
  145    18.43333   -97.48604 36.64391     722.194    1026.502  892.014  289.750   89.928   -0.379   11.933 0.00000e+00
  146    18.45000   -97.48437 36.64630     695.340     999.367  894.802  290.058   87.285   -0.692   11.776 0.00000e+00
  147    18.46667   -97.48257 36.64855     667.727     971.528  897.759  290.340   85.341   -0.609   11.684 0.00000e+00
  148    18.48333   -97.48062 36.65062     630.251     933.608  901.728  290.758   82.800   -1.210   11.591 0.00000e+00
  149    18.50000   -97.47875 36.65287     554.002     856.665  909.827  291.587   79.457   -1.565   11.618 0.00000e+00
  150    18.51667   -97.47740 36.65553     459.326     761.441  919.907  292.525   76.279   -1.545   11.702 0.00000e+00
  151    18.53333   -97.47673 36.65854     386.742     689.071  927.610  293.227   73.708   -0.826   11.718 0.00000e+00
  152    18.55000   -97.47649 36.66148     371.656     674.237  929.212  293.376   72.841    0.202   11.667 0.00000e+00
  153    18.56667   -97.47630 36.66413     400.475     703.440  926.083  293.082   74.006    0.830   11.678 0.00000e+00
  154    18.58333   -97.47609 36.66634     441.946     745.510  921.591  292.644   76.166    0.766   11.751 0.00000e+00
  155    18.60000   -97.47583 36.66811     480.487     784.486  917.465  292.264   77.965    0.598   11.798 0.00000e+00
  156    18.61667   -97.47542 36.66946     522.431     826.730  912.965  291.869   79.852    0.699   11.845 0.00000e+00
  157    18.63333   -97.47459 36.67051     562.370     866.808  908.728  291.470   81.545    0.543   11.850 0.00000e+00
  158    18.65000   -97.47327 36.67148     585.085     889.554  906.335  291.265   82.479    0.043   11.863 0.00000e+00
  159    18.66667   -97.47176 36.67265     588.320     893.135  905.952  291.259   82.499   -0.340   11.866 0.00000e+00
  160    18.68333   -97.47025 36.67427     575.930     881.778  907.155  291.413   81.813   -0.549   11.867 0.00000e+00
  161    18.70000   -97.46882 36.67620     541.771     848.900  910.649  291.753   80.423   -0.891   11.873 0.00000e+00
  162    18.71667   -97.46759 36.67831     484.136     792.521  916.595  292.317   78.158   -1.190   11.878 0.00000e+00
  163    18.73333   -97.46666 36.68050     414.646     724.042  923.989  292.997   75.505   -1.306   11.879 0.00000e+00
  164    18.75000   -97.46607 36.68270     334.931     644.851  932.414  293.774   72.354   -1.702   11.840 0.00000e+00
  165    18.76667   -97.46577 36.68494     234.142     544.662  943.252  294.768   68.682   -1.945   11.816 0.00000e+00
  166    18.78333   -97.46537 36.68719     136.167     447.311  953.907  295.707   65.613   -1.499   11.825 0.00000e+00
  167    18.80000   -97.46484 36.68938      74.178     385.679  960.657  296.346   63.485   -0.693   11.814 0.00000e+00
  168    18.81667   -97.46427 36.69150      43.640     355.238  964.032  296.939   62.012   -0.213   11.923 0.00000e+00
  169    18.83333   -97.46368 36.69332      35.565     347.274  964.874  297.326   61.340   -0.019   12.065 0.00000e+00
  170    18.85000   -97.46281 36.69487      35.024     346.839  964.920  297.418   61.108    0.062   12.086 0.00000e+00
  171    18.86667   -97.46146 36.69630      38.926     350.916  964.405  297.428   60.664    0.175   12.012 0.00000e+00
  172    18.88333   -97.45968 36.69755      52.193     364.670  962.884  297.346   60.669    0.521   11.972 0.00000e+00
  173    18.90000   -97.45788 36.69848     102.986     415.949  957.204  296.644   62.277    1.142   11.846 0.00000e+00
  174    18.91667   -97.45706 36.69963     186.786     500.167  948.058  295.884   64.644    1.575   11.851 0.00000e+00
  175    18.93333   -97.45719 36.70110     267.853     581.668  939.190  295.073   67.300    1.120   11.850 0.00000e+00
  176    18.95000   -97.45792 36.70275     336.279     650.567  931.783  294.495   69.297    1.639   11.867 0.00000e+00
  177    18.96667   -97.45837 36.70471     451.513     766.420  919.358  293.365   73.246    2.728   11.851 0.00000e+00
  178    18.98333   -97.45784 36.70700     577.802     893.882  905.849  292.066   77.668    1.998   11.757 0.00000e+00
