    0    16.01667   -97.47727 36.28463      95.106     450.952  953.857  292.161   89.219   -0.023   12.897 0.00000e+00
    1    16.03333   -97.47813 36.28665      93.253     450.596  953.909  292.181   89.150   -0.054   12.903 0.00000e+00
    2    16.05000   -97.47938 36.28860      91.002     449.536  954.037  292.203   89.040    0.059   12.903 0.00000e+00
    3    16.06667   -97.48071 36.29044      89.339     447.680  954.232  292.223   88.936    0.032   12.902 0.00000e+00
    4    16.08333   -97.48181 36.29219      82.574     439.885  955.087  292.296   88.600   -0.212   12.900 0.00000e+00
    5    16.10000   -97.48268 36.29387      66.053     421.851  957.064  292.471   87.798   -0.273   12.898 0.00000e+00
    6    16.11667   -97.48329 36.29541      51.457     405.536  958.825  292.629   87.088   -0.152   12.897 0.00000e+00
    7    16.13333   -97.48370 36.29688      42.994     395.506  959.927  292.744   86.593   -0.102   12.902 0.00000e+00
    8    16.15000   -97.48402 36.29823      39.692     391.226  960.375  292.825   86.281   -0.001   12.915 0.00000e+00
    9    16.16667   -97.48434 36.29951      40.265     390.983  960.428  292.885   86.095    0.058   12.935 0.00000e+00
   10    16.18333   -97.48471 36.30080      41.794     391.656  960.330  292.929   85.980    0.049   12.954 0.00000e+00
   11    16.20000   -97.48514 36.30211      44.235     393.230  960.218  292.980   85.774    0.009   12.966 0.00000e+00
   12    16.21667   -97.48553 36.30344      45.773     393.964  960.115  292.982   85.700   -0.071   12.958 0.00000e+00
   13    16.23333   -97.48589 36.30457      44.878     392.357  960.315  293.018   85.509   -0.086   12.956 0.00000e+00
   14    16.25000   -97.48656 36.30547      42.807     389.290  960.637  293.056   85.240   -0.048   12.941 0.00000e+00
   15    16.26667   -97.48751 36.30625      45.714     391.042  960.441  293.070   85.196    0.245   12.949 0.00000e+00
   16    16.28333   -97.48842 36.30722      63.898     407.992  958.603  292.933   85.802    0.451   12.954 0.00000e+00
   17    16.30000   -97.48905 36.30854      85.379     428.210  956.377  292.737   86.651    0.325   12.953 0.00000e+00
   18    16.31667   -97.48949 36.30988      93.495     435.183  955.611  292.677   86.775   -0.131   12.934 0.00000e+00
   19    16.33333   -97.48991 36.31121      78.639     419.252  957.380  292.878   85.638   -0.497   12.902 0.00000e+00
   20    16.35000   -97.49050 36.31241      53.187     392.810  960.296  293.172   84.304   -0.346   12.897 0.00000e+00
   21    16.36667   -97.49154 36.31347      34.324     372.925  962.502  293.430   83.211   -0.222   12.907 0.00000e+00
   22    16.38333   -97.49296 36.31432      29.825     367.243  963.089  293.628   82.368    0.031   12.927 0.00000e+00
   23    16.40000   -97.49420 36.31527      32.457     368.412  963.011  293.705   82.163    0.032   12.958 0.00000e+00
   24    16.41667   -97.49516 36.31635      28.133     362.731  963.632  293.871   81.622   -0.179   12.998 0.00000e+00
   25    16.43333   -97.49605 36.31739      20.050     353.731  964.725  294.149   80.396   -0.179   13.011 0.00000e+00
   26    16.45000   -97.49696 36.31835      14.605     347.839  965.418  294.357   79.485   -0.049   13.021 0.00000e+00
   27    16.46667   -97.49775 36.31933      14.224     347.111  965.423  294.638   78.737    0.102   13.125 0.00000e+00
   28    16.48333   -97.49848 36.32047      19.978     352.519  964.868  294.720   78.477    0.134   13.156 0.00000e+00
   29    16.50000   -97.49911 36.32186      27.402     359.758  963.999  294.649   78.671    0.192   13.142 0.00000e+00
   30    16.51667   -97.49966 36.32362      41.248     373.777  962.427  294.324   79.717    0.392   13.073 0.00000e+00
   31    16.53333   -97.49995 36.32563      74.989     407.402  958.703  293.761   81.784    0.938   13.002 0.00000e+00
   32    16.55000   -97.49996 36.32778     143.227     475.260  951.166  292.995   84.758    1.493   12.948 0.00000e+00
   33    16.56667   -97.49962 36.33006     228.314     560.166  941.780  292.125   88.420    1.494   12.918 0.00000e+00
   34    16.58333   -97.49892 36.33223     285.918     619.148  935.269  291.523   91.176    1.041   12.914 0.00000e+00
   35    16.60000   -97.49831 36.33418     305.792     640.310  933.004  291.318   92.001    0.149   12.894 0.00000e+00
   36    16.61667   -97.49786 36.33619     296.433     632.200  933.884  291.389   91.383   -0.404   12.853 0.00000e+00
   37    16.63333   -97.49760 36.33858     273.756     610.985  936.235  291.593   90.157   -0.438   12.813 0.00000e+00
   38    16.65000   -97.49753 36.34127     252.842     591.517  938.364  291.791   89.097   -0.330   12.792 0.00000e+00
   39    16.66667   -97.49754 36.34409     238.709     578.958  939.711  291.906   88.494   -0.160   12.779 0.00000e+00
   40    16.68333   -97.49757 36.34693     227.817     569.158  940.939  292.008   87.979   -0.167   12.771 0.00000e+00
   41    16.70000   -97.49760 36.34974     213.873     552.790  942.803  292.152   87.279   -0.378   12.759 0.00000e+00
   42    16.71667   -97.49783 36.35251     195.879     532.344  944.971  292.373   86.334   -0.321   12.768 0.00000e+00
   43    16.73333   -97.49834 36.35530     185.439     519.651  946.348  292.680   85.424   -0.112   12.860 0.00000e+00
   44    16.75000   -97.49897 36.35807     170.472     503.371  948.048  292.887   84.722   -0.504   12.898 0.00000e+00
   45    16.76667   -97.49950 36.36086     141.596     473.028  951.374  293.224   83.379   -0.531   12.918 0.00000e+00
   46    16.78333   -97.49958 36.36362     108.422     438.236  955.195  293.545   81.922   -0.434   12.897 0.00000e+00
   47    16.80000   -97.49918 36.36641      87.889     415.697  957.695  293.746   80.986   -0.017   12.877 0.00000e+00
   48    16.81667   -97.49841 36.36920      90.704     416.502  957.619  293.793   80.903    0.309   12.902 0.00000e+00
   49    16.83333   -97.49754 36.37188     108.146     432.376  955.761  293.648   81.535    0.328   12.911 0.00000e+00
   50    16.85000   -97.49673 36.37447     119.919     445.580  954.323  293.500   81.931    0.103   12.874 0.00000e+00
   51    16.86667   -97.49597 36.37701     127.524     454.469  953.312  293.407   82.081    0.148   12.837 0.00000e+00
   52    16.88333   -97.49524 36.37951     136.130     464.197  952.261  293.319   82.332    0.203   12.820 0.00000e+00
   53    16.90000   -97.49461 36.38191     148.920     478.835  950.660  293.190   82.783    0.321   12.808 0.00000e+00
   54    16.91667   -97.49412 36.38427     164.294     496.299  948.700  293.044   83.392    0.282   12.812 0.00000e+00
   55    16.93333   -97.49367 36.38659     189.120     523.092  945.802  292.844   84.438    0.645   12.851 0.00000e+00
   56    16.95000   -97.49324 36.38894     228.850     564.434  941.319  292.452   86.111    0.742   12.848 0.00000e+00
   57    16.96667   -97.49284 36.39142     269.629     606.117  936.801  292.043   87.940    0.653   12.850 0.00000e+00
   58    16.98333   -97.49246 36.39402     304.642     642.169  932.827  291.690   89.577    0.579   12.855 0.00000e+00
   59    17.00000   -97.49207 36.39666     330.636     669.254  929.927  291.418   90.839    0.489   12.855 0.00000e+00
   60    17.01667   -97.49162 36.39928     351.853     690.462  927.654  291.236   91.458    0.366   12.825 0.00000e+00
   61    17.03333   -97.49106 36.40203     372.193     710.577  925.475  291.082   91.894    0.346   12.791 0.00000e+00
   62    17.05000   -97.49033 36.40486     395.566     733.463  923.068  290.892   92.513    0.409   12.757 0.00000e+00
   63    17.06667   -97.48941 36.40771     423.268     758.952  920.378  290.687   93.120    0.428   12.712 0.00000e+00
   64    17.08333   -97.48833 36.41055     447.836     780.985  917.999  290.555   92.908    0.243   12.609 0.00000e+00
   65    17.10000   -97.48715 36.41339     461.718     792.190  916.818  290.537   92.174    0.102   12.512 0.00000e+00
   66    17.11667   -97.48591 36.41626     471.409     799.328  916.010  290.503   91.863    0.120   12.453 0.00000e+00
   67    17.13333   -97.48464 36.41919     480.017     805.750  915.317  290.447   92.142    0.085   12.456 0.00000e+00
   68    17.15000   -97.48339 36.42221     486.018     809.681  914.888  290.427   92.162   -0.042   12.449 0.00000e+00
   69    17.16667   -97.48219 36.42529     489.776     811.412  914.674  290.425   92.125   -0.017   12.445 0.00000e+00
   70    17.18333   -97.48116 36.42846     497.295     816.922  914.085  290.346   92.859    0.497   12.489 0.00000e+00
   71    17.20000   -97.48015 36.43173     523.487     841.873  911.367  290.028   95.081    1.090   12.568 0.00000e+00
   72    17.21667   -97.47884 36.43497     559.953     877.017  907.710  289.692   96.780    0.667   12.572 0.00000e+00
   73    17.23333   -97.47728 36.43813     576.509     891.887  906.112  289.590   96.916    0.236   12.529 0.00000e+00
   74    17.25000   -97.47565 36.44122     580.184     894.914  905.803  289.627   96.129   -0.017   12.462 0.00000e+00
   75    17.26667   -97.47388 36.44428     582.057     895.587  905.775  289.770   94.019    0.001   12.300 0.00000e+00
   76    17.28333   -97.47220 36.44732     585.047     896.646  905.680  289.843   92.965    0.502   12.221 0.00000e+00
   77    17.30000   -97.47053 36.45052     599.929     909.345  904.296  289.698   93.970    1.006   12.258 0.00000e+00
   78    17.31667   -97.46889 36.45401     629.719     937.642  901.238  289.395   96.388    1.045   12.373 0.00000e+00
   79    17.33333   -97.46717 36.45759     653.901     962.419  898.604  289.239   96.759    0.186   12.333 0.00000e+00
   80    17.35000   -97.46534 36.46090     640.254     949.453  900.020  289.543   93.512   -0.745   12.135 0.00000e+00
   81    17.36667   -97.46367 36.46386     598.751     908.041  904.395  290.069   89.535   -0.821   11.958 0.00000e+00
   82    17.38333   -97.46219 36.46665     560.343     869.034  908.565  290.488   87.093   -0.435   11.893 0.00000e+00
   83    17.40000   -97.46078 36.46941     532.995     840.902  911.564  290.781   85.513   -0.085   11.857 0.00000e+00
   84    17.41667   -97.45939 36.47219     514.611     821.956  913.562  290.946   84.844    0.045   11.863 0.00000e+00
   85    17.43333   -97.45814 36.47507     500.747     807.491  915.127  291.031   85.025   -0.047   11.932 0.00000e+00
   86    17.45000   -97.45712 36.47800     488.007     793.736  916.616  291.096   85.496   -0.110   12.028 0.00000e+00
   87    17.46667   -97.45623 36.48096     478.686     782.933  917.792  291.168   85.619   -0.087   12.084 0.00000e+00
   88    17.48333   -97.45535 36.48390     471.757     774.204  918.715  291.260   85.115   -0.148   12.072 0.00000e+00
   89    17.50000   -97.45448 36.48676     462.670     763.510  919.868  291.353   84.984   -0.272   12.109 0.00000e+00
   90    17.51667   -97.45373 36.48951     444.807     744.529  921.864  291.521   84.675   -0.399   12.167 0.00000e+00
   91    17.53333   -97.45309 36.49216     418.800     717.876  924.777  291.788   83.548   -0.555   12.171 0.00000e+00
   92    17.55000   -97.45257 36.49468     386.668     685.054  928.268  292.110   82.233   -0.534   12.178 0.00000e+00
   93    17.56667   -97.45209 36.49710     352.860     650.642  931.962  292.443   80.917   -0.477   12.189 0.00000e+00
   94    17.58333   -97.45168 36.49945     318.772     616.435  935.685  292.783   79.447   -0.361   12.177 0.00000e+00
   95    17.60000   -97.45125 36.50171     285.111     582.837  939.285  293.093   78.278   -0.403   12.185 0.00000e+00
   96    17.61667   -97.45082 36.50388     251.446     549.368  942.871  293.404   77.123   -0.414   12.194 0.00000e+00
   97    17.63333   -97.45039 36.50595     219.065     517.964  946.232  293.706   75.936   -0.406   12.191 0.00000e+00
   98    17.65000   -97.44994 36.50801     188.488     489.172  949.335  293.982   74.902   -0.443   12.193 0.00000e+00
   99    17.66667   -97.44949 36.51005     159.756     462.136  952.364  294.252   73.894   -0.405   12.193 0.00000e+00
  100    17.68333   -97.44897 36.51212     135.061     439.122  954.877  294.476   73.089   -0.308   12.196 0.00000e+00
  101    17.70000   -97.44843 36.51420     116.371     421.901  956.835  294.646   72.518   -0.201   12.204 0.00000e+00
  102    17.71667   -97.44784 36.51631     104.300     411.001  958.056  294.761   72.155   -0.119   12.214 0.00000e+00
  103    17.73333   -97.44717 36.51847      96.317     404.098  958.836  294.849   71.953   -0.065   12.236 0.00000e+00
  104    17.75000   -97.44641 36.52070      90.901     399.658  959.306  294.933   71.832   -0.067   12.273 0.00000e+00
  105    17.76667   -97.44556 36.52303      84.422     393.880  959.916  295.100   71.622   -0.120   12.356 0.00000e+00
  106    17.78333   -97.44463 36.52546      73.495     383.621  961.009  295.374   71.042   -0.208   12.450 0.00000e+00
  107    17.80000   -97.44381 36.52800      61.834     372.825  962.167  295.644   70.282   -0.240   12.508 0.00000e+00
  108    17.81667   -97.44324 36.53062      60.424     372.355  962.225  296.008   68.991    0.238   12.555 0.00000e+00
  109    17.83333   -97.44270 36.53305      91.945     404.570  958.674  295.643   69.789    1.176   12.466 0.00000e+00
  110    17.85000   -97.44205 36.53516     206.186     519.396  946.104  294.420   73.695    2.456   12.369 0.00000e+00
  111    17.86667   -97.44135 36.53724     370.779     684.481  928.233  292.775   79.839    3.441   12.330 0.00000e+00
  112    17.88333   -97.44080 36.53949     559.061     872.401  908.232  290.953   87.619    3.354   12.328 0.00000e+00
  113    17.90000   -97.44022 36.54183     738.013    1050.174  889.560  289.188   96.244    3.245   12.353 0.00000e+00
  114    17.91667   -97.43941 36.54417     894.014    1204.871  873.557  287.983   99.683    2.937   12.053 9.62894e-02
  115    17.93333   -97.43832 36.54667    1046.873    1356.366  858.043  287.021  100.000    3.000   11.583 2.44028e-01
  116    17.95000   -97.43687 36.54950    1189.639    1499.756  843.492  286.185  100.000    3.072   11.155 4.36297e-01
  117    17.96667   -97.43509 36.55274    1302.945    1614.579  832.027  285.628  100.000    2.646   10.903 6.43235e-01
  118    17.98333   -97.43301 36.55605    1387.105    1701.179  823.465  285.107  100.000    2.030   10.644 7.17024e-01
  119    18.00000   -97.43079 36.55932    1460.001    1776.720  816.063  284.687  100.000    1.809   10.446 7.75080e-01
  120    18.01667   -97.42854 36.56264    1504.273    1823.621  811.560  284.477  100.000    1.193   10.359 8.33417e-01
  121    18.03333   -97.42642 36.56612    1503.394    1823.643  811.658  284.489  100.000    0.349   10.367 8.13452e-01
  122    18.05000   -97.42439 36.56982    1475.203    1794.983  814.463  284.646  100.000    0.020   10.440 7.48773e-01
  123    18.06667   -97.42238 36.57368    1445.196    1764.468  817.430  284.893  100.000    0.036   10.574 6.58551e-01
  124    18.08333   -97.42025 36.57769    1429.817    1749.323  818.866  284.905  100.000    0.164   10.557 4.25791e-01
  125    18.10000   -97.41780 36.58167    1426.128    1746.011  819.193  284.714  100.000    0.156   10.425 1.79239e-01
  126    18.11667   -97.41508 36.58559    1430.326    1750.389  818.734  284.565  100.000    0.193   10.323 6.98572e-02
  127    18.13333   -97.41228 36.58948    1437.270    1758.163  817.946  284.511  100.000    0.296   10.288 6.27204e-02
  128    18.15000   -97.40949 36.59329    1443.998    1766.363  817.170  284.345   99.528    0.220   10.130 2.10922e-02
  129    18.16667   -97.40680 36.59700    1444.918    1769.074  816.919  284.241   99.637    0.016   10.074 1.68977e-02
  130    18.18333   -97.40419 36.60057    1437.381    1762.806  817.555  284.273   99.017   -0.223   10.025 1.08802e-02
  131    18.20000   -97.40161 36.60394    1417.856    1744.487  819.352  284.545   95.180   -0.372    9.791 0.00000e+00
  132    18.21667   -97.39899 36.60712    1391.773    1719.339  821.874  284.829   92.715   -0.342    9.690 0.00000e+00
  133    18.23333   -97.39620 36.61014    1369.697    1697.045  824.057  285.031   91.479   -0.103    9.663 0.00000e+00
  134    18.25000   -97.39328 36.61311    1362.103    1689.148  824.836  285.086   91.151    0.244    9.655 0.00000e+00
  135    18.26667   -97.39034 36.61607    1370.725    1696.875  824.156  284.987   91.764    0.332    9.664 0.00000e+00
  136    18.28333   -97.38750 36.61902    1392.527    1716.590  822.230  284.816   92.153    0.372    9.618 0.00000e+00
  137    18.30000   -97.38486 36.62193    1422.949    1743.978  819.551  284.569   93.100    0.517    9.590 0.00000e+00
  138    18.31667   -97.38231 36.62486    1458.626    1777.984  816.165  284.246   94.453    0.599    9.562 0.00000e+00
  139    18.33333   -97.37981 36.62790    1491.942    1810.699  812.935  283.927   96.048    0.456    9.556 0.00000e+00
  140    18.35000   -97.37727 36.63106    1513.091    1830.910  811.134  283.743   96.872    0.222    9.541 0.00000e+00
  141    18.36667   -97.37466 36.63430    1515.851    1829.493  811.272  283.751   96.926   -0.137    9.550 0.00000e+00
  142    18.38333   -97.37199 36.63753    1490.317    1799.213  814.250  284.046   95.338   -0.735    9.545 0.00000e+00
  143    18.40000   -97.36934 36.64064    1433.907    1739.069  819.976  284.642   91.928   -1.227    9.510 0.00000e+00
  144    18.41667   -97.36672 36.64360    1361.594    1665.010  827.260  285.397   87.860   -1.198    9.472 0.00000e+00
  145    18.43333   -97.36412 36.64645    1299.625    1601.402  833.560  286.000   85.149   -0.760    9.480 0.00000e+00
  146    18.45000   -97.36154 36.64929    1264.715    1565.171  837.148  286.335   83.553   -0.220    9.469 0.00000e+00
  147    18.46667   -97.35892 36.65223    1261.884    1561.559  837.527  286.365   83.499    0.324    9.477 0.00000e+00
  148    18.48333   -97.35622 36.65527    1290.500    1588.949  834.774  286.086   84.871    0.762    9.489 0.00000e+00
  149    18.50000   -97.35330 36.65843    1334.873    1632.942  830.339  285.626   87.210    0.800    9.510 0.00000e+00
  150    18.51667   -97.35025 36.66167    1370.703    1668.701  826.870  285.278   88.946    0.462    9.518 0.00000e+00
  151    18.53333   -97.34719 36.66494    1388.565    1686.492  825.131  285.099   89.933    0.132    9.531 0.00000e+00
  152    18.55000   -97.34425 36.66819    1396.359    1693.864  824.404  285.078   89.752    0.139    9.506 0.00000e+00
  153    18.56667   -97.34139 36.67138    1405.201    1702.646  823.506  284.975   90.297    0.315    9.510 0.00000e+00
  154    18.58333   -97.33849 36.67453    1415.241    1713.072  822.486  284.837   92.676    0.163    9.683 1.57611e-03
  155    18.60000   -97.33554 36.67756    1417.992    1715.895  822.270  284.842   93.354   -0.227    9.760 0.00000e+00
  156    18.61667   -97.33273 36.68035    1412.055    1709.817  822.845  284.985   91.533   -0.450    9.654 0.00000e+00
  157    18.63333   -97.33012 36.68299    1402.637    1701.735  823.662  285.112   89.862   -0.410    9.549 0.00000e+00
  158    18.65000   -97.32756 36.68561    1393.963    1695.298  824.185  285.204   88.587   -0.244    9.465 0.00000e+00
  159    18.66667   -97.32494 36.68836    1386.923    1692.026  824.541  285.275   87.476   -0.189    9.386 0.00000e+00
  160    18.68333   -97.32224 36.69126    1380.451    1688.137  824.909  285.276   87.386   -0.180    9.373 0.00000e+00
  161    18.70000   -97.31956 36.69431    1377.453    1687.160  825.063  285.375   86.701    0.062    9.358 0.00000e+00
  162    18.71667   -97.31686 36.69751    1381.631    1692.850  824.486  285.372   86.170    0.243    9.306 0.00000e+00
  163    18.73333   -97.31422 36.70085    1385.197    1697.993  823.988  285.344   85.819    0.164    9.256 0.00000e+00
  164    18.75000   -97.31166 36.70431    1379.603    1693.459  824.497  285.340   85.883   -0.057    9.255 0.00000e+00
  165    18.76667   -97.30920 36.70782    1363.074    1676.236  826.270  285.439   86.295   -0.203    9.340 0.00000e+00
  166    18.78333   -97.30687 36.71143    1343.107    1654.061  828.508  285.611   86.432   -0.264    9.437 0.00000e+00
  167    18.80000   -97.30466 36.71512    1324.753    1632.375  830.665  285.801   86.283   -0.274    9.514 0.00000e+00
  168    18.81667   -97.30258 36.71883    1312.868    1617.577  832.098  285.909   86.433   -0.136    9.583 0.00000e+00
  169    18.83333   -97.30047 36.72249    1314.227    1617.200  832.115  285.870   87.367    0.113    9.661 0.00000e+00
  170    18.85000   -97.29821 36.72613    1330.418    1633.115  830.519  285.680   88.851    0.375    9.721 0.00000e+00
  171    18.86667   -97.29578 36.72981    1360.092    1662.305  827.645  285.397   90.317    0.471    9.732 0.00000e+00
  172    18.88333   -97.29311 36.73357    1383.271    1686.013  825.284  285.160   91.541    0.194    9.739 0.00000e+00
  173    18.90000   -97.29015 36.73719    1380.537    1684.179  825.453  285.153   91.359   -0.169    9.713 0.00000e+00
  174    18.91667   -97.28707 36.74042    1352.841    1657.579  828.068  285.384   90.241   -0.502    9.711 0.00000e+00
  175    18.93333   -97.28406 36.74338    1313.396    1619.574  831.748  285.718   89.089   -0.528    9.757 0.00000e+00
  176    18.95000   -97.28117 36.74619    1277.466    1585.971  835.049  285.999   88.472   -0.328    9.832 0.00000e+00
  177    18.96667   -97.27843 36.74900    1252.431    1563.086  837.420  286.250   86.950   -0.224    9.795 0.00000e+00
  178    18.98333   -97.27586 36.75190    1231.778    1543.281  839.435  286.458   85.733   -0.248    9.768 0.00000e+00
