    0    16.01667   -97.50079 36.22577      33.072     387.333  960.675  292.989   85.510    0.080   12.928 0.00000e+00
    1    16.03333   -97.50160 36.22861      43.588     399.125  959.344  292.916   85.710    0.010   12.917 0.00000e+00
    2    16.05000   -97.50233 36.23145      40.361     395.477  959.854  292.991   85.338   -0.241   12.914 0.00000e+00
    3    16.06667   -97.50294 36.23414      27.446     380.703  961.499  293.212   84.405   -0.271   12.929 0.00000e+00
    4    16.08333   -97.50341 36.23647      15.886     367.710  962.970  293.432   83.582   -0.141   12.960 0.00000e+00
    5    16.10000   -97.50392 36.23844      11.182     362.609  963.350  293.576   83.122   -0.044   13.000 0.00000e+00
    6    16.11667   -97.50454 36.24026       9.270     363.277  963.179  293.754   82.528   -0.023   13.053 0.00000e+00
    7    16.13333   -97.50505 36.24197       8.934     365.549  962.966  293.838   82.371    0.015   13.099 0.00000e+00
    8    16.15000   -97.50555 36.24350      11.259     369.953  962.478  293.838   82.598    0.049   13.142 0.00000e+00
    9    16.16667   -97.50600 36.24486      16.941     377.384  961.648  293.843   82.883    0.133   13.203 0.00000e+00
   10    16.18333   -97.50624 36.24610      29.039     391.036  960.193  293.709   83.485    0.309   13.208 0.00000e+00
   11    16.20000   -97.50620 36.24738      49.763     412.737  957.834  293.454   84.409    0.410   13.176 0.00000e+00
   12    16.21667   -97.50577 36.24891      83.183     446.768  954.105  293.096   85.313    0.805   13.075 0.00000e+00
   13    16.23333   -97.50484 36.25071     147.240     512.133  946.828  292.387   87.832    1.260   12.975 0.00000e+00
   14    16.25000   -97.50375 36.25304     204.693     571.250  940.393  291.768   90.572    0.961   12.957 0.00000e+00
   15    16.26667   -97.50282 36.25563     236.046     603.948  936.917  291.401   92.236    0.360   12.941 0.00000e+00
   16    16.28333   -97.50195 36.25851     248.246     616.119  935.595  291.249   92.852   -0.201   12.920 0.00000e+00
   17    16.30000   -97.50130 36.26164     253.707     621.051  935.085  291.163   93.084    0.108   12.889 0.00000e+00
   18    16.31667   -97.50081 36.26485     272.682     638.796  933.176  290.964   93.705    0.407   12.838 0.00000e+00
   19    16.33333   -97.50040 36.26794     299.307     663.749  930.438  290.707   94.848    0.474   12.823 0.00000e+00
   20    16.35000   -97.49998 36.27076     326.525     689.610  927.662  290.453   96.055    0.344   12.816 0.00000e+00
   21    16.36667   -97.49952 36.27326     351.608     713.677  925.016  290.198   97.393    0.297   12.822 2.67755e-10
   22    16.38333   -97.49893 36.27562     378.298     739.391  922.299  289.960   98.676    0.350   12.832 3.78353e-04
   23    16.40000   -97.49807 36.27793     412.043     772.031  918.817  289.699   99.910    0.571   12.826 9.32376e-03
   24    16.41667   -97.49678 36.28026     445.859     804.432  915.362  289.555  100.000    0.648   12.784 5.35627e-02
   25    16.43333   -97.49501 36.28265     469.131     826.019  913.020  289.469  100.000    0.271   12.747 9.92281e-02
   26    16.45000   -97.49284 36.28526     465.149     821.731  913.411  289.493  100.000   -0.408   12.761 8.09148e-02
   27    16.46667   -97.49062 36.28803     426.543     783.609  917.524  289.723   99.684   -0.983   12.835 4.42777e-03
   28    16.48333   -97.48851 36.29092     363.150     719.122  924.532  290.346   96.630   -1.380   12.848 0.00000e+00
   29    16.50000   -97.48661 36.29385     286.924     640.660  933.043  291.130   92.585   -1.466   12.822 0.00000e+00
   30    16.51667   -97.48511 36.29687     214.703     565.954  941.099  291.861   88.986   -1.183   12.795 0.00000e+00
   31    16.53333   -97.48392 36.29995     158.087     508.995  947.308  292.376   86.560   -0.839   12.771 0.00000e+00
   32    16.55000   -97.48305 36.30315     117.081     467.294  951.937  292.853   84.451   -0.535   12.776 0.00000e+00
   33    16.56667   -97.48254 36.30647      90.328     438.999  955.096  293.210   82.970   -0.268   12.793 0.00000e+00
   34    16.58333   -97.48250 36.30986      77.876     424.115  956.721  293.368   82.292   -0.032   12.793 0.00000e+00
   35    16.60000   -97.48291 36.31323      78.769     422.157  956.898  293.449   82.011    0.208   12.811 0.00000e+00
   36    16.61667   -97.48363 36.31648     101.323     442.168  954.723  293.326   82.605    0.644   12.835 0.00000e+00
   37    16.63333   -97.48412 36.31928     155.678     494.730  948.954  292.870   84.598    1.282   12.853 0.00000e+00
   38    16.65000   -97.48421 36.32177     241.226     578.718  939.805  292.065   88.146    1.618   12.856 0.00000e+00
   39    16.66667   -97.48390 36.32414     331.306     665.955  930.345  291.216   92.045    1.457   12.854 0.00000e+00
   40    16.68333   -97.48313 36.32655     408.261     740.394  922.241  290.488   95.587    1.319   12.858 0.00000e+00
   41    16.70000   -97.48188 36.32903     466.881     797.302  916.084  289.957   98.297    0.883   12.868 9.35150e-06
   42    16.71667   -97.48022 36.33159     504.318     834.660  912.119  289.619  100.000    0.396   12.868 2.70970e-03
   43    16.73333   -97.47832 36.33421     525.280     854.489  910.142  289.527  100.000   -0.028   12.833 2.40787e-02
   44    16.75000   -97.47626 36.33688     530.825     856.479  909.988  289.506  100.000   -0.408   12.820 4.81531e-03
   45    16.76667   -97.47429 36.33959     519.148     843.483  911.195  289.628   99.236   -0.608   12.788 5.80086e-06
   46    16.78333   -97.47244 36.34233     499.500     825.478  913.125  289.828   97.876   -0.591   12.749 0.00000e+00
   47    16.80000   -97.47061 36.34509     484.671     811.968  914.589  289.972   96.725   -0.658   12.695 0.00000e+00
   48    16.81667   -97.46864 36.34785     470.502     798.028  916.130  290.102   95.909   -0.579   12.671 0.00000e+00
   49    16.83333   -97.46655 36.35067     448.741     774.974  918.623  290.361   94.877   -0.561   12.709 0.00000e+00
   50    16.85000   -97.46452 36.35363     420.959     745.787  921.764  290.669   93.617   -0.507   12.745 0.00000e+00
   51    16.86667   -97.46270 36.35673     397.184     719.387  924.682  290.937   92.424   -0.315   12.758 0.00000e+00
   52    16.88333   -97.46112 36.35994     380.725     699.585  926.802  291.121   91.556   -0.146   12.758 0.00000e+00
   53    16.90000   -97.45984 36.36317     368.119     684.726  928.214  291.246   90.888   -0.093   12.746 0.00000e+00
   54    16.91667   -97.45884 36.36635     350.510     670.969  929.609  291.366   90.323   -0.151   12.744 0.00000e+00
   55    16.93333   -97.45806 36.36946     331.550     655.962  931.299  291.512   89.693   -0.149   12.750 0.00000e+00
   56    16.95000   -97.45743 36.37252     312.716     640.469  932.966  291.665   89.103   -0.013   12.766 0.00000e+00
   57    16.96667   -97.45684 36.37551     296.981     627.179  934.441  291.812   88.139   -0.010   12.725 0.00000e+00
   58    16.98333   -97.45631 36.37846     282.548     615.367  935.676  291.930   87.444   -0.152   12.702 0.00000e+00
   59    17.00000   -97.45592 36.38145     265.280     599.862  937.418  292.096   86.533   -0.184   12.678 0.00000e+00
   60    17.01667   -97.45578 36.38454     250.794     586.018  938.874  292.256   85.713   -0.102   12.665 0.00000e+00
   61    17.03333   -97.45599 36.38776     243.414     579.141  939.584  292.384   85.265   -0.000   12.692 0.00000e+00
   62    17.05000   -97.45640 36.39113     241.032     577.506  939.789  292.437   85.023   -0.149   12.695 0.00000e+00
   63    17.06667   -97.45682 36.39455     251.389     588.789  938.567  292.424   85.441    0.474   12.763 0.00000e+00
   64    17.08333   -97.45715 36.39791     289.123     627.479  934.404  292.066   87.061    0.605   12.773 0.00000e+00
   65    17.10000   -97.45746 36.40120     327.817     667.118  930.159  291.681   88.811    0.346   12.775 0.00000e+00
   66    17.11667   -97.45769 36.40437     359.749     700.072  926.640  291.329   90.394    0.370   12.766 0.00000e+00
   67    17.13333   -97.45779 36.40751     380.133     719.536  924.630  291.120   91.312    0.169   12.753 0.00000e+00
   68    17.15000   -97.45773 36.41074     379.287     717.120  924.914  291.134   91.172   -0.286   12.741 0.00000e+00
   69    17.16667   -97.45749 36.41396     356.446     692.081  927.684  291.380   90.010   -0.593   12.738 0.00000e+00
   70    17.18333   -97.45712 36.41709     323.812     655.548  931.628  291.752   88.167   -0.706   12.720 0.00000e+00
   71    17.20000   -97.45676 36.42010     287.846     615.833  935.945  292.149   86.416   -0.767   12.723 0.00000e+00
   72    17.21667   -97.45642 36.42300     245.846     570.875  940.807  292.590   84.543   -0.939   12.731 0.00000e+00
   73    17.23333   -97.45587 36.42581     192.093     514.879  946.950  293.162   82.094   -0.980   12.729 0.00000e+00
   74    17.25000   -97.45486 36.42848     134.241     454.562  953.520  293.738   79.771   -1.018   12.733 0.00000e+00
   75    17.26667   -97.45349 36.43105      92.740     410.769  958.258  294.165   78.101   -0.426   12.738 0.00000e+00
   76    17.28333   -97.45190 36.43350      75.278     391.717  960.354  294.375   77.275   -0.069   12.741 0.00000e+00
   77    17.30000   -97.45019 36.43585      71.786     386.798  960.877  294.466   76.952    0.039   12.752 0.00000e+00
   78    17.31667   -97.44849 36.43811      73.709     387.242  960.842  294.517   76.761    0.087   12.761 0.00000e+00
   79    17.33333   -97.44687 36.44039      86.310     398.863  959.600  294.475   77.032    0.329   12.790 0.00000e+00
   80    17.35000   -97.44545 36.44272     119.697     431.464  955.954  294.198   78.051    0.797   12.787 0.00000e+00
   81    17.36667   -97.44451 36.44489     186.132     497.393  948.703  293.558   80.572    1.075   12.782 0.00000e+00
   82    17.38333   -97.44387 36.44703     268.302     579.382  939.695  292.924   83.434    1.377   12.846 0.00000e+00
   83    17.40000   -97.44313 36.44902     343.949     655.253  931.503  292.205   86.492    1.100   12.841 0.00000e+00
   84    17.41667   -97.44205 36.45102     396.383     707.610  925.883  291.727   88.190    0.711   12.782 0.00000e+00
   85    17.43333   -97.44056 36.45309     434.722     745.375  921.890  291.376   88.750    0.235   12.636 0.00000e+00
   86    17.45000   -97.43890 36.45515     447.758     757.383  920.531  291.257   88.819   -0.074   12.569 0.00000e+00
   87    17.46667   -97.43731 36.45714     431.782     740.802  922.286  291.413   87.765   -0.356   12.519 0.00000e+00
   88    17.48333   -97.43579 36.45918     398.866     707.934  925.808  291.726   86.144   -0.625   12.486 0.00000e+00
   89    17.50000   -97.43440 36.46127     356.546     665.419  930.483  292.141   84.334   -0.764   12.485 0.00000e+00
   90    17.51667   -97.43313 36.46338     311.249     619.017  935.530  292.588   82.498   -0.794   12.492 0.00000e+00
   91    17.53333   -97.43197 36.46554     267.560     574.452  940.320  293.020   80.616   -0.735   12.478 0.00000e+00
   92    17.55000   -97.43092 36.46772     229.943     536.218  944.494  293.404   78.993   -0.591   12.468 0.00000e+00
   93    17.56667   -97.42990 36.46992     199.880     505.681  947.820  293.715   77.545   -0.516   12.435 0.00000e+00
   94    17.58333   -97.42883 36.47210     176.007     481.466  950.431  293.962   76.290   -0.560   12.389 0.00000e+00
   95    17.60000   -97.42757 36.47430     145.544     450.844  953.780  294.261   75.081   -0.770   12.377 0.00000e+00
   96    17.61667   -97.42609 36.47647     104.792     409.526  958.344  294.745   73.372   -0.756   12.404 0.00000e+00
   97    17.63333   -97.42455 36.47868      63.487     367.182  963.077  295.222   71.790   -0.695   12.437 0.00000e+00
   98    17.65000   -97.42320 36.48093      31.761     333.444  966.881  295.619   70.521   -0.369   12.470 0.00000e+00
   99    17.66667   -97.42215 36.48302      15.970     315.036  968.868  296.051   69.367   -0.190   12.569 0.00000e+00
  100    17.68333   -97.42147 36.48497       8.047     305.166  969.847  296.209   68.490   -0.132   12.518 0.00000e+00
  101    17.70000   -97.42110 36.48697       4.103     299.568  970.391  296.719   67.263   -0.033   12.676 0.00000e+00
  102    17.71667   -97.42099 36.48890       2.757     297.296  970.523  297.076   66.550    0.000   12.816 0.00000e+00
  103    17.73333   -97.42107 36.49066       3.169     297.806  970.468  297.454   66.011    0.024   13.008 0.00000e+00
  104    17.75000   -97.42113 36.49222       5.044     299.784  970.258  297.804   65.630    0.053   13.213 0.00000e+00
  105    17.76667   -97.42108 36.49372       9.349     304.169  969.829  297.948   65.596    0.140   13.328 0.00000e+00
  106    17.78333   -97.42088 36.49528      16.859     311.733  969.040  297.710   66.147    0.212   13.258 0.00000e+00
  107    17.80000   -97.42039 36.49705      28.762     324.184  967.574  297.225   66.827    0.303   13.027 0.00000e+00
  108    17.81667   -97.41953 36.49896      49.669     346.905  965.052  296.692   67.754    0.424   12.819 0.00000e+00
  109    17.83333   -97.41830 36.50097      80.826     380.160  961.364  296.239   68.701    0.597   12.692 0.00000e+00
  110    17.85000   -97.41692 36.50296     117.561     419.141  957.044  295.855   69.702    0.526   12.635 0.00000e+00
  111    17.86667   -97.41537 36.50509     145.580     449.539  953.741  295.525   70.729    0.641   12.608 0.00000e+00
  112    17.88333   -97.41373 36.50753     174.090     479.809  950.452  295.194   71.364    0.876   12.508 0.00000e+00
  113    17.90000   -97.41216 36.51019     214.837     522.152  945.851  294.655   72.712    1.153   12.387 0.00000e+00
  114    17.91667   -97.41065 36.51282     286.375     594.259  938.168  293.887   75.034    1.631   12.289 0.00000e+00
  115    17.93333   -97.40922 36.51534     398.890     704.760  926.260  292.766   79.214    2.283   12.252 0.00000e+00
  116    17.95000   -97.40786 36.51775     539.404     843.240  911.463  291.386   85.098    2.652   12.263 0.00000e+00
  117    17.96667   -97.40654 36.52015     692.334     994.682  895.415  289.898   91.479    2.976   12.208 0.00000e+00
  118    17.98333   -97.40518 36.52257     854.328    1155.810  878.610  288.332   98.854    3.213   12.156 0.00000e+00
  119    18.00000   -97.40358 36.52514    1009.781    1311.292  862.607  287.475  100.000    3.108   11.867 2.56483e-01
  120    18.01667   -97.40155 36.52781    1140.827    1444.259  849.024  286.815  100.000    2.755   11.550 5.14016e-01
  121    18.03333   -97.39916 36.53075    1229.870    1537.265  839.696  286.299  100.000    1.950   11.291 6.10764e-01
  122    18.05000   -97.39680 36.53395    1287.983    1598.848  833.586  285.921  100.000    1.618   11.095 6.01311e-01
  123    18.06667   -97.39439 36.53739    1326.050    1639.930  829.575  285.560  100.000    1.070   10.889 4.55604e-01
  124    18.08333   -97.39190 36.54104    1354.563    1669.888  826.679  285.254  100.000    0.734   10.706 3.28691e-01
  125    18.10000   -97.38939 36.54487    1376.769    1692.439  824.474  284.983   99.894    0.439   10.513 2.03368e-01
  126    18.11667   -97.38682 36.54876    1387.975    1705.047  823.157  284.725  100.000   -0.099   10.370 1.02805e-01
  127    18.13333   -97.38426 36.55262    1379.930    1699.979  823.699  284.647   99.901   -0.742   10.291 6.23536e-02
  128    18.15000   -97.38171 36.55644    1354.856    1677.472  825.968  284.839   99.183   -1.166   10.320 3.67571e-02
  129    18.16667   -97.37913 36.56024    1325.604    1650.221  828.660  285.108   98.095   -1.006   10.357 1.19607e-02
  130    18.18333   -97.37650 36.56404    1308.035    1633.380  830.379  285.282   97.271   -0.637   10.368 2.90124e-03
  131    18.20000   -97.37384 36.56784    1303.357    1628.966  830.742  285.326   97.041   -0.409   10.369 0.00000e+00
  132    18.21667   -97.37106 36.57161    1305.992    1634.236  830.175  285.289   97.066   -0.250   10.353 6.26520e-05
  133    18.23333   -97.36819 36.57532    1315.938    1647.055  828.946  285.175   97.416   -0.126   10.328 0.00000e+00
  134    18.25000   -97.36514 36.57898    1327.516    1660.723  827.620  285.060   97.820   -0.076   10.308 0.00000e+00
  135    18.26667   -97.36193 36.58262    1336.304    1669.828  826.786  284.977   98.246   -0.077   10.307 0.00000e+00
  136    18.28333   -97.35863 36.58625    1337.608    1670.772  826.667  284.985   98.101   -0.183   10.299 0.00000e+00
  137    18.30000   -97.35514 36.58995    1330.986    1665.167  827.181  285.054   97.617   -0.244   10.288 0.00000e+00
  138    18.31667   -97.35152 36.59376    1323.849    1656.654  828.252  285.165   96.751   -0.100   10.259 0.00000e+00
  139    18.33333   -97.34791 36.59766    1322.927    1648.002  829.200  285.262   95.780    0.006   10.210 0.00000e+00
  140    18.35000   -97.34434 36.60163    1318.438    1632.697  830.655  285.412   94.723   -0.198   10.180 0.00000e+00
  141    18.36667   -97.34079 36.60550    1299.376    1607.624  833.013  285.655   93.375   -0.400   10.169 0.00000e+00
  142    18.38333   -97.33723 36.60921    1279.829    1584.108  835.373  285.900   91.935   -0.273   10.146 0.00000e+00
  143    18.40000   -97.33376 36.61276    1269.133    1569.617  836.725  286.046   90.878   -0.131   10.110 0.00000e+00
  144    18.41667   -97.33044 36.61623    1264.677    1562.978  837.452  286.119   90.302    0.035   10.085 0.00000e+00
  145    18.43333   -97.32726 36.61967    1266.189    1562.595  837.459  286.122   90.174    0.132   10.073 0.00000e+00
  146    18.45000   -97.32413 36.62318    1264.231    1559.764  837.748  286.149   89.925   -0.040   10.060 0.00000e+00
  147    18.46667   -97.32099 36.62678    1250.205    1545.366  839.146  286.282   89.198   -0.279   10.049 0.00000e+00
  148    18.48333   -97.31779 36.63041    1225.504    1520.551  841.572  286.512   88.065   -0.433   10.044 0.00000e+00
  149    18.50000   -97.31451 36.63406    1201.463    1496.946  843.964  286.746   86.935   -0.351   10.039 0.00000e+00
  150    18.51667   -97.31115 36.63773    1192.430    1488.352  844.874  286.844   86.437   -0.018   10.035 0.00000e+00
  151    18.53333   -97.30775 36.64146    1205.776    1502.036  843.451  286.700   87.156    0.320   10.041 0.00000e+00
  152    18.55000   -97.30443 36.64528    1234.312    1532.271  840.396  286.398   88.624    0.463   10.046 0.00000e+00
  153    18.56667   -97.30114 36.64919    1267.568    1565.080  837.231  286.088   90.082    0.456   10.043 0.00000e+00
  154    18.58333   -97.29791 36.65319    1290.617    1586.743  835.054  285.880   91.042    0.212   10.038 0.00000e+00
  155    18.60000   -97.29469 36.65720    1298.059    1594.622  834.215  285.789   91.576    0.004   10.047 0.00000e+00
  156    18.61667   -97.29141 36.66116    1293.415    1592.332  834.396  285.794   91.628   -0.055   10.054 0.00000e+00
  157    18.63333   -97.28807 36.66506    1282.835    1584.537  835.215  285.853   91.265   -0.095   10.043 0.00000e+00
  158    18.65000   -97.28479 36.66887    1270.639    1574.144  836.283  285.958   90.414   -0.001   10.006 0.00000e+00
  159    18.66667   -97.28171 36.67265    1269.412    1574.291  836.241  285.906   91.070    0.276   10.044 0.00000e+00
  160    18.68333   -97.27870 36.67640    1277.335    1583.472  835.386  285.715   93.654    0.167   10.210 0.00000e+00
  161    18.70000   -97.27571 36.68008    1276.709    1583.467  835.406  285.727   93.676   -0.190   10.221 0.00000e+00
  162    18.71667   -97.27277 36.68349    1279.174    1586.639  835.124  285.773   93.087    0.131   10.191 0.00000e+00
  163    18.73333   -97.26975 36.68652    1314.895    1623.091  831.528  285.404   97.793    0.505   10.493 1.23451e-01
  164    18.75000   -97.26654 36.68977    1371.315    1678.736  826.048  285.108  100.000    0.821   10.614 1.90809e-01
  165    18.76667   -97.26329 36.69373    1444.475    1750.463  819.006  285.031  100.000    1.931   10.650 4.94133e-01
  166    18.78333   -97.26048 36.69803    1544.812    1849.032  809.427  284.722  100.000    3.508   10.557 8.32832e-01
  167    18.80000   -97.25715 36.70232    1696.201    1997.696  795.081  283.874  100.000    3.967   10.157 1.04210e+00
  168    18.81667   -97.25261 36.70633    1796.940    2096.232  785.702  283.496  100.000    1.366   10.024 1.11936e+00
  169    18.83333   -97.24760 36.71029    1716.188    2016.617  793.243  283.520   94.604   -2.030    9.388 3.33511e-01
  170    18.85000   -97.24391 36.71478    1602.816    1905.106  804.026  284.322   85.777   -0.990    8.860 1.29250e-02
  171    18.86667   -97.24113 36.71959    1573.325    1876.006  806.854  284.664   81.981    0.294    8.633 0.00000e+00
  172    18.88333   -97.23845 36.72443    1620.308    1921.682  802.506  284.186   87.337    0.913    8.957 0.00000e+00
  173    18.90000   -97.23553 36.72924    1707.772    2007.672  794.197  283.217   93.792    1.317    9.109 6.40603e-04
  174    18.91667   -97.23247 36.73404    1771.756    2071.776  788.098  282.497   97.801    0.907    9.118 6.84874e-03
  175    18.93333   -97.22949 36.73857    1791.999    2092.192  786.157  282.259   97.005    0.375    8.920 4.52905e-04
  176    18.95000   -97.22668 36.74259    1777.098    2077.530  787.533  282.227   97.252   -0.340    8.908 0.00000e+00
  177    18.96667   -97.22394 36.74634    1745.165    2046.093  790.540  282.475   96.150   -0.789    8.923 0.00000e+00
  178    18.98333   -97.22118 36.74989    1700.994    2001.992  794.753  282.810   95.866   -1.074    9.051 0.00000e+00
