    0    16.01667   -97.59385 36.24588      55.752     393.155  960.202  293.052   84.666   -0.347   12.857 0.00000e+00
    1    16.03333   -97.59358 36.24862      39.889     377.221  961.924  293.273   83.908   -0.123   12.896 0.00000e+00
    2    16.05000   -97.59303 36.25141      36.339     373.524  962.349  293.419   83.553    0.136   12.953 0.00000e+00
    3    16.06667   -97.59251 36.25401      45.537     382.677  961.300  293.423   83.725    0.344   12.997 0.00000e+00
    4    16.08333   -97.59211 36.25645      62.470     399.946  959.368  293.294   84.342    0.460   13.014 0.00000e+00
    5    16.10000   -97.59181 36.25884      81.606     419.651  957.196  293.136   84.785    0.389   12.984 0.00000e+00
    6    16.11667   -97.59152 36.26147      99.689     438.400  955.118  292.988   85.236    0.460   12.961 0.00000e+00
    7    16.13333   -97.59120 36.26445     119.390     458.691  952.920  292.815   85.862    0.550   12.946 0.00000e+00
    8    16.15000   -97.59093 36.26762     143.644     483.261  950.217  292.583   86.775    0.613   12.931 0.00000e+00
    9    16.16667   -97.59077 36.27085     178.070     518.039  946.371  292.247   88.095    0.683   12.906 0.00000e+00
   10    16.18333   -97.59048 36.27398     221.574     561.981  941.517  291.814   89.904    0.627   12.883 0.00000e+00
   11    16.20000   -97.58984 36.27708     258.496     599.358  937.409  291.439   91.519    0.410   12.864 0.00000e+00
   12    16.21667   -97.58893 36.28026     277.522     618.897  935.290  291.262   92.081    0.208   12.828 0.00000e+00
   13    16.23333   -97.58779 36.28350     273.218     615.284  935.705  291.327   91.472    0.001   12.790 0.00000e+00
   14    16.25000   -97.58659 36.28691     250.329     593.089  938.118  291.564   90.081   -0.214   12.753 0.00000e+00
   15    16.26667   -97.58546 36.29051     217.630     562.087  941.449  291.855   88.628   -0.403   12.734 0.00000e+00
   16    16.28333   -97.58458 36.29423     179.169     525.947  945.433  292.187   87.123   -0.580   12.728 0.00000e+00
   17    16.30000   -97.58395 36.29801     141.950     490.903  949.285  292.521   85.564   -0.611   12.714 0.00000e+00
   18    16.31667   -97.58345 36.30176     112.323     463.301  952.328  292.795   84.465   -0.373   12.727 0.00000e+00
   19    16.33333   -97.58295 36.30539      94.790     447.778  954.022  292.944   83.928   -0.232   12.742 0.00000e+00
   20    16.35000   -97.58239 36.30889      82.259     437.270  955.114  293.055   83.661   -0.238   12.775 0.00000e+00
   21    16.36667   -97.58173 36.31226      72.148     429.183  956.066  293.233   83.151   -0.216   12.826 0.00000e+00
   22    16.38333   -97.58090 36.31546      63.716     423.080  956.698  293.396   82.550   -0.141   12.855 0.00000e+00
   23    16.40000   -97.57992 36.31859      60.772     422.704  956.684  293.487   82.217   -0.085   12.876 0.00000e+00
   24    16.41667   -97.57881 36.32167      60.904     425.437  956.511  293.573   81.966   -0.015   12.909 0.00000e+00
   25    16.43333   -97.57761 36.32469      67.513     432.968  955.725  293.607   81.951    0.111   12.944 0.00000e+00
   26    16.45000   -97.57630 36.32768      79.283     445.028  954.393  293.549   82.227    0.201   12.960 0.00000e+00
   27    16.46667   -97.57491 36.33066      95.536     460.478  952.864  293.475   82.452    0.241   12.956 0.00000e+00
   28    16.48333   -97.57346 36.33360     114.829     475.140  951.253  293.435   82.792    0.311   12.999 0.00000e+00
   29    16.50000   -97.57210 36.33657     129.302     485.424  950.065  293.363   82.929    0.282   12.979 0.00000e+00
   30    16.51667   -97.57117 36.33958     160.561     513.516  946.920  293.071   83.931    0.871   12.941 0.00000e+00
   31    16.53333   -97.57037 36.34259     243.305     593.895  938.133  292.108   88.131    1.984   12.913 0.00000e+00
   32    16.55000   -97.56886 36.34551     371.296     719.178  924.477  290.849   93.793    2.110   12.878 0.00000e+00
   33    16.56667   -97.56633 36.34847     460.289     804.021  915.463  290.073   97.578    0.686   12.878 0.00000e+00
   34    16.58333   -97.56390 36.35153     465.098     803.699  915.487  290.040   97.371   -0.592   12.822 0.00000e+00
   35    16.60000   -97.56219 36.35471     423.422     757.005  920.408  290.467   94.946   -0.828   12.780 0.00000e+00
   36    16.61667   -97.56109 36.35793     372.320     703.650  926.129  290.964   92.337   -0.950   12.748 0.00000e+00
   37    16.63333   -97.56032 36.36108     321.358     650.634  931.857  291.485   89.796   -1.043   12.735 0.00000e+00
   38    16.65000   -97.55981 36.36421     273.653     601.771  937.087  291.937   87.722   -0.871   12.728 0.00000e+00
   39    16.66667   -97.55950 36.36729     230.744     560.443  941.621  292.319   86.147   -0.670   12.742 0.00000e+00
   40    16.68333   -97.55930 36.37042     196.393     527.550  945.258  292.619   84.872   -0.546   12.743 0.00000e+00
   41    16.70000   -97.55911 36.37362     170.312     502.884  947.962  292.834   84.029   -0.363   12.751 0.00000e+00
   42    16.71667   -97.55896 36.37681     156.455     490.368  949.421  292.947   83.555   -0.133   12.750 0.00000e+00
   43    16.73333   -97.55885 36.37990     149.494     484.681  950.062  292.979   83.476    0.007   12.754 0.00000e+00
   44    16.75000   -97.55888 36.38285     145.262     481.864  950.346  293.006   83.381    0.083   12.757 0.00000e+00
   45    16.76667   -97.55907 36.38567     141.628     479.717  950.601  293.052   83.199    0.107   12.763 0.00000e+00
   46    16.78333   -97.55949 36.38843     136.566     476.203  950.965  293.111   82.991    0.147   12.773 0.00000e+00
   47    16.80000   -97.56011 36.39119     142.280     482.750  950.247  293.065   83.170    0.328   12.774 0.00000e+00
   48    16.81667   -97.56067 36.39395     158.259     499.191  948.411  292.914   83.828    0.443   12.779 0.00000e+00
   49    16.83333   -97.56096 36.39677     177.200     518.409  946.316  292.759   84.531    0.450   12.790 0.00000e+00
   50    16.85000   -97.56087 36.39962     189.429     531.016  944.918  292.672   84.881    0.173   12.792 0.00000e+00
   51    16.86667   -97.56038 36.40257     181.517     523.618  945.681  292.763   84.437   -0.267   12.787 0.00000e+00
   52    16.88333   -97.55962 36.40557     158.087     501.303  948.107  293.048   83.197   -0.321   12.793 0.00000e+00
   53    16.90000   -97.55884 36.40860     133.253     478.056  950.613  293.331   82.053   -0.356   12.808 0.00000e+00
   54    16.91667   -97.55820 36.41168     111.996     458.159  952.850  293.596   80.952   -0.276   12.817 0.00000e+00
   55    16.93333   -97.55762 36.41484      95.194     442.434  954.584  293.807   80.125   -0.117   12.831 0.00000e+00
   56    16.95000   -97.55714 36.41798      95.721     443.829  954.453  293.756   80.210    0.286   12.805 0.00000e+00
   57    16.96667   -97.55666 36.42093     121.251     470.181  951.615  293.581   81.066    0.596   12.840 0.00000e+00
   58    16.98333   -97.55595 36.42368     150.015     499.942  948.317  293.412   81.736    0.414   12.855 0.00000e+00
   59    17.00000   -97.55518 36.42636     180.032     530.918  944.920  293.173   82.659    0.347   12.854 0.00000e+00
   60    17.01667   -97.55447 36.42926     193.791     545.570  943.282  293.036   83.048    0.087   12.826 0.00000e+00
   61    17.03333   -97.55405 36.43229     222.930     575.398  940.066  292.765   83.967    0.896   12.794 0.00000e+00
   62    17.05000   -97.55367 36.43525     278.638     631.792  933.874  292.284   86.235    1.298   12.834 0.00000e+00
   63    17.06667   -97.55302 36.43820     346.513     700.382  926.596  291.647   89.366    1.680   12.877 0.00000e+00
   64    17.08333   -97.55213 36.44107     416.850     767.375  919.452  291.004   92.493    1.846   12.896 0.00000e+00
   65    17.10000   -97.55106 36.44370     469.555     816.796  914.137  290.498   94.614    1.027   12.849 0.00000e+00
   66    17.11667   -97.54946 36.44621     488.884     833.289  912.329  290.319   94.331   -0.148   12.690 0.00000e+00
   67    17.13333   -97.54742 36.44888     461.342     803.473  915.491  290.618   91.847   -1.137   12.550 0.00000e+00
   68    17.15000   -97.54513 36.45206     404.177     742.494  922.096  291.219   88.882   -1.502   12.526 0.00000e+00
   69    17.16667   -97.54292 36.45564     344.627     678.515  928.863  291.834   85.912   -1.038   12.496 0.00000e+00
   70    17.18333   -97.54116 36.45930     304.394     636.338  933.481  292.234   84.147   -0.398   12.489 0.00000e+00
   71    17.20000   -97.53992 36.46283     287.459     617.228  935.568  292.367   83.591   -0.347   12.483 0.00000e+00
   72    17.21667   -97.53920 36.46632     282.490     610.542  936.284  292.427   83.358   -0.056   12.485 0.00000e+00
   73    17.23333   -97.53889 36.46982     299.543     625.995  934.643  292.283   84.309    0.841   12.536 0.00000e+00
   74    17.25000   -97.53888 36.47319     331.884     656.724  931.326  292.041   85.703    1.387   12.596 0.00000e+00
   75    17.26667   -97.53909 36.47645     364.289     687.487  927.987  291.752   87.017    1.167   12.603 0.00000e+00
   76    17.28333   -97.53938 36.47954     407.965     729.711  923.462  291.375   88.748    1.234   12.613 0.00000e+00
   77    17.30000   -97.53971 36.48221     466.275     788.214  917.105  290.793   91.598    1.386   12.633 0.00000e+00
   78    17.31667   -97.53992 36.48471     525.448     847.817  910.761  290.215   94.346    1.274   12.630 0.00000e+00
   79    17.33333   -97.53960 36.48703     570.437     893.054  905.963  289.760   96.460    0.811   12.609 0.00000e+00
   80    17.35000   -97.53886 36.48916     581.338     903.508  904.900  289.666   96.868   -0.062   12.601 0.00000e+00
   81    17.36667   -97.53799 36.49120     565.966     886.738  906.700  289.839   95.814   -0.543   12.578 0.00000e+00
   82    17.38333   -97.53732 36.49310     538.353     857.829  909.719  290.121   94.495   -0.545   12.588 0.00000e+00
   83    17.40000   -97.53699 36.49479     523.269     841.662  911.422  290.275   93.668    0.034   12.578 0.00000e+00
   84    17.41667   -97.53687 36.49635     539.045     856.504  909.814  290.121   94.460    0.772   12.583 0.00000e+00
   85    17.43333   -97.53664 36.49817     583.167     899.842  905.225  289.707   96.411    1.122   12.570 0.00000e+00
   86    17.45000   -97.53604 36.50026     646.732     962.748  898.566  289.135   99.180    1.100   12.558 1.88846e-03
   87    17.46667   -97.53494 36.50248     708.922    1024.672  892.024  288.777  100.000    0.812   12.483 8.17514e-02
   88    17.48333   -97.53334 36.50471     748.811    1064.960  887.805  288.552  100.000    0.527   12.354 1.11036e-01
   89    17.50000   -97.53123 36.50697     769.247    1084.956  885.828  288.356   99.154    0.182   12.111 4.14794e-02
   90    17.51667   -97.52869 36.50933     778.122    1092.612  885.074  288.298   97.457    0.012   11.870 0.00000e+00
   91    17.53333   -97.52620 36.51181     773.164    1084.421  885.983  288.475   94.437   -0.314   11.623 1.77904e-07
   92    17.55000   -97.52380 36.51434     755.357    1063.261  888.125  288.760   92.811   -0.452   11.606 0.00000e+00
   93    17.56667   -97.52143 36.51691     736.172    1041.934  890.361  289.022   91.201   -0.351   11.571 0.00000e+00
   94    17.58333   -97.51917 36.51955     725.957    1029.929  891.647  289.201   89.683   -0.183   11.493 0.00000e+00
   95    17.60000   -97.51694 36.52227     723.326    1026.711  891.822  289.267   88.776   -0.141   11.423 0.00000e+00
   96    17.61667   -97.51481 36.52506     722.654    1027.891  891.720  289.299   88.157   -0.054   11.368 0.00000e+00
   97    17.63333   -97.51282 36.52784     728.407    1035.695  890.888  289.250   88.330   -0.029   11.365 0.00000e+00
   98    17.65000   -97.51094 36.53060     741.347    1050.404  889.415  289.124   88.757   -0.030   11.347 0.00000e+00
   99    17.66667   -97.50919 36.53334     755.440    1065.038  887.874  289.005   89.023   -0.144   11.314 0.00000e+00
  100    17.68333   -97.50745 36.53604     763.562    1073.947  886.930  288.919   89.739   -0.142   11.353 0.00000e+00
  101    17.70000   -97.50578 36.53866     764.201    1075.594  886.732  288.862   91.176   -0.059   11.496 0.00000e+00
  102    17.71667   -97.50422 36.54123     756.887    1069.286  887.403  288.807   93.905    0.030   11.789 0.00000e+00
  103    17.73333   -97.50285 36.54379     744.177    1057.424  888.654  288.812   95.683   -0.006   11.999 0.00000e+00
  104    17.75000   -97.50162 36.54654     722.644    1036.781  890.822  289.001   95.390   -0.363   12.079 0.00000e+00
  105    17.76667   -97.50046 36.54947     686.686    1002.618  894.368  289.349   94.070   -0.796   12.133 0.00000e+00
  106    17.78333   -97.49925 36.55233     647.278     965.333  898.264  289.708   92.200   -0.889   12.116 0.00000e+00
  107    17.80000   -97.49796 36.55504     616.975     937.304  901.172  289.975   90.572   -0.786   12.068 0.00000e+00
  108    17.81667   -97.49669 36.55760     599.009     920.655  902.957  290.134   89.651   -0.550   12.043 0.00000e+00
  109    17.83333   -97.49551 36.56021     588.408     911.229  903.954  290.228   89.091   -0.482   12.027 0.00000e+00
  110    17.85000   -97.49446 36.56292     568.197     892.114  906.000  290.433   87.959   -0.680   12.003 0.00000e+00
  111    17.86667   -97.49358 36.56566     537.020     862.230  909.142  290.771   86.345   -0.968   11.997 0.00000e+00
  112    17.88333   -97.49265 36.56830     503.153     829.646  912.622  291.130   84.788   -1.030   12.007 0.00000e+00
  113    17.90000   -97.49160 36.57069     477.977     805.722  915.130  291.376   83.497   -0.658   11.976 0.00000e+00
  114    17.91667   -97.49052 36.57296     478.677     806.723  915.118  291.375   83.155    0.119   11.927 0.00000e+00
  115    17.93333   -97.48949 36.57519     508.657     836.156  911.993  291.084   84.437    0.639   11.931 0.00000e+00
  116    17.95000   -97.48857 36.57747     553.887     880.707  907.269  290.648   87.016    0.829   12.021 0.00000e+00
  117    17.96667   -97.48779 36.57986     600.801     926.645  902.487  290.210   89.307    0.800   12.062 0.00000e+00
  118    17.98333   -97.48708 36.58237     648.943     972.199  897.722  289.756   91.854    0.623   12.115 0.00000e+00
  119    18.00000   -97.48640 36.58496     694.177    1014.217  893.368  289.354   94.196    0.532   12.167 0.00000e+00
  120    18.01667   -97.48578 36.58764     734.487    1051.165  889.477  288.991   96.187    0.332   12.191 0.00000e+00
  121    18.03333   -97.48515 36.59044     759.986    1075.208  886.927  288.753   97.360    0.038   12.187 0.00000e+00
  122    18.05000   -97.48444 36.59336     758.825    1073.147  887.142  288.759   97.432   -0.375   12.197 0.00000e+00
  123    18.06667   -97.48355 36.59637     735.316    1048.433  889.753  289.010   96.288   -0.658   12.215 0.00000e+00
  124    18.08333   -97.48259 36.59932     701.335    1013.411  893.445  289.351   94.640   -0.521   12.221 0.00000e+00
  125    18.10000   -97.48157 36.60197     686.857     997.637  895.129  289.515   93.915   -0.026   12.233 0.00000e+00
  126    18.11667   -97.48038 36.60445     686.363     995.364  895.400  289.576   94.154    0.020   12.308 0.00000e+00
  127    18.13333   -97.47906 36.60700     673.226     980.177  896.918  289.733   93.402   -0.316   12.312 0.00000e+00
  128    18.15000   -97.47784 36.60970     635.555     941.150  900.963  290.108   91.334   -0.816   12.277 0.00000e+00
  129    18.16667   -97.47687 36.61259     578.764     883.602  906.995  290.677   88.230   -0.998   12.215 0.00000e+00
  130    18.18333   -97.47623 36.61565     521.214     825.784  913.146  291.253   85.390   -0.828   12.180 0.00000e+00
  131    18.20000   -97.47588 36.61876     500.844     805.339  915.298  291.488   83.944    0.196   12.124 0.00000e+00
  132    18.21667   -97.47556 36.62188     533.289     837.711  911.824  291.210   85.060    0.723   12.117 0.00000e+00
  133    18.23333   -97.47501 36.62495     585.976     890.266  906.306  290.710   87.257    0.981   12.116 0.00000e+00
  134    18.25000   -97.47396 36.62783     629.997     934.032  901.632  290.286   89.041    0.597   12.097 0.00000e+00
  135    18.26667   -97.47245 36.63057     629.912     933.540  901.703  290.282   89.182   -0.530   12.111 0.00000e+00
  136    18.28333   -97.47107 36.63326     568.548     871.755  908.253  290.885   86.556   -1.513   12.127 0.00000e+00
  137    18.30000   -97.46999 36.63597     466.254     769.289  919.145  291.889   82.065   -2.019   12.105 0.00000e+00
  138    18.31667   -97.46944 36.63843     360.094     663.073  930.528  292.923   77.574   -1.587   12.061 0.00000e+00
  139    18.33333   -97.46962 36.64074     280.907     583.663  939.128  293.772   74.511   -1.207   12.103 0.00000e+00
  140    18.35000   -97.47008 36.64307     213.936     516.464  946.424  294.458   72.115   -1.650   12.129 0.00000e+00
  141    18.36667   -97.47035 36.64523     119.063     421.383  956.894  295.411   68.744   -1.584   12.128 0.00000e+00
  142    18.38333   -97.47020 36.64689      60.790     362.987  963.276  295.982   66.851   -0.649   12.133 0.00000e+00
  143    18.40000   -97.46986 36.64828      39.276     341.575  965.609  296.345   65.934   -0.249   12.205 0.00000e+00
  144    18.41667   -97.46964 36.64951      30.101     332.524  966.632  296.639   65.022   -0.101   12.242 0.00000e+00
  145    18.43333   -97.46949 36.65055      26.984     329.511  966.903  296.831   64.503   -0.014   12.284 0.00000e+00
  146    18.45000   -97.46921 36.65149      31.277     333.906  966.395  296.923   64.400    0.159   12.339 0.00000e+00
  147    18.46667   -97.46847 36.65240      46.188     348.961  964.765  296.739   64.900    0.425   12.318 0.00000e+00
  148    18.48333   -97.46724 36.65335      72.579     375.490  961.806  296.406   65.918    0.596   12.297 0.00000e+00
  149    18.50000   -97.46573 36.65440     102.605     405.600  958.452  296.073   66.965    0.525   12.284 0.00000e+00
  150    18.51667   -97.46425 36.65567     121.135     424.359  956.413  295.775   67.820    0.195   12.241 0.00000e+00
  151    18.53333   -97.46300 36.65706     116.445     420.175  956.861  295.740   67.849   -0.064   12.215 0.00000e+00
  152    18.55000   -97.46209 36.65845     115.508     419.737  956.928  295.756   67.761    0.101   12.210 0.00000e+00
  153    18.56667   -97.46152 36.65978     124.887     429.555  955.861  295.684   68.010    0.198   12.215 0.00000e+00
  154    18.58333   -97.46112 36.66109     139.949     445.039  954.182  295.591   68.322    0.273   12.222 0.00000e+00
  155    18.60000   -97.46070 36.66231     162.987     468.428  951.642  295.489   68.622    0.381   12.232 0.00000e+00
  156    18.61667   -97.46010 36.66349     200.213     505.709  947.613  295.226   69.482    0.661   12.239 0.00000e+00
  157    18.63333   -97.45937 36.66476     266.250     571.318  940.504  294.756   71.036    1.833   12.248 0.00000e+00
  158    18.65000   -97.45854 36.66620     403.698     708.253  925.712  293.449   75.823    2.798   12.248 0.00000e+00
  159    18.66667   -97.45768 36.66789     573.432     877.515  907.720  291.754   82.422    3.065   12.208 0.00000e+00
  160    18.68333   -97.45678 36.66991     740.479    1044.130  890.184  290.000   90.087    2.879   12.172 0.00000e+00
  161    18.70000   -97.45569 36.67207     878.575    1182.046  875.902  288.579   97.001    2.216   12.158 0.00000e+00
  162    18.71667   -97.45396 36.67430     979.328    1283.136  865.538  287.805  100.000    1.723   12.084 8.33671e-02
  163    18.73333   -97.45168 36.67668    1039.310    1343.575  859.341  287.525  100.000    0.736   11.952 1.96939e-01
  164    18.75000   -97.44913 36.67941    1049.489    1354.769  858.212  287.460  100.000   -0.005   11.918 1.92106e-01
  165    18.76667   -97.44679 36.68252    1034.059    1341.004  859.603  287.424  100.000   -0.058   11.869 1.06546e-01
  166    18.78333   -97.44505 36.68587     993.522    1302.256  863.579  287.664   96.247   -0.506   11.532 0.00000e+00
  167    18.80000   -97.44389 36.68909     935.476    1245.743  869.322  288.448   88.327   -0.713   11.061 0.00000e+00
  168    18.81667   -97.44316 36.69213     873.338    1184.775  875.587  289.138   83.809   -0.814   10.895 0.00000e+00
  169    18.83333   -97.44276 36.69517     815.621    1128.247  881.418  289.639   82.447   -0.601   10.994 0.00000e+00
  170    18.85000   -97.44263 36.69805     775.232    1089.115  885.493  290.000   81.603   -0.275   11.085 0.00000e+00
  171    18.86667   -97.44273 36.70060     755.044    1070.140  887.439  290.181   80.802   -0.215   11.079 0.00000e+00
  172    18.88333   -97.44310 36.70281     725.266    1041.384  890.413  290.478   80.667   -0.738   11.235 0.00000e+00
  173    18.90000   -97.44306 36.70493     677.914     995.037  895.258  290.938   78.269   -0.556   11.163 0.00000e+00
  174    18.91667   -97.44244 36.70697     648.470     966.492  898.251  291.203   77.159   -0.207   11.154 0.00000e+00
  175    18.93333   -97.44179 36.70901     639.255     958.189  899.146  291.294   76.583    0.137   11.124 0.00000e+00
  176    18.95000   -97.44121 36.71104     641.607     961.479  898.741  291.228   77.407    0.137   11.201 0.00000e+00
  177    18.96667   -97.44063 36.71311     646.078     966.920  898.215  291.204   77.733    0.512   11.238 0.00000e+00
  178    18.98333   -97.43998 36.71524     666.889     988.554  895.970  290.997   79.176    0.812   11.326 0.00000e+00
