    0    16.01667   -97.55428 36.23657     120.570     460.608  952.631  292.521   87.210    0.417   12.912 0.00000e+00
    1    16.03333   -97.55372 36.23914     153.686     494.130  948.932  292.169   88.839    0.641   12.916 0.00000e+00
    2    16.05000   -97.55303 36.24179     194.478     535.167  944.434  291.756   90.556    0.496   12.889 0.00000e+00
    3    16.06667   -97.55228 36.24468     209.021     549.854  942.797  291.592   91.464    0.193   12.907 0.00000e+00
    4    16.08333   -97.55162 36.24762     214.751     556.375  942.050  291.483   91.983    0.011   12.901 0.00000e+00
    5    16.10000   -97.55118 36.25072     210.406     553.428  942.379  291.504   91.896   -0.306   12.901 0.00000e+00
    6    16.11667   -97.55092 36.25393     196.524     540.675  943.801  291.625   91.291   -0.445   12.895 0.00000e+00
    7    16.13333   -97.55090 36.25716     173.828     519.088  946.175  291.835   90.323   -0.493   12.896 0.00000e+00
    8    16.15000   -97.55115 36.26044     157.104     503.494  947.863  291.974   89.652   -0.101   12.890 0.00000e+00
    9    16.16667   -97.55152 36.26374     164.716     512.186  946.886  291.908   89.912    0.453   12.887 0.00000e+00
   10    16.18333   -97.55178 36.26702     196.470     544.825  943.267  291.606   91.227    0.763   12.877 0.00000e+00
   11    16.20000   -97.55184 36.27036     233.510     582.807  939.117  291.231   92.971    0.640   12.873 0.00000e+00
   12    16.21667   -97.55169 36.27376     261.643     611.882  935.948  290.943   94.328    0.549   12.868 0.00000e+00
   13    16.23333   -97.55141 36.27720     286.063     637.207  933.205  290.695   95.534    0.478   12.867 0.00000e+00
   14    16.25000   -97.55101 36.28073     316.696     668.628  929.790  290.393   97.044    0.443   12.868 0.00000e+00
   15    16.26667   -97.55047 36.28429     346.845     698.793  926.580  290.096   98.557    0.233   12.869 0.00000e+00
   16    16.28333   -97.55002 36.28783     366.165     717.863  924.532  289.915   99.459    0.111   12.865 1.14954e-03
   17    16.30000   -97.54971 36.29137     383.489     735.254  922.734  289.792   99.913    0.337   12.848 1.53858e-02
   18    16.31667   -97.54935 36.29486     406.105     757.872  920.309  289.670  100.000    0.186   12.808 4.83893e-02
   19    16.33333   -97.54886 36.29831     420.685     773.359  918.575  289.590  100.000   -0.035   12.767 5.04567e-02
   20    16.35000   -97.54823 36.30173     426.269     781.131  917.714  289.541  100.000   -0.155   12.737 1.24669e-02
   21    16.36667   -97.54756 36.30519     430.748     787.735  917.075  289.543   99.750   -0.303   12.702 4.54950e-03
   22    16.38333   -97.54682 36.30868     436.219     793.551  916.448  289.512   99.828   -0.296   12.695 9.43658e-04
   23    16.40000   -97.54612 36.31215     438.493     796.385  916.161  289.537   99.567   -0.011   12.686 1.37219e-03
   24    16.41667   -97.54533 36.31565     434.676     789.979  917.003  289.669   98.596   -0.029   12.658 1.27376e-03
   25    16.43333   -97.54440 36.31910     410.629     761.580  920.051  289.950   97.194   -0.517   12.662 5.95847e-10
   26    16.45000   -97.54357 36.32242     364.197     712.188  925.133  290.446   94.446   -0.813   12.630 0.00000e+00
   27    16.46667   -97.54294 36.32570     316.171     665.386  930.261  290.919   92.080   -0.727   12.620 0.00000e+00
   28    16.48333   -97.54247 36.32901     271.040     621.605  935.039  291.354   90.029   -0.777   12.618 0.00000e+00
   29    16.50000   -97.54230 36.33237     229.977     581.579  939.415  291.749   88.198   -0.720   12.615 0.00000e+00
   30    16.51667   -97.54244 36.33576     192.937     545.455  943.360  292.098   86.641   -0.669   12.615 0.00000e+00
   31    16.53333   -97.54275 36.33912     166.200     519.521  946.260  292.355   85.516   -0.521   12.615 0.00000e+00
   32    16.55000   -97.54301 36.34241     145.522     498.852  948.515  292.557   84.612   -0.395   12.611 0.00000e+00
   33    16.56667   -97.54311 36.34556     124.346     477.611  950.884  292.769   83.695   -0.493   12.609 0.00000e+00
   34    16.58333   -97.54308 36.34864      98.184     449.451  954.071  293.052   82.491   -0.487   12.608 0.00000e+00
   35    16.60000   -97.54295 36.35176      74.821     422.945  956.982  293.345   81.347   -0.391   12.624 0.00000e+00
   36    16.61667   -97.54277 36.35495      58.011     402.791  959.262  293.675   80.284   -0.119   12.688 0.00000e+00
   37    16.63333   -97.54262 36.35806      56.868     397.105  959.904  293.913   79.620    0.176   12.762 0.00000e+00
   38    16.65000   -97.54239 36.36095      72.320     408.145  958.715  294.017   79.400    0.581   12.825 0.00000e+00
   39    16.66667   -97.54192 36.36370     105.266     437.075  955.419  293.738   80.102    0.794   12.761 0.00000e+00
   40    16.68333   -97.54120 36.36649     142.315     471.606  951.579  293.365   81.435    0.930   12.726 0.00000e+00
   41    16.70000   -97.54021 36.36924     184.649     511.494  947.205  292.955   82.905    0.838   12.687 0.00000e+00
   42    16.71667   -97.53908 36.37191     220.412     545.483  943.340  292.611   84.305    0.625   12.678 0.00000e+00
   43    16.73333   -97.53798 36.37449     240.465     567.531  940.900  292.390   85.218    0.374   12.671 0.00000e+00
   44    16.75000   -97.53703 36.37705     252.031     581.346  939.369  292.237   85.828    0.098   12.660 0.00000e+00
   45    16.76667   -97.53625 36.37963     260.337     591.946  938.259  292.127   86.129    0.035   12.632 0.00000e+00
   46    16.78333   -97.53561 36.38225     282.380     615.037  935.702  291.914   87.031    0.305   12.629 0.00000e+00
   47    16.80000   -97.53491 36.38488     315.093     648.718  932.042  291.644   88.458    0.355   12.669 0.00000e+00
   48    16.81667   -97.53416 36.38749     329.513     664.446  930.292  291.493   89.064   -0.126   12.659 0.00000e+00
   49    16.83333   -97.53356 36.39021     328.649     665.108  930.187  291.506   89.152   -0.112   12.683 0.00000e+00
   50    16.85000   -97.53317 36.39306     326.099     664.087  930.285  291.518   89.087   -0.107   12.682 0.00000e+00
   51    16.86667   -97.53306 36.39591     327.208     666.581  930.052  291.488   89.346    0.072   12.698 0.00000e+00
   52    16.88333   -97.53303 36.39874     345.952     686.594  927.888  291.282   90.363    0.486   12.706 0.00000e+00
   53    16.90000   -97.53290 36.40151     382.928     724.830  923.741  290.906   91.946    1.065   12.681 0.00000e+00
   54    16.91667   -97.53247 36.40416     427.632     770.747  918.847  290.465   93.929    1.116   12.663 0.00000e+00
   55    16.93333   -97.53149 36.40674     479.500     823.690  913.179  289.958   96.349    1.055   12.654 0.00000e+00
   56    16.95000   -97.52989 36.40928     538.533     883.831  906.781  289.429   98.432    0.785   12.585 4.42232e-04
   57    16.96667   -97.52799 36.41180     585.044     931.458  901.771  289.045   99.909    0.333   12.532 1.41189e-02
   58    16.98333   -97.52608 36.41442     611.045     958.207  899.005  288.908  100.000    0.027   12.487 4.29716e-02
   59    17.00000   -97.52430 36.41718     625.159     971.911  897.640  288.833  100.000    0.167   12.444 4.39140e-02
   60    17.01667   -97.52260 36.42003     642.976     988.253  896.008  288.728  100.000    0.540   12.386 5.65936e-02
   61    17.03333   -97.52093 36.42282     667.277    1009.825  893.803  288.614  100.000    0.647   12.326 7.90453e-02
   62    17.05000   -97.51913 36.42548     682.671    1021.596  892.552  288.541  100.000    0.721   12.286 8.99756e-02
   63    17.06667   -97.51716 36.42813     679.969    1015.475  893.170  288.562  100.000    0.704   12.290 6.91664e-02
   64    17.08333   -97.51483 36.43102     676.411    1009.280  893.700  288.556  100.000    0.409   12.268 2.16671e-02
   65    17.10000   -97.51215 36.43417     678.922    1011.422  893.447  288.537   99.890    0.317   12.239 9.64019e-03
   66    17.11667   -97.50941 36.43758     694.541    1026.666  891.885  288.461   99.792    0.383   12.189 1.31097e-02
   67    17.13333   -97.50677 36.44112     729.729    1059.791  888.436  288.263  100.000    0.616   12.123 3.72609e-02
   68    17.15000   -97.50421 36.44467     774.239    1102.687  883.921  288.058  100.000    0.538   12.025 1.01550e-01
   69    17.16667   -97.50163 36.44820     799.275    1126.124  881.555  287.953  100.000    0.114   11.976 1.36985e-01
   70    17.18333   -97.49908 36.45170     787.712    1112.327  882.984  288.009  100.000   -0.557   12.000 7.91220e-02
   71    17.20000   -97.49668 36.45513     739.932    1062.505  888.222  288.362   98.686   -0.978   12.026 0.00000e+00
   72    17.21667   -97.49440 36.45848     682.462    1001.354  894.706  288.964   95.529   -0.695   12.015 0.00000e+00
   73    17.23333   -97.49200 36.46188     652.953     967.495  898.236  289.273   94.005   -0.221   12.014 0.00000e+00
   74    17.25000   -97.48907 36.46540     629.272     940.996  900.951  289.591   91.895   -0.602   11.949 0.00000e+00
   75    17.26667   -97.48623 36.46888     616.778     926.709  902.450  289.737   91.220    0.168   11.953 0.00000e+00
   76    17.28333   -97.48357 36.47263     647.272     955.110  899.467  289.511   91.814    0.287   11.898 0.00000e+00
   77    17.30000   -97.48083 36.47633     683.480     988.783  895.943  289.161   93.756    0.167   11.926 0.00000e+00
   78    17.31667   -97.47810 36.47988     708.219    1011.494  893.515  288.904   95.036   -0.112   11.923 0.00000e+00
   79    17.33333   -97.47550 36.48338     707.843    1010.361  893.678  288.928   94.680   -0.470   11.895 0.00000e+00
   80    17.35000   -97.47289 36.48686     673.646     974.639  897.461  289.289   92.766   -0.901   11.877 0.00000e+00
   81    17.36667   -97.47017 36.49028     609.512     909.700  904.211  289.921   89.461   -1.330   11.839 0.00000e+00
   82    17.38333   -97.46722 36.49363     536.288     837.187  911.928  290.658   85.868   -1.264   11.809 0.00000e+00
   83    17.40000   -97.46411 36.49691     481.165     781.478  917.893  291.212   83.365   -0.655   11.798 0.00000e+00
   84    17.41667   -97.46091 36.50020     460.776     759.721  920.171  291.440   82.303   -0.089   11.788 0.00000e+00
   85    17.43333   -97.45793 36.50357     463.384     761.630  920.025  291.412   82.659    0.453   11.820 0.00000e+00
   86    17.45000   -97.45534 36.50685     499.210     798.049  916.105  290.993   84.908    1.145   11.873 0.00000e+00
   87    17.46667   -97.45294 36.50998     552.183     853.408  910.085  290.389   88.516    1.045   11.991 0.00000e+00
   88    17.48333   -97.45087 36.51290     606.336     910.474  904.048  289.804   92.175    0.857   12.109 0.00000e+00
   89    17.50000   -97.44901 36.51575     651.634     957.894  899.087  289.316   95.793    0.595   12.264 0.00000e+00
   90    17.51667   -97.44730 36.51862     675.077     982.927  896.462  289.059   97.610    0.080   12.328 0.00000e+00
   91    17.53333   -97.44560 36.52150     659.104     968.130  898.024  289.214   96.251   -0.786   12.257 0.00000e+00
   92    17.55000   -97.44393 36.52420     605.372     915.412  903.504  289.762   92.796   -1.339   12.165 0.00000e+00
   93    17.56667   -97.44249 36.52673     541.036     852.516  910.219  290.441   88.911   -1.281   12.083 0.00000e+00
   94    17.58333   -97.44107 36.52922     484.434     797.375  916.088  291.025   85.812   -1.012   12.025 0.00000e+00
   95    17.60000   -97.43954 36.53172     439.948     754.048  920.760  291.478   83.527   -0.798   11.984 0.00000e+00
   96    17.61667   -97.43781 36.53419     398.329     713.201  925.172  291.873   81.955   -0.727   11.998 0.00000e+00
   97    17.63333   -97.43602 36.53673     352.967     668.189  930.016  292.303   80.279   -0.799   12.012 0.00000e+00
   98    17.65000   -97.43433 36.53930     304.704     619.276  935.349  292.769   78.671   -0.755   12.052 0.00000e+00
   99    17.66667   -97.43282 36.54195     263.284     576.124  940.080  293.201   77.076   -0.566   12.069 0.00000e+00
  100    17.68333   -97.43150 36.54462     231.517     542.581  943.746  293.532   75.888   -0.314   12.084 0.00000e+00
  101    17.70000   -97.43024 36.54724     210.529     520.615  946.031  293.719   75.328   -0.219   12.106 0.00000e+00
  102    17.71667   -97.42908 36.54974     189.152     501.067  948.188  293.918   74.637   -0.400   12.116 0.00000e+00
  103    17.73333   -97.42805 36.55221     164.202     478.020  950.650  294.106   73.918   -0.705   12.109 0.00000e+00
  104    17.75000   -97.42714 36.55465     123.589     439.272  954.945  294.500   72.865   -0.711   12.177 0.00000e+00
  105    17.76667   -97.42623 36.55705      92.337     409.276  958.273  295.018   71.772   -0.398   12.341 0.00000e+00
  106    17.78333   -97.42522 36.55946      74.248     392.196  960.108  295.342   71.093   -0.176   12.447 0.00000e+00
  107    17.80000   -97.42413 36.56188      67.752     386.667  960.778  295.733   70.577    0.260   12.648 0.00000e+00
  108    17.81667   -97.42308 36.56432      90.874     410.251  958.195  295.701   71.279    0.972   12.783 0.00000e+00
  109    17.83333   -97.42214 36.56660     164.285     483.281  950.182  294.932   73.915    2.019   12.750 0.00000e+00
  110    17.85000   -97.42109 36.56842     315.648     634.033  933.778  293.332   79.764    2.977   12.678 0.00000e+00
  111    17.86667   -97.42007 36.57037     493.075     810.658  914.804  291.566   87.187    3.027   12.662 0.00000e+00
  112    17.88333   -97.41931 36.57257     652.525     969.883  897.877  289.942   94.484    2.646   12.609 0.00000e+00
  113    17.90000   -97.41842 36.57523     778.523    1096.776  884.638  288.787   97.909    1.651   12.314 8.52467e-03
  114    17.91667   -97.41721 36.57823     857.936    1177.286  876.316  288.113   99.191    0.695   12.057 3.10797e-02
  115    17.93333   -97.41579 36.58131     893.481    1213.484  872.567  287.844   99.456   -0.097   11.932 5.63336e-02
  116    17.95000   -97.41412 36.58424     901.555    1221.719  871.713  287.748   98.541   -0.334   11.760 3.07097e-02
  117    17.96667   -97.41226 36.58697     899.428    1220.064  871.850  287.713   98.015   -0.247   11.669 7.59772e-04
  118    17.98333   -97.41032 36.58955     896.133    1217.639  872.109  287.747   96.941   -0.176   11.563 2.85014e-05
  119    18.00000   -97.40831 36.59200     892.990    1215.654  872.306  287.801   96.072   -0.078   11.497 5.99962e-05
  120    18.01667   -97.40628 36.59438     885.264    1209.230  872.946  287.890   95.307    0.003   11.463 0.00000e+00
  121    18.03333   -97.40428 36.59674     869.625    1194.976  874.445  288.066   94.013   -0.014   11.417 0.00000e+00
  122    18.05000   -97.40239 36.59908     853.238    1179.462  876.075  288.216   93.648   -0.177   11.463 0.00000e+00
  123    18.06667   -97.40056 36.60150     839.891    1166.923  877.400  288.353   93.032   -0.158   11.472 0.00000e+00
  124    18.08333   -97.39874 36.60408     831.232    1159.217  878.139  288.462   92.315   -0.086   11.454 0.00000e+00
  125    18.10000   -97.39690 36.60681     826.907    1155.256  878.645  288.579   90.862    0.075   11.353 0.00000e+00
  126    18.11667   -97.39510 36.60964     824.052    1151.808  878.995  288.661   89.767    0.065   11.271 0.00000e+00
  127    18.13333   -97.39329 36.61250     814.993    1142.342  879.952  288.759   89.033   -0.124   11.238 0.00000e+00
  128    18.15000   -97.39149 36.61544     793.855    1120.006  882.319  288.963   88.241   -0.338   11.254 0.00000e+00
  129    18.16667   -97.38971 36.61842     764.844    1088.711  885.641  289.264   86.873   -0.459   11.255 0.00000e+00
  130    18.18333   -97.38802 36.62144     735.139    1056.073  889.014  289.574   85.506   -0.567   11.257 0.00000e+00
  131    18.20000   -97.38637 36.62452     703.246    1021.619  892.597  289.920   83.819   -0.571   11.237 0.00000e+00
  132    18.21667   -97.38480 36.62759     679.604     995.765  895.251  290.152   82.880   -0.382   11.243 0.00000e+00
  133    18.23333   -97.38332 36.63053     671.490     986.354  896.221  290.210   83.148    0.115   11.309 0.00000e+00
  134    18.25000   -97.38197 36.63335     687.213    1001.339  894.663  290.048   83.613    0.468   11.276 0.00000e+00
  135    18.26667   -97.38069 36.63612     733.429    1046.836  889.873  289.594   85.974    1.069   11.322 0.00000e+00
  136    18.28333   -97.37917 36.63882     811.554    1124.469  881.881  288.814   91.174    1.561   11.524 0.00000e+00
  137    18.30000   -97.37715 36.64151     898.354    1209.728  873.168  287.997   96.101    1.361   11.636 0.00000e+00
  138    18.31667   -97.37468 36.64434     948.618    1256.432  868.366  287.532   99.125    0.433   11.709 5.01385e-03
  139    18.33333   -97.37196 36.64743     933.739    1238.054  870.210  287.857   96.442   -0.912   11.611 2.92523e-02
  140    18.35000   -97.36968 36.65076     856.228    1157.874  878.422  288.650   90.868   -1.825   11.409 0.00000e+00
  141    18.36667   -97.36823 36.65408     762.350    1062.499  888.314  289.655   85.031   -1.688   11.261 0.00000e+00
  142    18.38333   -97.36731 36.65741     680.040     979.838  896.907  290.463   81.388   -1.548   11.241 0.00000e+00
  143    18.40000   -97.36680 36.66074     599.456     899.349  905.411  291.254   78.336   -1.458   11.271 0.00000e+00
  144    18.41667   -97.36644 36.66389     533.878     833.811  912.376  291.866   76.417   -1.071   11.340 0.00000e+00
  145    18.43333   -97.36613 36.66683     484.006     783.590  917.692  292.297   75.437   -0.829   11.436 0.00000e+00
  146    18.45000   -97.36584 36.66965     432.909     732.151  923.148  292.757   74.239   -1.048   11.516 0.00000e+00
  147    18.46667   -97.36514 36.67225     370.229     669.403  929.851  293.310   73.349   -1.074   11.693 0.00000e+00
  148    18.48333   -97.36401 36.67414     351.983     651.665  931.780  293.486   72.880    0.274   11.722 0.00000e+00
  149    18.50000   -97.36282 36.67561     434.248     734.272  922.914  292.765   75.740    1.598   11.757 0.00000e+00
  150    18.51667   -97.36147 36.67695     530.384     830.622  912.646  291.803   80.616    1.639   11.913 0.00000e+00
  151    18.53333   -97.36028 36.67833     582.840     883.142  907.108  291.245   83.206    0.824   11.942 0.00000e+00
  152    18.55000   -97.35933 36.67993     598.099     898.383  905.509  291.058   84.232    0.100   11.968 0.00000e+00
  153    18.56667   -97.35850 36.68163     595.447     895.752  905.809  291.054   84.677   -0.227   12.024 0.00000e+00
  154    18.58333   -97.35773 36.68333     583.305     883.750  907.067  291.139   84.810   -0.350   12.091 0.00000e+00
  155    18.60000   -97.35707 36.68500     568.324     869.000  908.588  291.282   84.250   -0.392   12.100 0.00000e+00
  156    18.61667   -97.35655 36.68663     548.477     849.456  910.651  291.487   83.468   -0.488   12.116 0.00000e+00
  157    18.63333   -97.35612 36.68818     519.489     820.842  913.661  291.752   82.598   -0.555   12.153 0.00000e+00
  158    18.65000   -97.35593 36.68975     491.096     793.093  916.628  292.009   81.865   -0.353   12.202 0.00000e+00
  159    18.66667   -97.35606 36.69133     474.464     777.214  918.251  292.143   81.445    0.063   12.220 0.00000e+00
  160    18.68333   -97.35641 36.69296     462.116     765.602  919.509  292.230   81.261   -0.017   12.242 0.00000e+00
  161    18.70000   -97.35689 36.69475     442.967     747.185  921.487  292.411   80.546   -0.252   12.248 0.00000e+00
  162    18.71667   -97.35739 36.69668     414.524     719.488  924.405  292.695   79.175   -0.557   12.217 0.00000e+00
  163    18.73333   -97.35787 36.69866     374.332     680.386  928.587  293.107   77.284   -0.748   12.181 0.00000e+00
  164    18.75000   -97.35841 36.70055     327.367     634.395  933.561  293.582   75.217   -0.800   12.147 0.00000e+00
  165    18.76667   -97.35902 36.70224     285.336     593.094  938.014  294.009   73.522   -0.601   12.134 0.00000e+00
  166    18.78333   -97.35977 36.70380     255.423     563.668  941.189  294.306   72.377   -0.427   12.127 0.00000e+00
  167    18.80000   -97.36061 36.70531     234.406     542.915  943.455  294.523   71.602   -0.358   12.130 0.00000e+00
  168    18.81667   -97.36156 36.70684     220.056     528.605  945.033  294.687   71.118   -0.358   12.150 0.00000e+00
  169    18.83333   -97.36263 36.70841     206.445     514.930  946.504  294.848   70.646   -0.284   12.171 0.00000e+00
  170    18.85000   -97.36384 36.71006     194.324     502.494  947.838  294.975   70.273   -0.183   12.185 0.00000e+00
  171    18.86667   -97.36523 36.71174     192.005     499.492  948.201  295.007   70.245    0.033   12.199 0.00000e+00
  172    18.88333   -97.36679 36.71332     201.750     508.128  947.226  294.916   70.726    0.213   12.227 0.00000e+00
  173    18.90000   -97.36854 36.71477     223.632     528.536  944.988  294.725   71.576    0.405   12.258 0.00000e+00
  174    18.91667   -97.37025 36.71621     246.436     550.285  942.665  294.510   72.393    0.236   12.264 0.00000e+00
  175    18.93333   -97.37193 36.71766     264.282     567.584  940.841  294.391   72.735    0.035   12.256 0.00000e+00
  176    18.95000   -97.37359 36.71908     277.652     580.379  939.422  294.276   73.141    0.083   12.255 0.00000e+00
  177    18.96667   -97.37519 36.72055     310.578     612.658  935.902  293.960   74.207    0.405   12.238 0.00000e+00
  178    18.98333   -97.37653 36.72239     365.382     666.997  930.079  293.432   76.210    0.453   12.239 0.00000e+00
