    0    16.01667   -97.52418 36.21588      36.341     371.444  962.480  293.617   82.949    0.086   13.018 0.00000e+00
    1    16.03333   -97.52522 36.21879      37.657     371.422  962.521  293.681   82.806   -0.099   13.046 0.00000e+00
    2    16.05000   -97.52650 36.22140      31.113     364.000  963.262  293.706   82.643   -0.065   13.031 0.00000e+00
    3    16.06667   -97.52778 36.22379      29.459     362.875  963.413  293.756   82.510    0.019   13.048 0.00000e+00
    4    16.08333   -97.52889 36.22610      30.214     364.710  963.266  293.819   82.381   -0.002   13.081 0.00000e+00
    5    16.10000   -97.52986 36.22843      30.826     366.600  963.112  293.859   82.264   -0.039   13.097 0.00000e+00
    6    16.11667   -97.53084 36.23082      31.034     367.968  963.005  293.874   82.143   -0.019   13.092 0.00000e+00
    7    16.13333   -97.53181 36.23328      30.086     368.134  962.942  293.902   81.876   -0.042   13.073 0.00000e+00
    8    16.15000   -97.53273 36.23573      27.871     367.158  963.065  293.935   81.542   -0.065   13.045 0.00000e+00
    9    16.16667   -97.53363 36.23821      24.632     365.375  963.235  293.950   81.382   -0.072   13.029 0.00000e+00
   10    16.18333   -97.53451 36.24071      19.910     363.498  963.436  294.000   81.187   -0.067   13.036 0.00000e+00
   11    16.20000   -97.53552 36.24314      13.393     360.404  963.794  294.021   81.032   -0.145   13.023 0.00000e+00
   12    16.21667   -97.53693 36.24542       9.697     359.919  963.687  293.974   81.173   -0.065   13.009 0.00000e+00
   13    16.23333   -97.53863 36.24760      10.058     361.047  963.525  293.960   81.378    0.048   13.032 0.00000e+00
   14    16.25000   -97.53954 36.24955      20.082     370.686  962.526  293.946   81.775    0.253   13.098 0.00000e+00
   15    16.26667   -97.53960 36.25159      35.658     386.334  960.767  293.808   82.424    0.297   13.114 0.00000e+00
   16    16.28333   -97.53931 36.25384      48.782     399.812  959.254  293.643   82.668    0.184   13.038 0.00000e+00
   17    16.30000   -97.53888 36.25631      61.338     413.105  957.782  293.503   82.848    0.186   12.974 0.00000e+00
   18    16.31667   -97.53831 36.25896      76.826     429.626  955.954  293.342   83.269    0.272   12.934 0.00000e+00
   19    16.33333   -97.53748 36.26181      96.162     450.105  953.751  293.149   83.947    0.322   12.913 0.00000e+00
   20    16.35000   -97.53642 36.26485     117.255     472.513  951.265  292.932   84.845    0.367   12.909 0.00000e+00
   21    16.36667   -97.53505 36.26805     138.778     495.605  948.705  292.693   85.786    0.394   12.893 0.00000e+00
   22    16.38333   -97.53351 36.27137     147.232     505.792  947.593  292.570   86.193    0.108   12.870 0.00000e+00
   23    16.40000   -97.53207 36.27468     139.007     498.014  948.480  292.643   85.836   -0.134   12.863 0.00000e+00
   24    16.41667   -97.53091 36.27794     119.885     478.896  950.567  292.817   85.105   -0.238   12.865 0.00000e+00
   25    16.43333   -97.53011 36.28120     102.134     460.768  952.573  292.994   84.338   -0.069   12.863 0.00000e+00
   26    16.45000   -97.52962 36.28443      98.647     456.618  953.053  293.069   84.043    0.198   12.873 0.00000e+00
   27    16.46667   -97.52929 36.28758     107.848     465.159  952.119  293.028   84.258    0.342   12.885 0.00000e+00
   28    16.48333   -97.52904 36.29057     122.514     478.725  950.682  292.912   84.745    0.279   12.885 0.00000e+00
   29    16.50000   -97.52878 36.29346     129.776     484.763  950.009  292.845   85.014    0.022   12.882 0.00000e+00
   30    16.51667   -97.52859 36.29640     121.156     474.858  951.058  292.937   84.630   -0.140   12.883 0.00000e+00
   31    16.53333   -97.52857 36.29946     104.440     457.392  952.946  293.103   83.908   -0.157   12.881 0.00000e+00
   32    16.55000   -97.52859 36.30251      85.546     437.801  955.120  293.285   83.205   -0.328   12.890 0.00000e+00
   33    16.56667   -97.52850 36.30530      63.476     414.853  957.756  293.520   82.137   -0.359   12.876 0.00000e+00
   34    16.58333   -97.52826 36.30788      45.417     394.378  960.055  293.755   81.126   -0.239   12.874 0.00000e+00
   35    16.60000   -97.52793 36.31039      33.633     380.045  961.607  293.990   80.239   -0.127   12.900 0.00000e+00
   36    16.61667   -97.52764 36.31282      27.131     371.171  962.540  294.241   79.308   -0.086   12.938 0.00000e+00
   37    16.63333   -97.52746 36.31509      22.651     365.470  963.180  294.475   78.600   -0.087   13.001 0.00000e+00
   38    16.65000   -97.52745 36.31716      19.408     361.327  963.631  294.676   77.997   -0.082   13.057 0.00000e+00
   39    16.66667   -97.52768 36.31898      16.044     357.140  964.172  294.843   77.552   -0.060   13.110 0.00000e+00
   40    16.68333   -97.52817 36.32069      14.563     355.157  964.375  295.003   77.269    0.035   13.188 0.00000e+00
   41    16.70000   -97.52859 36.32234      19.323     360.155  963.705  295.088   77.290    0.235   13.271 0.00000e+00
   42    16.71667   -97.52861 36.32391      42.594     384.383  961.087  294.734   78.570    0.645   13.236 0.00000e+00
   43    16.73333   -97.52811 36.32572      87.684     430.221  956.002  294.154   80.636    0.813   13.174 0.00000e+00
   44    16.75000   -97.52727 36.32752     137.530     480.548  950.497  293.560   82.610    0.237   13.083 0.00000e+00
   45    16.76667   -97.52623 36.32936     164.896     508.106  947.509  293.141   83.810    0.166   12.971 0.00000e+00
   46    16.78333   -97.52518 36.33135     184.937     528.014  945.330  292.902   84.695    0.343   12.943 0.00000e+00
   47    16.80000   -97.52428 36.33351     206.008     549.367  942.984  292.704   85.572    0.529   12.949 0.00000e+00
   48    16.81667   -97.52351 36.33588     227.954     572.204  940.377  292.450   86.645    0.496   12.939 0.00000e+00
   49    16.83333   -97.52289 36.33843     247.703     593.233  938.095  292.254   87.555    0.387   12.946 0.00000e+00
   50    16.85000   -97.52238 36.34110     261.396     607.382  936.612  292.102   88.190    0.291   12.937 0.00000e+00
   51    16.86667   -97.52194 36.34381     277.390     623.428  934.934  291.956   88.807    0.410   12.931 0.00000e+00
   52    16.88333   -97.52151 36.34657     293.501     639.085  933.322  291.785   89.482    0.102   12.912 0.00000e+00
   53    16.90000   -97.52101 36.34940     292.554     635.320  933.779  291.814   89.263   -0.403   12.898 0.00000e+00
   54    16.91667   -97.52046 36.35222     264.241     603.856  937.182  292.112   87.602   -0.918   12.851 0.00000e+00
   55    16.93333   -97.51987 36.35485     217.373     553.984  942.578  292.584   85.170   -0.983   12.797 0.00000e+00
   56    16.95000   -97.51920 36.35730     168.556     502.854  948.145  293.064   82.980   -0.902   12.772 0.00000e+00
   57    16.96667   -97.51846 36.35961     127.701     460.027  952.828  293.493   81.211   -0.665   12.776 0.00000e+00
   58    16.98333   -97.51768 36.36188      95.120     425.513  956.657  293.822   79.850   -0.599   12.770 0.00000e+00
   59    17.00000   -97.51694 36.36419      66.465     395.028  960.018  294.111   78.590   -0.595   12.752 0.00000e+00
   60    17.01667   -97.51635 36.36649      44.031     371.115  962.618  294.399   77.622   -0.450   12.787 0.00000e+00
   61    17.03333   -97.51599 36.36874      30.433     356.175  964.260  294.750   76.771   -0.134   12.902 0.00000e+00
   62    17.05000   -97.51581 36.37078      38.088     362.644  963.486  294.937   76.568    0.365   13.028 0.00000e+00
   63    17.06667   -97.51526 36.37258      67.934     392.818  960.025  294.576   77.862    0.513   13.002 0.00000e+00
   64    17.08333   -97.51444 36.37448     104.054     430.878  955.866  294.192   79.310    0.702   12.990 0.00000e+00
   65    17.10000   -97.51344 36.37637     139.351     468.177  951.697  293.816   80.784    0.575   12.982 0.00000e+00
   66    17.11667   -97.51244 36.37834     157.215     488.245  949.512  293.608   81.559    0.287   12.968 0.00000e+00
   67    17.13333   -97.51175 36.38039     165.237     498.319  948.468  293.512   81.794    0.171   12.943 0.00000e+00
   68    17.15000   -97.51141 36.38247     170.784     504.655  947.808  293.447   82.057    0.205   12.941 0.00000e+00
   69    17.16667   -97.51127 36.38446     183.778     518.354  946.320  293.318   82.597    0.321   12.942 0.00000e+00
   70    17.18333   -97.51115 36.38633     209.379     544.607  943.464  293.078   83.581    0.512   12.940 0.00000e+00
   71    17.20000   -97.51098 36.38813     246.888     582.765  939.250  292.715   85.054    0.750   12.930 0.00000e+00
   72    17.21667   -97.51083 36.38990     295.810     632.766  933.849  292.240   87.030    0.950   12.917 0.00000e+00
   73    17.23333   -97.51067 36.39167     355.755     693.912  927.237  291.651   89.615    1.109   12.907 0.00000e+00
   74    17.25000   -97.51055 36.39343     425.892     765.236  919.549  290.965   92.846    1.321   12.912 0.00000e+00
   75    17.26667   -97.51044 36.39524     505.630     846.201  910.880  290.186   96.671    1.711   12.916 0.00000e+00
   76    17.28333   -97.51021 36.39722     591.988     933.801  901.612  289.421  100.000    2.244   12.868 3.59969e-02
   77    17.30000   -97.50922 36.39949     690.423    1033.182  891.198  288.977  100.000    2.415   12.654 2.29091e-01
   78    17.31667   -97.50733 36.40202     805.684    1149.272  879.082  288.316  100.000    2.012   12.289 3.28557e-01
   79    17.33333   -97.50470 36.40476     923.343    1267.688  866.968  287.600  100.000    1.950   11.886 3.97029e-01
   80    17.35000   -97.50157 36.40751    1042.403    1384.254  855.165  286.951  100.000    2.362   11.570 5.44785e-01
   81    17.36667   -97.49826 36.41021    1176.334    1514.959  842.000  286.355  100.000    3.288   11.301 7.71962e-01
   82    17.38333   -97.49510 36.41338    1305.737    1640.905  829.517  285.625  100.000    3.766   10.933 8.77298e-01
   83    17.40000   -97.49200 36.41687    1425.699    1756.312  818.191  284.894  100.000    2.631   10.563 9.06432e-01
   84    17.41667   -97.48940 36.42048    1488.404    1814.820  812.491  284.612  100.000    1.341   10.441 1.01014e+00
   85    17.43333   -97.48714 36.42419    1480.531    1803.244  813.589  284.709  100.000    0.484   10.495 9.08769e-01
   86    17.45000   -97.48471 36.42813    1446.276    1765.742  817.166  284.468  100.000   -0.615   10.283 4.58249e-01
   87    17.46667   -97.48163 36.43209    1378.332    1696.872  823.892  284.579  100.000   -1.528   10.259 1.27929e-01
   88    17.48333   -97.47832 36.43608    1309.014    1625.491  830.969  284.942   99.690   -1.348   10.381 9.36458e-03
   89    17.50000   -97.47491 36.44001    1264.577    1579.746  835.483  285.381   97.498   -0.738   10.396 0.00000e+00
   90    17.51667   -97.47142 36.44379    1246.153    1559.503  837.566  285.669   95.269   -0.326   10.328 0.00000e+00
   91    17.53333   -97.46786 36.44740    1233.085    1544.414  838.987  285.856   93.938   -0.273   10.293 0.00000e+00
   92    17.55000   -97.46428 36.45078    1208.548    1520.149  841.426  286.104   92.438   -0.286   10.265 0.00000e+00
   93    17.56667   -97.46075 36.45397    1174.936    1487.082  844.784  286.323   91.898   -0.233   10.312 0.00000e+00
   94    17.58333   -97.45733 36.45702    1145.283    1456.330  847.877  286.531   91.505    0.018   10.371 0.00000e+00
   95    17.60000   -97.45404 36.45998    1135.627    1445.570  848.950  286.576   91.691    0.417   10.409 0.00000e+00
   96    17.61667   -97.45084 36.46288    1155.917    1466.015  846.870  286.346   93.008    0.812   10.427 0.00000e+00
   97    17.63333   -97.44754 36.46568    1203.568    1514.093  842.080  285.872   95.448    1.075   10.430 0.00000e+00
   98    17.65000   -97.44405 36.46836    1265.352    1574.758  836.033  285.295   98.355    1.006   10.421 0.00000e+00
   99    17.66667   -97.44039 36.47086    1319.550    1627.926  830.755  284.837  100.000    0.486   10.363 1.80646e-02
  100    17.68333   -97.43657 36.47316    1354.386    1662.109  827.455  284.732  100.000    0.019   10.333 1.18167e-01
  101    17.70000   -97.43273 36.47543    1368.412    1674.296  826.198  284.698  100.000   -0.709   10.325 1.25978e-01
  102    17.71667   -97.42894 36.47787    1355.607    1661.780  827.413  284.878  100.000   -1.102   10.421 1.99821e-01
  103    17.73333   -97.42523 36.48055    1318.082    1621.921  831.567  285.039   99.556   -1.312   10.427 9.85687e-02
  104    17.75000   -97.42181 36.48353    1265.546    1563.974  837.297  285.367   97.864   -1.410   10.403 0.00000e+00
  105    17.76667   -97.41866 36.48671    1210.363    1505.321  843.078  285.920   94.643   -1.235   10.362 4.76817e-05
  106    17.78333   -97.41559 36.48996    1167.369    1461.645  847.388  286.378   92.462   -0.967   10.380 0.00000e+00
  107    17.80000   -97.41245 36.49326    1145.669    1440.766  849.461  286.723   89.377   -0.520   10.238 0.00000e+00
  108    17.81667   -97.40916 36.49665    1148.949    1444.538  849.070  286.760   88.549   -0.140   10.173 0.00000e+00
  109    17.83333   -97.40575 36.50018    1159.879    1456.349  847.940  286.701   88.350    0.003   10.125 0.00000e+00
  110    17.85000   -97.40239 36.50375    1165.352    1461.018  847.477  286.674   88.125   -0.011   10.087 0.00000e+00
  111    17.86667   -97.39917 36.50726    1163.134    1459.354  847.659  286.639   88.685   -0.016   10.125 0.00000e+00
  112    17.88333   -97.39610 36.51061    1163.026    1459.596  847.640  286.596   89.500    0.124   10.190 0.00000e+00
  113    17.90000   -97.39319 36.51386    1169.321    1468.139  846.597  286.479   90.327    0.190   10.218 0.00000e+00
  114    17.91667   -97.39042 36.51704    1181.770    1485.078  844.950  286.325   91.046    0.301   10.215 0.00000e+00
  115    17.93333   -97.38770 36.52020    1200.259    1506.957  842.820  286.119   92.053    0.391   10.215 0.00000e+00
  116    17.95000   -97.38497 36.52332    1220.887    1530.146  840.491  285.880   93.405    0.393   10.232 0.00000e+00
  117    17.96667   -97.38219 36.52648    1237.534    1549.104  838.614  285.682   94.603    0.253   10.252 0.00000e+00
  118    17.98333   -97.37933 36.52968    1245.300    1558.972  837.667  285.582   95.233    0.020   10.264 0.00000e+00
  119    18.00000   -97.37639 36.53290    1245.075    1559.439  837.682  285.589   95.164   -0.133   10.260 0.00000e+00
  120    18.01667   -97.37341 36.53609    1242.588    1555.719  838.085  285.646   94.663   -0.136   10.240 0.00000e+00
  121    18.03333   -97.37045 36.53932    1243.044    1553.923  838.290  285.670   94.485    0.018   10.235 0.00000e+00
  122    18.05000   -97.36753 36.54261    1251.909    1561.031  837.542  285.606   94.676    0.283   10.221 0.00000e+00
  123    18.06667   -97.36473 36.54609    1269.938    1578.381  835.781  285.438   95.427    0.481   10.210 0.00000e+00
  124    18.08333   -97.36208 36.54987    1285.788    1595.371  834.059  285.233   97.855    0.186   10.350 1.17995e-02
  125    18.10000   -97.35925 36.55388    1293.439    1605.134  833.054  285.217   98.872   -0.455   10.459 7.04496e-02
  126    18.11667   -97.35602 36.55774    1284.516    1598.763  833.679  285.177   98.533   -0.999   10.388 1.15978e-02
  127    18.13333   -97.35229 36.56105    1275.252    1591.004  834.457  285.220   98.217   -0.693   10.375 3.86532e-03
  128    18.15000   -97.34837 36.56377    1274.024    1589.392  834.689  285.303   97.769    0.134   10.381 5.60737e-04
  129    18.16667   -97.34484 36.56625    1277.066    1591.264  834.501  285.456   95.254    0.273   10.219 0.00000e+00
  130    18.18333   -97.34187 36.56866    1287.724    1601.154  833.568  285.429   94.643    0.821   10.147 0.00000e+00
  131    18.20000   -97.33919 36.57120    1326.415    1637.948  829.984  285.005   96.924    1.056   10.147 0.00000e+00
  132    18.21667   -97.33640 36.57394    1369.781    1679.186  825.880  284.580  100.000    0.775   10.234 1.49452e-02
  133    18.23333   -97.33382 36.57676    1413.950    1722.808  821.577  284.486  100.000    0.936   10.238 1.33807e-01
  134    18.25000   -97.33156 36.57963    1470.360    1778.347  816.154  284.407  100.000    1.240   10.252 3.28387e-01
  135    18.26667   -97.32946 36.58251    1527.801    1835.011  810.647  284.304  100.000    1.462   10.253 5.13956e-01
  136    18.28333   -97.32738 36.58554    1586.173    1892.561  805.059  284.013  100.000    1.436   10.125 6.01927e-01
  137    18.30000   -97.32520 36.58883    1631.539    1936.980  800.844  283.753  100.000    1.474   10.003 6.59677e-01
  138    18.31667   -97.32298 36.59240    1659.610    1963.073  798.366  283.530  100.000    1.001    9.886 6.94764e-01
  139    18.33333   -97.32070 36.59618    1666.210    1967.567  797.898  283.404  100.000    0.313    9.809 6.44425e-01
  140    18.35000   -97.31834 36.60009    1655.538    1956.464  798.876  283.487  100.000    0.067    9.852 5.78882e-01
  141    18.36667   -97.31582 36.60424    1637.215    1938.708  800.562  283.742  100.000    0.238    9.992 4.68516e-01
  142    18.38333   -97.31303 36.60860    1624.958    1926.425  801.795  283.783   96.966   -0.066    9.688 1.91539e-01
  143    18.40000   -97.31004 36.61315    1625.627    1925.178  802.015  283.925   90.544   -0.386    9.131 5.84726e-02
  144    18.41667   -97.30695 36.61779    1640.078    1936.166  800.949  284.222   79.725   -0.188    8.212 0.00000e+00
  145    18.43333   -97.30386 36.62239    1666.925    1961.109  798.496  284.132   77.173    0.348    7.926 0.00000e+00
  146    18.45000   -97.30078 36.62683    1701.864    1996.479  795.100  283.816   78.237    0.739    7.901 0.00000e+00
  147    18.46667   -97.29764 36.63115    1739.025    2034.158  791.520  283.302   82.140    0.787    8.050 0.00000e+00
  148    18.48333   -97.29445 36.63554    1769.834    2065.432  788.549  282.803   87.201    0.550    8.294 0.00000e+00
  149    18.50000   -97.29120 36.64010    1786.618    2081.757  787.031  282.502   91.171    0.024    8.514 0.00000e+00
  150    18.51667   -97.28777 36.64480    1778.505    2073.359  787.812  282.746   87.808   -0.575    8.328 0.00000e+00
  151    18.53333   -97.28424 36.64954    1752.548    2048.916  790.101  283.278   80.643   -0.654    7.904 0.00000e+00
  152    18.55000   -97.28062 36.65415    1725.190    2024.920  792.377  283.550   78.424   -0.432    7.806 0.00000e+00
  153    18.56667   -97.27698 36.65855    1703.033    2005.065  794.306  283.641   79.174   -0.236    7.910 0.00000e+00
  154    18.58333   -97.27333 36.66277    1691.919    1995.371  795.264  283.535   83.747    0.150    8.297 0.00000e+00
  155    18.60000   -97.26961 36.66689    1705.355    2009.616  793.914  283.201   88.307    0.621    8.570 0.00000e+00
  156    18.61667   -97.26575 36.67115    1733.719    2037.187  791.266  282.887   89.069    0.452    8.491 0.00000e+00
  157    18.63333   -97.26188 36.67561    1745.789    2048.012  790.294  282.790   89.692   -0.114    8.505 0.00000e+00
  158    18.65000   -97.25796 36.68011    1738.292    2037.942  791.241  282.980   88.115   -0.354    8.453 0.00000e+00
  159    18.66667   -97.25400 36.68452    1723.958    2021.280  792.847  283.282   84.817   -0.337    8.287 0.00000e+00
  160    18.68333   -97.25012 36.68888    1714.779    2011.287  793.732  283.521   82.033   -0.135    8.136 0.00000e+00
  161    18.70000   -97.24646 36.69329    1721.130    2018.337  793.108  283.514   81.486    0.263    8.084 0.00000e+00
  162    18.71667   -97.24315 36.69776    1744.066    2041.744  790.902  283.190   84.672    0.548    8.242 0.00000e+00
  163    18.73333   -97.24009 36.70226    1772.447    2069.719  788.258  282.845   87.647    0.605    8.364 0.00000e+00
  164    18.75000   -97.23714 36.70676    1793.238    2090.610  786.268  282.481   91.971    0.468    8.585 0.00000e+00
  165    18.76667   -97.23417 36.71125    1803.822    2101.559  785.250  282.286   94.384    0.114    8.706 0.00000e+00
  166    18.78333   -97.23112 36.71574    1801.196    2099.412  785.442  282.361   93.094   -0.219    8.628 0.00000e+00
  167    18.80000   -97.22799 36.72028    1791.944    2090.007  786.344  282.590   89.946   -0.274    8.457 0.00000e+00
  168    18.81667   -97.22480 36.72484    1786.673    2085.050  786.830  282.743   87.451   -0.142    8.303 0.00000e+00
  169    18.83333   -97.22159 36.72933    1787.391    2086.298  786.732  282.771   86.486   -0.017    8.227 0.00000e+00
  170    18.85000   -97.21843 36.73378    1784.444    2083.745  786.955  282.729   87.445   -0.061    8.293 0.00000e+00
  171    18.86667   -97.21535 36.73832    1771.081    2070.660  788.174  282.789   88.023   -0.210    8.369 0.00000e+00
  172    18.88333   -97.21239 36.74303    1756.536    2057.033  789.463  282.870   88.300   -0.074    8.427 0.00000e+00
  173    18.90000   -97.20952 36.74780    1752.299    2053.641  789.810  282.901   88.166   -0.119    8.428 0.00000e+00
  174    18.91667   -97.20660 36.75254    1730.228    2032.492  791.810  283.203   84.933   -0.831    8.265 0.00000e+00
  175    18.93333   -97.20364 36.75729    1676.712    1981.222  796.637  283.681   82.082   -1.114    8.198 0.00000e+00
  176    18.95000   -97.20050 36.76204    1637.920    1946.365  799.989  284.112   78.632   -0.285    8.049 0.00000e+00
  177    18.96667   -97.19728 36.76671    1646.850    1956.933  799.018  283.957   80.236    0.664    8.139 0.00000e+00
  178    18.98333   -97.19408 36.77133    1696.314    2007.102  794.290  283.387   84.007    1.139    8.251 0.00000e+00
