    0    16.01667   -97.48498 36.27558      32.394     396.755  960.003  292.790   86.878   -0.053   12.981 0.00000e+00
    1    16.03333   -97.48639 36.27719      29.985     396.019  960.006  292.829   86.765    0.016   12.996 0.00000e+00
    2    16.05000   -97.48782 36.27868      34.877     400.590  959.344  292.847   86.775    0.216   13.021 0.00000e+00
    3    16.06667   -97.48904 36.28026      56.252     420.447  957.132  292.704   87.413    0.607   13.030 0.00000e+00
    4    16.08333   -97.49001 36.28204      93.793     455.825  953.248  292.276   89.147    0.604   12.989 0.00000e+00
    5    16.10000   -97.49083 36.28389     127.342     487.195  949.765  291.932   90.616    0.271   12.967 0.00000e+00
    6    16.11667   -97.49142 36.28583     136.036     493.807  949.031  291.865   90.820   -0.005   12.952 0.00000e+00
    7    16.13333   -97.49193 36.28793     137.607     493.177  949.128  291.866   90.545    0.007   12.912 0.00000e+00
    8    16.15000   -97.49239 36.29020     141.535     494.074  949.043  291.869   90.396    0.116   12.894 0.00000e+00
    9    16.16667   -97.49274 36.29258     147.347     496.713  948.804  291.846   90.435    0.203   12.885 0.00000e+00
   10    16.18333   -97.49300 36.29499     154.503     500.797  948.383  291.823   90.446    0.166   12.874 0.00000e+00
   11    16.20000   -97.49319 36.29739     161.604     505.664  947.723  291.779   90.636    0.132   12.874 0.00000e+00
   12    16.21667   -97.49335 36.29983     171.004     514.550  946.717  291.715   90.921    0.172   12.876 0.00000e+00
   13    16.23333   -97.49348 36.30232     186.593     529.664  945.045  291.589   91.469    0.334   12.874 0.00000e+00
   14    16.25000   -97.49344 36.30493     212.318     554.969  942.347  291.371   92.382    0.453   12.861 0.00000e+00
   15    16.26667   -97.49311 36.30768     245.290     586.755  938.878  291.081   93.584    0.609   12.839 0.00000e+00
   16    16.28333   -97.49246 36.31061     279.886     619.999  935.228  290.760   95.125    0.603   12.837 0.00000e+00
   17    16.30000   -97.49152 36.31371     304.582     643.018  932.745  290.568   95.837    0.323   12.810 0.00000e+00
   18    16.31667   -97.49037 36.31683     311.976     648.350  932.124  290.531   95.933   -0.034   12.801 0.00000e+00
   19    16.33333   -97.48917 36.31994     298.712     633.773  933.681  290.675   95.218   -0.396   12.801 0.00000e+00
   20    16.35000   -97.48819 36.32299     265.865     599.410  937.532  291.023   93.512   -0.588   12.800 0.00000e+00
   21    16.36667   -97.48755 36.32598     226.859     557.051  942.252  291.459   91.358   -0.738   12.791 0.00000e+00
   22    16.38333   -97.48733 36.32885     190.501     516.896  946.633  291.864   89.420   -0.659   12.784 0.00000e+00
   23    16.40000   -97.48738 36.33161     155.087     480.827  950.495  292.224   87.693   -0.641   12.773 0.00000e+00
   24    16.41667   -97.48769 36.33424     118.315     445.860  954.417  292.581   86.030   -0.694   12.762 0.00000e+00
   25    16.43333   -97.48842 36.33677      88.862     418.436  957.440  292.855   84.797   -0.337   12.756 0.00000e+00
   26    16.45000   -97.48943 36.33918      72.272     404.344  958.958  293.009   84.140   -0.122   12.760 0.00000e+00
   27    16.46667   -97.49062 36.34156      66.709     401.846  959.200  293.095   83.875    0.032   12.785 0.00000e+00
   28    16.48333   -97.49185 36.34394      75.834     413.731  957.905  293.094   84.121    0.307   12.839 0.00000e+00
   29    16.50000   -97.49288 36.34631      99.362     439.483  955.098  292.962   84.974    0.520   12.901 0.00000e+00
   30    16.51667   -97.49353 36.34861     131.772     470.897  951.675  292.734   86.199    0.707   12.948 0.00000e+00
   31    16.53333   -97.49380 36.35090     155.031     492.156  949.277  292.489   87.132    0.502   12.921 0.00000e+00
   32    16.55000   -97.49376 36.35322     169.602     504.708  947.847  292.413   87.523    0.199   12.936 0.00000e+00
   33    16.56667   -97.49356 36.35548     172.313     505.745  947.730  292.399   87.460   -0.292   12.917 0.00000e+00
   34    16.58333   -97.49346 36.35775     157.767     490.113  949.486  292.528   86.765   -0.391   12.895 0.00000e+00
   35    16.60000   -97.49355 36.36018     141.064     472.216  951.518  292.690   85.990   -0.347   12.883 0.00000e+00
   36    16.61667   -97.49376 36.36279     129.950     459.886  952.890  292.804   85.455   -0.195   12.876 0.00000e+00
   37    16.63333   -97.49405 36.36557     126.222     454.427  953.516  292.851   85.223    0.034   12.870 0.00000e+00
   38    16.65000   -97.49440 36.36841     127.083     453.339  953.646  292.859   85.166    0.008   12.866 0.00000e+00
   39    16.66667   -97.49485 36.37128     122.033     446.367  954.323  292.940   84.855   -0.075   12.875 0.00000e+00
   40    16.68333   -97.49562 36.37415     121.608     446.918  954.180  292.949   84.845    0.154   12.883 0.00000e+00
   41    16.70000   -97.49652 36.37693     136.119     463.185  952.413  292.848   85.393    0.449   12.908 0.00000e+00
   42    16.71667   -97.49732 36.37957     154.896     483.882  950.141  292.645   86.233    0.269   12.902 0.00000e+00
   43    16.73333   -97.49788 36.38203     168.118     499.034  948.439  292.512   86.651    0.253   12.880 0.00000e+00
   44    16.75000   -97.49830 36.38444     179.438     512.028  946.962  292.424   86.729    0.443   12.840 0.00000e+00
   45    16.76667   -97.49854 36.38701     198.668     532.893  944.634  292.230   87.394    0.590   12.813 0.00000e+00
   46    16.78333   -97.49850 36.38968     217.765     553.394  942.435  292.081   87.738    0.190   12.774 0.00000e+00
   47    16.80000   -97.49841 36.39250     212.305     549.117  942.912  292.185   87.012   -0.237   12.744 0.00000e+00
   48    16.81667   -97.49839 36.39546     196.835     534.872  944.488  292.343   86.265   -0.147   12.740 0.00000e+00
   49    16.83333   -97.49844 36.39843     195.486     534.711  944.526  292.353   86.255    0.214   12.746 0.00000e+00
   50    16.85000   -97.49833 36.40139     212.929     553.295  942.488  292.219   86.811    0.480   12.749 0.00000e+00
   51    16.86667   -97.49796 36.40432     241.682     583.023  939.298  291.979   87.859    0.633   12.752 0.00000e+00
   52    16.88333   -97.49735 36.40716     275.630     615.659  935.830  291.682   89.235    0.688   12.758 0.00000e+00
   53    16.90000   -97.49656 36.40987     297.153     635.181  933.680  291.500   89.979    0.246   12.747 0.00000e+00
   54    16.91667   -97.49579 36.41248     303.217     639.305  933.294  291.465   90.128   -0.024   12.745 0.00000e+00
   55    16.93333   -97.49500 36.41509     301.392     635.129  933.715  291.518   89.969   -0.076   12.760 0.00000e+00
   56    16.95000   -97.49419 36.41775     297.835     628.904  934.433  291.540   89.820   -0.308   12.747 0.00000e+00
   57    16.96667   -97.49336 36.42064     286.457     614.698  935.913  291.696   89.167   -0.445   12.759 0.00000e+00
   58    16.98333   -97.49278 36.42373     260.316     586.722  938.986  291.995   87.855   -0.393   12.768 0.00000e+00
   59    17.00000   -97.49261 36.42691     225.430     550.613  942.957  292.358   86.267   -0.533   12.774 0.00000e+00
   60    17.01667   -97.49275 36.43009     176.934     501.175  948.354  292.866   83.836   -1.108   12.742 0.00000e+00
   61    17.03333   -97.49323 36.43334     125.388     449.378  953.975  293.349   81.683   -0.881   12.720 0.00000e+00
   62    17.05000   -97.49397 36.43665      96.783     420.269  957.154  293.718   80.462   -0.216   12.778 0.00000e+00
   63    17.06667   -97.49464 36.43984     113.105     436.362  955.396  293.672   80.890    0.819   12.834 0.00000e+00
   64    17.08333   -97.49501 36.44284     163.094     486.817  949.842  293.251   82.684    1.286   12.853 0.00000e+00
   65    17.10000   -97.49522 36.44578     230.341     554.505  942.464  292.616   85.347    1.278   12.851 0.00000e+00
   66    17.11667   -97.49533 36.44865     288.771     612.614  936.157  292.060   87.770    0.793   12.848 0.00000e+00
   67    17.13333   -97.49543 36.45136     322.102     645.303  932.626  291.753   89.106    0.340   12.842 0.00000e+00
   68    17.15000   -97.49542 36.45383     335.517     658.112  931.240  291.632   89.617    0.125   12.836 0.00000e+00
   69    17.16667   -97.49531 36.45613     335.037     656.384  931.485  291.659   88.980   -0.244   12.763 0.00000e+00
   70    17.18333   -97.49511 36.45830     329.272     648.745  932.346  291.741   88.617   -0.502   12.765 0.00000e+00
   71    17.20000   -97.49490 36.46047     343.991     661.576  930.950  291.695   88.727   -0.062   12.764 0.00000e+00
   72    17.21667   -97.49449 36.46272     378.967     694.441  927.345  291.427   89.458    0.227   12.702 0.00000e+00
   73    17.23333   -97.49339 36.46488     403.757     718.118  924.722  291.246   90.315   -0.332   12.714 0.00000e+00
   74    17.25000   -97.49139 36.46704     379.029     692.347  927.485  291.539   88.821   -1.159   12.699 0.00000e+00
   75    17.26667   -97.48985 36.46941     308.663     621.096  935.190  292.239   85.863   -1.408   12.725 0.00000e+00
   76    17.28333   -97.48930 36.47176     256.343     568.441  940.957  292.766   83.478   -0.729   12.709 0.00000e+00
   77    17.30000   -97.48945 36.47414     255.087     566.983  941.156  292.985   83.118    0.512   12.826 0.00000e+00
   78    17.31667   -97.48952 36.47649     311.467     623.067  935.025  292.499   85.369    1.427   12.862 0.00000e+00
   79    17.33333   -97.48907 36.47900     405.858     716.670  924.937  291.573   89.502    1.885   12.860 0.00000e+00
   80    17.35000   -97.48797 36.48168     520.109     829.800  912.795  290.492   94.188    2.494   12.805 0.00000e+00
   81    17.36667   -97.48642 36.48450     651.917     960.570  898.863  289.277   99.128    2.447   12.663 2.00677e-02
   82    17.38333   -97.48438 36.48735     783.254    1090.773  885.229  288.484  100.000    2.131   12.344 1.85726e-01
   83    17.40000   -97.48205 36.49037     888.920    1194.985  874.424  287.908  100.000    1.514   12.040 3.01359e-01
   84    17.41667   -97.47969 36.49353     957.696    1263.150  867.374  287.421  100.000    0.914   11.759 3.06354e-01
   85    17.43333   -97.47748 36.49678     994.822    1300.494  863.622  287.139  100.000    0.635   11.597 2.81938e-01
   86    17.45000   -97.47557 36.50006    1018.857    1322.901  861.323  287.013  100.000    0.993   11.532 2.48666e-01
   87    17.46667   -97.47394 36.50336    1053.974    1356.509  857.895  286.803  100.000    1.523   11.421 2.32218e-01
   88    17.48333   -97.47249 36.50668    1112.235    1413.259  852.138  286.399  100.000    1.527   11.198 2.20220e-01
   89    17.50000   -97.47124 36.50999    1175.351    1474.826  845.929  285.994  100.000    1.215   10.985 2.47576e-01
   90    17.51667   -97.47013 36.51330    1230.414    1528.697  840.391  285.626  100.000    1.095   10.792 2.99594e-01
   91    17.53333   -97.46899 36.51661    1287.037    1589.146  834.400  285.405  100.000    1.186   10.713 4.92128e-01
   92    17.55000   -97.46777 36.51992    1347.451    1653.699  828.052  285.121  100.000    1.205   10.595 6.02230e-01
   93    17.56667   -97.46649 36.52324    1398.995    1708.118  822.752  284.770  100.000    0.901   10.419 5.95456e-01
   94    17.58333   -97.46518 36.52654    1423.143    1734.001  820.205  284.518  100.000    0.289   10.278 5.11455e-01
   95    17.60000   -97.46385 36.52975    1418.763    1731.328  820.470  284.411  100.000   -0.345   10.202 3.77687e-01
   96    17.61667   -97.46233 36.53289    1388.681    1703.275  823.215  284.438  100.000   -1.183   10.177 2.30543e-01
   97    17.63333   -97.46043 36.53608    1324.378    1640.618  829.451  284.720   99.323   -1.794   10.210 8.77768e-02
   98    17.65000   -97.45802 36.53934    1227.810    1543.774  839.128  285.391   97.294   -2.094   10.336 0.00000e+00
   99    17.66667   -97.45510 36.54261    1118.648    1432.795  850.226  286.470   92.021   -2.134   10.358 0.00000e+00
  100    17.68333   -97.45194 36.54595    1030.021    1342.678  859.351  287.368   87.801   -1.211   10.370 0.00000e+00
  101    17.70000   -97.44873 36.54938     997.594    1309.724  862.658  287.656   86.753    0.172   10.400 0.00000e+00
  102    17.71667   -97.44585 36.55287    1020.513    1333.491  860.255  286.925   96.435    0.878   11.053 1.37235e-02
  103    17.73333   -97.44330 36.55643    1073.968    1387.910  854.715  286.796  100.000    1.848   11.450 2.23358e-01
  104    17.75000   -97.44054 36.56011    1161.286    1475.809  845.808  286.551  100.000    2.449   11.397 5.08466e-01
  105    17.76667   -97.43765 36.56394    1257.735    1573.932  835.975  285.921  100.000    1.672   11.064 5.63892e-01
  106    17.78333   -97.43452 36.56765    1327.441    1646.948  828.775  285.207  100.000    1.070   10.635 4.07798e-01
  107    17.80000   -97.43127 36.57088    1383.796    1705.447  823.078  284.555  100.000    1.040   10.267 2.36927e-01
  108    17.81667   -97.42841 36.57373    1434.389    1756.834  818.097  284.158  100.000    1.151   10.059 1.91459e-01
  109    17.83333   -97.42581 36.57651    1479.888    1801.912  813.700  283.811  100.000    1.064    9.881 1.42908e-01
  110    17.85000   -97.42345 36.57932    1513.859    1835.478  810.487  283.519  100.000    0.596    9.729 9.41189e-02
  111    17.86667   -97.42133 36.58213    1513.704    1834.107  810.607  283.437   99.684   -0.284    9.625 2.21806e-02
  112    17.88333   -97.41944 36.58483    1477.194    1796.724  814.210  283.795   97.785   -0.839    9.628 6.94133e-05
  113    17.90000   -97.41754 36.58746    1431.840    1751.382  818.614  284.319   94.960   -0.742    9.631 0.00000e+00
  114    17.91667   -97.41547 36.59017    1404.069    1724.283  821.253  284.659   93.285   -0.284    9.647 0.00000e+00
  115    17.93333   -97.41321 36.59307    1413.288    1734.390  820.251  284.646   92.412    0.411    9.560 0.00000e+00
  116    17.95000   -97.41094 36.59616    1453.058    1775.174  816.256  284.277   94.167    0.845    9.551 0.00000e+00
  117    17.96667   -97.40864 36.59935    1497.424    1820.708  811.817  283.835   96.268    0.885    9.532 0.00000e+00
  118    17.98333   -97.40620 36.60260    1516.019    1840.465  809.901  283.631   96.723    0.286    9.469 0.00000e+00
  119    18.00000   -97.40366 36.60578    1502.087    1827.845  811.142  283.770   94.878   -0.361    9.361 0.00000e+00
  120    18.01667   -97.40083 36.60880    1460.467    1787.369  815.119  284.233   92.573   -1.076    9.375 1.86156e-04
  121    18.03333   -97.39774 36.61189    1376.633    1703.393  823.360  284.746   92.992   -1.621    9.647 4.95446e-02
  122    18.05000   -97.39493 36.61562    1262.092    1586.392  834.921  285.524   92.656   -2.137    9.980 5.93226e-03
  123    18.06667   -97.39313 36.62012    1157.699    1478.491  845.715  286.358   91.308   -1.395   10.258 8.64678e-04
  124    18.08333   -97.39205 36.62473    1098.832    1416.790  851.945  286.874   90.270   -1.073   10.413 0.00000e+00
  125    18.10000   -97.39114 36.62909    1062.658    1377.983  855.939  287.305   87.949   -0.311   10.386 0.00000e+00
  126    18.11667   -97.39025 36.63330    1067.189    1379.656  855.750  287.310   86.997    0.728   10.279 0.00000e+00
  127    18.13333   -97.38941 36.63730    1120.314    1430.062  850.669  286.742   91.158    1.329   10.441 0.00000e+00
  128    18.15000   -97.38856 36.64103    1192.167    1500.493  843.580  286.023   95.275    1.310   10.497 0.00000e+00
  129    18.16667   -97.38757 36.64453    1252.990    1560.158  837.658  285.433   98.652    0.951   10.527 1.85222e-04
  130    18.18333   -97.38637 36.64787    1293.317    1598.996  833.767  285.136   99.955    0.536   10.508 1.96645e-02
  131    18.20000   -97.38496 36.65108    1316.474    1620.582  831.612  285.003  100.000    0.208   10.460 2.87845e-02
  132    18.21667   -97.38333 36.65419    1326.159    1628.674  830.814  284.988   99.719    0.070   10.418 3.56659e-02
  133    18.23333   -97.38150 36.65717    1325.275    1626.868  830.965  284.976   99.648    0.009   10.400 7.91267e-03
  134    18.25000   -97.37959 36.66004    1316.083    1617.001  831.948  285.056   99.396   -0.148   10.417 0.00000e+00
  135    18.26667   -97.37770 36.66282    1300.527    1600.676  833.543  285.259   97.480   -0.408   10.335 0.00000e+00
  136    18.28333   -97.37589 36.66556    1280.077    1580.009  835.602  285.480   96.078   -0.514   10.310 0.00000e+00
  137    18.30000   -97.37412 36.66823    1259.703    1559.433  837.654  285.708   94.523   -0.532   10.272 0.00000e+00
  138    18.31667   -97.37243 36.67081    1241.077    1540.481  839.545  285.915   93.230   -0.552   10.248 0.00000e+00
  139    18.33333   -97.37089 36.67326    1228.164    1527.778  840.767  286.054   92.222   -0.326   10.215 0.00000e+00
  140    18.35000   -97.36942 36.67553    1226.353    1526.697  840.890  286.075   91.975    0.077   10.201 0.00000e+00
  141    18.36667   -97.36790 36.67768    1227.059    1528.071  840.760  286.059   92.049    0.312   10.200 0.00000e+00
  142    18.38333   -97.36640 36.67980    1226.816    1528.308  840.777  286.035   92.262    0.110   10.207 0.00000e+00
  143    18.40000   -97.36491 36.68196    1216.021    1517.487  841.861  286.122   91.909   -0.201   10.213 0.00000e+00
  144    18.41667   -97.36341 36.68418    1201.431    1502.934  843.322  286.281   90.951   -0.364   10.195 0.00000e+00
  145    18.43333   -97.36192 36.68646    1190.534    1492.250  844.393  286.409   90.069   -0.380   10.169 0.00000e+00
  146    18.45000   -97.36047 36.68880    1180.273    1482.295  845.356  286.536   89.100   -0.275   10.132 0.00000e+00
  147    18.46667   -97.35908 36.69120    1173.899    1476.585  845.927  286.609   88.559   -0.221   10.112 0.00000e+00
  148    18.48333   -97.35773 36.69362    1169.692    1473.334  846.240  286.649   88.303   -0.120   10.105 0.00000e+00
  149    18.50000   -97.35645 36.69606    1166.302    1471.182  846.423  286.672   88.197   -0.014   10.106 0.00000e+00
  150    18.51667   -97.35516 36.69849    1162.182    1468.996  846.627  286.687   88.172    0.060   10.111 0.00000e+00
  151    18.53333   -97.35389 36.70091    1157.712    1466.878  846.842  286.699   88.208    0.026   10.120 0.00000e+00
  152    18.55000   -97.35255 36.70331    1150.428    1461.902  847.381  286.748   88.044   -0.004   10.127 0.00000e+00
  153    18.56667   -97.35122 36.70572    1141.744    1454.737  848.162  286.829   87.521    0.007   10.112 0.00000e+00
  154    18.58333   -97.34988 36.70818    1135.134    1448.518  848.787  286.886   87.252   -0.109   10.110 0.00000e+00
  155    18.60000   -97.34848 36.71071    1128.869    1442.694  849.402  286.942   87.094   -0.197   10.122 0.00000e+00
  156    18.61667   -97.34705 36.71328    1126.561    1440.755  849.650  286.980   86.814   -0.012   10.112 0.00000e+00
  157    18.63333   -97.34563 36.71591    1137.187    1449.818  848.733  286.891   87.254    0.334   10.114 0.00000e+00
  158    18.65000   -97.34427 36.71859    1161.767    1472.627  846.426  286.650   88.666    0.620   10.145 0.00000e+00
  159    18.66667   -97.34286 36.72133    1197.042    1506.270  843.049  286.318   90.283    0.690   10.148 0.00000e+00
  160    18.68333   -97.34126 36.72406    1234.004    1542.607  839.385  285.967   91.885    0.576   10.136 0.00000e+00
  161    18.70000   -97.33950 36.72670    1264.508    1572.539  836.437  285.682   93.234    0.404   10.129 0.00000e+00
  162    18.71667   -97.33762 36.72921    1283.880    1591.225  834.597  285.512   94.057    0.165   10.127 0.00000e+00
  163    18.73333   -97.33572 36.73161    1285.973    1592.839  834.425  285.490   94.198   -0.195   10.130 0.00000e+00
  164    18.75000   -97.33395 36.73394    1266.372    1572.939  836.435  285.682   93.222   -0.556   10.129 0.00000e+00
  165    18.76667   -97.33231 36.73628    1230.792    1537.192  839.947  286.020   91.864   -0.735   10.163 0.00000e+00
  166    18.78333   -97.33087 36.73861    1190.770    1497.273  843.925  286.391   90.369   -0.736   10.196 0.00000e+00
  167    18.80000   -97.32954 36.74097    1153.669    1461.052  847.547  286.728   88.895   -0.589   10.210 0.00000e+00
  168    18.81667   -97.32833 36.74342    1119.504    1427.918  850.920  287.040   87.589   -0.453   10.226 0.00000e+00
  169    18.83333   -97.32710 36.74592    1085.002    1394.243  854.325  287.367   86.046   -0.438   10.222 0.00000e+00
  170    18.85000   -97.32583 36.74839    1055.042    1364.230  857.421  287.671   84.487   -0.448   10.201 0.00000e+00
  171    18.86667   -97.32446 36.75076    1029.322    1338.459  860.010  287.925   83.306   -0.382   10.195 0.00000e+00
  172    18.88333   -97.32308 36.75300    1010.240    1319.666  861.911  288.087   82.747   -0.182   10.211 0.00000e+00
  173    18.90000   -97.32181 36.75518    1001.677    1311.752  862.684  288.133   82.919    0.040   10.253 0.00000e+00
  174    18.91667   -97.32067 36.75740    1007.766    1318.829  861.953  288.054   83.488    0.261   10.279 0.00000e+00
  175    18.93333   -97.31968 36.75970    1030.548    1342.675  859.563  287.826   84.816    0.550   10.318 0.00000e+00
  176    18.95000   -97.31877 36.76210    1072.623    1385.743  855.232  287.409   86.918    0.923   10.343 0.00000e+00
  177    18.96667   -97.31789 36.76459    1130.089    1443.766  849.403  286.840   89.752    1.069   10.362 0.00000e+00
  178    18.98333   -97.31693 36.76714    1190.854    1504.785  843.285  286.246   92.788    0.958   10.377 0.00000e+00
