    0    16.01667   -97.41632 36.21992      80.512     447.714  954.232  292.457   86.698   -0.559   12.764 0.00000e+00
    1    16.03333   -97.41669 36.22376      66.513     434.925  955.650  292.595   86.105   -0.193   12.767 0.00000e+00
    2    16.05000   -97.41737 36.22768      65.217     434.961  955.684  292.667   85.985    0.123   12.807 0.00000e+00
    3    16.06667   -97.41815 36.23155      71.762     442.615  954.891  292.640   86.185    0.166   12.825 0.00000e+00
    4    16.08333   -97.41881 36.23539      90.251     461.769  952.863  292.498   86.851    0.476   12.838 0.00000e+00
    5    16.10000   -97.41909 36.23908     141.515     513.237  947.245  292.030   88.959    1.132   12.844 0.00000e+00
    6    16.11667   -97.41875 36.24251     224.609     594.468  938.399  291.269   92.453    1.215   12.842 0.00000e+00
    7    16.13333   -97.41789 36.24582     304.905     671.726  929.970  290.540   95.898    0.900   12.834 0.00000e+00
    8    16.15000   -97.41656 36.24908     362.078     725.198  924.151  290.091   97.536    0.976   12.764 0.00000e+00
    9    16.16667   -97.41494 36.25233     396.212     755.821  920.809  289.795   99.031    0.772   12.764 8.75436e-04
   10    16.18333   -97.41318 36.25569     410.401     766.571  919.683  289.696   99.506    0.444   12.760 1.47251e-03
   11    16.20000   -97.41146 36.25908     403.603     755.812  920.740  289.782   98.939    0.094   12.742 3.68786e-04
   12    16.21667   -97.40991 36.26241     376.472     726.341  923.903  290.063   97.274   -0.289   12.711 2.04066e-09
   13    16.23333   -97.40864 36.26569     335.343     682.773  928.619  290.465   95.261   -0.571   12.706 0.00000e+00
   14    16.25000   -97.40759 36.26897     282.226     627.613  934.547  290.976   92.889   -0.751   12.718 0.00000e+00
   15    16.26667   -97.40665 36.27225     223.869     567.716  941.095  291.546   90.317   -0.658   12.730 0.00000e+00
   16    16.28333   -97.40578 36.27552     173.533     514.699  947.023  292.068   87.928   -0.600   12.728 0.00000e+00
   17    16.30000   -97.40495 36.27881     137.837     475.017  951.526  292.486   85.990   -0.656   12.718 0.00000e+00
   18    16.31667   -97.40411 36.28215     112.191     445.723  954.686  292.808   84.399   -0.596   12.696 0.00000e+00
   19    16.33333   -97.40321 36.28552      92.310     423.151  957.133  293.079   83.037   -0.380   12.672 0.00000e+00
   20    16.35000   -97.40234 36.28894      82.122     410.576  958.497  293.239   82.281   -0.191   12.664 0.00000e+00
   21    16.36667   -97.40151 36.29235      79.115     405.478  959.038  293.413   81.661   -0.107   12.699 0.00000e+00
   22    16.38333   -97.40076 36.29570      82.469     406.889  958.928  293.630   81.174    0.216   12.797 0.00000e+00
   23    16.40000   -97.40007 36.29896     105.073     426.795  956.701  293.491   82.028    0.732   12.850 0.00000e+00
   24    16.41667   -97.39931 36.30210     164.410     483.312  950.414  292.982   84.472    1.435   12.904 0.00000e+00
   25    16.43333   -97.39828 36.30508     243.524     560.017  941.972  292.213   87.801    1.700   12.896 0.00000e+00
   26    16.45000   -97.39706 36.30796     326.970     642.759  932.881  291.382   91.575    1.615   12.888 0.00000e+00
   27    16.46667   -97.39568 36.31081     402.463     717.373  924.857  290.641   95.127    1.558   12.884 0.00000e+00
   28    16.48333   -97.39418 36.31368     467.253     781.313  917.934  290.009   98.197    1.281   12.871 5.13493e-05
   29    16.50000   -97.39253 36.31660     526.281     840.780  911.656  289.511  100.000    0.901   12.789 2.42381e-02
   30    16.51667   -97.39074 36.31959     579.532     893.409  906.096  289.223  100.000    0.894   12.639 9.39844e-02
   31    16.53333   -97.38879 36.32263     627.826     939.893  901.143  288.926  100.000    0.878   12.473 1.21092e-01
   32    16.55000   -97.38669 36.32573     667.005     977.487  897.076  288.707  100.000    0.805   12.354 1.68121e-01
   33    16.56667   -97.38438 36.32898     694.469    1005.418  894.126  288.575  100.000    0.761   12.290 2.23838e-01
   34    16.58333   -97.38182 36.33235     709.282    1019.023  892.775  288.521  100.000    0.464   12.267 2.50668e-01
   35    16.60000   -97.37908 36.33577     707.243    1014.891  893.234  288.534  100.000    0.122   12.271 2.11306e-01
   36    16.61667   -97.37621 36.33920     693.619     999.984  894.659  288.567  100.000   -0.087   12.277 1.32025e-01
   37    16.63333   -97.37320 36.34263     674.174     982.378  896.536  288.622  100.000   -0.124   12.295 5.45828e-02
   38    16.65000   -97.37010 36.34608     658.802     968.545  897.985  288.658  100.000   -0.217   12.290 4.45955e-04
   39    16.66667   -97.36706 36.34956     648.926     961.648  898.724  288.753   99.058   -0.305   12.235 4.71832e-05
   40    16.68333   -97.36421 36.35305     647.554     962.647  898.660  288.805   98.319   -0.355   12.185 0.00000e+00
   41    16.70000   -97.36154 36.35655     652.429     968.028  898.173  288.847   97.451   -0.224   12.117 0.00000e+00
   42    16.71667   -97.35894 36.36003     650.800     967.319  898.101  288.895   96.765   -0.318   12.071 0.00000e+00
   43    16.73333   -97.35635 36.36342     634.171     954.678  899.377  289.037   95.801   -0.402   12.043 0.00000e+00
   44    16.75000   -97.35383 36.36679     609.831     934.052  901.619  289.235   94.799   -0.281   12.040 0.00000e+00
   45    16.76667   -97.35136 36.37020     589.976     915.848  903.541  289.402   94.019   -0.098   12.044 0.00000e+00
   46    16.78333   -97.34891 36.37363     580.673     907.672  904.492  289.472   93.775    0.141   12.054 0.00000e+00
   47    16.80000   -97.34634 36.37716     585.876     912.226  904.070  289.397   94.336    0.297   12.073 0.00000e+00
   48    16.81667   -97.34348 36.38080     591.188     916.050  903.577  289.333   94.759    0.019   12.084 0.00000e+00
   49    16.83333   -97.34045 36.38448     573.742     899.638  905.284  289.500   93.814   -0.509   12.070 0.00000e+00
   50    16.85000   -97.33761 36.38814     539.675     867.476  908.789  289.839   92.033   -0.693   12.054 0.00000e+00
   51    16.86667   -97.33508 36.39176     508.997     835.119  912.264  290.147   90.646   -0.549   12.061 0.00000e+00
   52    16.88333   -97.33272 36.39532     487.420     812.836  914.628  290.342   89.858   -0.411   12.075 0.00000e+00
   53    16.90000   -97.33044 36.39880     480.435     804.073  915.680  290.416   89.666   -0.137   12.092 0.00000e+00
   54    16.91667   -97.32813 36.40220     488.220     807.253  915.417  290.359   90.134    0.171   12.115 0.00000e+00
   55    16.93333   -97.32573 36.40554     505.912     819.797  913.956  290.203   91.146    0.412   12.149 0.00000e+00
   56    16.95000   -97.32323 36.40883     526.338     836.742  912.091  290.043   91.826    0.415   12.140 0.00000e+00
   57    16.96667   -97.32076 36.41219     539.810     848.095  910.903  289.915   92.758    0.277   12.179 0.00000e+00
   58    16.98333   -97.31856 36.41563     544.101     850.581  910.645  289.802   94.230    0.029   12.287 0.00000e+00
   59    17.00000   -97.31660 36.41907     536.731     841.373  911.590  289.846   94.399   -0.236   12.330 0.00000e+00
   60    17.01667   -97.31473 36.42247     522.734     826.169  913.162  289.977   93.883   -0.278   12.345 0.00000e+00
   61    17.03333   -97.31286 36.42577     508.729     811.842  914.696  290.122   93.149   -0.184   12.342 0.00000e+00
   62    17.05000   -97.31090 36.42905     498.940     802.007  915.875  290.230   92.695   -0.127   12.351 0.00000e+00
   63    17.06667   -97.30883 36.43233     491.601     791.151  917.093  290.350   92.099   -0.135   12.349 0.00000e+00
   64    17.08333   -97.30673 36.43557     486.567     781.570  918.148  290.477   91.327   -0.029   12.331 0.00000e+00
   65    17.10000   -97.30468 36.43876     490.806     781.442  918.073  290.496   91.054    0.128   12.310 0.00000e+00
   66    17.11667   -97.30270 36.44191     504.257     792.922  916.836  290.392   91.477    0.345   12.302 0.00000e+00
   67    17.13333   -97.30083 36.44503     529.264     816.045  914.390  290.186   92.332    0.524   12.288 0.00000e+00
   68    17.15000   -97.29894 36.44810     565.561     850.023  910.757  289.866   93.778    0.607   12.276 0.00000e+00
   69    17.16667   -97.29691 36.45112     604.411     887.007  906.780  289.512   95.401    0.517   12.263 0.00000e+00
   70    17.18333   -97.29462 36.45409     632.075     913.290  903.960  289.271   96.535    0.128   12.256 0.00000e+00
   71    17.20000   -97.29211 36.45701     630.659     912.043  904.008  289.295   96.317   -0.478   12.247 0.00000e+00
   72    17.21667   -97.28964 36.45987     596.360     878.964  907.545  289.631   94.566   -0.940   12.238 0.00000e+00
   73    17.23333   -97.28736 36.46268     541.044     825.417  913.193  290.155   91.967   -1.085   12.231 0.00000e+00
   74    17.25000   -97.28532 36.46545     480.270     766.556  919.577  290.732   89.268   -1.005   12.231 0.00000e+00
   75    17.26667   -97.28351 36.46819     426.946     714.746  925.172  291.245   86.903   -0.831   12.226 0.00000e+00
   76    17.28333   -97.28179 36.47091     383.509     672.860  929.682  291.652   85.109   -0.662   12.227 0.00000e+00
   77    17.30000   -97.28014 36.47364     348.647     639.277  933.342  291.987   83.639   -0.492   12.224 0.00000e+00
   78    17.31667   -97.27852 36.47636     324.083     615.565  935.878  292.212   82.755   -0.341   12.234 0.00000e+00
   79    17.33333   -97.27696 36.47908     307.171     599.240  937.696  292.375   82.110   -0.155   12.240 0.00000e+00
   80    17.35000   -97.27543 36.48181     303.640     596.121  938.037  292.422   81.863    0.080   12.235 0.00000e+00
   81    17.36667   -97.27399 36.48458     316.168     609.154  936.614  292.323   82.687    0.497   12.300 0.00000e+00
   82    17.38333   -97.27243 36.48735     353.699     647.250  932.508  291.985   84.526    0.704   12.363 0.00000e+00
   83    17.40000   -97.27061 36.49015     395.241     689.340  927.932  291.586   85.900    0.425   12.313 0.00000e+00
   84    17.41667   -97.26881 36.49297     423.686     718.841  924.630  291.317   86.683    0.215   12.259 0.00000e+00
   85    17.43333   -97.26720 36.49592     439.368     737.218  922.622  291.180   86.808    0.158   12.197 0.00000e+00
   86    17.45000   -97.26578 36.49906     453.338     752.975  920.985  291.050   87.085    0.193   12.157 0.00000e+00
   87    17.46667   -97.26440 36.50239     470.862     770.939  919.115  290.877   88.117    0.260   12.192 0.00000e+00
   88    17.48333   -97.26288 36.50579     489.584     789.615  917.088  290.673   89.427    0.304   12.240 0.00000e+00
   89    17.50000   -97.26131 36.50917     509.372     810.234  914.970  290.460   90.753    0.458   12.283 0.00000e+00
   90    17.51667   -97.25967 36.51251     540.652     841.392  911.680  290.149   92.584    0.716   12.329 0.00000e+00
   91    17.53333   -97.25774 36.51583     565.191     864.832  909.152  289.918   93.822    0.056   12.345 0.00000e+00
   92    17.55000   -97.25568 36.51900     548.874     847.967  910.903  290.083   93.102   -0.672   12.357 0.00000e+00
   93    17.56667   -97.25377 36.52194     504.826     804.217  915.582  290.526   90.891   -1.036   12.345 0.00000e+00
   94    17.58333   -97.25206 36.52471     448.170     749.584  921.326  291.064   88.303   -1.179   12.333 0.00000e+00
   95    17.60000   -97.25047 36.52736     384.763     688.330  927.951  291.692   85.477   -1.085   12.334 0.00000e+00
   96    17.61667   -97.24906 36.53003     318.901     624.370  934.907  292.317   82.141   -1.193   12.237 0.00000e+00
   97    17.63333   -97.24797 36.53289     249.532     556.774  942.276  292.991   79.228   -1.375   12.215 0.00000e+00
   98    17.65000   -97.24712 36.53600     172.354     481.355  950.523  293.739   76.495   -1.541   12.250 0.00000e+00
   99    17.66667   -97.24657 36.53939     105.466     415.448  957.901  294.384   74.386   -0.931   12.303 0.00000e+00
  100    17.68333   -97.24648 36.54295      74.447     383.391  961.435  294.733   73.135   -0.231   12.314 0.00000e+00
  101    17.70000   -97.24692 36.54645      74.065     382.212  961.615  294.897   73.162    0.277   12.442 0.00000e+00
  102    17.71667   -97.24756 36.54929     120.452     427.784  956.531  294.718   74.840    1.335   12.655 0.00000e+00
  103    17.73333   -97.24821 36.55176     229.260     535.546  944.656  293.572   79.171    2.085   12.626 0.00000e+00
  104    17.75000   -97.24878 36.55433     345.539     650.419  932.080  292.419   84.080    2.416   12.645 0.00000e+00
  105    17.76667   -97.24931 36.55690     442.797     746.485  921.722  291.453   88.447    1.766   12.656 0.00000e+00
  106    17.78333   -97.24969 36.55941     508.404     810.996  914.816  290.827   91.473    1.443   12.675 0.00000e+00
  107    17.80000   -97.24995 36.56196     562.104     863.551  909.204  290.297   93.992    1.327   12.670 0.00000e+00
  108    17.81667   -97.24986 36.56454     614.899     915.162  903.764  289.781   96.209    1.120   12.625 0.00000e+00
  109    17.83333   -97.24915 36.56729     673.858     972.816  897.731  289.220   98.265    1.260   12.522 1.05664e-03
  110    17.85000   -97.24792 36.57051     739.157    1036.303  891.107  288.753  100.000    1.084   12.462 5.92659e-02
  111    17.86667   -97.24631 36.57407     786.045    1081.870  886.308  288.534  100.000    0.362   12.367 1.14468e-01
  112    17.88333   -97.24431 36.57760     795.220    1090.468  885.359  288.389   99.910   -0.389   12.237 5.62938e-02
  113    17.90000   -97.24208 36.58078     760.683    1055.893  889.000  288.629   98.163   -1.058   12.160 1.83191e-03
  114    17.91667   -97.23986 36.58365     699.319     994.073  895.536  289.297   93.618   -1.477   12.019 0.00000e+00
  115    17.93333   -97.23762 36.58641     619.114     912.574  904.163  290.194   88.225   -1.835   11.881 0.00000e+00
  116    17.95000   -97.23540 36.58919     525.077     817.049  914.190  291.130   83.523   -1.950   11.807 0.00000e+00
  117    17.96667   -97.23344 36.59202     433.300     725.300  923.995  292.001   80.289   -1.606   11.864 0.00000e+00
  118    17.98333   -97.23172 36.59497     362.180     654.182  931.731  292.656   78.306   -1.049   11.957 0.00000e+00
  119    18.00000   -97.23019 36.59803     315.512     607.398  936.783  293.083   76.950   -0.539   12.003 0.00000e+00
  120    18.01667   -97.22874 36.60113     292.087     583.602  939.382  293.306   76.231   -0.135   12.025 0.00000e+00
  121    18.03333   -97.22723 36.60428     282.972     573.972  940.430  293.387   75.999    0.154   12.035 0.00000e+00
  122    18.05000   -97.22569 36.60743     282.175     572.690  940.621  293.372   76.324    0.344   12.073 0.00000e+00
  123    18.06667   -97.22414 36.61056     280.566     570.748  940.784  293.380   76.305    0.217   12.074 0.00000e+00
  124    18.08333   -97.22260 36.61364     270.744     560.942  941.803  293.492   75.645    0.003   12.041 0.00000e+00
  125    18.10000   -97.22107 36.61662     254.479     546.034  943.424  293.668   74.573   -0.125   11.980 0.00000e+00
  126    18.11667   -97.21969 36.61948     238.205     531.197  945.018  293.822   74.275   -0.192   12.026 0.00000e+00
  127    18.13333   -97.21846 36.62232     231.601     526.155  945.515  293.876   74.083   -0.139   12.029 0.00000e+00
  128    18.15000   -97.21733 36.62515     251.342     547.321  943.244  293.727   74.952    0.427   12.087 0.00000e+00
  129    18.16667   -97.21626 36.62791     286.833     584.024  939.266  293.378   76.621    0.560   12.142 0.00000e+00
  130    18.18333   -97.21534 36.63070     320.263     618.178  935.630  293.064   78.036    0.643   12.173 0.00000e+00
  131    18.20000   -97.21460 36.63359     348.808     646.471  932.518  292.780   79.165    0.508   12.172 0.00000e+00
  132    18.21667   -97.21385 36.63666     377.777     675.293  929.390  292.701   79.963    0.826   12.276 0.00000e+00
  133    18.23333   -97.21306 36.63982     396.115     693.625  927.425  292.504   80.978    0.541   12.305 0.00000e+00
  134    18.25000   -97.21239 36.64290     400.202     697.814  926.944  292.460   81.242    0.059   12.318 0.00000e+00
  135    18.26667   -97.21199 36.64577     387.095     684.770  928.370  292.552   80.625   -0.285   12.276 0.00000e+00
  136    18.28333   -97.21170 36.64841     375.384     673.358  929.613  292.651   79.707   -0.170   12.196 0.00000e+00
  137    18.30000   -97.21146 36.65088     364.946     663.303  930.696  292.741   79.142   -0.214   12.163 0.00000e+00
  138    18.31667   -97.21122 36.65324     346.458     645.162  932.717  292.916   78.021   -0.546   12.097 0.00000e+00
  139    18.33333   -97.21095 36.65557     326.275     625.309  934.855  293.183   76.603   -0.404   12.049 0.00000e+00
  140    18.35000   -97.21055 36.65794     325.450     624.757  934.910  293.220   76.718   -0.085   12.094 0.00000e+00
  141    18.36667   -97.20999 36.66032     339.262     638.804  933.384  293.129   76.999    0.162   12.090 0.00000e+00
  142    18.38333   -97.20915 36.66261     347.780     647.464  932.514  293.086   77.397   -0.347   12.131 0.00000e+00
  143    18.40000   -97.20824 36.66491     310.868     610.570  936.409  293.526   75.901   -0.999   12.177 0.00000e+00
  144    18.41667   -97.20781 36.66761     265.927     565.721  941.242  293.957   74.331   -0.348   12.186 0.00000e+00
  145    18.43333   -97.20796 36.67046     284.726     584.664  939.186  293.736   75.210    1.099   12.188 0.00000e+00
  146    18.45000   -97.20810 36.67302     381.401     681.556  928.684  292.858   78.930    2.286   12.246 0.00000e+00
  147    18.46667   -97.20797 36.67533     515.935     816.370  914.262  291.658   84.373    3.110   12.332 0.00000e+00
  148    18.48333   -97.20773 36.67755     641.908     942.609  900.944  290.442   89.065    2.740   12.230 0.00000e+00
  149    18.50000   -97.20750 36.67988     727.993    1028.957  891.917  289.594   92.970    1.976   12.216 0.00000e+00
  150    18.51667   -97.20728 36.68225     788.217    1089.080  885.644  289.058   95.026    1.483   12.149 0.00000e+00
  151    18.53333   -97.20704 36.68459     836.654    1137.388  880.666  288.713   96.450    1.076   12.128 0.00000e+00
  152    18.55000   -97.20660 36.68688     878.814    1179.461  876.284  288.302   98.321    0.464   12.100 0.00000e+00
  153    18.56667   -97.20591 36.68937     911.205    1211.622  872.970  288.014   98.869   -0.118   11.987 5.43627e-03
  154    18.58333   -97.20502 36.69218     936.263    1236.098  870.483  287.846   98.236    0.081   11.815 1.15300e-02
  155    18.60000   -97.20403 36.69518     960.024    1259.253  868.095  287.664   98.293    0.423   11.715 1.99963e-02
  156    18.61667   -97.20299 36.69832     982.086    1281.370  865.790  287.462   98.522    0.529   11.620 2.74455e-02
  157    18.63333   -97.20184 36.70155    1005.459    1305.503  863.324  287.290   98.729    0.466   11.547 2.95909e-02
  158    18.65000   -97.20047 36.70480    1029.765    1330.656  860.762  287.081   98.937    0.496   11.449 1.31303e-02
  159    18.66667   -97.19887 36.70795    1049.238    1351.420  858.670  286.939   99.427    0.444   11.428 1.33717e-02
  160    18.68333   -97.19705 36.71092    1051.610    1355.152  858.251  286.927   99.443   -0.077   11.426 5.06543e-03
  161    18.70000   -97.19518 36.71367    1023.976    1328.765  860.937  287.187   97.953   -0.653   11.412 0.00000e+00
  162    18.71667   -97.19343 36.71626     967.101    1272.588  866.680  287.739   94.976   -1.148   11.394 0.00000e+00
  163    18.73333   -97.19196 36.71873     895.644    1201.811  873.968  288.417   91.721   -1.337   11.402 0.00000e+00
  164    18.75000   -97.19083 36.72116     828.064    1134.869  880.843  289.102   88.092   -1.109   11.356 0.00000e+00
  165    18.76667   -97.18991 36.72359     771.062    1078.876  886.624  289.600   86.494   -0.867   11.437 0.00000e+00
  166    18.78333   -97.18908 36.72595     732.544    1041.393  890.556  289.953   85.132   -0.637   11.463 0.00000e+00
  167    18.80000   -97.18834 36.72823     709.693    1019.495  892.840  290.146   84.525   -0.308   11.493 0.00000e+00
  168    18.81667   -97.18756 36.73049     698.341    1008.644  894.025  290.271   83.836   -0.133   11.475 0.00000e+00
  169    18.83333   -97.18668 36.73271     696.619    1006.173  894.310  290.310   83.500   -0.007   11.455 0.00000e+00
  170    18.85000   -97.18566 36.73484     700.709    1009.567  893.926  290.302   83.187    0.103   11.411 0.00000e+00
  171    18.86667   -97.18452 36.73679     709.854    1018.149  893.042  290.260   82.839    0.155   11.344 0.00000e+00
  172    18.88333   -97.18342 36.73860     718.079    1026.315  892.131  290.180   83.150    0.044   11.340 0.00000e+00
  173    18.90000   -97.18250 36.74035     716.495    1025.677  892.205  290.190   83.107   -0.133   11.341 0.00000e+00
  174    18.91667   -97.18177 36.74207     703.029    1013.234  893.503  290.310   82.712   -0.319   11.357 0.00000e+00
  175    18.93333   -97.18124 36.74382     672.921     984.101  896.544  290.591   81.722   -0.782   11.384 0.00000e+00
  176    18.95000   -97.18095 36.74569     610.401     922.540  903.037  291.194   79.443   -1.604   11.416 0.00000e+00
  177    18.96667   -97.18056 36.74771     519.353     831.973  912.623  292.092   76.210   -2.011   11.469 0.00000e+00
  178    18.98333   -97.17991 36.74981     440.300     753.027  920.962  292.866   73.445   -1.548   11.498 0.00000e+00
