    0    16.01667   -97.51388 36.28866      30.841     391.063  960.479  293.220   84.113    0.028   12.904 0.00000e+00
    1    16.03333   -97.51382 36.29112      31.007     389.826  960.649  293.260   83.944   -0.010   12.908 0.00000e+00
    2    16.05000   -97.51388 36.29351      29.343     386.789  960.953  293.347   83.635   -0.020   12.926 0.00000e+00
    3    16.06667   -97.51408 36.29581      27.833     384.004  961.347  293.458   83.250    0.011   12.951 0.00000e+00
    4    16.08333   -97.51424 36.29800      28.122     382.454  961.592  293.516   83.035    0.006   12.961 0.00000e+00
    5    16.10000   -97.51428 36.30005      28.960     381.143  961.776  293.524   82.931   -0.017   12.949 0.00000e+00
    6    16.11667   -97.51436 36.30195      28.540     378.812  962.042  293.585   82.688   -0.030   12.957 0.00000e+00
    7    16.13333   -97.51460 36.30370      28.075     376.735  962.312  293.659   82.413    0.025   12.970 0.00000e+00
    8    16.15000   -97.51498 36.30537      31.676     379.576  961.939  293.653   82.526    0.086   12.988 0.00000e+00
    9    16.16667   -97.51553 36.30708      40.331     388.644  960.860  293.571   82.931    0.217   12.999 0.00000e+00
   10    16.18333   -97.51623 36.30879      59.511     408.377  958.640  293.376   83.795    0.462   13.007 0.00000e+00
   11    16.20000   -97.51707 36.31070      90.712     440.126  955.133  293.026   85.156    0.605   12.980 0.00000e+00
   12    16.21667   -97.51820 36.31294     119.137     469.051  951.988  292.711   86.405    0.338   12.955 0.00000e+00
   13    16.23333   -97.51958 36.31543     122.270     469.781  951.854  292.651   86.516   -0.247   12.925 0.00000e+00
   14    16.25000   -97.52093 36.31805      93.333     436.693  955.476  292.936   85.147   -0.634   12.900 0.00000e+00
   15    16.26667   -97.52213 36.32058      65.161     405.066  958.993  293.222   83.836   -0.322   12.883 0.00000e+00
   16    16.28333   -97.52333 36.32297      54.232     393.431  960.177  293.334   83.342   -0.084   12.881 0.00000e+00
   17    16.30000   -97.52453 36.32524      51.463     391.871  960.356  293.361   83.239   -0.122   12.885 0.00000e+00
   18    16.31667   -97.52560 36.32742      47.306     389.191  960.656  293.394   83.094   -0.193   12.885 0.00000e+00
   19    16.33333   -97.52658 36.32956      42.029     385.606  961.037  293.449   82.884   -0.103   12.891 0.00000e+00
   20    16.35000   -97.52753 36.33173      39.470     384.197  961.237  293.527   82.666   -0.015   12.917 0.00000e+00
   21    16.36667   -97.52847 36.33392      39.571     384.955  961.137  293.565   82.568   -0.032   12.934 0.00000e+00
   22    16.38333   -97.52937 36.33607      38.812     384.807  961.168  293.610   82.420   -0.087   12.946 0.00000e+00
   23    16.40000   -97.53029 36.33820      35.857     382.611  961.355  293.688   82.175   -0.066   12.968 0.00000e+00
   24    16.41667   -97.53124 36.34035      33.854     382.490  961.343  293.745   82.011   -0.052   12.989 0.00000e+00
   25    16.43333   -97.53239 36.34253      33.414     384.026  961.147  293.795   81.922    0.071   13.018 0.00000e+00
   26    16.45000   -97.53363 36.34467      45.161     397.485  959.654  293.714   82.279    0.309   13.029 0.00000e+00
   27    16.46667   -97.53430 36.34666      68.083     421.221  957.130  293.516   83.106    0.443   13.033 0.00000e+00
   28    16.48333   -97.53444 36.34869      91.591     442.992  954.731  293.306   83.802    0.379   13.005 0.00000e+00
   29    16.50000   -97.53442 36.35093     110.243     459.177  952.898  293.138   84.222    0.297   12.958 0.00000e+00
   30    16.51667   -97.53442 36.35338     128.189     474.457  951.240  292.995   84.552    0.400   12.915 0.00000e+00
   31    16.53333   -97.53444 36.35601     162.906     505.765  947.843  292.708   85.517    0.833   12.877 0.00000e+00
   32    16.55000   -97.53416 36.35883     233.205     571.573  940.610  292.071   87.887    1.366   12.812 0.00000e+00
   33    16.56667   -97.53342 36.36180     332.165     666.028  930.296  291.148   91.812    1.776   12.767 0.00000e+00
   34    16.58333   -97.53210 36.36503     448.608     779.014  918.086  290.029   97.126    2.153   12.745 0.00000e+00
   35    16.60000   -97.53011 36.36843     569.659     897.181  905.478  289.179  100.000    1.965   12.615 1.11901e-01
   36    16.61667   -97.52750 36.37198     660.468     984.929  896.026  288.763  100.000    1.206   12.414 2.99870e-01
   37    16.63333   -97.52467 36.37546     691.703    1019.700  892.358  288.530  100.000    0.062   12.280 2.93196e-01
   38    16.65000   -97.52177 36.37873     665.826     997.323  894.701  288.638   99.431   -1.051   12.246 1.31355e-01
   39    16.66667   -97.51891 36.38161     590.705     924.622  902.439  289.172   96.799   -1.492   12.232 6.29875e-04
   40    16.68333   -97.51632 36.38391     515.229     850.182  910.421  289.926   92.692   -0.991   12.186 0.00000e+00
   41    16.70000   -97.51412 36.38581     487.874     823.417  913.267  290.176   91.577    0.002   12.195 0.00000e+00
   42    16.71667   -97.51225 36.38755     516.083     851.984  910.257  289.895   92.959    0.926   12.199 0.00000e+00
   43    16.73333   -97.51070 36.38943     577.814     914.394  903.571  289.256   96.338    1.523   12.225 0.00000e+00
   44    16.75000   -97.50954 36.39161     650.240     987.987  895.845  288.554  100.000    1.627   12.246 1.65689e-02
   45    16.76667   -97.50838 36.39426     714.305    1053.346  888.995  288.266  100.000    1.193   12.117 1.61379e-01
   46    16.78333   -97.50668 36.39735     759.753    1099.966  884.161  288.065  100.000    0.889   12.027 2.63314e-01
   47    16.80000   -97.50450 36.40079     802.908    1144.479  879.483  287.878  100.000    1.149   11.945 3.71162e-01
   48    16.81667   -97.50191 36.40447     876.563    1219.674  871.790  287.548  100.000    2.124   11.796 5.09479e-01
   49    16.83333   -97.49899 36.40827     998.609    1338.748  859.640  287.157  100.000    3.114   11.663 8.36719e-01
   50    16.85000   -97.49553 36.41228    1113.151    1449.235  848.462  286.708  100.000    1.895   11.477 1.10743e+00
   51    16.86667   -97.49165 36.41631    1154.201    1485.060  844.874  286.426  100.000    0.153   11.316 1.05258e+00
   52    16.88333   -97.48761 36.42020    1112.277    1438.005  849.609  286.504  100.000   -1.272   11.311 7.65094e-01
   53    16.90000   -97.48355 36.42387    1015.598    1338.119  859.683  286.862  100.000   -1.619   11.443 3.55892e-01
   54    16.91667   -97.47955 36.42733     937.046    1257.509  867.943  287.208   99.275   -0.794   11.488 9.95305e-02
   55    16.93333   -97.47557 36.43069     921.268    1242.129  869.469  287.249   98.945    0.256   11.460 2.59836e-02
   56    16.95000   -97.47186 36.43396     958.108    1279.039  865.758  286.979  100.000    0.786   11.447 1.39031e-01
   57    16.96667   -97.46841 36.43725    1012.736    1331.158  860.469  286.785  100.000    0.829   11.373 3.20929e-01
   58    16.98333   -97.46498 36.44071    1063.836    1380.026  855.476  286.538  100.000    0.563   11.256 3.97989e-01
   59    17.00000   -97.46155 36.44432    1098.526    1413.537  852.076  286.359  100.000    0.434   11.169 4.54433e-01
   60    17.01667   -97.45800 36.44801    1115.070    1428.694  850.540  286.279  100.000    0.526   11.131 4.75470e-01
   61    17.03333   -97.45418 36.45167    1121.695    1433.992  850.021  286.227  100.000    0.637   11.100 4.66951e-01
   62    17.05000   -97.45004 36.45541    1140.278    1451.922  848.132  286.169  100.000    0.957   11.083 5.52879e-01
   63    17.06667   -97.44566 36.45922    1205.480    1518.138  841.493  285.954  100.000    1.670   11.014 7.69312e-01
   64    17.08333   -97.44144 36.46294    1325.628    1637.395  829.753  285.400  100.000    2.107   10.769 9.85997e-01
   65    17.10000   -97.43754 36.46640    1444.190    1754.034  818.307  284.841  100.000    1.485   10.524 1.17673e+00
   66    17.11667   -97.43370 36.46972    1499.743    1807.582  813.127  284.544  100.000    0.138   10.386 1.18458e+00
   67    17.13333   -97.42978 36.47289    1468.729    1774.611  816.270  284.580  100.000   -1.160   10.371 1.00620e+00
   68    17.15000   -97.42586 36.47579    1385.729    1690.211  824.534  284.886   99.060   -1.525   10.358 5.40977e-01
   69    17.16667   -97.42188 36.47863    1322.376    1623.670  831.115  285.276   95.204   -0.817   10.134 1.93563e-01
   70    17.18333   -97.41753 36.48151    1319.106    1616.996  831.716  285.491   90.584    0.529    9.774 6.91483e-02
   71    17.20000   -97.41340 36.48458    1384.842    1680.774  825.479  284.749   95.111    1.407    9.843 3.83466e-02
   72    17.21667   -97.40965 36.48771    1462.102    1755.855  818.136  284.045   99.071    1.019    9.871 1.30199e-01
   73    17.23333   -97.40604 36.49076    1494.489    1787.352  815.030  283.845  100.000    0.090    9.887 2.08045e-01
   74    17.25000   -97.40244 36.49380    1469.517    1762.483  817.408  283.923  100.000   -0.858    9.910 1.61292e-01
   75    17.26667   -97.39861 36.49699    1396.309    1690.338  824.461  284.326   99.317   -1.356   10.005 2.98531e-02
   76    17.28333   -97.39444 36.50044    1326.132    1620.767  831.276  284.893   96.504   -0.714   10.013 0.00000e+00
   77    17.30000   -97.39029 36.50389    1302.147    1599.474  833.390  284.974   96.808   -0.069   10.073 1.15035e-03
   78    17.31667   -97.38648 36.50722    1304.986    1606.297  832.735  284.931   97.817    0.120   10.157 0.00000e+00
   79    17.33333   -97.38295 36.51054    1305.606    1609.699  832.453  284.965   97.451   -0.036   10.145 5.07785e-04
   80    17.35000   -97.37954 36.51388    1301.430    1607.648  832.669  285.005   97.183    0.044   10.142 5.30956e-04
   81    17.36667   -97.37614 36.51725    1301.999    1609.448  832.513  284.991   97.174    0.273   10.133 0.00000e+00
   82    17.38333   -97.37267 36.52069    1308.601    1616.357  831.884  284.923   97.307    0.413   10.109 0.00000e+00
   83    17.40000   -97.36912 36.52425    1315.700    1623.288  831.206  284.830   97.605    0.405   10.086 6.70422e-04
   84    17.41667   -97.36537 36.52789    1318.314    1624.355  831.125  284.757   98.443    0.325   10.124 1.08866e-03
   85    17.43333   -97.36147 36.53161    1317.502    1620.700  831.458  284.735   98.972    0.186   10.159 5.96133e-04
   86    17.45000   -97.35748 36.53534    1320.033    1622.532  831.208  284.762   98.055    0.191   10.086 3.79447e-04
   87    17.46667   -97.35350 36.53907    1338.158    1641.435  829.280  284.663   97.679    0.389   10.005 2.67920e-05
   88    17.48333   -97.34959 36.54273    1370.120    1675.903  825.889  284.398   98.665    0.371    9.970 3.35580e-04
   89    17.50000   -97.34578 36.54634    1400.119    1708.575  822.704  284.133  100.000    0.135    9.982 2.11073e-02
   90    17.51667   -97.34209 36.54995    1409.233    1718.644  821.787  284.127  100.000   -0.256    9.993 3.99647e-02
   91    17.53333   -97.33841 36.55362    1384.127    1694.530  824.118  284.289   99.949   -0.773   10.049 6.57680e-03
   92    17.55000   -97.33455 36.55729    1331.954    1643.911  829.079  284.675   98.481   -0.849   10.098 4.09387e-05
   93    17.56667   -97.33037 36.56097    1297.095    1610.939  832.335  284.945   97.342   -0.206   10.122 0.00000e+00
   94    17.58333   -97.32615 36.56461    1299.728    1616.374  831.766  284.873   97.896    0.101   10.138 0.00000e+00
   95    17.60000   -97.32214 36.56817    1311.800    1632.296  830.158  284.767   97.799   -0.214   10.077 0.00000e+00
   96    17.61667   -97.31837 36.57175    1305.802    1629.073  830.676  284.874   96.484   -0.589   10.006 0.00000e+00
   97    17.63333   -97.31471 36.57538    1279.436    1598.803  833.750  285.185   94.797   -0.913    9.998 0.00000e+00
   98    17.65000   -97.31109 36.57902    1227.404    1542.381  839.295  285.714   92.464   -1.092   10.033 0.00000e+00
   99    17.66667   -97.30747 36.58260    1161.924    1477.520  845.694  286.318   89.935   -0.963   10.077 0.00000e+00
  100    17.68333   -97.30384 36.58613    1110.372    1428.279  850.628  286.754   88.456   -0.444   10.140 0.00000e+00
  101    17.70000   -97.30017 36.58959    1095.772    1414.597  852.159  286.861   88.582    0.289   10.207 0.00000e+00
  102    17.71667   -97.29645 36.59299    1121.068    1436.666  849.999  286.606   90.195    0.758   10.247 0.00000e+00
  103    17.73333   -97.29275 36.59629    1171.595    1480.677  845.633  286.151   92.841    0.950   10.290 0.00000e+00
  104    17.75000   -97.28908 36.59946    1222.379    1525.963  841.086  285.704   95.360    0.778   10.318 0.00000e+00
  105    17.76667   -97.28538 36.60254    1254.708    1553.384  838.345  285.436   96.760    0.356   10.320 0.00000e+00
  106    17.78333   -97.28159 36.60560    1252.743    1548.019  838.814  285.479   96.593   -0.286   10.325 0.00000e+00
  107    17.80000   -97.27776 36.60870    1216.686    1510.769  842.502  285.838   94.821   -0.765   10.333 0.00000e+00
  108    17.81667   -97.27394 36.61186    1165.243    1458.428  847.726  286.349   92.153   -0.715   10.322 0.00000e+00
  109    17.83333   -97.27006 36.61506    1133.049    1425.857  850.980  286.657   90.609   -0.073   10.316 0.00000e+00
  110    17.85000   -97.26607 36.61831    1142.968    1435.376  850.048  286.542   91.353    0.642   10.335 0.00000e+00
  111    17.86667   -97.26213 36.62152    1190.409    1482.443  845.311  286.063   93.917    1.057   10.353 0.00000e+00
  112    17.88333   -97.25845 36.62469    1250.893    1543.235  839.251  285.484   96.852    0.906   10.351 0.00000e+00
  113    17.90000   -97.25493 36.62780    1294.734    1587.496  834.833  285.072   98.962    0.363   10.346 0.00000e+00
  114    17.91667   -97.25147 36.63089    1303.525    1596.844  833.906  285.012   99.136   -0.258   10.335 0.00000e+00
  115    17.93333   -97.24792 36.63397    1280.949    1574.590  836.143  285.263   97.615   -0.705   10.319 0.00000e+00
  116    17.95000   -97.24429 36.63711    1240.374    1533.684  840.199  285.692   95.155   -0.819   10.298 0.00000e+00
  117    17.96667   -97.24061 36.64035    1201.144    1494.978  844.029  286.082   93.048   -0.616   10.286 0.00000e+00
  118    17.98333   -97.23694 36.64365    1179.134    1474.273  846.119  286.292   91.969   -0.253   10.282 0.00000e+00
  119    18.00000   -97.23329 36.64692    1176.227    1472.232  846.388  286.314   91.905    0.026   10.286 0.00000e+00
  120    18.01667   -97.22971 36.65008    1186.316    1482.161  845.431  286.218   92.327    0.183   10.280 0.00000e+00
  121    18.03333   -97.22622 36.65323    1199.935    1495.219  844.108  286.085   92.926    0.205   10.273 0.00000e+00
  122    18.05000   -97.22285 36.65648    1206.181    1501.942  843.400  286.010   93.296   -0.016   10.272 0.00000e+00
  123    18.06667   -97.21956 36.65986    1192.449    1489.619  844.617  286.126   92.744   -0.410   10.275 0.00000e+00
  124    18.08333   -97.21645 36.66335    1159.960    1458.715  847.736  286.435   91.232   -0.637   10.276 0.00000e+00
  125    18.10000   -97.21353 36.66686    1126.964    1426.659  851.008  286.759   89.659   -0.364   10.276 0.00000e+00
  126    18.11667   -97.21070 36.67034    1117.140    1417.124  851.969  286.866   88.934    0.147   10.254 0.00000e+00
  127    18.13333   -97.20782 36.67379    1133.206    1433.458  850.334  286.698   89.838    0.459   10.264 0.00000e+00
  128    18.15000   -97.20478 36.67725    1167.927    1468.590  846.786  286.366   91.490    0.642   10.270 0.00000e+00
  129    18.16667   -97.20161 36.68073    1208.414    1509.576  842.675  285.937   93.783    0.567   10.285 0.00000e+00
  130    18.18333   -97.19832 36.68429    1235.517    1537.076  839.929  285.647   95.222    0.168   10.278 0.00000e+00
  131    18.20000   -97.19498 36.68792    1233.637    1535.614  840.069  285.651   95.146   -0.382   10.271 0.00000e+00
  132    18.21667   -97.19179 36.69151    1203.647    1506.708  842.964  285.933   93.662   -0.707   10.266 0.00000e+00
  133    18.23333   -97.18885 36.69496    1169.784    1473.964  846.269  286.262   91.897   -0.482   10.252 0.00000e+00
  134    18.25000   -97.18617 36.69829    1154.577    1459.770  847.707  286.409   91.096   -0.070   10.244 0.00000e+00
  135    18.26667   -97.18362 36.70155    1162.216    1468.120  846.872  286.309   91.835    0.256   10.270 0.00000e+00
  136    18.28333   -97.18112 36.70477    1186.015    1492.617  844.406  286.072   93.011    0.415   10.270 0.00000e+00
  137    18.30000   -97.17854 36.70799    1216.064    1523.690  841.308  285.765   94.591    0.448   10.273 0.00000e+00
  138    18.31667   -97.17589 36.71120    1242.001    1550.050  838.692  285.511   95.898    0.350   10.274 0.00000e+00
  139    18.33333   -97.17313 36.71441    1256.205    1564.242  837.289  285.360   96.770    0.155   10.281 0.00000e+00
  140    18.35000   -97.17030 36.71760    1254.597    1562.746  837.429  285.357   96.891   -0.078   10.291 0.00000e+00
  141    18.36667   -97.16740 36.72077    1238.547    1547.792  838.861  285.479   96.396   -0.245   10.303 0.00000e+00
  142    18.38333   -97.16451 36.72392    1217.404    1528.760  840.754  285.656   95.508   -0.290   10.306 0.00000e+00
  143    18.40000   -97.16171 36.72707    1194.950    1508.977  842.756  285.846   94.615   -0.281   10.313 0.00000e+00
  144    18.41667   -97.15906 36.73020    1174.879    1490.942  844.610  286.019   93.753   -0.240   10.314 0.00000e+00
  145    18.43333   -97.15652 36.73328    1160.682    1478.298  845.840  286.146   93.024   -0.187   10.304 0.00000e+00
  146    18.45000   -97.15403 36.73632    1153.776    1473.364  846.384  286.203   92.685   -0.082   10.298 0.00000e+00
  147    18.46667   -97.15151 36.73930    1157.527    1476.715  846.236  286.198   92.654    0.130   10.294 0.00000e+00
  148    18.48333   -97.14894 36.74224    1170.799    1486.508  845.251  286.119   93.026    0.201   10.293 0.00000e+00
  149    18.50000   -97.14625 36.74522    1179.396    1491.977  844.655  286.090   93.025   -0.048   10.281 0.00000e+00
  150    18.51667   -97.14349 36.74820    1162.989    1474.336  846.278  286.297   91.809   -0.674   10.265 0.00000e+00
  151    18.53333   -97.14072 36.75108    1108.650    1421.135  851.619  286.817   87.988   -1.311   10.116 0.00000e+00
  152    18.55000   -97.13818 36.75403    1018.208    1332.249  860.602  287.578   85.656   -1.605   10.241 0.00000e+00
  153    18.56667   -97.13596 36.75718     920.058    1235.116  870.621  288.456   83.229   -1.506   10.413 0.00000e+00
  154    18.58333   -97.13416 36.76041     836.102    1151.067  879.337  289.197   80.679   -1.328   10.482 0.00000e+00
  155    18.60000   -97.13266 36.76350     770.216    1085.426  886.093  289.782   78.558   -0.880   10.516 0.00000e+00
  156    18.61667   -97.13129 36.76635     721.588    1037.753  890.993  290.146   78.221   -0.531   10.658 0.00000e+00
  157    18.63333   -97.12999 36.76902     684.480    1001.853  894.743  290.411   78.046   -0.330   10.770 0.00000e+00
  158    18.65000   -97.12865 36.77155     654.017     972.835  897.751  290.665   77.182   -0.236   10.789 0.00000e+00
  159    18.66667   -97.12726 36.77401     626.243     946.349  900.534  290.909   75.964   -0.526   10.751 0.00000e+00
  160    18.68333   -97.12589 36.77637     605.082     926.339  902.667  291.031   76.933   -0.071   10.946 0.00000e+00
  161    18.70000   -97.12454 36.77865     601.637     923.751  902.973  290.964   79.064    0.354   11.198 0.00000e+00
  162    18.71667   -97.12325 36.78086     604.960     927.779  902.547  290.820   81.424    0.345   11.433 0.00000e+00
  163    18.73333   -97.12215 36.78301     601.407     925.073  902.847  290.788   82.800    0.068   11.598 0.00000e+00
  164    18.75000   -97.12126 36.78512     590.496     915.051  903.891  290.887   82.441   -0.156   11.607 0.00000e+00
  165    18.76667   -97.12058 36.78716     574.904     900.296  905.467  291.063   81.773   -0.099   11.622 0.00000e+00
  166    18.78333   -97.12005 36.78911     558.561     884.566  907.147  291.241   80.591   -0.127   11.563 0.00000e+00
  167    18.80000   -97.11966 36.79113     540.477     866.958  909.073  291.456   79.350   -0.292   11.516 0.00000e+00
  168    18.81667   -97.11939 36.79334     523.969     850.868  910.784  291.636   78.791   -0.434   11.545 0.00000e+00
  169    18.83333   -97.11913 36.79580     515.166     842.522  911.680  291.699   79.147   -0.330   11.632 0.00000e+00
  170    18.85000   -97.11900 36.79840     517.102     845.136  911.410  291.658   79.775   -0.251   11.697 0.00000e+00
  171    18.86667   -97.11896 36.80122     524.881     853.745  910.520  291.549   80.699   -0.381   11.763 0.00000e+00
  172    18.88333   -97.11890 36.80415     504.816     834.517  912.587  291.780   80.179   -0.806   11.831 0.00000e+00
  173    18.90000   -97.11852 36.80698     442.534     772.453  919.203  292.382   77.943   -1.562   11.860 0.00000e+00
  174    18.91667   -97.11782 36.80960     344.731     674.430  929.680  293.357   74.079   -1.684   11.846 0.00000e+00
  175    18.93333   -97.11694 36.81194     265.427     594.773  938.278  294.174   71.211   -1.063   11.871 0.00000e+00
  176    18.95000   -97.11646 36.81412     214.588     543.665  943.813  295.001   68.918   -0.688   12.021 0.00000e+00
  177    18.96667   -97.11594 36.81607     170.850     498.824  948.669  295.318   67.444   -0.742   11.934 0.00000e+00
  178    18.98333   -97.11511 36.81772     129.868     456.456  953.295  295.779   65.905   -0.378   11.938 0.00000e+00
