    0    16.01667   -97.43874 36.24078      57.266     420.496  957.397  292.742   85.191    0.140   12.725 0.00000e+00
    1    16.03333   -97.43841 36.24324      65.161     426.558  956.760  292.794   85.175    0.407   12.773 0.00000e+00
    2    16.05000   -97.43776 36.24555      80.689     439.970  955.235  292.696   85.679    0.378   12.791 0.00000e+00
    3    16.06667   -97.43685 36.24783      95.307     452.234  953.764  292.529   86.362    0.077   12.778 0.00000e+00
    4    16.08333   -97.43583 36.25022     102.762     458.161  952.958  292.417   86.839   -0.218   12.769 0.00000e+00
    5    16.10000   -97.43492 36.25270     102.007     457.098  952.979  292.409   86.887   -0.199   12.770 0.00000e+00
    6    16.11667   -97.43417 36.25532      99.336     454.071  953.390  292.478   86.620   -0.138   12.780 0.00000e+00
    7    16.13333   -97.43369 36.25800      98.422     451.519  953.742  292.576   86.274   -0.027   12.803 0.00000e+00
    8    16.15000   -97.43352 36.26064     103.893     454.654  953.437  292.636   86.139    0.107   12.835 0.00000e+00
    9    16.16667   -97.43359 36.26300     117.254     465.612  952.224  292.584   86.422    0.303   12.852 0.00000e+00
   10    16.18333   -97.43365 36.26512     146.196     493.576  949.038  292.303   87.578    0.804   12.839 0.00000e+00
   11    16.20000   -97.43332 36.26711     205.046     552.221  942.613  291.744   90.006    1.493   12.826 0.00000e+00
   12    16.21667   -97.43247 36.26936     285.636     633.196  933.774  290.931   93.787    1.803   12.814 0.00000e+00
   13    16.23333   -97.43105 36.27192     366.772     715.497  924.834  290.132   97.623    1.646   12.800 0.00000e+00
   14    16.25000   -97.42919 36.27481     435.363     784.604  917.464  289.551  100.000    1.111   12.745 2.86308e-02
   15    16.26667   -97.42721 36.27789     486.912     835.632  912.039  289.302  100.000    0.686   12.624 1.04470e-01
   16    16.28333   -97.42514 36.28113     517.638     865.996  908.732  289.153  100.000    0.321   12.550 1.50382e-01
   17    16.30000   -97.42310 36.28445     526.461     876.198  907.629  289.104  100.000   -0.045   12.526 1.59115e-01
   18    16.31667   -97.42110 36.28783     515.012     866.769  908.693  289.145  100.000   -0.419   12.544 1.39412e-01
   19    16.33333   -97.41918 36.29123     486.914     836.340  912.253  289.302  100.000   -0.757   12.621 7.78073e-02
   20    16.35000   -97.41737 36.29456     442.855     786.722  917.551  289.677   98.564   -1.092   12.653 3.31389e-05
   21    16.36667   -97.41586 36.29779     391.912     729.681  923.795  290.274   95.350   -1.104   12.630 0.00000e+00
   22    16.38333   -97.41470 36.30096     346.227     676.474  929.500  290.840   92.278   -0.972   12.593 0.00000e+00
   23    16.40000   -97.41376 36.30412     311.602     635.505  933.841  291.286   89.821   -0.775   12.552 0.00000e+00
   24    16.41667   -97.41298 36.30721     283.471     605.219  937.004  291.601   88.187   -0.431   12.529 0.00000e+00
   25    16.43333   -97.41227 36.31023     262.818     583.761  939.395  291.817   87.224   -0.181   12.530 0.00000e+00
   26    16.45000   -97.41168 36.31319     248.923     569.143  940.900  291.942   86.728   -0.196   12.537 0.00000e+00
   27    16.46667   -97.41123 36.31607     237.633     559.540  941.955  292.049   86.148   -0.292   12.523 0.00000e+00
   28    16.48333   -97.41090 36.31887     226.133     549.946  942.983  292.078   86.279   -0.448   12.551 0.00000e+00
   29    16.50000   -97.41063 36.32161     211.993     537.580  944.423  292.196   86.434   -0.520   12.649 0.00000e+00
   30    16.51667   -97.41032 36.32438     202.062     526.672  945.659  292.388   86.267   -0.292   12.760 0.00000e+00
   31    16.53333   -97.40987 36.32721     211.615     534.888  944.799  292.440   86.516    0.404   12.851 0.00000e+00
   32    16.55000   -97.40923 36.33010     238.524     560.186  942.034  292.283   87.157    0.677   12.857 0.00000e+00
   33    16.56667   -97.40849 36.33308     276.012     595.137  938.165  291.929   88.568    0.804   12.830 0.00000e+00
   34    16.58333   -97.40806 36.33606     325.851     642.681  932.976  291.504   90.782    0.799   12.874 0.00000e+00
   35    16.60000   -97.40773 36.33889     376.428     691.140  927.743  291.078   93.076    0.475   12.921 0.00000e+00
   36    16.61667   -97.40726 36.34158     404.978     717.480  924.901  290.824   94.245    0.065   12.914 0.00000e+00
   37    16.63333   -97.40663 36.34420     408.255     718.710  924.755  290.808   93.985   -0.489   12.867 0.00000e+00
   38    16.65000   -97.40598 36.34686     390.551     699.733  926.621  290.991   91.945   -0.582   12.709 0.00000e+00
   39    16.66667   -97.40545 36.34950     358.431     671.003  929.678  291.280   90.326   -0.773   12.674 0.00000e+00
   40    16.68333   -97.40494 36.35213     315.639     632.112  933.856  291.632   88.592   -0.575   12.653 0.00000e+00
   41    16.70000   -97.40440 36.35472     272.738     593.286  938.088  291.980   86.816   -0.570   12.618 0.00000e+00
   42    16.71667   -97.40383 36.35730     225.628     549.250  942.952  292.388   85.066   -0.764   12.620 0.00000e+00
   43    16.73333   -97.40324 36.35981     177.758     504.083  947.931  292.816   83.337   -0.819   12.632 0.00000e+00
   44    16.75000   -97.40260 36.36229     133.536     462.153  952.659  293.224   81.816   -0.734   12.658 0.00000e+00
   45    16.76667   -97.40202 36.36477     100.405     429.894  956.308  293.563   80.565   -0.539   12.683 0.00000e+00
   46    16.78333   -97.40154 36.36728      78.612     408.188  958.640  293.805   79.797   -0.317   12.721 0.00000e+00
   47    16.80000   -97.40118 36.36977      70.213     400.012  959.530  293.986   79.192   -0.143   12.756 0.00000e+00
   48    16.81667   -97.40092 36.37212      70.756     400.344  959.598  294.086   78.757    0.024   12.764 0.00000e+00
   49    16.83333   -97.40074 36.37440      78.736     406.236  958.955  294.042   78.812    0.211   12.747 0.00000e+00
   50    16.85000   -97.40059 36.37662     100.954     426.336  956.741  293.875   79.558    0.577   12.764 0.00000e+00
   51    16.86667   -97.40030 36.37878     133.556     456.779  953.382  293.582   80.935    0.416   12.796 0.00000e+00
   52    16.88333   -97.39995 36.38102     143.686     465.075  952.425  293.457   81.348   -0.253   12.774 0.00000e+00
   53    16.90000   -97.39980 36.38344     126.868     447.110  954.419  293.598   80.455   -0.520   12.719 0.00000e+00
   54    16.91667   -97.39996 36.38589     115.599     434.872  955.747  293.704   80.006   -0.039   12.714 0.00000e+00
   55    16.93333   -97.40013 36.38815     130.796     449.197  954.156  293.580   80.591    0.456   12.729 0.00000e+00
   56    16.95000   -97.40005 36.39020     164.503     482.031  950.516  293.288   81.962    0.404   12.761 0.00000e+00
   57    16.96667   -97.39970 36.39219     185.306     501.868  948.332  293.113   82.799   -0.166   12.781 0.00000e+00
   58    16.98333   -97.39935 36.39424     173.427     489.043  949.730  293.236   82.291   -0.669   12.782 0.00000e+00
   59    17.00000   -97.39931 36.39642     143.249     458.068  953.146  293.533   81.016   -0.536   12.773 0.00000e+00
   60    17.01667   -97.39957 36.39864     129.129     443.574  954.746  293.724   80.224   -0.075   12.778 0.00000e+00
   61    17.03333   -97.39988 36.40081     143.176     457.378  953.230  293.708   80.449    0.406   12.822 0.00000e+00
   62    17.05000   -97.40007 36.40293     185.665     499.610  948.578  293.340   81.942    0.744   12.826 0.00000e+00
   63    17.06667   -97.40001 36.40511     241.781     555.318  942.501  292.791   84.165    0.619   12.812 0.00000e+00
   64    17.08333   -97.39960 36.40745     284.663     597.467  937.853  292.379   85.901    0.244   12.806 0.00000e+00
   65    17.10000   -97.39872 36.40987     303.264     615.384  935.880  292.213   86.605   -0.149   12.804 0.00000e+00
   66    17.11667   -97.39755 36.41230     298.851     610.598  936.365  292.257   86.418   -0.400   12.805 0.00000e+00
   67    17.13333   -97.39626 36.41484     279.937     591.805  938.395  292.438   85.535   -0.640   12.791 0.00000e+00
   68    17.15000   -97.39507 36.41747     248.574     560.809  941.795  292.736   84.092   -0.708   12.766 0.00000e+00
   69    17.16667   -97.39407 36.42020     216.507     528.982  945.281  293.043   82.713   -0.608   12.753 0.00000e+00
   70    17.18333   -97.39322 36.42301     190.820     502.640  948.278  293.306   81.617   -0.431   12.752 0.00000e+00
   71    17.20000   -97.39251 36.42590     171.386     481.883  950.431  293.507   80.544   -0.175   12.714 0.00000e+00
   72    17.21667   -97.39188 36.42889     158.326     467.988  951.935  293.645   79.745   -0.063   12.677 0.00000e+00
   73    17.23333   -97.39132 36.43200     150.863     459.004  952.962  293.755   79.105    0.021   12.648 0.00000e+00
   74    17.25000   -97.39086 36.43514     142.762     448.671  954.114  293.864   78.572   -0.041   12.633 0.00000e+00
   75    17.26667   -97.39059 36.43825     140.866     444.569  954.531  293.968   78.163    0.018   12.643 0.00000e+00
   76    17.28333   -97.39031 36.44118     144.899     449.569  953.963  293.991   78.075    0.135   12.654 0.00000e+00
   77    17.30000   -97.38998 36.44391     154.591     460.286  952.819  293.935   78.286    0.156   12.660 0.00000e+00
   78    17.31667   -97.38948 36.44658     162.370     468.893  951.852  293.973   78.212    0.256   12.690 0.00000e+00
   79    17.33333   -97.38867 36.44920     205.710     513.902  946.864  293.682   79.438    1.344   12.726 0.00000e+00
   80    17.35000   -97.38771 36.45174     296.243     606.359  936.788  292.716   83.139    1.401   12.674 0.00000e+00
   81    17.36667   -97.38654 36.45439     386.470     698.716  926.906  291.810   86.814    1.227   12.635 0.00000e+00
   82    17.38333   -97.38496 36.45708     466.961     776.981  918.600  291.074   89.474    1.335   12.542 0.00000e+00
   83    17.40000   -97.38283 36.45982     536.683     843.513  911.405  290.470   91.186    1.077   12.398 0.00000e+00
   84    17.41667   -97.38031 36.46262     582.356     887.368  906.692  290.062   92.971    0.577   12.380 0.00000e+00
   85    17.43333   -97.37772 36.46547     593.071     895.432  905.964  289.992   93.341    0.098   12.384 0.00000e+00
   86    17.45000   -97.37533 36.46843     582.845     881.001  907.493  290.124   92.709   -0.071   12.383 0.00000e+00
   87    17.46667   -97.37316 36.47148     566.772     860.919  909.587  290.303   91.698   -0.099   12.361 0.00000e+00
   88    17.48333   -97.37119 36.47457     547.269     839.132  911.841  290.525   89.953   -0.218   12.267 0.00000e+00
   89    17.50000   -97.36940 36.47765     523.368     813.508  914.604  290.791   88.336   -0.430   12.215 0.00000e+00
   90    17.51667   -97.36782 36.48068     491.264     780.645  918.058  291.105   86.924   -0.611   12.216 0.00000e+00
   91    17.53333   -97.36644 36.48357     453.587     744.546  921.883  291.464   85.372   -0.588   12.223 0.00000e+00
   92    17.55000   -97.36521 36.48636     417.445     709.837  925.571  291.810   83.768   -0.466   12.209 0.00000e+00
   93    17.56667   -97.36412 36.48909     386.572     680.023  928.870  292.113   82.496   -0.310   12.212 0.00000e+00
   94    17.58333   -97.36321 36.49183     366.234     659.967  931.011  292.306   81.817   -0.159   12.231 0.00000e+00
   95    17.60000   -97.36244 36.49460     357.180     651.161  931.972  292.384   81.741   -0.046   12.267 0.00000e+00
   96    17.61667   -97.36176 36.49739     355.145     649.767  932.065  292.387   81.902    0.066   12.292 0.00000e+00
   97    17.63333   -97.36107 36.50011     360.799     657.243  931.266  292.307   82.464    0.131   12.325 0.00000e+00
   98    17.65000   -97.36030 36.50262     370.987     669.025  930.013  292.198   82.990    0.215   12.336 0.00000e+00
   99    17.66667   -97.35936 36.50490     383.105     682.296  928.596  292.086   83.606    0.017   12.359 0.00000e+00
  100    17.68333   -97.35831 36.50699     385.040     684.716  928.333  292.103   83.635   -0.232   12.380 0.00000e+00
  101    17.70000   -97.35744 36.50912     376.249     676.171  929.269  292.224   83.334   -0.199   12.417 0.00000e+00
  102    17.71667   -97.35688 36.51137     375.343     675.525  929.333  292.222   83.194    0.308   12.394 0.00000e+00
  103    17.73333   -97.35625 36.51368     403.374     703.531  926.385  291.947   84.213    0.961   12.370 0.00000e+00
  104    17.75000   -97.35524 36.51596     452.742     752.193  921.137  291.495   86.170    1.304   12.371 0.00000e+00
  105    17.76667   -97.35383 36.51823     512.536     811.290  914.754  290.937   88.723    1.694   12.382 0.00000e+00
  106    17.78333   -97.35185 36.52052     584.872     883.189  907.074  290.259   92.152    1.447   12.421 0.00000e+00
  107    17.80000   -97.34934 36.52273     636.889     934.815  901.592  289.765   94.646    0.569   12.436 0.00000e+00
  108    17.81667   -97.34707 36.52480     656.916     954.687  899.481  289.617   95.057    0.214   12.402 0.00000e+00
  109    17.83333   -97.34518 36.52674     675.996     973.948  897.471  289.457   95.581    0.461   12.371 0.00000e+00
  110    17.85000   -97.34367 36.52858     717.323    1015.813  893.015  289.097   96.659    0.949   12.285 0.00000e+00
  111    17.86667   -97.34266 36.53049     775.600    1074.938  886.802  288.552   99.039    0.835   12.238 5.32082e-03
  112    17.88333   -97.34210 36.53267     823.423    1124.251  881.714  288.210  100.000    0.401   12.172 4.90518e-02
  113    17.90000   -97.34153 36.53510     842.326    1144.674  879.628  288.114  100.000    0.099   12.129 7.87162e-02
  114    17.91667   -97.34057 36.53765     833.350    1136.967  880.456  288.174   99.977    0.019   12.143 5.20261e-02
  115    17.93333   -97.33927 36.54042     809.217    1113.698  882.888  288.319   99.539   -0.089   12.170 4.37302e-03
  116    17.95000   -97.33781 36.54357     790.343    1095.953  884.752  288.543   97.818   -0.365   12.109 0.00000e+00
  117    17.96667   -97.33617 36.54699     780.307    1087.481  885.573  288.677   96.654   -0.294   12.058 0.00000e+00
  118    17.98333   -97.33424 36.55033     769.357    1078.308  886.521  288.807   95.681   -0.371   12.024 0.00000e+00
  119    18.00000   -97.33191 36.55355     762.130    1073.292  887.042  288.899   94.650    0.023   11.958 0.00000e+00
  120    18.01667   -97.32935 36.55651     769.946    1082.967  886.101  288.805   95.211    0.513   11.969 0.00000e+00
  121    18.03333   -97.32718 36.55914     795.623    1110.171  883.187  288.529   96.489    0.578   11.955 0.00000e+00
  122    18.05000   -97.32549 36.56150     823.037    1140.045  879.991  288.177   99.109    0.394   12.046 7.74035e-04
  123    18.06667   -97.32405 36.56388     843.441    1162.917  877.699  288.122   98.217    0.319   11.927 1.26112e-02
  124    18.08333   -97.32270 36.56635     869.704    1190.060  874.910  288.000   97.582    0.550   11.794 1.56255e-02
  125    18.10000   -97.32120 36.56887     914.155    1235.753  870.212  287.641   99.169    1.156   11.773 5.18461e-02
  126    18.11667   -97.31933 36.57136     993.303    1316.367  862.112  287.547  100.000    2.238   11.929 3.42691e-01
  127    18.13333   -97.31657 36.57410    1100.796    1421.419  851.558  287.214  100.000    2.371   11.821 6.16422e-01
  128    18.15000   -97.31302 36.57741    1177.799    1494.516  844.185  286.580  100.000    0.734   11.441 6.01540e-01
  129    18.16667   -97.30963 36.58098    1190.756    1504.907  842.981  286.323  100.000   -0.499   11.266 3.91613e-01
  130    18.18333   -97.30667 36.58442    1158.812    1474.447  846.037  286.350  100.000   -0.886   11.226 9.94906e-02
  131    18.20000   -97.30399 36.58775    1123.327    1440.458  849.502  286.691   95.473   -0.663   10.914 0.00000e+00
  132    18.21667   -97.30150 36.59111    1116.045    1432.183  850.464  286.980   90.809   -0.087   10.567 0.00000e+00
  133    18.23333   -97.29923 36.59465    1147.095    1459.504  847.769  286.927   88.012    0.584   10.238 0.00000e+00
  134    18.25000   -97.29723 36.59832    1206.615    1513.911  842.326  286.440   89.807    1.237   10.185 0.00000e+00
  135    18.26667   -97.29536 36.60195    1285.443    1587.721  835.005  285.569   95.773    1.832   10.346 5.02254e-05
  136    18.28333   -97.29362 36.60569    1377.232    1674.696  826.321  284.806  100.000    1.766   10.397 7.56419e-02
  137    18.30000   -97.29191 36.60964    1457.339    1752.656  818.685  284.514  100.000    1.281   10.293 2.57624e-01
  138    18.31667   -97.28998 36.61358    1513.408    1806.898  813.338  284.225  100.000    0.671   10.151 2.89160e-01
  139    18.33333   -97.28763 36.61741    1547.215    1840.782  810.049  283.935   99.976    0.212    9.987 2.17390e-01
  140    18.35000   -97.28495 36.62109    1573.335    1867.114  807.511  283.734  100.000   -0.118    9.889 2.00716e-01
  141    18.36667   -97.28208 36.62458    1605.755    1899.768  804.313  283.657  100.000    0.046    9.896 3.16208e-01
  142    18.38333   -97.27936 36.62782    1636.514    1931.034  801.302  283.659  100.000    0.587    9.935 5.03031e-01
  143    18.40000   -97.27713 36.63099    1655.987    1950.604  799.542  283.564  100.000    0.484    9.895 5.51873e-01
  144    18.41667   -97.27518 36.63427    1656.697    1950.521  799.518  283.517  100.000   -0.134    9.864 5.47192e-01
  145    18.43333   -97.27337 36.63765    1643.832    1937.414  800.767  283.543  100.000   -0.223    9.866 5.32424e-01
  146    18.45000   -97.27174 36.64117    1639.595    1933.428  801.155  283.583   99.120    0.384    9.779 4.28556e-01
  147    18.46667   -97.26994 36.64484    1641.037    1935.025  801.018  283.554   98.475    0.614    9.699 2.07578e-01
  148    18.48333   -97.26784 36.64857    1627.622    1923.602  802.016  283.754   96.162    0.623    9.586 2.36131e-01
  149    18.50000   -97.26564 36.65223    1626.212    1925.071  801.940  283.622   98.726    0.566    9.756 2.19276e-01
  150    18.51667   -97.26324 36.65583    1645.305    1945.255  800.098  283.378   99.086    0.542    9.655 1.12924e-01
  151    18.53333   -97.26050 36.65944    1672.598    1971.308  797.584  283.187   97.836    0.396    9.441 5.66267e-02
  152    18.55000   -97.25743 36.66310    1692.439    1990.066  795.807  283.097   95.605    0.206    9.191 2.47704e-02
  153    18.56667   -97.25420 36.66681    1698.327    1994.941  795.377  283.045   95.466    0.003    9.150 3.37143e-02
  154    18.58333   -97.25089 36.67053    1688.133    1983.699  796.418  282.983   96.785   -0.197    9.226 9.45469e-03
  155    18.60000   -97.24767 36.67418    1664.275    1959.004  798.778  283.147   96.358   -0.538    9.260 4.49466e-04
  156    18.61667   -97.24440 36.67770    1636.109    1930.213  801.514  283.454   94.199   -0.429    9.209 0.00000e+00
  157    18.63333   -97.24108 36.68111    1604.868    1899.366  804.452  283.884   89.304   -0.539    8.953 0.00000e+00
  158    18.65000   -97.23787 36.68445    1572.538    1867.449  807.562  284.148   87.595   -0.207    8.904 0.00000e+00
  159    18.66667   -97.23475 36.68781    1554.532    1849.548  809.338  284.222   88.232    0.633    8.993 0.00000e+00
  160    18.68333   -97.23178 36.69130    1561.678    1857.030  808.587  284.057   90.165    1.044    9.098 0.00000e+00
  161    18.70000   -97.22897 36.69501    1589.952    1885.748  805.852  283.705   92.973    1.093    9.194 0.00000e+00
  162    18.71667   -97.22628 36.69883    1624.305    1920.561  802.495  283.391   94.235    0.832    9.163 0.00000e+00
  163    18.73333   -97.22353 36.70267    1655.509    1952.225  799.436  283.145   94.725    0.595    9.094 0.00000e+00
  164    18.75000   -97.22066 36.70654    1676.587    1973.764  797.377  282.980   95.046    0.339    9.047 0.00000e+00
  165    18.76667   -97.21770 36.71048    1680.470    1978.203  796.942  282.956   94.995    0.033    9.033 0.00000e+00
  166    18.78333   -97.21474 36.71450    1671.084    1969.319  797.814  282.990   95.697   -0.143    9.110 0.00000e+00
  167    18.80000   -97.21190 36.71860    1655.222    1954.977  799.121  283.049   96.618   -0.128    9.219 0.00000e+00
  168    18.81667   -97.20922 36.72276    1636.397    1938.431  800.740  283.170   96.685   -0.206    9.282 0.00000e+00
  169    18.83333   -97.20673 36.72699    1616.663    1919.443  802.625  283.354   95.605   -0.201    9.271 0.00000e+00
  170    18.85000   -97.20457 36.73134    1602.869    1905.596  803.936  283.502   94.385   -0.111    9.229 0.00000e+00
  171    18.86667   -97.20265 36.73572    1594.189    1897.273  804.743  283.573   94.275   -0.220    9.254 0.00000e+00
  172    18.88333   -97.20081 36.74011    1588.426    1891.532  805.297  283.634   94.381   -0.260    9.295 0.00000e+00
  173    18.90000   -97.19891 36.74441    1577.897    1881.013  806.352  283.839   92.720   -0.299    9.246 0.00000e+00
  174    18.91667   -97.19688 36.74860    1567.931    1871.780  807.191  284.019   90.928   -0.308    9.168 0.00000e+00
  175    18.93333   -97.19489 36.75275    1544.598    1849.960  809.314  284.204   88.249   -0.640    8.984 0.00000e+00
  176    18.95000   -97.19267 36.75677    1537.140    1843.824  809.950  284.100   92.048   -0.251    9.299 0.00000e+00
  177    18.96667   -97.19031 36.76059    1566.423    1874.054  807.045  283.723   95.337    0.532    9.425 1.23468e-02
  178    18.98333   -97.18794 36.76437    1614.839    1922.520  802.396  283.257   97.932    1.142    9.438 3.10001e-02
