    0    16.01667   -97.40270 36.21192      76.047     435.731  955.636  292.778   84.846   -0.335   12.726 0.00000e+00
    1    16.03333   -97.40274 36.21597      60.877     420.773  957.236  292.951   84.255   -0.125   12.753 0.00000e+00
    2    16.05000   -97.40294 36.21999      52.971     414.318  957.979  293.041   84.043   -0.081   12.784 0.00000e+00
    3    16.06667   -97.40315 36.22398      42.036     405.145  959.004  293.146   83.667   -0.262   12.796 0.00000e+00
    4    16.08333   -97.40332 36.22783      28.989     393.916  960.234  293.294   83.095   -0.177   12.811 0.00000e+00
    5    16.10000   -97.40363 36.23132      23.216     388.277  960.930  293.441   82.573   -0.019   12.838 0.00000e+00
    6    16.11667   -97.40406 36.23455      22.164     384.862  961.258  293.575   82.136    0.067   12.872 0.00000e+00
    7    16.13333   -97.40453 36.23768      23.475     383.801  961.421  293.669   81.852    0.058   12.901 0.00000e+00
    8    16.15000   -97.40499 36.24062      27.083     385.215  961.251  293.710   81.775    0.079   12.925 0.00000e+00
    9    16.16667   -97.40540 36.24359      36.182     392.131  960.464  293.629   82.108    0.173   12.922 0.00000e+00
   10    16.18333   -97.40558 36.24657      51.022     404.824  959.089  293.451   82.749    0.293   12.898 0.00000e+00
   11    16.20000   -97.40537 36.24973      69.348     421.091  957.320  293.254   83.484    0.403   12.877 0.00000e+00
   12    16.21667   -97.40492 36.25300      93.695     442.961  954.950  292.992   84.459    0.524   12.848 0.00000e+00
   13    16.23333   -97.40424 36.25639     120.792     467.941  952.047  292.690   85.568    0.578   12.812 0.00000e+00
   14    16.25000   -97.40338 36.25981     152.925     499.876  948.465  292.371   86.968    0.686   12.812 0.00000e+00
   15    16.26667   -97.40224 36.26326     190.694     537.737  944.324  292.008   88.586    0.733   12.812 0.00000e+00
   16    16.28333   -97.40078 36.26675     227.369     573.268  940.527  291.671   90.054    0.547   12.802 0.00000e+00
   17    16.30000   -97.39896 36.27028     250.999     594.062  938.366  291.486   90.685    0.140   12.771 0.00000e+00
   18    16.31667   -97.39692 36.27380     253.900     591.544  938.691  291.511   90.398   -0.361   12.746 0.00000e+00
   19    16.33333   -97.39489 36.27731     238.083     570.359  940.809  291.707   89.296   -0.600   12.719 0.00000e+00
   20    16.35000   -97.39311 36.28079     204.788     535.339  944.521  292.041   87.698   -0.887   12.708 0.00000e+00
   21    16.36667   -97.39171 36.28425     149.249     479.754  950.660  292.562   85.364   -1.070   12.698 0.00000e+00
   22    16.38333   -97.39071 36.28762      85.884     415.583  957.778  293.231   82.598   -0.881   12.716 0.00000e+00
   23    16.40000   -97.39002 36.29084      44.484     372.298  962.620  293.618   80.902   -0.688   12.695 0.00000e+00
   24    16.41667   -97.38939 36.29399      18.111     343.547  965.890  294.099   79.243   -0.244   12.769 0.00000e+00
   25    16.43333   -97.38885 36.29667       8.007     331.175  967.165  294.414   78.044   -0.097   12.807 0.00000e+00
   26    16.45000   -97.38860 36.29917       3.221     324.912  967.756  294.598   77.218   -0.028   12.809 0.00000e+00
   27    16.46667   -97.38876 36.30156       2.015     322.216  968.022  294.717   76.756   -0.013   12.823 0.00000e+00
   28    16.48333   -97.38922 36.30392       1.081     319.712  968.266  294.865   76.293   -0.004   12.859 0.00000e+00
   29    16.50000   -97.38989 36.30622       1.009     317.955  968.512  295.112   75.418    0.002   12.903 0.00000e+00
   30    16.51667   -97.39060 36.30836       1.361     316.860  968.609  295.147   75.511    0.001   12.946 0.00000e+00
   31    16.53333   -97.39127 36.31024       0.961     315.406  968.786  295.285   75.262    0.001   13.012 0.00000e+00
   32    16.55000   -97.39178 36.31197       1.431     315.061  968.840  295.353   75.210   -0.001   13.056 0.00000e+00
   33    16.56667   -97.39227 36.31370       0.786     314.108  968.870  295.367   75.118    0.001   13.051 0.00000e+00
   34    16.58333   -97.39262 36.31532       1.165     315.207  968.780  295.389   75.185    0.006   13.082 0.00000e+00
   35    16.60000   -97.39272 36.31678       1.635     316.343  968.668  295.417   75.242    0.012   13.116 0.00000e+00
   36    16.61667   -97.39262 36.31819       2.306     317.498  968.561  295.507   74.898    0.016   13.130 0.00000e+00
   37    16.63333   -97.39236 36.31960       3.029     318.529  968.463  295.607   74.547    0.017   13.150 0.00000e+00
   38    16.65000   -97.39198 36.32094       4.142     319.700  968.384  295.715   74.358    0.021   13.205 0.00000e+00
   39    16.66667   -97.39140 36.32225       5.435     320.501  968.340  295.609   74.497    0.024   13.144 0.00000e+00
   40    16.68333   -97.39066 36.32355       6.771     320.977  968.292  295.584   74.528    0.010   13.131 0.00000e+00
   41    16.70000   -97.38979 36.32484       7.507     320.796  968.353  295.617   74.372    0.009   13.129 0.00000e+00
   42    16.71667   -97.38876 36.32601       8.252     320.608  968.315  295.612   74.438    0.023   13.137 0.00000e+00
   43    16.73333   -97.38765 36.32710      10.613     322.047  968.177  295.513   74.774    0.075   13.118 0.00000e+00
   44    16.75000   -97.38657 36.32820      16.658     327.588  967.510  295.390   75.135    0.150   13.091 0.00000e+00
   45    16.76667   -97.38577 36.32952      32.082     343.003  965.832  295.179   75.819    0.363   13.062 0.00000e+00
   46    16.78333   -97.38516 36.33119      59.133     369.545  962.908  294.887   76.917    0.662   13.055 0.00000e+00
   47    16.80000   -97.38487 36.33313     117.725     427.147  956.577  294.271   79.185    1.444   13.023 0.00000e+00
   48    16.81667   -97.38495 36.33538     223.285     531.598  945.051  293.223   83.367    2.681   13.003 0.00000e+00
   49    16.83333   -97.38526 36.33771     366.539     673.756  929.550  291.667   89.888    2.894   12.927 0.00000e+00
   50    16.85000   -97.38543 36.34000     511.735     819.437  913.821  290.200   96.604    2.350   12.876 0.00000e+00
   51    16.86667   -97.38516 36.34224     644.236     953.084  899.622  289.216  100.000    2.582   12.729 1.23556e-01
   52    16.88333   -97.38434 36.34468     774.767    1084.911  885.767  288.594  100.000    3.147   12.422 3.94876e-01
   53    16.90000   -97.38264 36.34747     894.207    1206.590  873.104  287.967  100.000    3.112   12.103 6.15131e-01
   54    16.91667   -97.38038 36.35065     993.196    1310.179  862.492  287.407  100.000    2.206   11.816 7.45194e-01
   55    16.93333   -97.37769 36.35420    1049.506    1372.139  856.298  287.061  100.000    1.238   11.637 7.96670e-01
   56    16.95000   -97.37451 36.35803    1073.473    1397.153  853.842  286.844  100.000    0.469   11.506 7.44265e-01
   57    16.96667   -97.37106 36.36206    1082.430    1405.780  852.969  286.713  100.000    0.216   11.421 6.54227e-01
   58    16.98333   -97.36758 36.36626    1101.358    1424.873  850.992  286.548  100.000    0.418   11.324 5.83523e-01
   59    17.00000   -97.36416 36.37065    1144.339    1469.491  846.455  286.324  100.000    0.746   11.219 6.30711e-01
   60    17.01667   -97.36089 36.37510    1206.773    1534.340  839.920  285.906  100.000    0.810   11.001 6.19021e-01
   61    17.03333   -97.35767 36.37951    1269.085    1600.114  833.439  285.524  100.000    0.653   10.811 6.62252e-01
   62    17.05000   -97.35435 36.38381    1310.422    1639.857  829.605  285.379  100.000    0.364   10.758 7.68406e-01
   63    17.06667   -97.35083 36.38802    1301.151    1628.499  830.727  285.417  100.000   -0.373   10.771 7.16251e-01
   64    17.08333   -97.34708 36.39212    1237.213    1562.275  837.264  285.648  100.000   -0.876   10.850 5.07512e-01
   65    17.10000   -97.34313 36.39610    1151.862    1475.410  845.971  285.984  100.000   -0.677   10.978 2.26416e-01
   66    17.11667   -97.33908 36.40002    1091.769    1413.051  852.221  286.202   99.864   -0.113   11.019 2.67534e-02
   67    17.13333   -97.33502 36.40394    1078.670    1397.917  853.818  286.286  100.000    0.865   11.084 4.08341e-02
   68    17.15000   -97.33094 36.40778    1127.446    1440.589  849.594  286.235  100.000    1.692   11.110 2.35533e-01
   69    17.16667   -97.32693 36.41146    1204.953    1511.766  842.350  285.933  100.000    1.807   10.987 4.18861e-01
   70    17.18333   -97.32307 36.41499    1273.439    1578.781  835.644  285.614  100.000    1.514   10.846 5.67497e-01
   71    17.20000   -97.31929 36.41847    1321.198    1625.589  831.020  285.391  100.000    1.201   10.747 6.73360e-01
   72    17.21667   -97.31561 36.42198    1341.947    1645.271  829.051  285.296  100.000    0.836   10.705 7.06014e-01
   73    17.23333   -97.31208 36.42559    1334.243    1637.851  829.773  285.311  100.000    0.481   10.707 6.57765e-01
   74    17.25000   -97.30883 36.42934    1310.940    1613.399  832.281  285.382  100.000    0.159   10.725 5.30489e-01
   75    17.26667   -97.30581 36.43321    1283.775    1581.121  835.522  285.498  100.000    0.032   10.765 3.90034e-01
   76    17.28333   -97.30276 36.43713    1269.917    1561.391  837.428  285.528  100.000    0.226   10.762 2.67329e-01
   77    17.30000   -97.29955 36.44095    1282.779    1571.342  836.428  285.367  100.000    0.627   10.660 1.71960e-01
   78    17.31667   -97.29616 36.44461    1321.334    1606.627  832.981  285.111  100.000    0.854   10.524 1.25512e-01
   79    17.33333   -97.29265 36.44823    1361.656    1643.638  829.237  284.895  100.000    0.616   10.422 1.45661e-01
   80    17.35000   -97.28900 36.45187    1380.379    1660.949  827.512  284.807  100.000    0.208   10.383 1.62364e-01
   81    17.36667   -97.28532 36.45557    1371.698    1652.123  828.313  284.850  100.000   -0.340   10.404 1.53237e-01
   82    17.38333   -97.28167 36.45934    1338.811    1621.088  831.406  285.005  100.000   -0.672   10.471 1.09294e-01
   83    17.40000   -97.27806 36.46313    1301.349    1584.418  835.023  285.199   99.992   -0.577   10.540 6.20314e-02
   84    17.41667   -97.27448 36.46688    1283.833    1568.832  836.577  285.276   99.868   -0.065   10.561 3.03364e-02
   85    17.43333   -97.27091 36.47048    1303.057    1589.004  834.615  285.132  100.000    0.482   10.509 4.06801e-02
   86    17.45000   -97.26741 36.47396    1346.174    1633.631  830.157  284.886  100.000    0.672   10.404 1.05691e-01
   87    17.46667   -97.26392 36.47739    1388.119    1677.290  825.872  284.669  100.000    0.496   10.309 1.79644e-01
   88    17.48333   -97.26036 36.48087    1408.451    1698.871  823.750  284.559  100.000    0.001   10.261 2.18053e-01
   89    17.50000   -97.25670 36.48446    1394.428    1687.137  824.890  284.600  100.000   -0.632   10.275 1.88905e-01
   90    17.51667   -97.25294 36.48810    1348.703    1644.404  829.128  284.779  100.000   -1.140   10.344 8.49771e-02
   91    17.53333   -97.24911 36.49176    1286.955    1583.262  835.235  285.180   98.802   -1.130   10.399 2.94750e-03
   92    17.55000   -97.24527 36.49535    1238.200    1533.378  840.270  285.646   96.338   -0.461   10.394 0.00000e+00
   93    17.56667   -97.24150 36.49886    1233.916    1526.772  840.933  285.708   95.935    0.578   10.385 0.00000e+00
   94    17.58333   -97.23785 36.50236    1278.793    1570.414  836.526  285.270   98.211    1.273   10.382 6.42610e-05
   95    17.60000   -97.23434 36.50593    1344.627    1638.378  829.675  284.760  100.000    1.311   10.323 6.85880e-02
   96    17.61667   -97.23092 36.50958    1402.348    1700.948  823.519  284.469  100.000    1.014   10.202 1.85313e-01
   97    17.63333   -97.22747 36.51334    1440.554    1743.148  819.501  284.274  100.000    0.656   10.119 2.64644e-01
   98    17.65000   -97.22401 36.51719    1463.379    1763.638  817.573  284.181  100.000    0.356   10.081 3.03927e-01
   99    17.66667   -97.22053 36.52105    1469.649    1765.722  817.336  284.177  100.000    0.088   10.081 3.14573e-01
  100    17.68333   -97.21709 36.52489    1459.385    1754.394  818.328  284.236  100.000   -0.167   10.109 3.07649e-01
  101    17.70000   -97.21372 36.52867    1438.211    1734.417  820.267  284.342  100.000   -0.253   10.157 2.78164e-01
  102    17.71667   -97.21044 36.53242    1412.107    1710.609  822.671  284.436  100.000   -0.307   10.191 1.76623e-01
  103    17.73333   -97.20721 36.53624    1386.382    1685.890  825.164  284.550  100.000   -0.259   10.224 7.75945e-02
  104    17.75000   -97.20400 36.54014    1376.661    1675.527  826.184  284.585  100.000    0.104   10.234 3.03294e-02
  105    17.76667   -97.20085 36.54407    1395.340    1694.946  824.177  284.443  100.000    0.632   10.165 4.56986e-02
  106    17.78333   -97.19778 36.54790    1438.281    1740.342  819.683  284.178  100.000    0.952   10.052 1.09714e-01
  107    17.80000   -97.19477 36.55154    1483.769    1788.998  814.964  283.877  100.000    0.867    9.910 1.51754e-01
  108    17.81667   -97.19166 36.55505    1506.445    1813.861  812.570  283.649  100.000    0.255    9.789 1.10757e-01
  109    17.83333   -97.18851 36.55851    1490.883    1800.615  813.870  283.709  100.000   -0.562    9.796 4.63971e-02
  110    17.85000   -97.18533 36.56203    1440.639    1752.374  818.665  284.102   97.936   -1.068    9.789 2.76436e-04
  111    17.86667   -97.18216 36.56563    1374.731    1686.423  825.199  284.779   94.022   -1.122    9.753 0.00000e+00
  112    17.88333   -97.17899 36.56921    1313.531    1624.502  831.282  285.369   91.386   -0.817    9.786 0.00000e+00
  113    17.90000   -97.17563 36.57272    1269.225    1579.101  835.837  285.798   89.484   -0.386    9.804 0.00000e+00
  114    17.91667   -97.17204 36.57611    1247.102    1555.386  838.113  286.011   88.524   -0.007    9.809 0.00000e+00
  115    17.93333   -97.16822 36.57940    1247.601    1556.629  837.956  286.003   88.397    0.394    9.792 0.00000e+00
  116    17.95000   -97.16435 36.58272    1274.495    1585.825  835.012  285.685   90.079    0.854    9.805 0.00000e+00
  117    17.96667   -97.16057 36.58623    1329.629    1642.802  829.576  285.129   92.882    1.300    9.810 0.00000e+00
  118    17.98333   -97.15686 36.58994    1407.948    1715.495  822.507  284.414   96.703    1.498    9.823 0.00000e+00
  119    18.00000   -97.15320 36.59370    1476.798    1777.574  816.327  283.801  100.000    1.109    9.843 1.70887e-02
  120    18.01667   -97.14960 36.59734    1504.017    1802.432  813.839  283.697  100.000    0.235    9.805 7.85613e-02
  121    18.03333   -97.14610 36.60084    1483.329    1780.852  815.952  283.811  100.000   -0.624    9.853 3.77346e-02
  122    18.05000   -97.14266 36.60428    1421.459    1717.052  822.220  284.344   97.685   -1.248    9.880 0.00000e+00
  123    18.06667   -97.13916 36.60777    1340.836    1632.667  830.595  285.186   93.339   -1.334    9.883 0.00000e+00
  124    18.08333   -97.13553 36.61143    1289.913    1578.312  835.927  285.714   90.786   -0.216    9.890 0.00000e+00
  125    18.10000   -97.13190 36.61524    1317.333    1604.291  833.291  285.471   91.779    1.185    9.871 0.00000e+00
  126    18.11667   -97.12843 36.61900    1397.565    1683.573  825.488  284.665   96.588    1.493    9.940 0.00000e+00
  127    18.13333   -97.12506 36.62268    1466.384    1752.691  818.659  284.019  100.000    0.779    9.954 1.70949e-02
  128    18.15000   -97.12167 36.62628    1488.803    1775.299  816.519  283.897  100.000   -0.151    9.899 4.24702e-02
  129    18.16667   -97.11821 36.62982    1461.106    1746.346  819.334  284.118   98.900   -1.013    9.888 6.12499e-04
  130    18.18333   -97.11466 36.63333    1386.081    1672.504  826.531  284.970   93.854   -1.380    9.844 0.00000e+00
  131    18.20000   -97.11101 36.63684    1283.442    1571.498  836.575  285.912   87.938   -1.598    9.699 0.00000e+00
  132    18.21667   -97.10729 36.64037    1189.651    1479.871  845.711  286.748   84.004   -1.295    9.682 0.00000e+00
  133    18.23333   -97.10367 36.64387    1139.427    1431.182  850.629  287.232   81.907   -0.386    9.687 0.00000e+00
  134    18.25000   -97.10018 36.64729    1149.978    1443.746  849.366  287.022   83.960    0.620    9.809 0.00000e+00
  135    18.26667   -97.09676 36.65069    1210.234    1504.187  843.371  286.358   87.687    1.155    9.878 0.00000e+00
  136    18.28333   -97.09328 36.65408    1292.702    1585.908  835.130  285.500   92.429    1.160    9.937 0.00000e+00
  137    18.30000   -97.08971 36.65745    1359.771    1654.310  828.373  284.828   95.961    0.707    9.949 0.00000e+00
  138    18.31667   -97.08620 36.66082    1393.669    1688.689  825.024  284.482   97.989    0.221    9.968 0.00000e+00
  139    18.33333   -97.08271 36.66418    1399.063    1694.751  824.429  284.434   98.215   -0.171    9.966 0.00000e+00
  140    18.35000   -97.07925 36.66750    1382.370    1678.949  825.997  284.613   97.098   -0.535    9.952 0.00000e+00
  141    18.36667   -97.07581 36.67075    1349.840    1645.336  829.384  284.954   95.174   -0.790    9.938 0.00000e+00
  142    18.38333   -97.07239 36.67391    1303.470    1596.714  834.274  285.435   92.750   -0.980    9.939 0.00000e+00
  143    18.40000   -97.06905 36.67703    1245.178    1534.621  840.406  286.019   89.989   -1.225    9.949 0.00000e+00
  144    18.41667   -97.06583 36.68017    1178.004    1465.686  847.263  286.711   86.469   -1.228    9.924 0.00000e+00
  145    18.43333   -97.06277 36.68338    1121.670    1408.018  853.110  287.287   83.737   -0.889    9.910 0.00000e+00
  146    18.45000   -97.05988 36.68668    1094.241    1380.322  855.792  287.568   82.277   -0.251    9.886 0.00000e+00
  147    18.46667   -97.05702 36.69004    1101.885    1389.236  854.926  287.488   82.570    0.442    9.880 0.00000e+00
  148    18.48333   -97.05413 36.69350    1141.225    1428.999  850.938  287.086   84.516    0.898    9.897 0.00000e+00
  149    18.50000   -97.05126 36.69707    1193.838    1481.263  845.685  286.548   87.312    0.909    9.933 0.00000e+00
  150    18.51667   -97.04844 36.70068    1237.716    1525.285  841.295  286.113   89.463    0.484    9.942 0.00000e+00
  151    18.53333   -97.04567 36.70428    1256.937    1544.092  839.415  285.973   89.801   -0.054    9.910 0.00000e+00
  152    18.55000   -97.04303 36.70782    1241.143    1530.356  840.773  286.114   89.141   -0.463    9.913 0.00000e+00
  153    18.56667   -97.04053 36.71131    1203.503    1495.010  844.304  286.430   87.917   -0.562    9.941 0.00000e+00
  154    18.58333   -97.03815 36.71483    1158.045    1456.411  847.891  286.756   86.616   -0.695    9.962 0.00000e+00
  155    18.60000   -97.03579 36.71841    1111.119    1422.996  851.413  287.066   85.464   -0.682    9.990 0.00000e+00
  156    18.61667   -97.03342 36.72198    1078.422    1397.859  854.406  287.355   84.201   -0.388    9.994 0.00000e+00
  157    18.63333   -97.03114 36.72543    1077.464    1391.466  855.035  287.440   83.572    0.232    9.967 0.00000e+00
  158    18.65000   -97.02899 36.72880    1109.987    1419.638  852.057  287.137   85.201    0.963    9.998 0.00000e+00
  159    18.66667   -97.02683 36.73219    1177.956    1489.046  844.805  286.371   89.551    1.582   10.080 0.00000e+00
  160    18.68333   -97.02444 36.73564    1270.660    1588.295  834.836  285.261   99.207    2.003   10.503 2.99008e-02
  161    18.70000   -97.02145 36.73928    1361.210    1687.618  825.044  285.094  100.000    1.380   10.597 3.39096e-01
  162    18.71667   -97.01804 36.74301    1401.936    1732.175  820.944  284.716  100.000   -0.304   10.387 2.06924e-01
  163    18.73333   -97.01492 36.74659    1373.626    1702.942  823.796  284.893   98.606   -1.285   10.325 1.54085e-01
  164    18.75000   -97.01248 36.75001    1314.854    1644.940  829.401  285.215   96.492   -1.332   10.251 6.61085e-03
  165    18.76667   -97.01038 36.75326    1267.584    1600.417  833.778  285.654   93.201   -0.807   10.140 0.00000e+00
  166    18.78333   -97.00827 36.75639    1242.683    1578.891  835.942  285.899   91.217   -0.382   10.059 0.00000e+00
  167    18.80000   -97.00600 36.75955    1233.941    1573.085  836.523  285.991   89.933   -0.184    9.971 0.00000e+00
  168    18.81667   -97.00359 36.76288    1233.240    1575.710  836.254  286.003   89.088   -0.010    9.888 0.00000e+00
  169    18.83333   -97.00105 36.76642    1240.085    1586.358  835.180  285.937   88.902    0.236    9.838 0.00000e+00
  170    18.85000   -96.99847 36.77008    1256.047    1607.085  833.122  285.711   90.395    0.564    9.879 0.00000e+00
  171    18.86667   -96.99587 36.77374    1282.366    1637.581  830.162  285.357   93.013    0.738    9.966 0.00000e+00
  172    18.88333   -96.99328 36.77727    1307.005    1664.229  827.569  285.056   95.213    0.619   10.031 0.00000e+00
  173    18.90000   -96.99072 36.78065    1316.304    1676.435  826.337  284.910   96.079    0.204   10.040 0.00000e+00
  174    18.91667   -96.98818 36.78392    1310.562    1673.057  826.641  284.933   95.889   -0.195   10.032 0.00000e+00
  175    18.93333   -96.98567 36.78716    1293.782    1658.177  828.365  285.127   94.521   -0.375    9.996 0.00000e+00
  176    18.95000   -96.98317 36.79042    1275.336    1635.546  830.712  285.375   93.052   -0.476    9.975 0.00000e+00
  177    18.96667   -96.98069 36.79374    1251.555    1606.000  833.662  285.699   91.006   -0.585    9.932 0.00000e+00
  178    18.98333   -96.97820 36.79712    1222.299    1570.847  837.024  286.060   88.866   -0.688    9.892 0.00000e+00
