    0    16.01667   -97.44447 36.20436      45.299     413.438  957.613  292.882   85.832    0.168   12.931 0.00000e+00
    1    16.03333   -97.44469 36.20732      53.490     424.885  956.442  292.763   86.305    0.125   12.922 0.00000e+00
    2    16.05000   -97.44486 36.21026      61.602     435.746  955.329  292.658   86.728    0.162   12.915 0.00000e+00
    3    16.06667   -97.44486 36.21324      73.222     450.302  953.827  292.529   87.251    0.160   12.908 0.00000e+00
    4    16.08333   -97.44463 36.21629      84.614     463.180  952.479  292.411   87.690    0.069   12.896 0.00000e+00
    5    16.10000   -97.44431 36.21942      90.162     470.051  951.741  292.358   87.896   -0.062   12.894 0.00000e+00
    6    16.11667   -97.44402 36.22253      87.394     467.601  952.130  292.390   87.708   -0.160   12.886 0.00000e+00
    7    16.13333   -97.44392 36.22563      79.357     457.718  953.175  292.478   87.290   -0.154   12.882 0.00000e+00
    8    16.15000   -97.44402 36.22869      71.343     447.987  954.236  292.582   86.835   -0.087   12.884 0.00000e+00
    9    16.16667   -97.44423 36.23166      68.134     442.649  954.862  292.657   86.515    0.009   12.889 0.00000e+00
   10    16.18333   -97.44441 36.23456      70.028     442.142  954.955  292.693   86.381    0.065   12.897 0.00000e+00
   11    16.20000   -97.44456 36.23735      72.588     442.409  954.934  292.714   86.282   -0.009   12.899 0.00000e+00
   12    16.21667   -97.44471 36.23998      70.313     438.780  955.323  292.785   85.989   -0.055   12.907 0.00000e+00
   13    16.23333   -97.44490 36.24250      67.005     434.674  955.778  292.875   85.617   -0.086   12.918 0.00000e+00
   14    16.25000   -97.44507 36.24497      59.941     426.819  956.650  292.990   85.129   -0.195   12.926 0.00000e+00
   15    16.26667   -97.44508 36.24733      47.151     412.578  958.325  293.179   84.324   -0.285   12.932 0.00000e+00
   16    16.28333   -97.44499 36.24963      31.856     394.358  960.342  293.431   83.341   -0.252   12.957 0.00000e+00
   17    16.30000   -97.44482 36.25173      20.216     379.903  961.923  293.740   82.284   -0.145   13.020 0.00000e+00
   18    16.31667   -97.44452 36.25356      13.974     371.029  962.910  293.980   81.499   -0.073   13.076 0.00000e+00
   19    16.33333   -97.44411 36.25508      12.028     367.115  963.207  294.129   81.073   -0.013   13.125 0.00000e+00
   20    16.35000   -97.44365 36.25635      14.705     369.104  962.917  294.259   80.729    0.085   13.179 0.00000e+00
   21    16.36667   -97.44328 36.25760      23.968     378.046  961.992  294.271   80.644    0.261   13.188 0.00000e+00
   22    16.38333   -97.44291 36.25909      47.715     401.365  959.431  294.039   81.316    0.608   13.143 0.00000e+00
   23    16.40000   -97.44253 36.26105     102.747     455.823  953.442  293.327   83.639    1.220   13.013 0.00000e+00
   24    16.41667   -97.44225 36.26334     172.048     524.306  945.933  292.568   86.637    1.285   12.957 0.00000e+00
   25    16.43333   -97.44194 36.26566     225.722     575.774  940.291  292.075   88.772    0.899   12.949 0.00000e+00
   26    16.45000   -97.44138 36.26800     265.289     612.851  936.227  291.729   90.253    0.662   12.937 0.00000e+00
   27    16.46667   -97.44055 36.27047     289.175     634.180  933.910  291.555   90.766    0.299   12.900 0.00000e+00
   28    16.48333   -97.43948 36.27309     296.358     638.975  933.359  291.536   90.659   -0.097   12.877 0.00000e+00
   29    16.50000   -97.43832 36.27590     284.722     625.001  934.845  291.675   89.756   -0.538   12.841 0.00000e+00
   30    16.51667   -97.43716 36.27882     265.320     603.391  937.093  291.863   88.601   -0.566   12.797 0.00000e+00
   31    16.53333   -97.43601 36.28178     245.232     582.803  939.235  292.054   87.761   -0.285   12.799 0.00000e+00
   32    16.55000   -97.43488 36.28475     232.010     570.615  940.518  292.176   87.316   -0.184   12.815 0.00000e+00
   33    16.56667   -97.43372 36.28771     216.766     556.587  942.110  292.317   86.724   -0.398   12.819 0.00000e+00
   34    16.58333   -97.43269 36.29063     191.351     530.796  944.950  292.575   85.579   -0.636   12.818 0.00000e+00
   35    16.60000   -97.43202 36.29349     160.071     498.323  948.532  292.888   84.140   -0.615   12.804 0.00000e+00
   36    16.61667   -97.43170 36.29631     136.292     472.919  951.379  293.136   82.908   -0.361   12.775 0.00000e+00
   37    16.63333   -97.43164 36.29910     124.051     457.489  953.180  293.296   82.022   -0.102   12.741 0.00000e+00
   38    16.65000   -97.43169 36.30187     132.668     462.563  952.652  293.260   81.938    0.412   12.707 0.00000e+00
   39    16.66667   -97.43166 36.30465     173.923     500.453  948.432  292.972   83.133    1.137   12.719 0.00000e+00
   40    16.68333   -97.43154 36.30734     253.002     580.156  939.636  292.263   86.259    1.852   12.742 0.00000e+00
   41    16.70000   -97.43136 36.30992     354.973     683.496  928.442  291.278   90.726    2.172   12.746 0.00000e+00
   42    16.71667   -97.43121 36.31258     453.543     783.437  917.700  290.296   95.196    2.084   12.712 0.00000e+00
   43    16.73333   -97.43105 36.31545     534.669     865.912  908.843  289.493   98.963    1.910   12.676 5.56859e-04
   44    16.75000   -97.43075 36.31844     603.780     936.417  901.362  289.033  100.000    1.585   12.556 7.40517e-02
   45    16.76667   -97.43020 36.32174     661.864     995.912  895.174  288.732  100.000    1.970   12.400 1.60496e-01
   46    16.78333   -97.42894 36.32532     729.148    1060.554  888.448  288.378  100.000    2.212   12.212 2.21989e-01
   47    16.80000   -97.42690 36.32911     805.682    1134.089  880.834  288.019  100.000    1.796   12.036 3.33110e-01
   48    16.81667   -97.42434 36.33290     865.703    1189.687  875.072  287.773  100.000    1.331   11.925 4.37147e-01
   49    16.83333   -97.42130 36.33674     903.040    1222.677  871.628  287.632  100.000    0.817   11.864 5.15655e-01
   50    16.85000   -97.41769 36.34063     911.173    1226.541  871.244  287.539  100.000   -0.273   11.795 3.99156e-01
   51    16.86667   -97.41382 36.34454     873.754    1184.426  875.623  287.643   99.826   -1.141   11.779 1.42304e-01
   52    16.88333   -97.41003 36.34850     805.688    1115.704  882.478  288.102   97.447   -1.575   11.754 0.00000e+00
   53    16.90000   -97.40614 36.35258     740.452    1056.907  888.577  288.801   92.813   -1.273   11.632 0.00000e+00
   54    16.91667   -97.40224 36.35666     706.855    1030.145  891.509  289.180   90.214   -0.540   11.547 0.00000e+00
   55    16.93333   -97.39832 36.36071     713.125    1037.551  890.817  289.206   89.353    0.111   11.465 0.00000e+00
   56    16.95000   -97.39448 36.36472     734.067    1057.922  888.672  289.043   89.855    0.415   11.437 0.00000e+00
   57    16.96667   -97.39078 36.36863     749.857    1075.259  886.835  288.809   91.483    0.636   11.494 0.00000e+00
   58    16.98333   -97.38704 36.37249     757.150    1082.391  886.229  288.653   93.029    0.442   11.579 0.00000e+00
   59    17.00000   -97.38324 36.37638     749.818    1072.532  887.198  288.681   93.393   -0.150   11.633 0.00000e+00
   60    17.01667   -97.37946 36.38033     728.425    1051.022  889.362  288.890   92.279   -0.598   11.621 0.00000e+00
   61    17.03333   -97.37574 36.38426     701.838    1024.375  892.235  289.190   90.543   -0.659   11.587 0.00000e+00
   62    17.05000   -97.37219 36.38813     681.733    1003.024  894.451  289.394   89.618   -0.410   11.592 0.00000e+00
   63    17.06667   -97.36889 36.39187     677.437     997.399  895.125  289.421   89.811   -0.087   11.627 0.00000e+00
   64    17.08333   -97.36587 36.39546     698.552    1016.034  893.173  289.205   91.121    0.386   11.660 0.00000e+00
   65    17.10000   -97.36299 36.39897     737.341    1052.706  889.342  288.750   94.001    0.405   11.731 0.00000e+00
   66    17.11667   -97.36014 36.40244     763.747    1077.100  886.753  288.427   96.311   -0.085   11.806 3.23082e-03
   67    17.13333   -97.35721 36.40593     765.841    1077.559  886.681  288.341   97.982   -0.407   11.945 0.00000e+00
   68    17.15000   -97.35412 36.40946     742.141    1051.850  889.403  288.559   97.387   -0.771   12.004 1.21590e-02
   69    17.16667   -97.35094 36.41304     688.567     995.826  895.206  289.014   95.812   -1.235   12.083 8.83470e-05
   70    17.18333   -97.34799 36.41666     614.349     920.412  903.251  289.670   93.398   -1.162   12.176 0.00000e+00
   71    17.20000   -97.34540 36.42021     548.344     851.078  910.690  290.310   90.581   -0.958   12.201 0.00000e+00
   72    17.21667   -97.34300 36.42358     500.228     801.162  915.885  290.845   87.566   -0.723   12.134 0.00000e+00
   73    17.23333   -97.34060 36.42677     466.585     767.242  919.542  291.230   84.936   -0.599   12.012 0.00000e+00
   74    17.25000   -97.33826 36.42993     441.582     741.492  922.366  291.479   84.309   -0.464   12.076 0.00000e+00
   75    17.26667   -97.33612 36.43314     427.661     726.170  923.986  291.623   84.391   -0.243   12.177 0.00000e+00
   76    17.28333   -97.33412 36.43641     425.414     722.206  924.465  291.649   84.611   -0.021   12.222 0.00000e+00
   77    17.30000   -97.33244 36.43974     436.731     732.256  923.343  291.510   85.589    0.345   12.270 0.00000e+00
   78    17.31667   -97.33115 36.44307     460.849     756.398  920.741  291.210   87.413    0.624   12.331 0.00000e+00
   79    17.33333   -97.33018 36.44630     500.042     795.947  916.495  290.655   91.495    0.645   12.517 0.00000e+00
   80    17.35000   -97.32928 36.44946     541.031     835.604  912.248  290.181   94.500    0.729   12.602 0.00000e+00
   81    17.36667   -97.32826 36.45248     579.232     872.683  908.252  289.772   96.651    0.692   12.612 0.00000e+00
   82    17.38333   -97.32687 36.45540     617.027     909.139  904.495  289.422   98.355    0.304   12.601 0.00000e+00
   83    17.40000   -97.32500 36.45838     632.777     921.421  903.145  289.382   97.717   -0.365   12.507 0.00000e+00
   84    17.41667   -97.32306 36.46155     604.895     890.195  906.469  289.711   95.851   -0.787   12.483 0.00000e+00
   85    17.43333   -97.32149 36.46444     571.070     854.593  910.161  290.079   93.815   -0.745   12.458 0.00000e+00
   86    17.45000   -97.32001 36.46690     549.276     832.783  912.499  290.347   92.167   -0.680   12.419 0.00000e+00
   87    17.46667   -97.31834 36.46954     532.899     816.701  914.218  290.513   91.260   -0.452   12.404 0.00000e+00
   88    17.48333   -97.31667 36.47233     518.163     802.674  915.680  290.658   90.517   -0.324   12.397 0.00000e+00
   89    17.50000   -97.31515 36.47495     506.857     792.176  916.797  290.816   89.433   -0.332   12.357 0.00000e+00
   90    17.51667   -97.31413 36.47728     506.517     792.516  916.753  290.919   89.407    0.156   12.435 0.00000e+00
   91    17.53333   -97.31342 36.47953     535.494     822.146  913.605  290.726   90.444    0.597   12.469 0.00000e+00
   92    17.55000   -97.31249 36.48179     576.216     865.027  908.969  290.310   93.095    0.495   12.564 0.00000e+00
   93    17.56667   -97.31130 36.48397     609.254     900.621  905.180  290.001   94.260   -0.013   12.524 0.00000e+00
   94    17.58333   -97.30943 36.48612     626.899     920.891  903.092  289.845   93.632   -0.495   12.345 0.00000e+00
   95    17.60000   -97.30705 36.48859     607.833     904.070  904.825  290.002   92.552   -1.031   12.303 0.00000e+00
   96    17.61667   -97.30455 36.49144     579.316     877.771  907.620  290.252   91.620   -0.992   12.337 0.00000e+00
   97    17.63333   -97.30221 36.49448     549.009     849.862  910.473  290.527   90.336   -0.951   12.340 0.00000e+00
   98    17.65000   -97.30024 36.49766     519.566     823.844  913.242  290.778   89.365   -0.713   12.366 0.00000e+00
   99    17.66667   -97.29865 36.50098     500.198     807.885  914.997  290.931   88.849   -0.265   12.391 0.00000e+00
  100    17.68333   -97.29736 36.50443     494.148     805.404  915.273  290.953   88.881   -0.044   12.409 0.00000e+00
  101    17.70000   -97.29626 36.50800     496.744     810.485  914.755  290.909   89.060    0.020   12.406 0.00000e+00
  102    17.71667   -97.29529 36.51165     501.181     816.990  914.139  290.857   89.216   -0.072   12.395 0.00000e+00
  103    17.73333   -97.29446 36.51537     510.641     827.431  913.075  290.749   89.772    0.065   12.402 0.00000e+00
  104    17.75000   -97.29352 36.51899     532.487     849.768  910.702  290.520   90.815    0.124   12.397 0.00000e+00
  105    17.76667   -97.29212 36.52237     548.273     866.457  908.895  290.380   91.095   -0.024   12.350 0.00000e+00
  106    17.78333   -97.29060 36.52567     549.722     868.426  908.723  290.366   91.186    0.070   12.353 0.00000e+00
  107    17.80000   -97.28944 36.52916     553.059     871.999  908.317  290.328   91.984    0.213   12.437 0.00000e+00
  108    17.81667   -97.28869 36.53290     553.519     871.880  908.383  290.576   91.641    0.135   12.587 0.00000e+00
  109    17.83333   -97.28783 36.53695     548.450     865.474  909.038  290.684   91.287   -0.303   12.616 0.00000e+00
  110    17.85000   -97.28638 36.54095     545.744     862.104  909.371  290.708   90.455   -0.072   12.515 0.00000e+00
  111    17.86667   -97.28442 36.54457     566.119     881.846  907.330  290.540   90.676    0.379   12.440 0.00000e+00
  112    17.88333   -97.28218 36.54778     603.374     917.781  903.571  290.200   91.752    0.591   12.369 0.00000e+00
  113    17.90000   -97.27988 36.55060     657.667     971.679  897.831  289.695   93.151    0.938   12.237 0.00000e+00
  114    17.91667   -97.27753 36.55307     732.000    1046.132  889.986  288.949   96.357    1.245   12.172 0.00000e+00
  115    17.93333   -97.27509 36.55518     810.620    1125.901  881.638  288.211   99.349    1.367   12.079 1.72499e-02
  116    17.95000   -97.27249 36.55701     885.491    1200.547  873.956  287.783  100.000    1.680   11.948 1.19247e-01
  117    17.96667   -97.26987 36.55875     988.586    1301.923  863.652  287.341  100.000    2.245   11.749 3.20134e-01
  118    17.98333   -97.26714 36.56072    1136.155    1445.655  849.133  286.707  100.000    2.585   11.467 6.26218e-01
  119    18.00000   -97.26466 36.56284    1279.696    1584.844  835.237  286.106  100.000    2.689   11.208 9.50529e-01
  120    18.01667   -97.26216 36.56519    1441.499    1742.689  819.654  285.442  100.000    2.583   10.934 1.28239e+00
  121    18.03333   -97.25954 36.56781    1593.429    1892.172  805.171  284.796  100.000    2.172   10.666 1.53799e+00
  122    18.05000   -97.25660 36.57043    1700.960    1997.715  795.116  284.280  100.000    0.677   10.438 1.62927e+00
  123    18.06667   -97.25314 36.57317    1753.987    2048.948  790.123  283.808  100.000   -0.167   10.178 1.50482e+00
  124    18.08333   -97.24921 36.57610    1720.561    2015.459  793.268  283.350   99.509   -0.992    9.762 7.30070e-01
  125    18.10000   -97.24532 36.57943    1609.509    1903.737  803.907  284.235   98.554   -2.821   10.123 3.02568e-01
  126    18.11667   -97.24229 36.58295    1496.246    1790.453  814.906  284.914   96.853   -2.734   10.267 4.64579e-02
  127    18.13333   -97.23956 36.58651    1436.064    1729.188  821.005  285.020   95.462   -2.295   10.115 3.41778e-03
  128    18.15000   -97.23666 36.59000    1419.488    1711.479  822.645  285.483   86.634   -0.705    9.446 3.04908e-03
  129    18.16667   -97.23354 36.59354    1442.074    1734.074  820.443  285.484   83.897    1.129    9.173 0.00000e+00
  130    18.18333   -97.23029 36.59695    1488.965    1780.934  815.882  284.688   90.257    1.256    9.413 0.00000e+00
  131    18.20000   -97.22705 36.60025    1524.782    1816.245  812.448  284.040   96.357    0.788    9.665 7.43788e-03
  132    18.21667   -97.22379 36.60353    1553.307    1843.984  809.786  283.672   99.385    0.339    9.758 1.37784e-02
  133    18.23333   -97.22059 36.60679    1581.798    1871.876  807.058  283.485  100.000    0.255    9.747 4.13650e-02
  134    18.25000   -97.21732 36.61005    1600.651    1891.206  805.157  283.354  100.000    0.040    9.685 4.87816e-02
  135    18.26667   -97.21406 36.61323    1591.307    1882.733  805.978  283.365  100.000   -0.526    9.671 1.36869e-02
  136    18.28333   -97.21073 36.61625    1545.806    1838.997  810.248  283.765   97.904   -0.899    9.668 0.00000e+00
  137    18.30000   -97.20728 36.61924    1485.104    1779.149  816.069  284.255   96.207   -0.718    9.746 0.00000e+00
  138    18.31667   -97.20367 36.62222    1445.099    1740.347  819.898  284.657   93.628   -0.188    9.697 0.00000e+00
  139    18.33333   -97.20013 36.62525    1445.926    1741.331  819.831  284.793   91.060    0.300    9.517 0.00000e+00
  140    18.35000   -97.19687 36.62838    1476.375    1772.185  816.819  284.534   92.063    0.572    9.493 0.00000e+00
  141    18.36667   -97.19401 36.63165    1520.659    1816.616  812.574  284.108   94.253    0.917    9.496 0.00000e+00
  142    18.38333   -97.19146 36.63504    1577.025    1872.393  807.165  283.558   97.082    0.976    9.490 0.00000e+00
  143    18.40000   -97.18899 36.63843    1618.392    1913.691  803.144  283.131   99.575    0.418    9.506 4.68191e-03
  144    18.41667   -97.18645 36.64170    1623.692    1919.312  802.577  283.073   99.935   -0.311    9.510 1.84299e-03
  145    18.43333   -97.18378 36.64480    1595.760    1892.113  805.160  283.368   98.076   -0.725    9.490 0.00000e+00
  146    18.45000   -97.18092 36.64785    1547.298    1844.336  809.804  283.877   94.786   -0.866    9.435 0.00000e+00
  147    18.46667   -97.17783 36.65090    1489.218    1786.677  815.379  284.455   91.432   -0.972    9.395 0.00000e+00
  148    18.48333   -97.17461 36.65405    1428.788    1726.949  821.223  285.025   88.729   -1.024    9.402 0.00000e+00
  149    18.50000   -97.17134 36.65724    1372.399    1670.871  826.753  285.586   85.814   -0.863    9.374 0.00000e+00
  150    18.51667   -97.16805 36.66042    1335.583    1633.922  830.483  285.960   84.040   -0.273    9.367 0.00000e+00
  151    18.53333   -97.16486 36.66363    1340.011    1637.886  830.028  285.918   83.976    0.586    9.339 0.00000e+00
  152    18.55000   -97.16186 36.66686    1384.388    1681.936  825.681  285.398   87.144    1.122    9.413 0.00000e+00
  153    18.56667   -97.15906 36.67010    1447.397    1745.954  819.326  284.721   90.810    1.206    9.452 0.00000e+00
  154    18.58333   -97.15637 36.67333    1508.172    1808.415  813.285  284.073   94.443    0.941    9.484 0.00000e+00
  155    18.60000   -97.15373 36.67657    1558.806    1860.744  808.219  283.555   97.214    0.645    9.489 0.00000e+00
  156    18.61667   -97.15115 36.67987    1597.245    1900.182  804.422  283.181   99.378    0.444    9.504 1.39198e-04
  157    18.63333   -97.14865 36.68331    1619.663    1922.649  802.326  283.035  100.000    0.083    9.514 3.97083e-02
  158    18.65000   -97.14622 36.68684    1617.877    1920.360  802.570  283.083   99.938   -0.408    9.517 4.42405e-02
  159    18.66667   -97.14383 36.69044    1587.681    1890.007  805.469  283.317   98.488   -0.934    9.493 0.00000e+00
  160    18.68333   -97.14146 36.69400    1533.525    1836.375  810.618  283.882   95.124   -1.205    9.463 0.00000e+00
  161    18.70000   -97.13903 36.69749    1464.340    1767.952  817.289  284.602   91.268   -1.229    9.448 0.00000e+00
  162    18.71667   -97.13646 36.70089    1390.797    1695.266  824.450  285.340   87.219   -1.093    9.400 0.00000e+00
  163    18.73333   -97.13371 36.70419    1327.996    1632.264  830.671  285.915   83.915   -0.664    9.323 0.00000e+00
  164    18.75000   -97.13086 36.70739    1295.242    1598.832  833.990  286.169   83.256   -0.041    9.369 0.00000e+00
  165    18.76667   -97.12808 36.71053    1304.344    1607.330  833.202  286.019   84.917    0.672    9.470 0.00000e+00
  166    18.78333   -97.12548 36.71361    1354.324    1655.941  828.436  285.500   88.118    1.247    9.552 0.00000e+00
  167    18.80000   -97.12295 36.71667    1434.152    1734.051  820.740  284.724   92.270    1.516    9.589 0.00000e+00
  168    18.81667   -97.12038 36.71979    1522.100    1820.944  812.171  283.872   96.578    1.415    9.583 0.00000e+00
  169    18.83333   -97.11771 36.72300    1595.642    1895.345  804.935  283.182   99.677    0.903    9.528 8.87108e-03
  170    18.85000   -97.11492 36.72631    1636.244    1937.256  800.876  282.895  100.000    0.159    9.441 4.75879e-02
  171    18.86667   -97.11201 36.72968    1637.644    1940.254  800.618  282.842  100.000   -0.567    9.402 1.70376e-02
  172    18.88333   -97.10912 36.73307    1596.633    1900.120  804.530  283.231   97.776   -1.266    9.381 0.00000e+00
  173    18.90000   -97.10631 36.73646    1513.214    1816.916  812.630  284.082   92.999   -1.843    9.353 0.00000e+00
  174    18.91667   -97.10352 36.73978    1400.866    1704.485  823.572  285.203   87.254   -2.023    9.329 0.00000e+00
  175    18.93333   -97.10080 36.74298    1290.763    1595.204  834.324  286.285   82.059   -1.664    9.300 0.00000e+00
  176    18.95000   -97.09807 36.74609    1215.414    1521.100  841.699  286.996   79.170   -0.757    9.319 0.00000e+00
  177    18.96667   -97.09522 36.74924    1188.585    1497.338  843.995  287.176   79.053    0.023    9.389 0.00000e+00
  178    18.98333   -97.09219 36.75258    1191.900    1504.655  843.297  287.068   80.052    0.112    9.449 0.00000e+00
