    0    16.01667   -97.49969 36.25104     102.186     470.479  951.588  292.057   89.363   -0.074   12.864 0.00000e+00
    1    16.03333   -97.49987 36.25459     109.143     479.449  950.559  292.060   89.470    0.024   12.896 0.00000e+00
    2    16.05000   -97.49976 36.25816     126.695     496.230  948.779  292.009   89.894    0.340   12.940 0.00000e+00
    3    16.06667   -97.49940 36.26182     139.464     507.795  947.511  291.946   90.127    0.096   12.940 0.00000e+00
    4    16.08333   -97.49895 36.26545     135.608     502.407  948.170  291.974   89.731   -0.057   12.896 0.00000e+00
    5    16.10000   -97.49846 36.26905     131.525     496.720  948.729  292.019   89.493   -0.027   12.892 0.00000e+00
    6    16.11667   -97.49797 36.27256     124.008     487.644  949.762  292.106   88.948   -0.115   12.870 0.00000e+00
    7    16.13333   -97.49757 36.27601     111.154     472.653  951.437  292.274   88.109   -0.193   12.861 0.00000e+00
    8    16.15000   -97.49717 36.27945      98.095     457.227  953.212  292.441   87.304   -0.206   12.854 0.00000e+00
    9    16.16667   -97.49681 36.28287      84.469     441.163  954.999  292.611   86.459   -0.175   12.841 0.00000e+00
   10    16.18333   -97.49658 36.28630      73.270     427.427  956.557  292.785   85.657   -0.082   12.841 0.00000e+00
   11    16.20000   -97.49649 36.28977      68.296     419.642  957.471  292.940   85.004   -0.001   12.855 0.00000e+00
   12    16.21667   -97.49648 36.29324      68.950     417.191  957.746  293.053   84.561    0.076   12.875 0.00000e+00
   13    16.23333   -97.49657 36.29667      70.936     416.314  957.833  293.142   84.193    0.015   12.889 0.00000e+00
   14    16.25000   -97.49674 36.30003      69.326     413.405  958.088  293.191   83.905   -0.028   12.882 0.00000e+00
   15    16.26667   -97.49706 36.30325      68.195     411.030  958.290  293.168   83.843   -0.012   12.850 0.00000e+00
   16    16.28333   -97.49763 36.30621      69.140     410.524  958.327  293.093   84.206    0.073   12.845 0.00000e+00
   17    16.30000   -97.49854 36.30897      75.904     415.795  957.713  292.959   84.860    0.204   12.845 0.00000e+00
   18    16.31667   -97.49964 36.31140      86.663     425.152  956.685  292.897   85.320    0.234   12.878 0.00000e+00
   19    16.33333   -97.50069 36.31348     102.188     439.434  955.104  292.841   85.656    0.343   12.906 0.00000e+00
   20    16.35000   -97.50137 36.31538     117.137     453.633  953.543  292.770   85.998    0.179   12.921 0.00000e+00
   21    16.36667   -97.50156 36.31718     122.436     458.424  953.085  292.755   86.152   -0.069   12.938 0.00000e+00
   22    16.38333   -97.50150 36.31883     124.754     460.213  952.903  292.778   86.057    0.075   12.945 0.00000e+00
   23    16.40000   -97.50119 36.32048     139.571     474.297  951.370  292.725   85.818    0.499   12.887 0.00000e+00
   24    16.41667   -97.50058 36.32217     169.423     502.997  948.210  292.464   86.658    0.499   12.845 0.00000e+00
   25    16.43333   -97.49962 36.32383     191.769     524.241  945.810  292.303   87.022    0.179   12.801 0.00000e+00
   26    16.45000   -97.49874 36.32542     197.282     529.026  945.235  292.264   87.210    0.007   12.806 0.00000e+00
   27    16.46667   -97.49819 36.32706     197.637     529.055  945.211  292.261   87.299   -0.029   12.817 0.00000e+00
   28    16.48333   -97.49789 36.32895     198.778     530.124  945.069  292.250   87.323   -0.039   12.813 0.00000e+00
   29    16.50000   -97.49783 36.33106     200.211     532.310  944.763  292.228   87.434    0.103   12.816 0.00000e+00
   30    16.51667   -97.49790 36.33333     208.784     542.524  943.680  292.134   87.800    0.295   12.808 0.00000e+00
   31    16.53333   -97.49789 36.33575     223.588     559.068  941.936  291.978   88.396    0.383   12.793 0.00000e+00
   32    16.55000   -97.49777 36.33826     235.832     572.966  940.407  291.841   88.879    0.237   12.773 0.00000e+00
   33    16.56667   -97.49748 36.34081     234.053     572.447  940.464  291.842   88.742   -0.202   12.753 0.00000e+00
   34    16.58333   -97.49725 36.34353     213.236     553.052  942.546  292.028   87.829   -0.318   12.742 0.00000e+00
   35    16.60000   -97.49724 36.34641     196.518     537.789  944.288  292.195   86.940    0.026   12.723 0.00000e+00
   36    16.61667   -97.49724 36.34932     199.515     538.719  944.295  292.211   86.813    0.231   12.718 0.00000e+00
   37    16.63333   -97.49704 36.35206     210.536     547.156  943.360  292.138   87.097    0.179   12.713 0.00000e+00
   38    16.65000   -97.49675 36.35452     216.457     550.692  942.919  292.116   87.085    0.184   12.700 0.00000e+00
   39    16.66667   -97.49650 36.35688     222.829     555.667  942.330  292.143   86.502    0.382   12.644 0.00000e+00
   40    16.68333   -97.49626 36.35937     227.917     559.629  941.882  292.127   86.393    0.465   12.622 0.00000e+00
   41    16.70000   -97.49599 36.36202     225.667     556.241  942.276  292.164   86.204    0.273   12.618 0.00000e+00
   42    16.71667   -97.49577 36.36481     214.795     543.778  943.646  292.310   85.462    0.071   12.606 0.00000e+00
   43    16.73333   -97.49554 36.36770     202.248     529.144  945.270  292.484   84.580    0.002   12.592 0.00000e+00
   44    16.75000   -97.49535 36.37062     195.150     519.887  946.247  292.594   84.023    0.082   12.582 0.00000e+00
   45    16.76667   -97.49522 36.37344     193.954     518.827  946.244  292.602   83.959    0.066   12.580 0.00000e+00
   46    16.78333   -97.49518 36.37610     192.051     518.314  946.268  292.609   83.920   -0.009   12.578 0.00000e+00
   47    16.80000   -97.49522 36.37869     190.840     518.453  946.291  292.630   83.729   -0.053   12.567 0.00000e+00
   48    16.81667   -97.49532 36.38134     195.681     525.172  945.504  292.582   83.871    0.166   12.560 0.00000e+00
   49    16.83333   -97.49525 36.38402     207.886     539.792  943.932  292.443   84.503    0.238   12.566 0.00000e+00
   50    16.85000   -97.49500 36.38669     211.499     545.796  943.307  292.395   84.717   -0.062   12.568 0.00000e+00
   51    16.86667   -97.49486 36.38939     199.180     535.383  944.476  292.506   84.268   -0.244   12.574 0.00000e+00
   52    16.88333   -97.49501 36.39219     181.453     518.694  946.293  292.674   83.640   -0.270   12.588 0.00000e+00
   53    16.90000   -97.49548 36.39513     167.503     505.817  947.654  292.806   83.128   -0.191   12.597 0.00000e+00
   54    16.91667   -97.49620 36.39823     162.944     502.118  948.047  292.852   83.029    0.239   12.613 0.00000e+00
   55    16.93333   -97.49693 36.40150     194.411     534.503  944.556  292.559   84.485    1.060   12.647 0.00000e+00
   56    16.95000   -97.49728 36.40476     261.360     602.478  937.215  291.908   87.416    1.397   12.659 0.00000e+00
   57    16.96667   -97.49730 36.40784     337.628     677.224  929.144  291.171   90.822    1.281   12.663 0.00000e+00
   58    16.98333   -97.49690 36.41074     404.830     742.497  922.133  290.565   93.789    1.054   12.679 0.00000e+00
   59    17.00000   -97.49594 36.41357     467.860     803.299  915.632  290.042   96.076    1.009   12.652 0.00000e+00
   60    17.01667   -97.49435 36.41653     539.603     871.776  908.315  289.476   98.170    1.087   12.568 0.00000e+00
   61    17.03333   -97.49214 36.41953     605.010     933.559  901.754  288.998   99.990    0.889   12.504 3.15525e-02
   62    17.05000   -97.48959 36.42250     650.475     975.620  897.303  288.784  100.000    0.457   12.414 8.95285e-02
   63    17.06667   -97.48682 36.42545     670.954     992.679  895.489  288.678  100.000   -0.142   12.355 8.05284e-02
   64    17.08333   -97.48391 36.42838     656.483     975.876  897.210  288.762   99.895   -0.522   12.367 3.88200e-02
   65    17.10000   -97.48103 36.43130     611.012     929.528  902.081  289.123   98.412   -0.803   12.402 0.00000e+00
   66    17.11667   -97.47826 36.43417     539.192     856.489  909.830  289.911   93.751   -1.278   12.321 0.00000e+00
   67    17.13333   -97.47588 36.43690     462.228     778.666  918.138  290.719   89.518   -1.361   12.274 0.00000e+00
   68    17.15000   -97.47392 36.43967     406.467     721.892  924.259  291.260   87.204   -0.964   12.293 0.00000e+00
   69    17.16667   -97.47216 36.44247     375.818     690.004  927.755  291.566   85.944   -0.321   12.306 0.00000e+00
   70    17.18333   -97.47038 36.44519     367.252     679.528  928.913  291.725   84.870    0.381   12.259 0.00000e+00
   71    17.20000   -97.46846 36.44783     374.158     685.033  928.181  291.695   84.837    0.777   12.240 0.00000e+00
   72    17.21667   -97.46628 36.45047     394.248     705.014  926.061  291.526   85.515    0.804   12.236 0.00000e+00
   73    17.23333   -97.46394 36.45315     417.330     728.346  923.572  291.341   86.662    0.697   12.289 0.00000e+00
   74    17.25000   -97.46149 36.45599     432.657     744.220  921.885  291.216   87.610    0.382   12.347 0.00000e+00
   75    17.26667   -97.45918 36.45900     428.505     739.309  922.439  291.261   87.487    0.056   12.358 0.00000e+00
   76    17.28333   -97.45711 36.46217     403.987     713.770  925.181  291.490   86.360   -0.228   12.340 0.00000e+00
   77    17.30000   -97.45520 36.46555     373.147     682.198  928.573  291.813   84.954   -0.297   12.344 0.00000e+00
   78    17.31667   -97.45338 36.46918     335.520     644.452  932.645  292.192   83.328   -0.609   12.346 0.00000e+00
   79    17.33333   -97.45181 36.47296     294.894     602.966  937.170  292.607   81.749   -0.759   12.372 0.00000e+00
   80    17.35000   -97.45060 36.47672     255.751     561.857  941.598  292.995   80.397   -0.871   12.407 0.00000e+00
   81    17.36667   -97.44965 36.48037     219.325     523.904  945.767  293.367   79.136   -0.854   12.445 0.00000e+00
   82    17.38333   -97.44884 36.48389     195.771     498.220  948.607  293.648   78.074   -0.663   12.457 0.00000e+00
   83    17.40000   -97.44797 36.48736     186.947     487.036  949.849  293.767   77.521   -0.350   12.445 0.00000e+00
   84    17.41667   -97.44705 36.49072     193.811     492.336  949.238  293.685   77.990   -0.009   12.465 0.00000e+00
   85    17.43333   -97.44608 36.49394     211.009     508.287  947.559  293.526   78.868    0.249   12.502 0.00000e+00
   86    17.45000   -97.44508 36.49699     237.259     533.599  944.670  293.246   80.288    0.532   12.545 0.00000e+00
   87    17.46667   -97.44410 36.49982     279.725     577.570  939.851  292.869   82.181    1.048   12.607 0.00000e+00
   88    17.48333   -97.44321 36.50245     349.437     648.951  932.088  292.256   85.028    1.555   12.656 0.00000e+00
   89    17.50000   -97.44244 36.50500     435.925     737.169  922.585  291.480   88.750    1.837   12.709 0.00000e+00
   90    17.51667   -97.44180 36.50759     521.197     824.175  913.237  290.680   92.407    1.737   12.708 0.00000e+00
   91    17.53333   -97.44116 36.51021     592.551     897.330  905.473  289.954   95.962    1.153   12.708 0.00000e+00
   92    17.55000   -97.44025 36.51299     641.049     947.848  900.146  289.438   98.246    0.437   12.662 0.00000e+00
   93    17.56667   -97.43900 36.51588     661.873     970.746  897.626  289.220   98.378   -0.136   12.538 1.31694e-05
   94    17.58333   -97.43753 36.51868     657.064     968.321  897.936  289.296   97.129   -0.483   12.435 0.00000e+00
   95    17.60000   -97.43597 36.52126     632.213     945.801  900.350  289.535   95.750   -0.604   12.415 0.00000e+00
   96    17.61667   -97.43452 36.52362     593.765     908.348  904.357  289.894   93.906   -0.599   12.403 0.00000e+00
   97    17.63333   -97.43327 36.52586     543.499     858.859  909.589  290.364   91.629   -0.796   12.399 0.00000e+00
   98    17.65000   -97.43223 36.52808     480.200     796.482  916.254  290.964   88.953   -1.203   12.414 0.00000e+00
   99    17.66667   -97.43140 36.53044     406.642     723.697  924.062  291.685   85.970   -1.463   12.452 0.00000e+00
  100    17.68333   -97.43066 36.53299     328.514     645.282  932.552  292.466   82.861   -1.468   12.492 0.00000e+00
  101    17.70000   -97.42987 36.53561     252.486     568.864  940.815  293.209   79.865   -1.393   12.502 0.00000e+00
  102    17.71667   -97.42905 36.53819     182.175     498.034  948.623  293.901   77.127   -1.198   12.502 0.00000e+00
  103    17.73333   -97.42831 36.54070     123.865     438.022  955.229  294.482   74.915   -0.870   12.501 0.00000e+00
  104    17.75000   -97.42752 36.54318      82.000     394.278  960.058  294.909   73.352   -0.548   12.504 0.00000e+00
  105    17.76667   -97.42653 36.54570      51.197     361.482  963.653  295.260   72.136   -0.395   12.519 0.00000e+00
  106    17.78333   -97.42511 36.54824      31.455     341.970  965.697  295.656   70.823   -0.313   12.567 0.00000e+00
  107    17.80000   -97.42346 36.55061      27.746     339.987  965.843  296.073   70.078    0.129   12.756 0.00000e+00
  108    17.81667   -97.42207 36.55262      47.707     361.564  963.447  296.181   70.012    0.691   12.860 0.00000e+00
  109    17.83333   -97.42096 36.55456     108.083     423.636  956.669  295.364   72.180    1.473   12.700 0.00000e+00
  110    17.85000   -97.42004 36.55656     217.295     533.827  944.655  294.079   76.220    1.936   12.545 0.00000e+00
  111    17.86667   -97.41921 36.55866     361.587     678.643  928.969  292.656   81.781    2.483   12.525 0.00000e+00
  112    17.88333   -97.41811 36.56082     525.700     842.877  911.412  291.026   88.581    2.941   12.478 0.00000e+00
  113    17.90000   -97.41641 36.56299     686.289    1002.870  894.538  289.426   96.026    2.310   12.444 0.00000e+00
  114    17.91667   -97.41465 36.56548     776.848    1092.651  885.142  288.591   99.481    1.051   12.347 3.65940e-03
  115    17.93333   -97.41275 36.56827     825.901    1141.647  880.014  288.199   99.651    0.563   12.129 8.20616e-03
  116    17.95000   -97.41102 36.57122     849.086    1165.993  877.459  288.058   97.639    0.241   11.811 6.36582e-03
  117    17.96667   -97.40932 36.57433     861.832    1180.413  875.985  287.967   96.673    0.255   11.645 0.00000e+00
  118    17.98333   -97.40758 36.57765     866.340    1186.506  875.307  287.952   95.676   -0.178   11.522 0.00000e+00
  119    18.00000   -97.40590 36.58119     851.589    1173.119  876.711  288.117   94.274   -0.515   11.458 0.00000e+00
  120    18.01667   -97.40437 36.58489     814.849    1137.574  880.375  288.495   91.842   -0.679   11.390 0.00000e+00
  121    18.03333   -97.40303 36.58868     763.214    1087.269  885.571  288.967   89.781   -0.817   11.411 0.00000e+00
  122    18.05000   -97.40182 36.59245     709.823    1035.221  891.022  289.507   86.775   -0.777   11.349 0.00000e+00
  123    18.06667   -97.40060 36.59620     666.813     993.543  895.401  289.910   84.960   -0.540   11.347 0.00000e+00
  124    18.08333   -97.39928 36.59986     633.240     960.741  898.826  290.206   83.954   -0.353   11.383 0.00000e+00
  125    18.10000   -97.39782 36.60344     610.359     938.722  901.156  290.420   83.078   -0.182   11.389 0.00000e+00
  126    18.11667   -97.39622 36.60704     599.440     927.937  902.371  290.545   82.427   -0.134   11.375 0.00000e+00
  127    18.13333   -97.39453 36.61067     590.649     918.153  903.384  290.650   81.664   -0.276   11.332 0.00000e+00
  128    18.15000   -97.39278 36.61436     572.640     899.048  905.447  290.876   80.777   -0.403   11.346 0.00000e+00
  129    18.16667   -97.39104 36.61804     546.608     870.305  908.513  291.161   79.473   -0.723   11.328 0.00000e+00
  130    18.18333   -97.38941 36.62165     516.683     837.059  912.062  291.518   77.523   -0.790   11.258 0.00000e+00
  131    18.20000   -97.38786 36.62513     490.666     808.377  915.111  291.771   77.570   -0.366   11.408 0.00000e+00
  132    18.21667   -97.38634 36.62851     461.339     776.060  918.528  292.063   77.319   -0.522   11.539 0.00000e+00
  133    18.23333   -97.38520 36.63183     409.575     722.284  924.211  292.580   75.673   -1.069   11.595 0.00000e+00
  134    18.25000   -97.38478 36.63504     328.822     639.905  933.077  293.370   73.158   -1.841   11.665 0.00000e+00
  135    18.26667   -97.38473 36.63824     243.357     552.605  942.506  294.251   70.434   -1.451   11.744 0.00000e+00
  136    18.28333   -97.38463 36.64140     205.821     514.069  946.708  294.623   69.266   -0.398   11.766 0.00000e+00
  137    18.30000   -97.38467 36.64462     206.603     513.823  946.741  294.667   69.707    0.221   11.872 0.00000e+00
  138    18.31667   -97.38509 36.64771     187.005     492.892  949.080  294.859   69.618   -0.850   11.969 0.00000e+00
  139    18.33333   -97.38514 36.65026     132.208     436.721  955.244  295.376   68.127   -1.071   12.014 0.00000e+00
  140    18.35000   -97.38438 36.65243      79.572     383.031  961.138  295.912   66.453   -0.815   12.036 0.00000e+00
  141    18.36667   -97.38287 36.65435      51.430     353.870  964.352  296.183   65.521   -0.166   12.025 0.00000e+00
  142    18.38333   -97.38108 36.65596      53.433     355.251  964.171  296.392   65.425    0.070   12.164 0.00000e+00
  143    18.40000   -97.37926 36.65730      61.922     363.425  963.221  296.360   65.732    0.157   12.210 0.00000e+00
  144    18.41667   -97.37772 36.65843      91.721     392.850  959.949  296.185   66.555    0.958   12.273 0.00000e+00
  145    18.43333   -97.37704 36.65951     176.136     476.957  950.791  295.422   69.277    2.121   12.309 0.00000e+00
  146    18.45000   -97.37749 36.66108     302.720     603.241  937.033  294.125   73.811    2.345   12.283 0.00000e+00
  147    18.46667   -97.37871 36.66308     432.458     732.642  923.134  292.848   78.623    1.856   12.265 0.00000e+00
  148    18.48333   -97.37973 36.66535     551.051     851.255  910.474  291.722   83.289    1.809   12.274 0.00000e+00
  149    18.50000   -97.38004 36.66770     661.646     961.893  898.838  290.641   88.036    1.785   12.272 0.00000e+00
  150    18.51667   -97.37978 36.66998     762.753    1062.971  888.282  289.646   92.546    1.496   12.250 0.00000e+00
  151    18.53333   -97.37910 36.67205     843.937    1144.060  879.867  288.836   96.327    0.943   12.220 0.00000e+00
  152    18.55000   -97.37828 36.67389     896.284    1196.304  874.477  288.274   98.772    0.270   12.158 0.00000e+00
  153    18.56667   -97.37750 36.67572     926.010    1226.041  871.423  288.000   99.590    0.007   12.085 1.12713e-02
  154    18.58333   -97.37682 36.67757     964.988    1265.142  867.367  287.759  100.000    0.129   12.004 6.71894e-02
  155    18.60000   -97.37599 36.67944    1044.445    1344.874  859.229  287.410  100.000    1.081   11.865 2.23184e-01
  156    18.61667   -97.37463 36.68153    1172.271    1473.112  846.312  286.805  100.000    2.679   11.580 4.62735e-01
  157    18.63333   -97.37263 36.68397    1340.316    1641.465  829.492  285.984  100.000    3.565   11.196 7.59817e-01
  158    18.65000   -97.36999 36.68684    1537.893    1839.062  810.134  285.038  100.000    4.037   10.771 1.13652e+00
  159    18.66667   -97.36644 36.68996    1731.723    2033.367  791.473  284.048  100.000    3.775   10.324 1.44705e+00
  160    18.68333   -97.36243 36.69357    1839.840    2142.868  781.117  283.158  100.000    1.933    9.857 1.18492e+00
  161    18.70000   -97.35824 36.69750    1850.076    2155.297  779.968  282.960  100.000    0.191    9.741 8.61228e-01
  162    18.71667   -97.35432 36.70146    1823.574    2132.984  782.044  283.154  100.000   -0.046    9.844 7.61220e-01
  163    18.73333   -97.35068 36.70558    1800.008    2112.865  784.056  283.303  100.000    0.270    9.916 5.11506e-01
  164    18.75000   -97.34695 36.70987    1784.844    2098.284  785.439  282.981   96.689    0.426    9.345 1.76631e-02
  165    18.76667   -97.34335 36.71418    1778.404    2091.812  786.177  283.317   86.894    0.474    8.583 0.00000e+00
  166    18.78333   -97.33988 36.71830    1789.140    2099.950  785.422  283.377   82.364    0.070    8.176 0.00000e+00
  167    18.80000   -97.33606 36.72251    1803.262    2112.014  784.262  283.495   75.196    0.317    7.535 0.00000e+00
  168    18.81667   -97.33189 36.72678    1830.273    2137.200  781.861  283.119   76.985    0.792    7.545 0.00000e+00
  169    18.83333   -97.32732 36.73095    1868.360    2173.391  778.452  282.448   83.234    0.785    7.830 0.00000e+00
  170    18.85000   -97.32246 36.73499    1895.876    2200.809  775.915  282.021   88.312    0.348    8.097 0.00000e+00
  171    18.86667   -97.31779 36.73906    1908.940    2214.253  774.636  282.082   84.160   -0.053    7.762 0.00000e+00
  172    18.88333   -97.31340 36.74327    1902.103    2208.884  775.115  282.344   79.096   -0.509    7.420 0.00000e+00
  173    18.90000   -97.30930 36.74757    1868.718    2176.665  778.161  283.117   67.234   -0.958    6.620 0.00000e+00
  174    18.91667   -97.30522 36.75175    1823.840    2133.043  782.233  283.866   59.118   -0.841    6.089 0.00000e+00
  175    18.93333   -97.30107 36.75587    1800.422    2112.026  784.209  284.169   56.604   -0.061    5.935 0.00000e+00
  176    18.95000   -97.29691 36.76013    1815.929    2129.892  782.495  283.770   60.840    0.712    6.224 0.00000e+00
  177    18.96667   -97.29290 36.76463    1860.505    2176.302  778.219  282.908   69.849    1.021    6.780 0.00000e+00
  178    18.98333   -97.28909 36.76923    1903.045    2218.885  774.226  282.286   75.327    0.529    7.047 0.00000e+00
