    0    16.01667   -97.41028 36.24623       8.716     362.209  963.678  293.897   81.650    0.097   13.023 0.00000e+00
    1    16.03333   -97.41142 36.24828      15.318     369.183  963.045  293.752   82.373    0.158   13.029 0.00000e+00
    2    16.05000   -97.41223 36.25041      25.998     381.083  961.790  293.609   82.976    0.237   13.024 0.00000e+00
    3    16.06667   -97.41292 36.25278      37.807     394.102  960.369  293.448   83.618    0.205   13.013 0.00000e+00
    4    16.08333   -97.41354 36.25518      47.444     404.384  959.261  293.341   84.034    0.215   13.007 0.00000e+00
    5    16.10000   -97.41412 36.25768      60.818     416.418  957.913  293.228   84.530    0.361   13.009 0.00000e+00
    6    16.11667   -97.41460 36.26034      77.420     430.858  956.283  293.060   85.143    0.330   12.989 0.00000e+00
    7    16.13333   -97.41501 36.26335      92.232     442.821  954.906  292.886   85.631    0.127   12.941 0.00000e+00
    8    16.15000   -97.41531 36.26656      95.376     444.076  954.797  292.846   85.669   -0.121   12.916 0.00000e+00
    9    16.16667   -97.41547 36.26987      90.554     437.527  955.603  292.867   85.300   -0.135   12.866 0.00000e+00
   10    16.18333   -97.41554 36.27325      83.898     430.312  956.279  292.892   85.031   -0.100   12.837 0.00000e+00
   11    16.20000   -97.41560 36.27667      79.590     426.876  956.700  292.908   84.849    0.018   12.816 0.00000e+00
   12    16.21667   -97.41573 36.28009      78.942     427.019  956.694  292.893   84.780    0.101   12.794 0.00000e+00
   13    16.23333   -97.41588 36.28346      81.953     429.569  956.461  292.875   84.818    0.107   12.788 0.00000e+00
   14    16.25000   -97.41597 36.28678      81.438     428.582  956.614  292.897   84.717   -0.048   12.789 0.00000e+00
   15    16.26667   -97.41610 36.29002      72.503     418.248  957.809  293.011   84.201   -0.291   12.786 0.00000e+00
   16    16.28333   -97.41628 36.29309      56.972     400.452  959.730  293.187   83.467   -0.357   12.789 0.00000e+00
   17    16.30000   -97.41641 36.29602      43.933     385.254  961.443  293.370   82.749   -0.268   12.802 0.00000e+00
   18    16.31667   -97.41656 36.29886      35.314     371.506  963.048  293.569   82.019   -0.139   12.826 0.00000e+00
   19    16.33333   -97.41664 36.30157      29.736     360.024  964.254  293.797   81.299   -0.089   12.878 0.00000e+00
   20    16.35000   -97.41663 36.30411      26.763     351.390  965.146  293.968   80.750   -0.060   12.916 0.00000e+00
   21    16.36667   -97.41649 36.30651      24.184     346.505  965.509  294.101   80.378   -0.073   12.959 0.00000e+00
   22    16.38333   -97.41627 36.30870      21.197     343.172  965.887  294.245   79.983   -0.031   13.006 0.00000e+00
   23    16.40000   -97.41605 36.31067      19.311     340.916  966.163  294.402   79.572   -0.021   13.061 0.00000e+00
   24    16.41667   -97.41595 36.31250      18.247     339.465  966.279  294.527   79.285   -0.008   13.114 0.00000e+00
   25    16.43333   -97.41602 36.31424      18.320     340.160  966.154  294.640   79.043   -0.001   13.167 0.00000e+00
   26    16.45000   -97.41634 36.31593      19.614     343.041  965.780  294.668   79.051    0.037   13.197 0.00000e+00
   27    16.46667   -97.41686 36.31766      21.721     346.825  965.350  294.663   79.138    0.056   13.213 0.00000e+00
   28    16.48333   -97.41747 36.31937      25.673     352.539  964.763  294.580   79.410    0.067   13.199 0.00000e+00
   29    16.50000   -97.41817 36.32113      30.254     359.008  964.111  294.526   79.647    0.113   13.203 0.00000e+00
   30    16.51667   -97.41891 36.32290      39.509     368.657  963.141  294.417   79.997    0.233   13.185 0.00000e+00
   31    16.53333   -97.41958 36.32466      59.167     387.709  960.966  294.208   80.758    0.519   13.169 0.00000e+00
   32    16.55000   -97.42005 36.32663      97.803     425.570  956.781  293.725   82.394    0.962   13.096 0.00000e+00
   33    16.56667   -97.42038 36.32871     171.812     498.668  948.725  292.963   85.462    1.671   13.063 0.00000e+00
   34    16.58333   -97.42069 36.33092     272.036     597.424  937.927  291.933   89.798    1.563   13.015 0.00000e+00
   35    16.60000   -97.42068 36.33333     355.320     678.304  929.140  291.101   93.464    1.292   12.974 0.00000e+00
   36    16.61667   -97.42020 36.33596     434.975     755.313  920.809  290.318   97.074    1.322   12.937 0.00000e+00
   37    16.63333   -97.41911 36.33894     502.064     819.388  913.944  289.685  100.000    1.223   12.896 6.29677e-04
   38    16.65000   -97.41746 36.34225     548.623     862.377  909.337  289.464  100.000    0.805   12.794 7.40637e-02
   39    16.66667   -97.41541 36.34579     560.464     870.279  908.480  289.418  100.000    0.174   12.763 8.00173e-02
   40    16.68333   -97.41325 36.34938     531.359     841.793  911.334  289.530   99.875   -0.654   12.788 7.38268e-03
   41    16.70000   -97.41135 36.35293     478.831     792.801  916.534  289.999   97.133   -1.014   12.743 0.00000e+00
   42    16.71667   -97.40976 36.35636     421.309     739.957  922.157  290.543   93.879   -1.032   12.673 0.00000e+00
   43    16.73333   -97.40833 36.35967     375.171     698.491  926.632  291.018   90.915   -0.718   12.588 0.00000e+00
   44    16.75000   -97.40697 36.36287     350.747     678.263  928.894  291.289   89.117   -0.333   12.523 0.00000e+00
   45    16.76667   -97.40569 36.36599     345.995     675.012  929.318  291.380   88.184   -0.085   12.458 0.00000e+00
   46    16.78333   -97.40448 36.36910     347.409     677.422  929.080  291.406   87.848   -0.073   12.433 0.00000e+00
   47    16.80000   -97.40332 36.37219     351.264     681.597  928.780  291.425   87.821   -0.084   12.449 0.00000e+00
   48    16.81667   -97.40210 36.37527     363.175     690.683  927.844  291.378   87.778    0.151   12.418 0.00000e+00
   49    16.83333   -97.40080 36.37822     388.826     712.898  925.459  291.210   88.103    0.496   12.364 0.00000e+00
   50    16.85000   -97.39939 36.38104     429.310     750.302  921.367  290.886   89.180    0.764   12.316 0.00000e+00
   51    16.86667   -97.39793 36.38379     475.750     794.579  916.631  290.446   91.380    0.739   12.334 0.00000e+00
   52    16.88333   -97.39642 36.38653     512.294     829.060  912.969  290.093   93.252    0.577   12.356 0.00000e+00
   53    16.90000   -97.39497 36.38920     531.108     846.123  911.092  289.926   94.022    0.297   12.351 0.00000e+00
   54    16.91667   -97.39365 36.39184     528.421     842.247  911.595  289.976   93.696   -0.105   12.342 0.00000e+00
   55    16.93333   -97.39245 36.39447     514.374     827.001  913.168  290.076   93.717   -0.140   12.402 0.00000e+00
   56    16.95000   -97.39122 36.39714     506.366     817.623  914.145  290.135   94.004    0.002   12.474 0.00000e+00
   57    16.96667   -97.38975 36.39993     501.169     811.038  914.884  290.198   94.001   -0.092   12.513 0.00000e+00
   58    16.98333   -97.38808 36.40283     481.492     789.832  917.115  290.385   93.422   -0.348   12.554 0.00000e+00
   59    17.00000   -97.38638 36.40577     449.007     756.143  920.660  290.695   92.048   -0.661   12.568 0.00000e+00
   60    17.01667   -97.38470 36.40868     403.572     710.526  925.552  291.138   89.943   -0.888   12.563 0.00000e+00
   61    17.03333   -97.38314 36.41153     354.928     661.699  930.852  291.633   87.473   -0.930   12.536 0.00000e+00
   62    17.05000   -97.38178 36.41438     311.566     618.006  935.618  292.036   85.871   -0.912   12.558 0.00000e+00
   63    17.06667   -97.38069 36.41721     272.854     578.729  939.942  292.404   84.295   -0.742   12.558 0.00000e+00
   64    17.08333   -97.37981 36.42002     238.819     543.584  943.807  292.746   82.703   -0.653   12.536 0.00000e+00
   65    17.10000   -97.37923 36.42279     201.692     505.510  947.926  293.130   81.110   -0.648   12.539 0.00000e+00
   66    17.11667   -97.37883 36.42561     162.874     466.248  952.213  293.523   79.575   -0.755   12.550 0.00000e+00
   67    17.13333   -97.37849 36.42846     121.195     424.062  956.806  293.948   77.827   -0.836   12.543 0.00000e+00
   68    17.15000   -97.37814 36.43133      84.688     387.170  960.912  294.274   76.587   -0.684   12.541 0.00000e+00
   69    17.16667   -97.37775 36.43423      62.036     364.281  963.453  294.563   75.771   -0.412   12.598 0.00000e+00
   70    17.18333   -97.37727 36.43711      51.140     353.090  964.716  294.916   74.961   -0.243   12.721 0.00000e+00
   71    17.20000   -97.37669 36.43994      44.358     345.648  965.552  295.265   74.181   -0.148   12.852 0.00000e+00
   72    17.21667   -97.37591 36.44266      29.560     329.900  967.335  295.488   73.254   -0.364   12.843 0.00000e+00
   73    17.23333   -97.37483 36.44503      18.266     317.593  968.658  295.903   72.071   -0.082   12.944 0.00000e+00
   74    17.25000   -97.37334 36.44708      20.651     319.244  968.414  296.011   71.870    0.268   12.997 0.00000e+00
   75    17.26667   -97.37195 36.44891      51.232     350.066  965.017  295.710   73.189    0.965   13.039 0.00000e+00
   76    17.28333   -97.37103 36.45070     140.886     440.060  955.056  294.615   76.879    2.416   12.937 0.00000e+00
   77    17.30000   -97.37066 36.45274     319.485     619.298  935.419  292.691   84.348    3.655   12.857 0.00000e+00
   78    17.31667   -97.37019 36.45482     542.817     843.141  911.414  290.528   94.586    4.730   12.908 0.00000e+00
   79    17.33333   -97.36888 36.45741     760.657    1061.083  888.396  288.922  100.000    3.901   12.650 2.21144e-01
   80    17.35000   -97.36652 36.46059     914.990    1216.443  872.227  288.167  100.000    3.279   12.273 5.43992e-01
   81    17.36667   -97.36324 36.46392    1033.207    1335.981  860.092  287.550  100.000    3.228   11.960 7.96685e-01
   82    17.38333   -97.35941 36.46737    1129.769    1427.535  850.877  287.100  100.000    2.637   11.742 8.95994e-01
   83    17.40000   -97.35545 36.47094    1200.069    1493.492  844.157  286.681  100.000    2.259   11.516 8.32409e-01
   84    17.41667   -97.35162 36.47450    1271.975    1562.344  837.297  286.193  100.000    2.498   11.245 7.50336e-01
   85    17.43333   -97.34789 36.47803    1360.883    1647.657  828.847  285.589  100.000    2.653   10.917 7.05860e-01
   86    17.45000   -97.34409 36.48165    1457.184    1742.869  819.373  285.006  100.000    2.463   10.627 8.13002e-01
   87    17.46667   -97.34032 36.48532    1534.203    1820.888  811.815  284.700  100.000    1.780   10.512 9.69163e-01
   88    17.48333   -97.33652 36.48893    1566.980    1854.266  808.538  284.632  100.000    0.746   10.506 9.28191e-01
   89    17.50000   -97.33270 36.49252    1544.045    1834.431  810.417  284.653   99.417   -0.468   10.415 5.98722e-01
   90    17.51667   -97.32883 36.49620    1482.762    1776.947  815.991  284.785   96.702   -0.972   10.150 1.84601e-01
   91    17.53333   -97.32485 36.49989    1428.124    1725.808  820.970  285.051   94.455   -0.528   10.029 2.99423e-02
   92    17.55000   -97.32078 36.50356    1427.143    1727.713  820.806  285.053   93.542    0.492    9.935 2.78059e-02
   93    17.56667   -97.31700 36.50721    1475.195    1778.488  815.836  284.750   92.867    0.965    9.726 5.53883e-02
   94    17.58333   -97.31353 36.51089    1529.176    1836.682  810.120  284.251   94.202    0.764    9.611 7.23180e-02
   95    17.60000   -97.31019 36.51460    1565.007    1875.342  806.604  283.876   97.168    0.447    9.710 1.40783e-01
   96    17.61667   -97.30687 36.51843    1576.894    1886.585  805.467  283.773   98.088    0.047    9.749 1.93609e-01
   97    17.63333   -97.30357 36.52241    1564.553    1876.333  806.400  283.774   98.683   -0.308    9.797 1.67827e-01
   98    17.65000   -97.30024 36.52646    1538.014    1852.811  808.722  283.960   96.986   -0.498    9.721 1.10682e-01
   99    17.66667   -97.29677 36.53041    1502.293    1818.800  812.008  284.239   95.116   -0.493    9.674 6.21388e-02
  100    17.68333   -97.29315 36.53427    1466.945    1784.966  815.336  284.319   97.806   -0.255    9.959 2.61458e-02
  101    17.70000   -97.28944 36.53805    1452.313    1769.526  816.890  284.356   97.742   -0.044    9.958 0.00000e+00
  102    17.71667   -97.28571 36.54170    1466.984    1783.213  815.543  284.466   94.105    0.343    9.675 0.00000e+00
  103    17.73333   -97.28214 36.54528    1513.313    1827.635  811.300  284.056   96.613    1.089    9.715 7.55852e-04
  104    17.75000   -97.27884 36.54891    1566.733    1879.365  806.210  283.494   98.348    0.977    9.584 1.46142e-03
  105    17.76667   -97.27565 36.55251    1591.382    1905.355  803.665  283.302   95.063    0.111    9.175 1.50070e-03
  106    17.78333   -97.27245 36.55589    1567.666    1883.061  805.917  283.353   96.971   -0.978    9.365 2.86046e-02
  107    17.80000   -97.26922 36.55910    1506.847    1819.512  812.213  283.811   97.011   -1.607    9.585 1.95759e-02
  108    17.81667   -97.26595 36.56225    1432.921    1739.908  819.962  284.544   94.488   -1.288    9.712 4.98887e-04
  109    17.83333   -97.26260 36.56545    1377.756    1679.281  825.872  285.051   93.279   -0.633    9.845 9.34206e-05
  110    17.85000   -97.25922 36.56876    1361.946    1660.246  827.673  285.195   92.921    0.206    9.880 1.78225e-05
  111    17.86667   -97.25586 36.57219    1388.398    1684.407  825.281  284.945   94.048    0.851    9.864 0.00000e+00
  112    17.88333   -97.25261 36.57574    1441.487    1736.119  820.186  284.438   96.622    1.055    9.859 0.00000e+00
  113    17.90000   -97.24949 36.57938    1495.882    1790.026  814.947  283.922   99.273    0.906    9.849 3.52934e-03
  114    17.91667   -97.24646 36.58304    1534.056    1827.396  811.317  283.658  100.000    0.529    9.809 3.99373e-02
  115    17.93333   -97.24352 36.58673    1548.780    1841.297  809.959  283.592  100.000    0.075    9.783 7.42022e-02
  116    17.95000   -97.24068 36.59045    1536.285    1828.283  811.207  283.662  100.000   -0.395    9.814 7.00147e-02
  117    17.96667   -97.23795 36.59421    1497.117    1789.117  815.030  283.880   99.738   -0.751    9.866 1.50754e-02
  118    17.98333   -97.23522 36.59800    1446.937    1738.917  819.926  284.274   97.972   -0.747    9.891 0.00000e+00
  119    18.00000   -97.23232 36.60170    1406.019    1697.732  824.001  284.686   95.528   -0.417    9.863 0.00000e+00
  120    18.01667   -97.22908 36.60527    1393.238    1684.344  825.333  284.860   94.078    0.176    9.810 0.00000e+00
  121    18.03333   -97.22559 36.60873    1425.151    1715.548  822.259  284.564   95.695    0.875    9.821 0.00000e+00
  122    18.05000   -97.22216 36.61211    1491.936    1781.964  815.775  283.974   98.271    1.021    9.774 0.00000e+00
  123    18.06667   -97.21893 36.61550    1546.668    1837.868  810.288  283.522   99.457    0.440    9.662 8.06398e-03
  124    18.08333   -97.21584 36.61897    1555.532    1849.136  809.184  283.416   99.565   -0.379    9.617 2.82025e-03
  125    18.10000   -97.21288 36.62255    1516.333    1812.211  812.829  283.764   97.576   -1.060    9.604 0.00000e+00
  126    18.11667   -97.21000 36.62614    1442.548    1739.553  819.922  284.457   94.061   -1.375    9.612 0.00000e+00
  127    18.13333   -97.20710 36.62968    1351.890    1649.754  828.772  285.320   89.697   -1.405    9.603 0.00000e+00
  128    18.15000   -97.20407 36.63313    1269.309    1567.312  836.938  286.135   85.537   -1.008    9.569 0.00000e+00
  129    18.16667   -97.20105 36.63648    1229.757    1527.652  840.907  286.507   83.274    0.026    9.502 0.00000e+00
  130    18.18333   -97.19823 36.63977    1257.959    1556.034  838.124  286.188   85.039    1.088    9.533 0.00000e+00
  131    18.20000   -97.19561 36.64303    1333.234    1631.299  830.610  285.376   89.810    1.550    9.629 0.00000e+00
  132    18.21667   -97.19304 36.64631    1415.767    1713.737  822.522  284.549   94.389    1.352    9.674 0.00000e+00
  133    18.23333   -97.19044 36.64956    1477.078    1775.593  816.437  283.942   97.560    0.884    9.674 0.00000e+00
  134    18.25000   -97.18781 36.65281    1510.247    1809.114  813.181  283.590   99.856    0.386    9.710 1.48783e-03
  135    18.26667   -97.18521 36.65601    1516.239    1815.548  812.543  283.548  100.000   -0.189    9.706 7.93301e-03
  136    18.28333   -97.18265 36.65912    1497.212    1797.254  814.353  283.726   99.131   -0.815    9.713 0.00000e+00
  137    18.30000   -97.18015 36.66222    1462.258    1762.574  817.764  283.929   97.298   -1.652    9.624 0.00000e+00
  138    18.31667   -97.17751 36.66541    1430.326    1730.730  820.876  284.400   97.768   -1.225    9.942 1.88041e-01
  139    18.33333   -97.17441 36.66888    1396.231    1696.560  824.220  284.729   99.889   -0.725   10.340 1.87168e-01
  140    18.35000   -97.17081 36.67278    1351.043    1650.804  828.665  285.107   99.391   -0.864   10.493 1.62346e-01
  141    18.36667   -97.16735 36.67693    1312.475    1613.081  832.402  285.378  100.000   -0.410   10.710 1.31465e-01
  142    18.38333   -97.16423 36.68108    1329.132    1630.735  830.644  285.303   98.271    0.793   10.486 3.16093e-02
  143    18.40000   -97.16108 36.68499    1378.307    1680.562  825.697  284.859   99.694    0.504   10.391 3.31314e-02
  144    18.41667   -97.15803 36.68904    1421.750    1725.273  821.331  284.600  100.000    0.768   10.310 9.86663e-02
  145    18.43333   -97.15535 36.69349    1457.317    1761.820  817.752  284.337  100.000    0.756   10.185 1.25450e-01
  146    18.45000   -97.15335 36.69801    1485.630    1790.925  814.920  284.242  100.000    0.811   10.155 2.24569e-01
  147    18.46667   -97.15193 36.70220    1526.553    1832.836  810.879  284.062  100.000    0.770   10.085 2.73071e-01
  148    18.48333   -97.15082 36.70590    1563.170    1870.380  807.286  283.834  100.000    0.295    9.977 2.76402e-01
  149    18.50000   -97.14975 36.70922    1562.935    1870.942  807.239  283.690   99.752   -0.550    9.837 1.47020e-01
  150    18.51667   -97.14884 36.71233    1530.835    1839.586  810.260  283.864   98.452   -1.081    9.786 6.67400e-02
  151    18.53333   -97.14805 36.71520    1486.690    1796.350  814.423  284.156   98.421   -0.789    9.925 2.60241e-02
  152    18.55000   -97.14709 36.71780    1447.333    1757.930  818.203  284.461   96.302   -0.256    9.865 0.00000e+00
  153    18.56667   -97.14574 36.72030    1419.326    1730.853  820.920  284.812   92.874   -0.004    9.706 0.00000e+00
  154    18.58333   -97.14409 36.72291    1399.070    1710.635  822.994  285.111   90.251   -0.294    9.597 0.00000e+00
  155    18.60000   -97.14227 36.72578    1375.508    1685.467  825.471  285.267   90.098   -0.526    9.651 0.00000e+00
  156    18.61667   -97.14038 36.72898    1348.485    1656.212  828.370  285.624   87.655   -0.452    9.580 0.00000e+00
  157    18.63333   -97.13847 36.73237    1329.418    1635.922  830.304  285.805   87.371   -0.355    9.641 0.00000e+00
  158    18.65000   -97.13651 36.73601    1311.918    1618.269  831.980  285.897   86.991   -0.527    9.638 0.00000e+00
  159    18.66667   -97.13438 36.73969    1289.037    1596.443  834.101  285.619   92.911   -0.859   10.081 0.00000e+00
  160    18.68333   -97.13185 36.74280    1252.354    1560.340  837.730  285.780   93.968   -1.177   10.260 1.08669e-03
  161    18.70000   -97.12894 36.74509    1229.054    1536.355  840.117  286.002   93.455   -0.641   10.324 0.00000e+00
  162    18.71667   -97.12618 36.74690    1247.403    1555.981  838.009  285.801   94.115    0.936   10.287 1.30869e-03
  163    18.73333   -97.12378 36.74862    1304.828    1616.155  832.094  285.183   97.003    1.767   10.250 8.78882e-03
  164    18.75000   -97.12156 36.75061    1371.466    1685.417  825.280  284.577   99.649    1.397   10.198 4.11176e-02
  165    18.76667   -97.11960 36.75277    1419.293    1734.984  820.559  284.325  100.000    0.777   10.129 1.14993e-01
  166    18.78333   -97.11765 36.75494    1430.946    1746.453  819.505  284.363  100.000    0.287   10.180 2.02165e-01
  167    18.80000   -97.11552 36.75708    1403.468    1717.638  822.345  284.798  100.000   -0.283   10.444 3.05000e-01
  168    18.81667   -97.11336 36.75927    1355.273    1667.867  827.225  285.052  100.000   -0.247   10.539 1.16966e-01
  169    18.83333   -97.11127 36.76147    1313.639    1624.626  831.532  285.320   96.886   -0.595   10.338 6.43958e-05
  170    18.85000   -97.10922 36.76355    1281.083    1590.672  834.837  285.800   92.214   -0.773   10.117 0.00000e+00
  171    18.86667   -97.10715 36.76550    1258.790    1567.443  837.182  286.164   89.069   -0.670    9.980 0.00000e+00
  172    18.88333   -97.10506 36.76743    1245.584    1553.404  838.570  286.373   87.383   -0.411    9.911 0.00000e+00
  173    18.90000   -97.10292 36.76928    1237.261    1544.730  839.321  286.487   86.443   -0.149    9.869 0.00000e+00
  174    18.91667   -97.10080 36.77108    1234.843    1543.899  839.369  286.476   86.463    0.296    9.864 0.00000e+00
  175    18.93333   -97.09876 36.77294    1249.937    1560.760  837.748  286.255   87.738    0.700    9.884 0.00000e+00
  176    18.95000   -97.09685 36.77506    1282.750    1595.225  834.325  285.868   89.973    0.701    9.922 0.00000e+00
  177    18.96667   -97.09509 36.77751    1312.205    1626.329  831.212  285.508   92.293    0.348    9.975 0.00000e+00
  178    18.98333   -97.09335 36.78022    1326.610    1642.383  829.645  285.367   92.804    0.045    9.957 0.00000e+00
