    0    16.01667   -97.57587 36.21049      49.169     373.624  962.272  293.053   84.721   -0.251   12.838 0.00000e+00
    1    16.03333   -97.57693 36.21303      37.576     362.532  963.506  293.203   84.058   -0.259   12.841 0.00000e+00
    2    16.05000   -97.57795 36.21534      24.092     350.068  964.917  293.440   83.192   -0.209   12.880 0.00000e+00
    3    16.06667   -97.57893 36.21733      16.101     343.555  965.693  293.604   82.616   -0.083   12.911 0.00000e+00
    4    16.08333   -97.57999 36.21914      12.006     341.201  965.981  293.717   82.266   -0.030   12.944 0.00000e+00
    5    16.10000   -97.58095 36.22086      10.820     341.731  965.937  293.848   81.882   -0.014   12.989 0.00000e+00
    6    16.11667   -97.58181 36.22249      10.056     342.109  965.922  294.005   81.490    0.003   13.054 0.00000e+00
    7    16.13333   -97.58240 36.22403       9.652     342.122  965.891  294.107   81.263   -0.008   13.101 0.00000e+00
    8    16.15000   -97.58275 36.22547       9.158     341.721  965.932  294.241   80.918   -0.018   13.153 0.00000e+00
    9    16.16667   -97.58293 36.22685       7.648     340.151  966.040  294.345   80.508   -0.018   13.171 0.00000e+00
   10    16.18333   -97.58302 36.22818       6.379     338.709  966.157  294.419   80.136   -0.014   13.168 0.00000e+00
   11    16.20000   -97.58294 36.22950       5.850     337.920  966.234  294.436   79.900   -0.014   13.142 0.00000e+00
   12    16.21667   -97.58281 36.23096       4.873     336.573  966.373  294.526   79.241   -0.016   13.104 0.00000e+00
   13    16.23333   -97.58273 36.23274       3.158     334.455  966.558  294.674   78.385   -0.025   13.080 0.00000e+00
   14    16.25000   -97.58305 36.23482       2.152     333.144  966.638  294.776   77.749   -0.023   13.055 0.00000e+00
   15    16.26667   -97.58391 36.23692       1.539     332.314  966.666  295.012   76.915    0.002   13.104 0.00000e+00
   16    16.28333   -97.58476 36.23880       2.040     332.761  966.593  295.250   76.230    0.023   13.180 0.00000e+00
   17    16.30000   -97.58509 36.24030       4.167     335.180  966.386  295.405   75.853    0.038   13.244 0.00000e+00
   18    16.31667   -97.58511 36.24181       6.312     337.590  966.155  295.401   76.040    0.025   13.277 0.00000e+00
   19    16.33333   -97.58501 36.24344       7.946     339.505  965.964  295.321   76.694    0.011   13.328 0.00000e+00
   20    16.35000   -97.58488 36.24514       8.766     340.628  965.820  295.327   76.834    0.012   13.358 0.00000e+00
   21    16.36667   -97.58470 36.24684      10.506     342.770  965.583  295.210   77.309    0.023   13.348 0.00000e+00
   22    16.38333   -97.58440 36.24852      13.851     346.767  965.164  295.042   77.827    0.079   13.305 0.00000e+00
   23    16.40000   -97.58388 36.25020      22.142     355.812  964.173  294.750   78.611    0.210   13.213 0.00000e+00
   24    16.41667   -97.58336 36.25217      41.920     376.474  961.846  294.390   79.699    0.553   13.132 0.00000e+00
   25    16.43333   -97.58286 36.25421      96.306     431.796  955.717  293.691   81.921    1.294   13.008 0.00000e+00
   26    16.45000   -97.58241 36.25647     173.818     510.115  947.100  292.776   85.315    1.502   12.912 0.00000e+00
   27    16.46667   -97.58192 36.25877     261.774     598.702  937.470  291.897   89.150    1.905   12.898 0.00000e+00
   28    16.48333   -97.58128 36.26107     350.986     688.492  927.693  291.019   93.152    1.646   12.883 0.00000e+00
   29    16.50000   -97.58047 36.26344     415.310     753.325  920.714  290.388   96.167    1.167   12.875 0.00000e+00
   30    16.51667   -97.57954 36.26590     459.105     797.656  915.965  289.982   97.907    0.589   12.839 0.00000e+00
   31    16.53333   -97.57860 36.26845     489.526     828.701  912.607  289.699   98.940    0.397   12.789 5.07480e-04
   32    16.55000   -97.57771 36.27102     516.793     856.656  909.647  289.455   99.875    0.439   12.751 6.56655e-03
   33    16.56667   -97.57680 36.27354     547.254     888.053  906.307  289.286  100.000    0.397   12.685 4.95856e-02
   34    16.58333   -97.57574 36.27602     574.344     916.166  903.326  289.143  100.000    0.234   12.618 8.21059e-02
   35    16.60000   -97.57445 36.27854     589.826     932.713  901.584  289.063  100.000    0.129   12.578 1.08078e-01
   36    16.61667   -97.57295 36.28121     579.965     924.019  902.508  289.107  100.000   -0.149   12.601 8.87348e-02
   37    16.63333   -97.57143 36.28399     542.045     887.522  906.384  289.292   99.972   -0.766   12.675 1.11300e-02
   38    16.65000   -97.57006 36.28679     492.839     839.939  911.416  289.781   97.035   -1.180   12.625 0.00000e+00
   39    16.66667   -97.56884 36.28950     454.553     802.950  915.385  290.235   93.950   -0.668   12.529 0.00000e+00
   40    16.68333   -97.56762 36.29209     433.257     782.610  917.509  290.427   92.942   -0.058   12.518 0.00000e+00
   41    16.70000   -97.56629 36.29466     417.522     768.041  919.150  290.542   92.697   -0.208   12.554 0.00000e+00
   42    16.71667   -97.56492 36.29728     387.514     739.623  922.149  290.805   91.614   -0.611   12.576 0.00000e+00
   43    16.73333   -97.56361 36.29988     335.485     689.776  927.543  291.287   89.466   -0.930   12.588 0.00000e+00
   44    16.75000   -97.56255 36.30241     269.344     625.530  934.483  291.905   86.758   -1.038   12.599 0.00000e+00
   45    16.76667   -97.56174 36.30487     206.704     564.501  941.177  292.507   84.208   -0.903   12.610 0.00000e+00
   46    16.78333   -97.56109 36.30721     164.195     522.233  945.841  292.917   82.621   -0.570   12.631 0.00000e+00
   47    16.80000   -97.56052 36.30949     142.238     500.288  948.261  293.126   82.000   -0.295   12.669 0.00000e+00
   48    16.81667   -97.55999 36.31172     136.697     494.725  948.885  293.202   81.871   -0.007   12.701 0.00000e+00
   49    16.83333   -97.55947 36.31392     143.583     501.243  948.205  293.177   82.241    0.289   12.748 0.00000e+00
   50    16.85000   -97.55894 36.31610     166.620     523.023  945.860  293.021   82.911    0.572   12.758 0.00000e+00
   51    16.86667   -97.55840 36.31835     205.607     560.594  941.733  292.719   84.240    0.921   12.776 0.00000e+00
   52    16.88333   -97.55789 36.32068     256.365     609.741  936.370  292.271   86.096    1.037   12.768 0.00000e+00
   53    16.90000   -97.55735 36.32314     302.485     655.637  931.301  291.804   88.441    0.715   12.806 0.00000e+00
   54    16.91667   -97.55676 36.32576     334.397     688.482  927.785  291.491   89.699    0.359   12.782 0.00000e+00
   55    16.93333   -97.55609 36.32860     351.729     706.880  925.814  291.321   90.230    0.153   12.747 0.00000e+00
   56    16.95000   -97.55527 36.33167     354.590     709.156  925.632  291.312   90.110   -0.010   12.725 0.00000e+00
   57    16.96667   -97.55428 36.33498     332.913     685.485  928.144  291.531   89.010   -0.674   12.711 0.00000e+00
   58    16.98333   -97.55299 36.33834     276.490     627.508  934.397  292.092   86.279   -1.246   12.679 0.00000e+00
   59    17.00000   -97.55135 36.34160     202.535     552.476  942.554  292.821   83.018   -1.324   12.660 0.00000e+00
   60    17.01667   -97.54933 36.34465     136.923     486.789  949.687  293.448   80.357   -0.971   12.648 0.00000e+00
   61    17.03333   -97.54691 36.34744      94.979     445.457  954.272  293.900   78.535   -0.419   12.653 0.00000e+00
   62    17.05000   -97.54440 36.35002      92.029     441.788  954.815  293.966   78.373    0.197   12.672 0.00000e+00
   63    17.06667   -97.54238 36.35223     130.709     478.315  950.819  293.687   79.685    0.886   12.715 0.00000e+00
   64    17.08333   -97.54088 36.35421     204.019     549.449  943.040  293.034   82.415    1.447   12.730 0.00000e+00
   65    17.10000   -97.53970 36.35620     309.933     652.504  931.849  292.026   86.721    1.853   12.726 0.00000e+00
   66    17.11667   -97.53892 36.35814     430.979     770.323  919.157  290.885   92.029    2.200   12.739 0.00000e+00
   67    17.13333   -97.53851 36.36010     563.297     899.369  905.392  289.640   98.217    2.130   12.749 2.16194e-05
   68    17.15000   -97.53816 36.36245     685.147    1017.268  893.001  288.920  100.000    1.379   12.583 1.50458e-01
   69    17.16667   -97.53736 36.36552     752.175    1080.958  886.312  288.621  100.000    0.462   12.438 2.53277e-01
   70    17.18333   -97.53580 36.36940     784.383    1110.145  883.261  288.382  100.000    0.767   12.290 2.34449e-01
   71    17.20000   -97.53358 36.37400     795.287    1121.502  881.868  288.320  100.000    0.269   12.260 2.46828e-01
   72    17.21667   -97.53046 36.37877     768.847    1099.630  884.110  288.393  100.000   -0.701   12.285 1.51674e-01
   73    17.23333   -97.52640 36.38270     737.011    1071.318  887.074  288.515   98.880   -0.559   12.186 1.95236e-02
   74    17.25000   -97.52215 36.38573     751.118    1087.637  885.386  288.385   98.772    0.604   12.094 1.27301e-03
   75    17.26667   -97.51820 36.38833     801.830    1139.475  880.057  288.005   99.868    2.133   12.003 1.97072e-02
   76    17.28333   -97.51461 36.39087     940.775    1279.249  865.633  287.421  100.000    2.882   11.783 3.38559e-01
   77    17.30000   -97.51163 36.39368    1091.010    1430.865  850.273  286.770  100.000    2.147   11.499 7.03003e-01
   78    17.31667   -97.50930 36.39655    1214.121    1555.053  837.837  286.224  100.000    1.604   11.261 9.72138e-01
   79    17.33333   -97.50703 36.39961    1309.914    1651.786  828.247  285.687  100.000    1.514   10.997 1.05696e+00
   80    17.35000   -97.50469 36.40260    1373.107    1716.025  821.914  285.295  100.000    1.671   10.799 1.08037e+00
   81    17.36667   -97.50205 36.40574    1414.041    1757.199  818.029  285.009  100.000    1.404   10.646 1.09386e+00
   82    17.38333   -97.49940 36.40910    1422.095    1761.937  817.577  284.990  100.000    0.786   10.640 9.94868e-01
   83    17.40000   -97.49684 36.41247    1413.454    1750.043  818.780  285.034  100.000    0.669   10.654 8.75183e-01
   84    17.41667   -97.49429 36.41584    1401.772    1734.469  820.329  285.061  100.000    0.599   10.654 7.74540e-01
   85    17.43333   -97.49184 36.41930    1384.671    1713.247  822.417  285.077  100.000    0.258   10.638 6.19996e-01
   86    17.45000   -97.48950 36.42289    1365.841    1690.733  824.620  285.092  100.000    0.002   10.620 4.43062e-01
   87    17.46667   -97.48706 36.42658    1355.160    1676.227  826.019  284.999   99.952    0.018   10.511 1.61976e-01
   88    17.48333   -97.48431 36.43032    1365.853    1684.292  825.088  284.917   97.291    0.621   10.187 4.61447e-02
   89    17.50000   -97.48138 36.43411    1408.893    1727.323  820.961  284.567   98.209    1.274   10.097 8.77799e-02
   90    17.51667   -97.47837 36.43775    1474.510    1790.307  814.818  284.159   99.581    1.261   10.039 1.49746e-01
   91    17.53333   -97.47514 36.44128    1535.142    1849.879  809.010  283.860  100.000    0.836    9.973 2.05901e-01
   92    17.55000   -97.47170 36.44465    1565.349    1878.255  806.326  283.711  100.000    0.490    9.906 2.38912e-01
   93    17.56667   -97.46823 36.44781    1568.870    1879.857  806.100  283.626   99.843    0.047    9.818 1.88337e-01
   94    17.58333   -97.46472 36.45091    1554.347    1865.699  807.439  283.667   96.972   -0.593    9.546 3.62214e-02
   95    17.60000   -97.46115 36.45401    1519.720    1831.799  810.765  284.273   86.241   -1.186    8.805 0.00000e+00
   96    17.61667   -97.45752 36.45713    1476.582    1787.625  815.099  285.302   72.160   -1.269    7.847 0.00000e+00
   97    17.63333   -97.45382 36.46030    1441.986    1751.832  818.548  285.863   68.522   -0.212    7.700 0.00000e+00
   98    17.65000   -97.45021 36.46365    1444.338    1754.593  818.223  285.251   79.826    0.858    8.618 0.00000e+00
   99    17.66667   -97.44681 36.46704    1476.084    1786.089  815.253  284.453   89.929    0.968    9.241 0.00000e+00
  100    17.68333   -97.44336 36.47042    1510.175    1818.269  812.109  283.956   94.728    0.395    9.452 4.39230e-04
  101    17.70000   -97.43976 36.47381    1523.857    1830.893  810.907  283.913   93.881   -0.018    9.355 3.26447e-04
  102    17.71667   -97.43612 36.47712    1530.985    1835.520  810.468  283.970   92.003    0.091    9.208 0.00000e+00
  103    17.73333   -97.43260 36.48045    1539.748    1843.659  809.642  283.958   90.515    0.020    9.061 0.00000e+00
  104    17.75000   -97.42935 36.48383    1544.033    1846.238  809.534  284.056   88.597   -0.131    8.929 0.00000e+00
  105    17.76667   -97.42635 36.48723    1534.453    1832.062  810.942  284.253   86.719   -0.331    8.840 0.00000e+00
  106    17.78333   -97.42342 36.49059    1501.121    1796.385  814.308  284.539   86.075   -0.525    8.906 0.00000e+00
  107    17.80000   -97.42068 36.49388    1457.005    1751.793  818.621  284.833   86.044   -0.345    9.031 0.00000e+00
  108    17.81667   -97.41806 36.49715    1423.396    1719.074  821.721  284.962   87.636   -0.146    9.241 0.00000e+00
  109    17.83333   -97.41542 36.50041    1410.731    1710.023  822.581  284.907   90.126    0.116    9.459 0.00000e+00
  110    17.85000   -97.41254 36.50375    1415.207    1718.566  821.810  284.818   90.876    0.136    9.491 0.00000e+00
  111    17.86667   -97.40955 36.50719    1422.322    1726.450  821.227  284.788   90.531    0.037    9.443 0.00000e+00
  112    17.88333   -97.40648 36.51072    1430.183    1732.308  820.647  284.796   89.781    0.062    9.376 0.00000e+00
  113    17.90000   -97.40347 36.51431    1444.429    1744.207  819.461  284.682   90.165    0.260    9.359 0.00000e+00
  114    17.91667   -97.40060 36.51784    1465.200    1764.921  817.328  284.423   91.949    0.376    9.405 0.00000e+00
  115    17.93333   -97.39790 36.52129    1483.308    1784.955  815.321  284.099   95.437    0.317    9.577 1.39666e-03
  116    17.95000   -97.39532 36.52468    1489.047    1794.846  814.318  283.953   97.500    0.044    9.700 4.23329e-04
  117    17.96667   -97.39275 36.52803    1476.974    1787.281  815.107  284.014   97.943   -0.298    9.775 0.00000e+00
  118    17.98333   -97.39011 36.53136    1447.538    1760.752  817.770  284.266   96.930   -0.614    9.806 0.00000e+00
  119    18.00000   -97.38744 36.53465    1406.906    1722.801  821.384  284.654   94.453   -0.735    9.762 0.00000e+00
  120    18.01667   -97.38465 36.53789    1373.067    1691.513  824.562  285.007   92.124   -0.378    9.710 0.00000e+00
  121    18.03333   -97.38184 36.54114    1370.623    1688.624  824.918  285.066   91.491    0.256    9.677 0.00000e+00
  122    18.05000   -97.37897 36.54442    1403.544    1721.395  821.674  284.733   93.431    0.795    9.705 0.00000e+00
  123    18.06667   -97.37607 36.54776    1455.860    1772.866  816.685  284.274   96.081    0.940    9.738 0.00000e+00
  124    18.08333   -97.37303 36.55111    1499.919    1816.095  812.478  283.757   98.343    0.474    9.679 0.00000e+00
  125    18.10000   -97.36975 36.55441    1519.723    1834.710  810.595  283.604   98.987   -0.030    9.666 4.95426e-02
  126    18.11667   -97.36623 36.55763    1514.796    1831.417  810.846  283.810   99.230   -0.280    9.821 1.50629e-01
  127    18.13333   -97.36253 36.56097    1483.623    1803.126  813.603  284.108   99.625   -0.705   10.024 2.45098e-01
  128    18.15000   -97.35884 36.56462    1423.998    1746.009  819.240  284.469   99.547   -1.130   10.190 1.47512e-01
  129    18.16667   -97.35542 36.56855    1361.287    1683.607  825.421  284.818   98.148   -0.790   10.205 2.00700e-02
  130    18.18333   -97.35229 36.57254    1332.223    1653.433  828.338  285.059   96.480   -0.023   10.157 0.00000e+00
  131    18.20000   -97.34933 36.57652    1339.881    1662.165  827.488  285.031   95.611    0.638   10.058 0.00000e+00
  132    18.21667   -97.34644 36.58047    1369.591    1692.808  824.514  284.747   96.683    0.851   10.017 0.00000e+00
  133    18.23333   -97.34361 36.58441    1394.844    1715.862  822.348  284.521   98.416    0.446   10.071 3.35711e-03
  134    18.25000   -97.34085 36.58848    1388.161    1705.536  823.415  284.669   96.287   -0.514    9.937 0.00000e+00
  135    18.26667   -97.33807 36.59273    1348.925    1660.135  827.919  284.984   95.286   -1.156    9.987 0.00000e+00
  136    18.28333   -97.33508 36.59696    1279.117    1584.625  835.213  285.433   97.196   -1.570   10.403 1.99739e-03
  137    18.30000   -97.33211 36.60093    1195.857    1500.100  843.665  286.202   93.476   -1.743   10.420 0.00000e+00
  138    18.31667   -97.32932 36.60458    1133.669    1436.447  850.104  286.853   89.559   -1.197   10.340 0.00000e+00
  139    18.33333   -97.32656 36.60809    1099.908    1400.052  853.765  287.243   86.838   -0.447   10.240 0.00000e+00
  140    18.35000   -97.32372 36.61156    1083.771    1381.906  855.504  287.345   86.568   -0.243   10.255 0.00000e+00
  141    18.36667   -97.32076 36.61496    1072.402    1369.150  856.842  287.397   86.976   -0.283   10.322 0.00000e+00
  142    18.38333   -97.31758 36.61815    1064.772    1360.931  857.677  287.495   86.109   -0.282   10.275 0.00000e+00
  143    18.40000   -97.31424 36.62103    1065.443    1360.757  857.738  287.538   85.493   -0.112   10.229 0.00000e+00
  144    18.41667   -97.31083 36.62366    1067.923    1362.872  857.508  287.533   85.627   -0.023   10.245 0.00000e+00
  145    18.43333   -97.30758 36.62623    1057.924    1352.719  858.460  287.617   85.706   -0.184   10.299 0.00000e+00
  146    18.45000   -97.30449 36.62883    1038.229    1333.109  860.470  287.813   85.169   -0.330   10.341 0.00000e+00
  147    18.46667   -97.30164 36.63147    1014.942    1310.115  862.785  288.036   84.249   -0.287   10.351 0.00000e+00
  148    18.48333   -97.29897 36.63419     993.842    1289.341  864.970  288.199   84.096   -0.099   10.416 0.00000e+00
  149    18.50000   -97.29654 36.63705     993.230    1289.083  865.003  288.156   84.998    0.484   10.497 0.00000e+00
  150    18.51667   -97.29416 36.64009    1032.018    1327.711  861.116  287.817   85.771    1.158   10.409 0.00000e+00
  151    18.53333   -97.29163 36.64334    1099.292    1394.404  854.319  287.200   88.066    1.222   10.349 0.00000e+00
  152    18.55000   -97.28893 36.64678    1157.286    1452.361  848.432  286.620   90.924    0.670   10.358 0.00000e+00
  153    18.56667   -97.28605 36.65023    1171.788    1468.466  846.785  286.422   93.127   -0.102   10.493 0.00000e+00
  154    18.58333   -97.28336 36.65359    1143.732    1442.575  849.372  286.704   91.144   -0.525   10.429 0.00000e+00
  155    18.60000   -97.28102 36.65693    1100.514    1401.324  853.602  287.023   89.651   -0.679   10.422 0.00000e+00
  156    18.61667   -97.27888 36.66027    1062.273    1364.385  857.330  287.361   89.095   -0.613   10.543 0.00000e+00
  157    18.63333   -97.27670 36.66367    1036.846    1340.065  859.799  287.671   87.429   -0.388   10.527 0.00000e+00
  158    18.65000   -97.27438 36.66705    1023.435    1327.559  861.069  287.782   87.403   -0.093   10.584 0.00000e+00
  159    18.66667   -97.27188 36.67041    1021.486    1326.297  861.216  287.771   88.063    0.177   10.654 0.00000e+00
  160    18.68333   -97.26925 36.67370    1028.060    1333.124  860.586  287.687   88.703    0.103   10.681 0.00000e+00
  161    18.70000   -97.26650 36.67687    1039.141    1343.400  859.552  287.561   89.933    0.132   10.753 0.00000e+00
  162    18.71667   -97.26378 36.68001    1059.722    1362.967  857.538  287.396   90.423    0.431   10.722 0.00000e+00
  163    18.73333   -97.26099 36.68320    1089.493    1391.987  854.658  287.053   92.887    0.527   10.807 2.65646e-04
  164    18.75000   -97.25812 36.68649    1120.931    1421.884  851.627  286.816   96.371    0.548   11.079 4.45737e-02
  165    18.76667   -97.25516 36.68974    1144.316    1443.544  849.410  286.574   99.146    0.474   11.248 2.93411e-02
  166    18.78333   -97.25200 36.69291    1146.879    1445.264  849.166  286.547   99.433    0.059   11.264 4.61331e-02
  167    18.80000   -97.24886 36.69598    1112.276    1411.031  852.640  286.792   97.834   -0.996   11.216 3.05539e-05
  168    18.81667   -97.24609 36.69900    1036.598    1334.901  860.432  287.589   92.812   -1.632   11.107 0.00000e+00
  169    18.83333   -97.24394 36.70198     940.968    1238.855  870.217  288.583   87.297   -1.770   11.017 0.00000e+00
  170    18.85000   -97.24223 36.70491     847.404    1145.164  879.825  289.509   83.308   -1.650   11.037 0.00000e+00
  171    18.86667   -97.24072 36.70785     767.156    1065.558  888.107  290.296   80.189   -1.300   11.068 0.00000e+00
  172    18.88333   -97.23929 36.71080     704.635    1003.423  894.617  290.886   77.882   -0.809   11.079 0.00000e+00
  173    18.90000   -97.23781 36.71377     664.427     963.243  898.849  291.240   76.528   -0.362   11.081 0.00000e+00
  174    18.91667   -97.23627 36.71670     646.659     945.582  900.651  291.377   75.926   -0.010   11.068 0.00000e+00
  175    18.93333   -97.23460 36.71970     651.139     950.340  900.129  291.329   75.972    0.131   11.047 0.00000e+00
  176    18.95000   -97.23283 36.72277     662.393     961.619  898.980  291.203   76.540    0.280   11.056 0.00000e+00
  177    18.96667   -97.23106 36.72578     686.307     985.356  896.503  291.000   76.940    0.539   11.002 0.00000e+00
  178    18.98333   -97.22930 36.72874     726.101    1025.127  892.315  290.637   78.043    0.922   10.956 0.00000e+00
