    0    16.01667   -97.52010 36.28078      47.558     410.889  958.207  292.588   86.635   -0.011   12.806 0.00000e+00
    1    16.03333   -97.52150 36.28339      47.304     408.679  958.474  292.666   86.286   -0.074   12.813 0.00000e+00
    2    16.05000   -97.52289 36.28577      40.493     400.304  959.386  292.786   85.767   -0.185   12.820 0.00000e+00
    3    16.06667   -97.52426 36.28793      34.823     393.448  960.183  292.889   85.354   -0.062   12.830 0.00000e+00
    4    16.08333   -97.52537 36.28995      38.548     396.224  959.913  293.046   84.907    0.208   12.892 0.00000e+00
    5    16.10000   -97.52592 36.29176      57.845     414.674  957.858  292.956   85.306    0.378   12.908 0.00000e+00
    6    16.11667   -97.52625 36.29358      86.323     442.301  954.759  292.769   86.025    0.576   12.908 0.00000e+00
    7    16.13333   -97.52650 36.29556     127.872     482.919  950.271  292.382   87.482    0.743   12.872 0.00000e+00
    8    16.15000   -97.52649 36.29768     172.271     526.571  945.464  291.930   89.049    0.613   12.800 0.00000e+00
    9    16.16667   -97.52620 36.30003     209.696     563.461  941.408  291.561   90.297    0.387   12.736 0.00000e+00
   10    16.18333   -97.52576 36.30252     250.181     603.400  937.016  291.222   91.436    0.491   12.682 0.00000e+00
   11    16.20000   -97.52500 36.30500     296.842     649.473  931.996  290.813   93.062    1.088   12.645 0.00000e+00
   12    16.21667   -97.52367 36.30751     335.974     687.258  927.895  290.388   95.538    0.706   12.691 0.00000e+00
   13    16.23333   -97.52225 36.31025     331.486     681.809  928.461  290.505   94.454   -0.327   12.633 0.00000e+00
   14    16.25000   -97.52135 36.31319     290.790     640.223  933.049  290.970   91.895   -0.468   12.597 0.00000e+00
   15    16.26667   -97.52110 36.31626     251.853     597.610  937.755  291.419   89.651   -0.363   12.581 0.00000e+00
   16    16.28333   -97.52132 36.31935     227.506     569.002  940.911  291.701   88.351   -0.186   12.579 0.00000e+00
   17    16.30000   -97.52181 36.32226     219.048     557.665  942.046  291.777   88.175   -0.180   12.599 0.00000e+00
   18    16.31667   -97.52225 36.32496     216.904     556.137  942.240  291.748   88.585    0.065   12.632 0.00000e+00
   19    16.33333   -97.52244 36.32761     224.347     564.203  941.405  291.625   89.483    0.154   12.672 0.00000e+00
   20    16.35000   -97.52238 36.33028     228.234     568.757  940.862  291.561   90.016   -0.043   12.703 0.00000e+00
   21    16.36667   -97.52232 36.33297     214.639     556.794  942.131  291.674   89.635   -0.367   12.723 0.00000e+00
   22    16.38333   -97.52245 36.33561     186.009     529.918  945.010  291.942   88.478   -0.559   12.734 0.00000e+00
   23    16.40000   -97.52287 36.33814     156.032     501.455  948.145  292.233   87.192   -0.553   12.738 0.00000e+00
   24    16.41667   -97.52359 36.34053     130.684     476.797  950.910  292.496   86.127   -0.389   12.755 0.00000e+00
   25    16.43333   -97.52448 36.34284     110.022     457.168  953.099  292.711   85.252   -0.427   12.768 0.00000e+00
   26    16.45000   -97.52554 36.34512      87.643     436.508  955.385  292.936   84.324   -0.458   12.777 0.00000e+00
   27    16.46667   -97.52670 36.34738      65.196     415.443  957.874  293.161   83.385   -0.351   12.781 0.00000e+00
   28    16.48333   -97.52790 36.34962      48.016     397.579  959.802  293.349   82.635   -0.226   12.789 0.00000e+00
   29    16.50000   -97.52915 36.35190      37.336     385.530  961.079  293.499   82.067   -0.143   12.803 0.00000e+00
   30    16.51667   -97.53044 36.35414      28.798     375.001  962.199  293.725   81.331   -0.113   12.853 0.00000e+00
   31    16.53333   -97.53169 36.35614      23.217     366.623  963.165  293.969   80.581   -0.022   12.917 0.00000e+00
   32    16.55000   -97.53275 36.35797      23.792     364.029  963.502  294.208   79.973    0.092   13.007 0.00000e+00
   33    16.56667   -97.53340 36.35969      31.373     368.642  962.987  294.247   79.950    0.107   13.041 0.00000e+00
   34    16.58333   -97.53378 36.36155      37.002     371.123  962.736  294.284   79.774    0.016   13.046 0.00000e+00
   35    16.60000   -97.53400 36.36340      39.121     370.383  962.786  294.339   79.463   -0.028   13.039 0.00000e+00
   36    16.61667   -97.53421 36.36520      38.350     367.786  963.003  294.394   79.190   -0.025   13.035 0.00000e+00
   37    16.63333   -97.53456 36.36703      34.872     362.697  963.595  294.474   78.907   -0.004   13.045 0.00000e+00
   38    16.65000   -97.53502 36.36881      35.964     362.251  963.635  294.547   78.741    0.107   13.077 0.00000e+00
   39    16.66667   -97.53549 36.37048      44.762     369.674  962.787  294.552   78.763    0.232   13.095 0.00000e+00
   40    16.68333   -97.53583 36.37219      64.974     389.524  960.445  294.385   79.066    0.409   13.043 0.00000e+00
   41    16.70000   -97.53598 36.37405     102.679     428.968  956.049  294.020   80.344    0.778   13.017 0.00000e+00
   42    16.71667   -97.53590 36.37613     155.873     484.148  950.020  293.471   82.435    1.091   12.989 0.00000e+00
   43    16.73333   -97.53550 36.37839     217.259     547.692  942.997  292.802   85.241    1.306   12.978 0.00000e+00
   44    16.75000   -97.53473 36.38079     280.132     612.385  936.030  292.072   87.844    1.018   12.870 0.00000e+00
   45    16.76667   -97.53373 36.38344     320.890     654.336  931.431  291.606   89.861    0.688   12.847 0.00000e+00
   46    16.78333   -97.53272 36.38622     349.805     684.884  928.064  291.279   91.243    0.464   12.825 0.00000e+00
   47    16.80000   -97.53178 36.38911     380.486     717.573  924.510  290.959   92.614    0.562   12.805 0.00000e+00
   48    16.81667   -97.53085 36.39207     412.068     751.262  920.934  290.610   94.255    0.529   12.795 0.00000e+00
   49    16.83333   -97.52991 36.39516     439.512     781.076  917.690  290.266   95.855    0.341   12.775 0.00000e+00
   50    16.85000   -97.52902 36.39839     457.769     801.063  915.640  290.035   96.653    0.281   12.722 0.00000e+00
   51    16.86667   -97.52811 36.40184     474.511     818.394  913.813  289.852   97.203    0.397   12.671 0.00000e+00
   52    16.88333   -97.52715 36.40546     490.060     834.410  912.063  289.650   98.241    0.267   12.666 0.00000e+00
   53    16.90000   -97.52610 36.40899     487.056     832.713  912.262  289.702   97.879   -0.252   12.658 0.00000e+00
   54    16.91667   -97.52501 36.41233     468.013     814.742  914.197  289.975   95.899   -0.679   12.594 0.00000e+00
   55    16.93333   -97.52386 36.41559     435.411     782.154  917.812  290.337   93.932   -0.974   12.575 0.00000e+00
   56    16.95000   -97.52274 36.41877     391.920     737.611  922.585  290.759   91.990   -1.106   12.584 0.00000e+00
   57    16.96667   -97.52168 36.42181     342.905     686.778  928.179  291.250   89.786   -1.067   12.595 0.00000e+00
   58    16.98333   -97.52071 36.42472     292.755     633.878  933.955  291.749   87.633   -0.970   12.608 0.00000e+00
   59    17.00000   -97.51984 36.42754     244.941     583.181  939.481  292.229   85.578   -0.841   12.616 0.00000e+00
   60    17.01667   -97.51909 36.43032     202.379     538.222  944.271  292.646   83.824   -0.661   12.620 0.00000e+00
   61    17.03333   -97.51832 36.43310     169.045     504.935  947.911  292.962   82.541   -0.444   12.627 0.00000e+00
   62    17.05000   -97.51744 36.43586     150.938     487.106  949.815  293.143   81.749   -0.258   12.623 0.00000e+00
   63    17.06667   -97.51640 36.43864     139.101     475.385  951.114  293.278   81.091   -0.122   12.610 0.00000e+00
   64    17.08333   -97.51524 36.44155     148.746     483.685  950.203  293.397   81.004    0.717   12.703 0.00000e+00
   65    17.10000   -97.51433 36.44485     197.447     531.060  944.910  292.979   83.086    0.814   12.765 0.00000e+00
   66    17.11667   -97.51447 36.44862     248.550     580.345  939.574  292.555   85.000    0.860   12.789 0.00000e+00
   67    17.13333   -97.51543 36.45201     326.406     656.392  931.339  291.849   88.229    1.300   12.811 0.00000e+00
   68    17.15000   -97.51609 36.45494     422.855     751.400  921.093  290.937   92.685    1.061   12.844 0.00000e+00
   69    17.16667   -97.51586 36.45766     483.833     811.108  914.711  290.292   95.775   -0.053   12.828 0.00000e+00
   70    17.18333   -97.51527 36.46031     486.697     812.714  914.510  290.210   96.214   -1.220   12.823 0.00000e+00
   71    17.20000   -97.51483 36.46291     437.205     762.192  919.907  290.727   93.539   -1.632   12.808 0.00000e+00
   72    17.21667   -97.51508 36.46535     372.043     695.762  927.094  291.407   90.424   -1.204   12.827 0.00000e+00
   73    17.23333   -97.51588 36.46758     340.987     663.556  930.552  291.723   88.974   -0.174   12.827 0.00000e+00
   74    17.25000   -97.51656 36.46965     350.918     672.405  929.596  291.639   89.354    0.169   12.827 0.00000e+00
   75    17.26667   -97.51683 36.47174     370.644     690.992  927.582  291.459   90.153    0.221   12.824 0.00000e+00
   76    17.28333   -97.51667 36.47401     387.042     706.319  925.938  291.318   90.815   -0.094   12.826 0.00000e+00
   77    17.30000   -97.51609 36.47643     392.259     710.374  925.489  291.287   90.892   -0.305   12.818 0.00000e+00
   78    17.31667   -97.51515 36.47904     393.262     710.134  925.468  291.283   90.985   -0.575   12.827 0.00000e+00
   79    17.33333   -97.51405 36.48174     384.105     699.482  926.664  291.428   90.081   -0.507   12.801 0.00000e+00
   80    17.35000   -97.51305 36.48441     374.300     687.982  927.870  291.570   89.134   -0.031   12.764 0.00000e+00
   81    17.36667   -97.51202 36.48721     382.023     693.873  927.258  291.530   89.242    0.314   12.755 0.00000e+00
   82    17.38333   -97.51085 36.49025     398.431     709.341  925.597  291.402   89.709    0.344   12.742 0.00000e+00
   83    17.40000   -97.50957 36.49344     415.539     725.947  923.789  291.253   90.265    0.304   12.725 0.00000e+00
   84    17.41667   -97.50829 36.49673     431.113     740.708  922.226  291.130   90.659    0.252   12.703 0.00000e+00
   85    17.43333   -97.50704 36.50008     448.102     757.263  920.440  290.983   91.288    0.392   12.697 0.00000e+00
   86    17.45000   -97.50574 36.50348     470.887     779.772  918.030  290.774   92.180    0.319   12.685 0.00000e+00
   87    17.46667   -97.50444 36.50702     491.282     798.307  916.142  290.709   92.250   -0.592   12.669 0.00000e+00
   88    17.48333   -97.50304 36.51038     478.935     783.063  917.717  290.931   90.233   -1.574   12.546 0.00000e+00
   89    17.50000   -97.50162 36.51326     430.840     732.895  923.020  291.425   87.463   -1.803   12.476 0.00000e+00
   90    17.51667   -97.50018 36.51584     361.055     663.511  930.466  292.097   84.307   -1.758   12.446 0.00000e+00
   91    17.53333   -97.49894 36.51821     288.014     591.253  938.285  292.803   81.218   -1.370   12.429 0.00000e+00
   92    17.55000   -97.49813 36.52039     227.606     531.689  944.777  293.373   78.980   -0.922   12.438 0.00000e+00
   93    17.56667   -97.49777 36.52241     183.482     488.370  949.536  293.787   77.439   -0.424   12.452 0.00000e+00
   94    17.58333   -97.49786 36.52438     155.920     461.545  952.484  294.039   76.554   -0.136   12.465 0.00000e+00
   95    17.60000   -97.49828 36.52657     140.704     447.202  954.076  294.191   76.128   -0.006   12.492 0.00000e+00
   96    17.61667   -97.49908 36.52897     141.923     449.530  953.815  294.211   76.266    0.348   12.533 0.00000e+00
   97    17.63333   -97.50003 36.53153     184.704     493.534  948.972  293.845   78.019    1.138   12.597 0.00000e+00
   98    17.65000   -97.50073 36.53422     258.395     568.370  940.855  293.175   81.021    1.258   12.656 0.00000e+00
   99    17.66667   -97.50076 36.53691     330.536     641.490  932.890  292.481   84.042    1.122   12.677 0.00000e+00
  100    17.68333   -97.50012 36.53970     393.173     704.968  925.988  291.906   86.483    0.932   12.676 0.00000e+00
  101    17.70000   -97.49864 36.54259     440.419     753.183  920.790  291.443   87.836    0.407   12.574 0.00000e+00
  102    17.71667   -97.49657 36.54520     445.640     759.631  920.093  291.391   87.667   -0.410   12.518 0.00000e+00
  103    17.73333   -97.49463 36.54746     408.745     724.283  923.836  291.741   85.931   -0.855   12.494 0.00000e+00
  104    17.75000   -97.49326 36.54960     352.034     669.251  929.781  292.298   83.361   -1.104   12.472 0.00000e+00
  105    17.76667   -97.49239 36.55172     286.313     605.102  936.785  292.963   80.446   -1.141   12.455 0.00000e+00
  106    17.78333   -97.49173 36.55393     213.310     533.739  944.515  293.694   77.162   -1.199   12.402 0.00000e+00
  107    17.80000   -97.49107 36.55632     147.061     468.844  951.608  294.399   74.848   -1.093   12.473 0.00000e+00
  108    17.81667   -97.49067 36.55901      90.415     413.551  957.656  295.008   72.841   -0.912   12.525 0.00000e+00
  109    17.83333   -97.49095 36.56197      74.772     399.397  959.168  295.319   72.524    0.676   12.692 0.00000e+00
  110    17.85000   -97.49146 36.56458     131.516     457.097  952.884  294.882   74.601    1.246   12.793 0.00000e+00
  111    17.86667   -97.49126 36.56673     203.089     529.516  944.963  294.077   77.487    1.309   12.747 0.00000e+00
  112    17.88333   -97.49060 36.56876     272.860     600.259  937.276  293.352   80.177    1.173   12.712 0.00000e+00
  113    17.90000   -97.48966 36.57077     334.379     662.843  930.464  292.695   82.398    0.892   12.631 0.00000e+00
  114    17.91667   -97.48868 36.57279     379.894     708.628  925.636  292.245   84.045    0.775   12.590 0.00000e+00
  115    17.93333   -97.48782 36.57495     413.680     741.746  922.100  291.906   85.515    0.670   12.588 0.00000e+00
  116    17.95000   -97.48715 36.57722     439.991     767.161  919.402  291.645   86.375    0.491   12.543 0.00000e+00
  117    17.96667   -97.48672 36.57961     455.464     781.458  917.934  291.510   86.607    0.257   12.490 0.00000e+00
  118    17.98333   -97.48650 36.58200     464.677     788.165  917.247  291.475   86.536    0.107   12.461 0.00000e+00
  119    18.00000   -97.48640 36.58440     466.830     787.503  917.331  291.512   86.532   -0.086   12.489 0.00000e+00
  120    18.01667   -97.48630 36.58681     460.082     777.928  918.358  291.616   86.150   -0.193   12.501 0.00000e+00
  121    18.03333   -97.48610 36.58917     451.769     767.628  919.348  291.710   85.716   -0.183   12.499 0.00000e+00
  122    18.05000   -97.48576 36.59146     447.577     762.927  919.870  291.756   85.270   -0.112   12.463 0.00000e+00
  123    18.06667   -97.48531 36.59380     447.422     762.180  919.980  291.779   84.944    0.006   12.432 0.00000e+00
  124    18.08333   -97.48475 36.59621     445.757     759.743  920.216  291.804   84.612   -0.027   12.400 0.00000e+00
  125    18.10000   -97.48403 36.59864     437.462     750.816  921.240  291.917   83.758    0.012   12.349 0.00000e+00
  126    18.11667   -97.48314 36.60087     432.874     745.342  921.852  291.986   83.270    0.196   12.322 0.00000e+00
  127    18.13333   -97.48221 36.60291     418.490     729.826  923.520  292.142   82.455   -0.445   12.300 0.00000e+00
  128    18.15000   -97.48134 36.60477     398.202     708.258  925.826  292.393   81.197   -0.430   12.274 0.00000e+00
  129    18.16667   -97.48045 36.60658     378.695     687.248  928.100  292.626   80.062   -0.361   12.251 0.00000e+00
  130    18.18333   -97.47953 36.60827     360.573     667.731  930.137  292.829   79.213   -0.364   12.249 0.00000e+00
  131    18.20000   -97.47849 36.60990     328.531     634.484  933.643  293.162   77.887   -0.683   12.251 0.00000e+00
  132    18.21667   -97.47758 36.61153     274.894     580.084  939.537  293.714   75.762   -1.047   12.257 0.00000e+00
  133    18.23333   -97.47693 36.61322     211.611     516.406  946.450  294.326   73.597   -1.083   12.277 0.00000e+00
  134    18.25000   -97.47644 36.61503     146.402     451.019  953.588  295.004   70.990   -1.195   12.256 0.00000e+00
  135    18.26667   -97.47620 36.61671      83.743     388.306  960.456  295.642   68.692   -0.866   12.246 0.00000e+00
  136    18.28333   -97.47639 36.61805      47.640     352.257  964.433  296.009   67.494   -0.263   12.255 0.00000e+00
  137    18.30000   -97.47704 36.61927      33.843     338.622  965.940  296.230   66.892   -0.178   12.292 0.00000e+00
  138    18.31667   -97.47781 36.62060      27.764     332.714  966.608  296.683   65.938   -0.064   12.448 0.00000e+00
  139    18.33333   -97.47839 36.62203      29.589     334.626  966.395  296.922   65.628    0.043   12.574 0.00000e+00
  140    18.35000   -97.47865 36.62373      49.123     354.221  964.193  296.979   65.562    0.773   12.635 0.00000e+00
  141    18.36667   -97.47819 36.62548     150.391     455.415  953.062  295.908   69.012    2.351   12.604 0.00000e+00
  142    18.38333   -97.47677 36.62724     274.119     578.829  939.592  294.686   73.233    1.824   12.584 0.00000e+00
  143    18.40000   -97.47524 36.62898     364.803     669.147  929.843  293.715   76.782    1.449   12.553 0.00000e+00
  144    18.41667   -97.47385 36.63071     442.819     746.745  921.547  292.833   80.107    1.354   12.507 0.00000e+00
  145    18.43333   -97.47254 36.63233     517.726     821.231  913.590  292.002   82.939    1.387   12.398 0.00000e+00
  146    18.45000   -97.47124 36.63387     596.312     899.514  905.292  291.176   85.904    1.562   12.300 0.00000e+00
  147    18.46667   -97.46985 36.63539     667.527     970.563  897.812  290.454   88.553    1.419   12.212 0.00000e+00
  148    18.48333   -97.46838 36.63696     720.633    1023.634  892.271  289.947   90.552    0.899   12.165 0.00000e+00
  149    18.50000   -97.46701 36.63869     749.237    1052.220  889.317  289.682   91.695    0.239   12.152 0.00000e+00
  150    18.51667   -97.46587 36.64059     753.366    1056.340  888.884  289.664   90.694   -0.338   12.011 0.00000e+00
  151    18.53333   -97.46494 36.64259     728.916    1031.983  891.405  289.924   88.851   -0.838   11.930 0.00000e+00
  152    18.55000   -97.46404 36.64474     674.247     977.513  897.078  290.464   86.234   -1.303   11.909 0.00000e+00
  153    18.56667   -97.46307 36.64707     599.879     903.428  904.884  291.204   82.612   -1.426   11.855 0.00000e+00
  154    18.58333   -97.46198 36.64941     522.804     826.361  913.062  291.968   79.252   -1.231   11.828 0.00000e+00
  155    18.60000   -97.46075 36.65168     454.337     757.734  920.369  292.642   76.371   -1.074   11.797 0.00000e+00
  156    18.61667   -97.45937 36.65382     396.875     700.005  926.554  293.204   74.100   -0.923   11.777 0.00000e+00
  157    18.63333   -97.45798 36.65581     344.583     647.740  932.160  293.725   72.105   -0.910   11.766 0.00000e+00
  158    18.65000   -97.45679 36.65757     292.348     595.765  937.794  294.194   70.477   -0.966   11.769 0.00000e+00
  159    18.66667   -97.45575 36.65914     250.287     553.779  942.364  294.771   68.723   -0.660   11.836 0.00000e+00
  160    18.68333   -97.45466 36.66072     226.312     529.728  944.956  295.098   67.528   -0.534   11.835 0.00000e+00
  161    18.70000   -97.45335 36.66257     207.023     510.141  947.066  295.457   66.478   -0.225   11.885 0.00000e+00
  162    18.71667   -97.45177 36.66504     185.931     488.580  949.397  295.668   65.855   -0.045   11.897 0.00000e+00
  163    18.73333   -97.45038 36.66781     162.215     464.777  951.920  295.897   65.209   -0.295   11.916 0.00000e+00
  164    18.75000   -97.44933 36.67051     128.425     431.232  955.580  296.271   64.066   -0.563   11.932 0.00000e+00
  165    18.76667   -97.44920 36.67328      96.445     399.908  959.053  296.555   62.822    0.038   11.861 0.00000e+00
  166    18.78333   -97.44959 36.67598     116.645     420.881  956.771  296.391   62.788    1.404   11.765 0.00000e+00
  167    18.80000   -97.44978 36.67823     221.148     526.012  945.250  295.405   66.296    2.300   11.837 0.00000e+00
  168    18.81667   -97.44974 36.67989     341.006     646.372  932.248  294.185   70.561    2.124   11.848 0.00000e+00
  169    18.83333   -97.44968 36.68083     435.434     741.208  922.048  293.154   74.133    1.886   11.803 0.00000e+00
  170    18.85000   -97.44944 36.68149     517.737     823.855  913.299  292.337   77.169    1.453   11.785 0.00000e+00
  171    18.86667   -97.44894 36.68221     596.379     902.905  904.902  291.591   80.207    1.375   11.795 0.00000e+00
  172    18.88333   -97.44826 36.68303     671.984     978.986  896.932  290.853   83.369    1.410   11.805 0.00000e+00
  173    18.90000   -97.44722 36.68406     742.037    1049.656  889.576  290.198   86.209    1.039   11.805 0.00000e+00
  174    18.91667   -97.44597 36.68546     795.760    1104.220  883.888  289.682   88.712    0.676   11.829 0.00000e+00
  175    18.93333   -97.44471 36.68718     821.469    1130.862  881.135  289.408   90.166   -0.013   11.850 0.00000e+00
  176    18.95000   -97.44350 36.68896     812.698    1122.924  881.979  289.483   89.982   -0.544   11.872 0.00000e+00
  177    18.96667   -97.44240 36.69081     779.158    1090.117  885.308  289.811   88.284   -0.874   11.851 0.00000e+00
  178    18.98333   -97.44147 36.69267     740.437    1052.179  889.269  290.220   85.684   -0.620   11.754 0.00000e+00
