    0    16.01667   -97.50241 36.24641      82.158     447.407  954.082  292.381   88.555    0.188   12.977 0.00000e+00
    1    16.03333   -97.50298 36.24898      95.218     461.518  952.564  292.263   89.068    0.178   12.976 0.00000e+00
    2    16.05000   -97.50341 36.25146      97.399     463.986  952.233  292.228   89.182   -0.208   12.969 0.00000e+00
    3    16.06667   -97.50368 36.25385      75.841     442.671  954.570  292.418   88.257   -0.637   12.956 0.00000e+00
    4    16.08333   -97.50375 36.25597      44.191     411.066  958.098  292.724   86.866   -0.503   12.952 0.00000e+00
    5    16.10000   -97.50377 36.25778      24.914     391.526  960.286  293.004   85.786   -0.235   12.987 0.00000e+00
    6    16.11667   -97.50378 36.25933      16.130     382.546  961.309  293.206   85.112   -0.068   13.035 0.00000e+00
    7    16.13333   -97.50362 36.26088      13.192     379.485  961.681  293.340   84.763   -0.035   13.085 0.00000e+00
    8    16.15000   -97.50331 36.26244      11.657     377.840  961.859  293.489   84.447    0.000   13.156 0.00000e+00
    9    16.16667   -97.50311 36.26394      13.047     378.678  961.852  293.568   84.284    0.050   13.195 0.00000e+00
   10    16.18333   -97.50323 36.26535      18.067     382.743  961.397  293.583   84.157    0.116   13.194 0.00000e+00
   11    16.20000   -97.50361 36.26678      26.334     390.106  960.558  293.494   84.167    0.185   13.134 0.00000e+00
   12    16.21667   -97.50402 36.26835      39.417     402.337  959.262  293.348   84.567    0.316   13.094 0.00000e+00
   13    16.23333   -97.50454 36.27004      63.387     425.670  956.713  293.049   85.519    0.643   13.032 0.00000e+00
   14    16.25000   -97.50505 36.27195     112.148     474.033  951.344  292.491   87.582    1.156   12.961 0.00000e+00
   15    16.26667   -97.50553 36.27392     189.614     551.456  942.838  291.710   91.066    1.531   12.945 0.00000e+00
   16    16.28333   -97.50584 36.27603     259.079     620.611  935.312  291.030   94.242    1.171   12.936 0.00000e+00
   17    16.30000   -97.50581 36.27832     310.189     671.048  929.818  290.517   96.606    0.795   12.912 0.00000e+00
   18    16.31667   -97.50546 36.28075     347.253     707.040  925.951  290.169   98.196    0.502   12.890 0.00000e+00
   19    16.33333   -97.50473 36.28332     369.096     727.289  923.735  289.990   98.805   -0.158   12.853 5.91652e-05
   20    16.35000   -97.50371 36.28603     375.953     732.356  923.140  290.009   98.187   -0.215   12.797 0.00000e+00
   21    16.36667   -97.50247 36.28881     369.467     724.178  924.010  290.137   97.174   -0.361   12.757 0.00000e+00
   22    16.38333   -97.50121 36.29166     352.697     705.680  926.047  290.344   95.916   -0.533   12.731 0.00000e+00
   23    16.40000   -97.50003 36.29448     333.596     684.248  928.433  290.615   94.236   -0.667   12.693 0.00000e+00
   24    16.41667   -97.49902 36.29729     309.598     657.401  931.340  290.926   92.500   -0.693   12.668 0.00000e+00
   25    16.43333   -97.49824 36.30013     282.491     627.605  934.562  291.245   90.865   -0.641   12.655 0.00000e+00
   26    16.45000   -97.49767 36.30303     257.318     600.431  937.448  291.499   89.670   -0.502   12.651 0.00000e+00
   27    16.46667   -97.49733 36.30606     233.503     574.972  940.210  291.746   88.541   -0.476   12.651 0.00000e+00
   28    16.48333   -97.49726 36.30918     210.616     550.467  942.811  291.973   87.526   -0.334   12.651 0.00000e+00
   29    16.50000   -97.49736 36.31236     193.148     531.348  944.990  292.141   86.872   -0.252   12.661 0.00000e+00
   30    16.51667   -97.49760 36.31555     179.657     515.528  946.820  292.290   86.278   -0.195   12.668 0.00000e+00
   31    16.53333   -97.49799 36.31863     166.671     500.228  948.515  292.443   85.611   -0.253   12.669 0.00000e+00
   32    16.55000   -97.49849 36.32159     149.365     481.263  950.584  292.643   84.677   -0.442   12.661 0.00000e+00
   33    16.56667   -97.49911 36.32446     118.014     450.057  953.977  292.964   83.270   -0.657   12.658 0.00000e+00
   34    16.58333   -97.49987 36.32729      84.412     416.498  957.664  293.295   81.960   -0.463   12.671 0.00000e+00
   35    16.60000   -97.50076 36.33004      62.392     394.425  960.020  293.504   81.159   -0.278   12.680 0.00000e+00
   36    16.61667   -97.50177 36.33271      49.232     383.737  961.161  293.626   80.791   -0.230   12.703 0.00000e+00
   37    16.63333   -97.50288 36.33532      43.784     381.371  961.443  293.740   80.576   -0.091   12.756 0.00000e+00
   38    16.65000   -97.50410 36.33787      44.868     385.577  960.988  293.839   80.535    0.087   12.835 0.00000e+00
   39    16.66667   -97.50531 36.34033      47.361     389.274  960.620  293.868   80.668    0.040   12.884 0.00000e+00
   40    16.68333   -97.50644 36.34274      45.079     387.522  960.796  293.888   80.627   -0.052   12.891 0.00000e+00
   41    16.70000   -97.50748 36.34512      39.663     382.510  961.328  293.946   80.443   -0.086   12.901 0.00000e+00
   42    16.71667   -97.50837 36.34751      31.482     373.677  962.404  294.063   80.099   -0.114   12.925 0.00000e+00
   43    16.73333   -97.50902 36.34979      24.517     364.383  963.457  294.209   79.683   -0.087   12.960 0.00000e+00
   44    16.75000   -97.50941 36.35191      18.594     356.234  964.330  294.336   79.307   -0.070   12.990 0.00000e+00
   45    16.76667   -97.50972 36.35390      13.902     349.449  965.086  294.487   78.898   -0.048   13.034 0.00000e+00
   46    16.78333   -97.51006 36.35573      11.278     344.998  965.532  294.617   78.519   -0.021   13.070 0.00000e+00
   47    16.80000   -97.51051 36.35750       9.846     342.002  965.806  294.778   77.982   -0.008   13.107 0.00000e+00
   48    16.81667   -97.51109 36.35917       9.691     340.384  965.992  294.904   77.637   -0.001   13.148 0.00000e+00
   49    16.83333   -97.51160 36.36077       9.410     338.741  966.190  294.952   77.499   -0.005   13.161 0.00000e+00
   50    16.85000   -97.51205 36.36234       9.206     337.346  966.375  294.987   77.399   -0.013   13.170 0.00000e+00
   51    16.86667   -97.51246 36.36390       9.005     336.139  966.493  295.058   77.203   -0.022   13.193 0.00000e+00
   52    16.88333   -97.51287 36.36550       7.491     333.947  966.706  295.186   76.673   -0.031   13.204 0.00000e+00
   53    16.90000   -97.51328 36.36708       6.027     331.835  966.890  295.264   76.276   -0.023   13.195 0.00000e+00
   54    16.91667   -97.51377 36.36861       5.287     330.478  967.022  295.352   75.879   -0.012   13.197 0.00000e+00
   55    16.93333   -97.51430 36.36999       5.229     329.819  967.097  295.296   75.820   -0.005   13.140 0.00000e+00
   56    16.95000   -97.51486 36.37120       5.660     329.853  967.037  295.283   75.819    0.002   13.130 0.00000e+00
   57    16.96667   -97.51546 36.37227       5.689     330.340  966.899  295.265   75.998    0.007   13.149 0.00000e+00
   58    16.98333   -97.51608 36.37315       6.437     332.068  966.679  295.239   76.156    0.018   13.158 0.00000e+00
   59    17.00000   -97.51671 36.37382       7.467     333.971  966.477  295.190   76.353    0.013   13.154 0.00000e+00
   60    17.01667   -97.51735 36.37430       8.916     336.028  966.289  295.172   76.500    0.045   13.168 0.00000e+00
   61    17.03333   -97.51791 36.37474      11.782     339.442  965.977  295.232   76.512    0.054   13.223 0.00000e+00
   62    17.05000   -97.51820 36.37524      14.780     342.981  965.563  295.335   76.299    0.047   13.276 0.00000e+00
   63    17.06667   -97.51813 36.37579      18.092     346.834  965.111  295.353   76.131    0.050   13.267 0.00000e+00
   64    17.08333   -97.51774 36.37652      20.862     350.294  964.750  295.324   75.973    0.055   13.222 0.00000e+00
   65    17.10000   -97.51714 36.37746      24.043     354.388  964.276  295.323   75.837    0.079   13.204 0.00000e+00
   66    17.11667   -97.51635 36.37863      27.107     358.630  963.811  295.163   76.006    0.011   13.109 0.00000e+00
   67    17.13333   -97.51553 36.37989      28.959     361.712  963.510  295.082   76.120    0.030   13.068 0.00000e+00
   68    17.15000   -97.51479 36.38108      32.349     365.857  963.041  295.052   76.150    0.092   13.055 0.00000e+00
   69    17.16667   -97.51425 36.38232      48.329     382.344  961.271  295.000   76.529    0.491   13.103 0.00000e+00
   70    17.18333   -97.51385 36.38385      85.825     420.477  957.035  294.556   78.021    1.078   13.055 0.00000e+00
   71    17.20000   -97.51347 36.38561     150.603     485.952  949.849  293.796   80.639    1.699   12.969 0.00000e+00
   72    17.21667   -97.51309 36.38752     234.634     570.705  940.590  292.911   84.099    1.968   12.925 0.00000e+00
   73    17.23333   -97.51283 36.38958     331.397     668.587  929.907  291.919   88.320    2.000   12.901 0.00000e+00
   74    17.25000   -97.51273 36.39174     435.666     774.366  918.568  290.873   92.882    1.983   12.855 0.00000e+00
   75    17.26667   -97.51272 36.39399     530.026     870.313  908.374  289.939   97.361    1.733   12.839 0.00000e+00
   76    17.28333   -97.51210 36.39642     577.312     919.194  903.179  289.496   99.029    0.574   12.768 2.10461e-03
   77    17.30000   -97.51068 36.39896     608.903     951.968  899.749  289.515   95.359    0.279   12.356 9.93732e-03
   78    17.31667   -97.50878 36.40144     664.526    1008.330  893.817  289.075   96.320    0.726   12.214 1.14395e-02
   79    17.33333   -97.50648 36.40390     736.602    1081.148  886.188  288.437   99.361    0.894   12.196 2.16940e-02
   80    17.35000   -97.50386 36.40631     805.002    1148.625  879.291  288.055  100.000    0.818   12.071 1.15171e-01
   81    17.36667   -97.50088 36.40866     870.287    1211.104  872.855  287.741  100.000    0.560   11.932 2.14813e-01
   82    17.38333   -97.49776 36.41084     928.719    1266.730  867.148  287.455  100.000    0.690   11.790 3.23713e-01
   83    17.40000   -97.49471 36.41279     981.930    1317.277  861.994  287.155  100.000    0.499   11.631 3.74389e-01
   84    17.41667   -97.49178 36.41451    1007.453    1339.826  859.732  286.998  100.000   -0.175   11.544 3.57298e-01
   85    17.43333   -97.48891 36.41623    1002.933    1332.324  860.467  286.973  100.000   -0.606   11.515 2.50022e-01
   86    17.45000   -97.48613 36.41817     995.728    1322.349  861.441  287.083  100.000    0.044   11.585 2.86124e-01
   87    17.46667   -97.48304 36.42046     988.734    1313.577  862.319  287.151  100.000    0.297   11.624 2.91324e-01
   88    17.48333   -97.47969 36.42305     993.403    1316.530  861.968  287.091  100.000    0.647   11.583 2.58028e-01
   89    17.50000   -97.47635 36.42593    1017.297    1340.573  859.420  286.957  100.000    1.104   11.515 2.81451e-01
   90    17.51667   -97.47301 36.42909    1053.752    1378.286  855.673  286.791  100.000    1.526   11.441 3.16167e-01
   91    17.53333   -97.46975 36.43252    1106.912    1430.704  850.506  286.558  100.000    2.269   11.337 3.70788e-01
   92    17.55000   -97.46661 36.43618    1182.302    1501.918  843.298  286.132  100.000    2.413   11.119 3.91842e-01
   93    17.56667   -97.46368 36.44006    1270.064    1586.854  834.771  285.592  100.000    2.242   10.841 4.32395e-01
   94    17.58333   -97.46103 36.44407    1352.460    1667.619  826.830  285.127  100.000    1.607   10.615 4.99519e-01
   95    17.60000   -97.45834 36.44786    1409.882    1723.555  821.338  284.910  100.000    1.158   10.534 6.45895e-01
   96    17.61667   -97.45548 36.45137    1460.495    1772.984  816.515  284.567  100.000    1.180   10.357 6.18169e-01
   97    17.63333   -97.45271 36.45486    1489.540    1800.742  813.791  284.254  100.000    0.698   10.179 5.36859e-01
   98    17.65000   -97.44997 36.45848    1486.523    1797.716  814.036  284.262  100.000   -0.072   10.181 5.39692e-01
   99    17.66667   -97.44727 36.46226    1447.452    1759.288  817.768  284.358  100.000   -0.847   10.198 3.32860e-01
  100    17.68333   -97.44435 36.46602    1400.203    1711.209  822.548  284.637   95.753   -0.741    9.871 6.83775e-02
  101    17.70000   -97.44106 36.46962    1390.962    1699.788  823.675  284.650   95.369    0.039    9.827 3.65555e-03
  102    17.71667   -97.43764 36.47306    1419.932    1727.675  821.009  284.383   97.292    0.532    9.880 0.00000e+00
  103    17.73333   -97.43433 36.47634    1463.852    1769.192  816.920  284.015   98.952    0.508    9.854 5.41837e-03
  104    17.75000   -97.43126 36.47949    1493.961    1799.080  813.965  283.790   99.659    0.222    9.812 3.13677e-02
  105    17.76667   -97.42841 36.48255    1501.464    1805.228  813.534  283.723   99.923   -0.051    9.799 2.64347e-02
  106    17.78333   -97.42573 36.48550    1487.108    1786.287  815.417  283.846   99.315   -0.476    9.798 1.77286e-03
  107    17.80000   -97.42321 36.48840    1446.674    1742.084  819.608  284.243   97.038   -0.902    9.780 0.00000e+00
  108    17.81667   -97.42078 36.49128    1385.381    1679.997  825.709  284.910   92.838   -1.124    9.709 0.00000e+00
  109    17.83333   -97.41833 36.49418    1323.842    1618.647  831.735  285.548   89.310   -0.971    9.673 0.00000e+00
  110    17.85000   -97.41573 36.49716    1281.487    1577.465  835.761  285.919   88.098   -0.530    9.730 0.00000e+00
  111    17.86667   -97.41304 36.50029    1264.264    1563.852  837.106  286.012   88.147   -0.027    9.780 0.00000e+00
  112    17.88333   -97.41026 36.50357    1272.546    1575.001  836.135  285.824   89.946    0.429    9.868 0.00000e+00
  113    17.90000   -97.40744 36.50701    1300.622    1602.288  833.490  285.464   92.695    0.756    9.962 0.00000e+00
  114    17.91667   -97.40463 36.51068    1333.724    1633.652  830.347  285.057   95.828    0.747   10.063 0.00000e+00
  115    17.93333   -97.40187 36.51449    1356.297    1655.238  828.112  284.773   98.049    0.334   10.131 0.00000e+00
  116    17.95000   -97.39917 36.51827    1355.856    1655.874  827.997  284.790   97.689   -0.314   10.107 0.00000e+00
  117    17.96667   -97.39648 36.52194    1329.286    1631.877  830.312  285.110   95.104   -0.821   10.023 0.00000e+00
  118    17.98333   -97.39381 36.52545    1286.329    1593.692  834.082  285.552   92.183   -0.966    9.958 0.00000e+00
  119    18.00000   -97.39108 36.52878    1245.095    1556.437  837.832  285.963   89.761   -0.801    9.918 0.00000e+00
  120    18.01667   -97.38826 36.53200    1216.322    1530.290  840.450  286.233   88.424   -0.487    9.915 0.00000e+00
  121    18.03333   -97.38546 36.53510    1200.000    1516.639  841.873  286.391   87.487   -0.211    9.895 0.00000e+00
  122    18.05000   -97.38277 36.53815    1196.979    1515.301  842.053  286.384   87.850    0.082    9.929 0.00000e+00
  123    18.06667   -97.38017 36.54117    1209.996    1528.014  840.807  286.243   88.777    0.392    9.957 0.00000e+00
  124    18.08333   -97.37759 36.54416    1238.109    1555.625  838.110  285.963   90.319    0.714    9.977 0.00000e+00
  125    18.10000   -97.37500 36.54713    1281.541    1597.300  833.983  285.522   92.670    0.808    9.992 0.00000e+00
  126    18.11667   -97.37232 36.55013    1327.007    1642.026  829.539  285.077   94.972    0.623    9.996 0.00000e+00
  127    18.13333   -97.36948 36.55316    1359.291    1673.487  826.426  284.779   96.488    0.255    9.994 0.00000e+00
  128    18.15000   -97.36641 36.55621    1360.894    1676.202  826.056  284.675   97.781   -0.483   10.063 0.00000e+00
  129    18.16667   -97.36327 36.55940    1325.720    1643.659  829.259  284.914   97.377   -1.150   10.143 0.00000e+00
  130    18.18333   -97.36023 36.56268    1266.666    1587.429  834.875  285.502   93.945   -1.062   10.105 0.00000e+00
  131    18.20000   -97.35715 36.56597    1204.843    1526.880  840.938  286.118   90.275   -0.757   10.040 0.00000e+00
  132    18.21667   -97.35394 36.56934    1156.415    1477.582  845.903  286.524   88.783   -0.309   10.081 0.00000e+00
  133    18.23333   -97.35052 36.57291    1121.848    1442.237  849.350  286.659   90.132   -0.171   10.283 0.00000e+00
  134    18.25000   -97.34717 36.57661    1092.967    1414.023  852.214  286.728   91.962   -0.146   10.504 0.00000e+00
  135    18.26667   -97.34403 36.58042    1077.142    1398.144  853.988  286.976   90.234   -0.124   10.453 0.00000e+00
  136    18.28333   -97.34099 36.58429    1068.908    1385.935  855.222  287.133   89.060   -0.433   10.409 0.00000e+00
  137    18.30000   -97.33794 36.58805    1040.450    1353.636  858.495  287.421   87.359   -0.743   10.364 0.00000e+00
  138    18.31667   -97.33478 36.59157     995.142    1303.358  863.599  287.892   85.588   -0.788   10.408 0.00000e+00
  139    18.33333   -97.33161 36.59486     937.075    1241.795  869.869  288.443   83.553   -0.956   10.453 0.00000e+00
  140    18.35000   -97.32861 36.59803     880.101    1182.415  875.933  289.000   81.354   -0.716   10.478 0.00000e+00
  141    18.36667   -97.32587 36.60116     842.843    1144.312  879.879  289.348   80.582   -0.242   10.565 0.00000e+00
  142    18.38333   -97.32333 36.60423     829.678    1130.114  881.386  289.432   81.165    0.160   10.681 0.00000e+00
  143    18.40000   -97.32091 36.60723     839.084    1137.914  880.573  289.218   83.787    0.505   10.885 0.00000e+00
  144    18.41667   -97.31857 36.61024     862.812    1161.047  878.060  288.863   86.965    0.660   11.075 0.00000e+00
  145    18.43333   -97.31628 36.61323     894.861    1193.109  874.809  288.498   89.590    0.796   11.185 0.00000e+00
  146    18.45000   -97.31422 36.61607     936.422    1234.089  870.605  288.019   93.271    0.976   11.343 0.00000e+00
  147    18.46667   -97.31238 36.61890     991.380    1287.949  865.160  287.476   97.836    0.988   11.558 3.05353e-03
  148    18.48333   -97.31057 36.62189    1035.908    1330.869  860.755  287.168   97.696    0.374   11.370 6.48882e-03
  149    18.50000   -97.30893 36.62504    1046.385    1341.215  859.677  287.164   96.297   -0.374   11.219 5.69267e-05
  150    18.51667   -97.30775 36.62832    1009.491    1304.403  863.425  287.424   95.646   -1.131   11.284 2.97383e-03
  151    18.53333   -97.30689 36.63156     926.811    1221.993  871.837  288.177   95.091   -1.738   11.667 3.34631e-02
  152    18.55000   -97.30626 36.63472     797.976    1093.537  885.057  289.374   89.269   -2.658   11.655 0.00000e+00
  153    18.56667   -97.30564 36.63774     675.382     971.306  897.856  290.520   85.017   -1.954   11.773 0.00000e+00
  154    18.58333   -97.30496 36.64074     590.405     886.991  906.641  291.321   81.820   -1.105   11.806 0.00000e+00
  155    18.60000   -97.30427 36.64381     538.454     836.035  912.047  291.824   79.603   -0.672   11.786 0.00000e+00
  156    18.61667   -97.30346 36.64682     504.665     803.251  915.597  292.136   78.404   -0.602   11.793 0.00000e+00
  157    18.63333   -97.30251 36.64962     470.368     768.133  919.424  292.485   76.898   -0.662   11.774 0.00000e+00
  158    18.65000   -97.30151 36.65225     427.943     724.739  924.007  292.881   75.455   -0.778   11.785 0.00000e+00
  159    18.66667   -97.30044 36.65487     370.728     666.796  930.197  293.466   73.138   -1.030   11.769 0.00000e+00
  160    18.68333   -97.29932 36.65764     293.303     589.752  938.441  294.217   70.177   -1.273   11.728 0.00000e+00
  161    18.70000   -97.29838 36.66060     212.866     509.901  947.172  294.984   67.632   -1.413   11.742 0.00000e+00
  162    18.71667   -97.29796 36.66364     139.097     436.906  955.093  295.716   65.654   -1.386   11.824 0.00000e+00
  163    18.73333   -97.29828 36.66656      82.061     381.536  961.148  296.272   63.931   -0.754   11.838 0.00000e+00
  164    18.75000   -97.29924 36.66928      58.496     359.487  963.596  296.621   63.115   -0.280   11.907 0.00000e+00
  165    18.76667   -97.30069 36.67183      46.275     348.670  964.743  297.088   62.293   -0.219   12.077 0.00000e+00
  166    18.78333   -97.30280 36.67397      41.843     345.433  965.047  297.389   61.770    0.218   12.194 0.00000e+00
  167    18.80000   -97.30454 36.67540     110.430     414.492  957.443  296.649   64.134    2.354   12.199 0.00000e+00
  168    18.81667   -97.30496 36.67699     267.241     572.472  940.172  294.934   69.901    3.549   12.190 0.00000e+00
  169    18.83333   -97.30397 36.67901     438.810     745.907  921.563  293.237   76.290    3.327   12.216 0.00000e+00
  170    18.85000   -97.30253 36.68155     577.118     885.763  906.750  291.915   81.632    2.475   12.228 0.00000e+00
  171    18.86667   -97.30160 36.68436     655.834     965.549  898.410  290.981   85.515    0.878   12.187 0.00000e+00
  172    18.88333   -97.30148 36.68721     701.272    1011.902  893.596  290.503   86.723    0.598   12.054 0.00000e+00
  173    18.90000   -97.30181 36.68975     761.139    1072.612  887.213  289.985   89.578    1.040   12.133 0.00000e+00
  174    18.91667   -97.30224 36.69186     842.867    1155.084  878.691  289.205   93.453    1.340   12.157 0.00000e+00
  175    18.93333   -97.30244 36.69378     936.030    1248.924  869.122  288.350   97.767    1.516   12.169 0.00000e+00
  176    18.95000   -97.30219 36.69584    1025.273    1338.875  859.968  287.719  100.000    1.137   12.095 8.61929e-02
  177    18.96667   -97.30148 36.69814    1089.636    1403.579  853.483  287.322  100.000    0.386   11.877 1.89338e-01
  178    18.98333   -97.30061 36.70081    1122.943    1436.879  850.150  286.702   99.408   -0.278   11.363 7.93511e-02
