    0    16.01667   -97.57443 36.23552       7.773     337.452  966.176  294.505   79.762    0.029   13.176 0.00000e+00
    1    16.03333   -97.57504 36.23709       8.555     338.579  966.026  294.489   79.833    0.046   13.177 0.00000e+00
    2    16.05000   -97.57561 36.23851      12.045     342.277  965.705  294.434   80.121    0.100   13.184 0.00000e+00
    3    16.06667   -97.57592 36.23980      21.045     351.664  964.667  294.347   80.400    0.244   13.173 0.00000e+00
    4    16.08333   -97.57602 36.24136      42.759     374.037  962.198  293.987   81.474    0.580   13.088 0.00000e+00
    5    16.10000   -97.57616 36.24329      83.256     415.339  957.551  293.445   83.428    1.092   13.020 0.00000e+00
    6    16.11667   -97.57650 36.24545     141.341     474.287  951.010  292.791   85.900    1.240   12.958 0.00000e+00
    7    16.13333   -97.57693 36.24798     195.236     529.168  945.006  292.193   88.308    1.394   12.912 0.00000e+00
    8    16.15000   -97.57719 36.25063     256.448     591.477  938.186  291.583   90.994    1.270   12.896 0.00000e+00
    9    16.16667   -97.57719 36.25326     317.741     653.955  931.383  290.963   93.892    1.092   12.888 0.00000e+00
   10    16.18333   -97.57687 36.25599     379.831     716.948  924.616  290.356   96.675    1.449   12.862 0.00000e+00
   11    16.20000   -97.57585 36.25894     440.411     777.881  918.062  289.758   99.414    1.801   12.821 2.24901e-03
   12    16.21667   -97.57430 36.26216     485.450     823.302  913.179  289.409  100.000    1.776   12.695 3.93196e-02
   13    16.23333   -97.57247 36.26547     514.084     852.754  910.044  289.250  100.000    0.968   12.610 7.97715e-02
   14    16.25000   -97.57027 36.26888     512.299     852.245  910.076  289.257  100.000   -0.373   12.616 6.06456e-02
   15    16.26667   -97.56759 36.27219     486.951     828.874  912.563  289.617   97.266   -0.639   12.507 0.00000e+00
   16    16.28333   -97.56440 36.27548     459.224     803.760  915.229  290.146   93.141   -0.206   12.352 0.00000e+00
   17    16.30000   -97.56085 36.27891     454.300     801.949  915.427  290.200   92.633    0.445   12.325 0.00000e+00
   18    16.31667   -97.55721 36.28247     480.799     830.573  912.392  289.843   94.704    1.110   12.358 0.00000e+00
   19    16.33333   -97.55383 36.28603     540.775     892.190  905.857  289.120   99.086    1.552   12.432 3.50204e-04
   20    16.35000   -97.55063 36.28941     615.356     967.181  897.978  288.693  100.000    1.558   12.330 1.51701e-01
   21    16.36667   -97.54736 36.29262     691.635    1042.602  890.086  288.344  100.000    1.127   12.164 2.89943e-01
   22    16.38333   -97.54378 36.29579     742.477    1091.569  884.931  288.115  100.000    0.075   12.056 3.83418e-01
   23    16.40000   -97.54011 36.29906     732.767    1082.123  885.940  288.148  100.000   -0.873   12.069 3.43014e-01
   24    16.41667   -97.53655 36.30250     679.462    1027.895  891.619  288.389  100.000   -1.337   12.179 2.17361e-01
   25    16.43333   -97.53318 36.30618     603.987     953.116  899.515  288.741   99.994   -1.395   12.330 4.17209e-02
   26    16.45000   -97.53004 36.31016     535.408     882.397  907.185  289.334   97.454   -1.023   12.378 0.00000e+00
   27    16.46667   -97.52717 36.31441     490.122     833.409  912.201  289.802   94.946   -0.587   12.359 0.00000e+00
   28    16.48333   -97.52473 36.31880     456.384     798.004  916.098  289.995   95.162   -0.431   12.488 0.00000e+00
   29    16.50000   -97.52251 36.32306     416.461     755.407  920.570  290.352   93.876   -1.000   12.541 0.00000e+00
   30    16.51667   -97.52012 36.32714     358.116     696.432  927.001  290.892   91.581   -0.985   12.574 0.00000e+00
   31    16.53333   -97.51768 36.33094     331.657     669.593  929.827  291.195   89.739   -0.116   12.522 0.00000e+00
   32    16.55000   -97.51545 36.33449     349.949     690.486  927.595  290.973   91.003    0.683   12.551 0.00000e+00
   33    16.56667   -97.51343 36.33792     408.724     751.964  920.958  290.357   94.433    1.540   12.614 0.00000e+00
   34    16.58333   -97.51113 36.34135     492.323     835.323  912.045  289.510   99.367    1.609   12.697 1.25983e-02
   35    16.60000   -97.50850 36.34486     559.072     901.937  904.911  289.111  100.000    1.339   12.569 1.24663e-01
   36    16.61667   -97.50562 36.34834     592.976     934.504  901.513  288.956  100.000    0.775   12.492 1.85087e-01
   37    16.63333   -97.50260 36.35164     582.023     920.706  903.011  289.014  100.000   -0.045   12.518 1.34622e-01
   38    16.65000   -97.49993 36.35501     528.972     863.966  909.065  289.405   98.416   -0.802   12.532 1.96021e-05
   39    16.66667   -97.49809 36.35839     473.013     805.546  915.302  290.046   94.591   -0.568   12.464 0.00000e+00
   40    16.68333   -97.49677 36.36171     432.429     763.188  919.831  290.497   92.114   -0.250   12.430 0.00000e+00
   41    16.70000   -97.49579 36.36492     409.285     738.180  922.548  290.787   90.361   -0.013   12.384 0.00000e+00
   42    16.71667   -97.49477 36.36796     408.112     734.737  922.926  290.861   89.722    0.511   12.349 0.00000e+00
   43    16.73333   -97.49359 36.37092     439.900     764.168  919.756  290.593   90.848    1.218   12.335 0.00000e+00
   44    16.75000   -97.49220 36.37388     494.525     819.288  913.695  290.011   93.859    1.641   12.362 0.00000e+00
   45    16.76667   -97.49049 36.37698     553.492     880.294  907.154  289.403   96.993    1.661   12.375 0.00000e+00
   46    16.78333   -97.48832 36.38021     619.187     948.744  899.935  288.787  100.000    1.440   12.369 2.93256e-02
   47    16.80000   -97.48563 36.38351     687.328    1018.523  892.568  288.433  100.000    1.117   12.199 1.06745e-01
   48    16.81667   -97.48260 36.38690     750.562    1084.642  885.610  288.087  100.000    0.685   12.025 1.48917e-01
   49    16.83333   -97.47939 36.39031     791.315    1129.188  881.054  287.839  100.000    0.163   11.894 1.57306e-01
   50    16.85000   -97.47610 36.39372     799.982    1139.183  880.111  287.744  100.000   -0.375   11.833 9.67451e-02
   51    16.86667   -97.47289 36.39716     779.980    1118.268  882.396  287.864   99.439   -0.744   11.811 2.76382e-03
   52    16.88333   -97.46976 36.40067     744.494    1080.253  886.247  288.270   96.836   -0.834   11.757 0.00000e+00
   53    16.90000   -97.46661 36.40425     708.910    1045.473  889.800  288.620   94.866   -0.597   11.734 0.00000e+00
   54    16.91667   -97.46333 36.40786     693.634    1032.707  891.124  288.742   94.181   -0.071   11.724 0.00000e+00
   55    16.93333   -97.45990 36.41140     712.597    1051.806  889.392  288.560   95.229    0.485   11.739 0.00000e+00
   56    16.95000   -97.45633 36.41484     767.558    1101.138  884.337  288.081   97.739    0.845   11.748 0.00000e+00
   57    16.96667   -97.45261 36.41825     837.914    1164.418  877.712  287.548  100.000    0.816   11.715 3.45002e-02
   58    16.98333   -97.44887 36.42172     890.987    1212.095  872.701  287.332  100.000    0.376   11.619 1.36457e-01
   59    17.00000   -97.44526 36.42529     908.332    1226.278  871.250  287.277  100.000   -0.183   11.598 1.72610e-01
   60    17.01667   -97.44189 36.42892     892.534    1208.277  873.095  287.365  100.000   -0.567   11.640 1.34413e-01
   61    17.03333   -97.43884 36.43258     858.857    1172.875  876.737  287.530  100.000   -0.693   11.716 5.54887e-02
   62    17.05000   -97.43597 36.43624     823.148    1136.789  880.405  287.772   99.393   -0.687   11.762 0.00000e+00
   63    17.06667   -97.43317 36.43989     791.891    1107.234  883.438  288.038   97.927   -0.670   11.749 0.00000e+00
   64    17.08333   -97.43034 36.44356     770.585    1087.804  885.466  288.243   97.050   -0.439   11.773 1.89811e-03
   65    17.10000   -97.42757 36.44740     759.410    1078.200  886.553  288.357   96.475   -0.061   11.775 0.00000e+00
   66    17.11667   -97.42496 36.45160     763.561    1081.022  886.290  288.264   97.606    0.139   11.845 9.16677e-03
   67    17.13333   -97.42239 36.45596     768.565    1083.245  886.065  288.241   98.346   -0.055   11.920 2.06607e-02
   68    17.15000   -97.41959 36.46028     753.451    1064.480  887.974  288.372   97.710   -0.808   11.919 0.00000e+00
   69    17.16667   -97.41652 36.46430     706.417    1014.479  893.276  288.861   94.913   -1.160   11.877 0.00000e+00
   70    17.18333   -97.41354 36.46809     659.330     966.087  898.264  289.345   92.430   -0.440   11.867 0.00000e+00
   71    17.20000   -97.41060 36.47181     640.411     945.296  900.663  289.522   92.247   -0.123   11.946 0.00000e+00
   72    17.21667   -97.40787 36.47544     629.132     928.667  902.421  289.672   91.757   -0.203   11.974 0.00000e+00
   73    17.23333   -97.40518 36.47852     637.117     933.916  901.741  289.513   94.140    0.192   12.169 0.00000e+00
   74    17.25000   -97.40185 36.48120     646.031     940.568  901.127  289.386   95.684   -0.098   12.277 0.00000e+00
   75    17.26667   -97.39836 36.48391     628.615     920.218  903.182  289.509   95.505   -0.309   12.323 0.00000e+00
   76    17.28333   -97.39522 36.48680     597.675     888.392  906.492  289.854   93.283   -0.377   12.261 0.00000e+00
   77    17.30000   -97.39275 36.48973     562.708     854.306  910.087  290.216   91.439   -0.402   12.250 0.00000e+00
   78    17.31667   -97.39097 36.49273     522.471     815.733  914.148  290.603   89.416   -0.440   12.224 0.00000e+00
   79    17.33333   -97.38995 36.49573     472.540     767.685  919.291  291.058   87.345   -0.548   12.223 0.00000e+00
   80    17.35000   -97.38950 36.49850     425.072     721.411  924.305  291.493   85.689   -0.559   12.258 0.00000e+00
   81    17.36667   -97.38927 36.50115     386.837     683.985  928.355  291.847   84.394   -0.493   12.292 0.00000e+00
   82    17.38333   -97.38911 36.50377     347.631     645.588  932.450  292.221   82.922   -0.497   12.311 0.00000e+00
   83    17.40000   -97.38900 36.50641     301.996     601.170  937.244  292.666   81.087   -0.619   12.316 0.00000e+00
   84    17.41667   -97.38899 36.50909     246.807     547.489  943.095  293.174   79.302   -0.927   12.357 0.00000e+00
   85    17.43333   -97.38911 36.51184     183.402     485.535  949.835  293.746   77.343   -1.174   12.400 0.00000e+00
   86    17.45000   -97.38924 36.51474     124.651     428.051  956.159  294.321   75.461   -0.809   12.455 0.00000e+00
   87    17.46667   -97.38936 36.51773      91.026     395.539  959.788  294.651   74.566   -0.095   12.513 0.00000e+00
   88    17.48333   -97.38959 36.52077      93.311     398.944  959.430  294.655   74.858    0.507   12.571 0.00000e+00
   89    17.50000   -97.38990 36.52369     119.939     427.376  956.247  294.334   76.265    0.937   12.597 0.00000e+00
   90    17.51667   -97.39033 36.52660     168.768     478.430  950.633  293.934   78.287    1.190   12.688 0.00000e+00
   91    17.53333   -97.39071 36.52963     211.083     523.184  945.773  293.526   80.061    0.790   12.716 0.00000e+00
   92    17.55000   -97.39088 36.53283     234.185     547.917  943.074  293.270   81.095    0.389   12.713 0.00000e+00
   93    17.56667   -97.39066 36.53616     234.119     549.482  942.824  293.233   81.078   -0.024   12.684 0.00000e+00
   94    17.58333   -97.39008 36.53955     212.063     528.596  945.221  293.444   79.967   -0.300   12.644 0.00000e+00
   95    17.60000   -97.38917 36.54288     182.374     498.589  948.518  293.728   78.607   -0.267   12.606 0.00000e+00
   96    17.61667   -97.38795 36.54603     158.911     474.701  951.108  293.942   77.412   -0.230   12.546 0.00000e+00
   97    17.63333   -97.38653 36.54902     136.938     454.250  953.303  294.111   76.353   -0.296   12.477 0.00000e+00
   98    17.65000   -97.38512 36.55191     121.629     441.046  954.769  294.278   75.792   -0.103   12.494 0.00000e+00
   99    17.66667   -97.38386 36.55467     111.766     433.117  955.661  294.370   75.338   -0.097   12.479 0.00000e+00
  100    17.68333   -97.38261 36.55740      93.668     416.402  957.528  294.542   74.624   -0.293   12.468 0.00000e+00
  101    17.70000   -97.38121 36.56015      84.651     408.714  958.350  294.767   74.426    0.127   12.599 0.00000e+00
  102    17.71667   -97.38000 36.56273     108.715     434.014  955.551  294.680   75.040    0.742   12.672 0.00000e+00
  103    17.73333   -97.37917 36.56507     177.200     502.709  948.025  294.055   77.218    1.750   12.645 0.00000e+00
  104    17.75000   -97.37873 36.56753     279.874     605.143  936.884  293.056   80.786    2.357   12.579 0.00000e+00
  105    17.76667   -97.37870 36.57009     394.943     719.882  924.458  291.947   85.359    2.478   12.564 0.00000e+00
  106    17.78333   -97.37895 36.57279     490.139     815.540  914.135  291.019   89.133    1.814   12.512 0.00000e+00
  107    17.80000   -97.37908 36.57566     549.571     877.086  907.600  290.418   91.383    0.916   12.436 0.00000e+00
  108    17.81667   -97.37893 36.57875     575.483     905.337  904.600  290.112   92.611    0.283   12.401 0.00000e+00
  109    17.83333   -97.37852 36.58195     584.297     915.374  903.683  290.030   92.650    0.117   12.354 0.00000e+00
  110    17.85000   -97.37785 36.58516     593.638     925.180  902.669  289.955   92.554    0.133   12.296 0.00000e+00
  111    17.86667   -97.37697 36.58836     596.643     928.263  902.403  289.940   92.428    0.015   12.271 0.00000e+00
  112    17.88333   -97.37584 36.59155     591.946     922.227  903.036  290.016   91.659   -0.248   12.219 0.00000e+00
  113    17.90000   -97.37445 36.59467     573.651     902.242  905.180  290.219   90.627   -0.438   12.211 0.00000e+00
  114    17.91667   -97.37283 36.59772     547.477     874.454  908.100  290.485   89.345   -0.615   12.204 0.00000e+00
  115    17.93333   -97.37099 36.60062     513.959     839.563  911.816  290.823   87.781   -0.684   12.201 0.00000e+00
  116    17.95000   -97.36897 36.60332     476.145     800.078  916.020  291.215   86.021   -0.639   12.201 0.00000e+00
  117    17.96667   -97.36688 36.60589     434.692     756.633  920.684  291.623   84.477   -0.652   12.233 0.00000e+00
  118    17.98333   -97.36485 36.60841     385.717     705.216  926.206  292.118   82.417   -0.758   12.240 0.00000e+00
  119    18.00000   -97.36288 36.61087     328.382     645.502  932.675  292.703   79.803   -0.957   12.209 0.00000e+00
  120    18.01667   -97.36098 36.61321     270.669     585.721  939.095  293.349   76.648   -0.917   12.126 0.00000e+00
  121    18.03333   -97.35909 36.61544     224.235     537.522  944.338  293.837   74.229   -0.946   12.039 0.00000e+00
  122    18.05000   -97.35719 36.61767     178.230     489.918  949.506  294.259   72.116   -1.070   11.941 0.00000e+00
  123    18.06667   -97.35561 36.62001     152.303     462.501  952.542  294.732   71.719   -0.122   12.189 0.00000e+00
  124    18.08333   -97.35466 36.62238     159.329     468.451  951.840  294.732   72.651    0.069   12.357 0.00000e+00
  125    18.10000   -97.35445 36.62517     156.719     465.355  952.186  294.820   72.818   -0.143   12.448 0.00000e+00
  126    18.11667   -97.35508 36.62813     174.508     482.622  950.206  294.600   74.123    0.850   12.526 0.00000e+00
  127    18.13333   -97.35550 36.63050     244.951     552.651  942.562  293.896   76.865    1.659   12.536 0.00000e+00
  128    18.15000   -97.35525 36.63274     351.013     658.732  931.055  292.907   80.607    2.104   12.513 0.00000e+00
  129    18.16667   -97.35430 36.63513     459.811     767.901  919.305  291.850   84.925    1.809   12.495 0.00000e+00
  130    18.18333   -97.35300 36.63765     524.836     833.355  912.467  291.227   87.548    0.827   12.476 0.00000e+00
  131    18.20000   -97.35188 36.64001     541.325     848.406  910.960  291.054   88.283    0.126   12.464 0.00000e+00
  132    18.21667   -97.35101 36.64216     532.418     837.415  912.129  291.131   87.895   -0.305   12.454 0.00000e+00
  133    18.23333   -97.35029 36.64425     525.742     828.814  913.015  291.209   87.362    0.141   12.428 0.00000e+00
  134    18.25000   -97.34953 36.64637     552.774     853.954  910.334  291.000   87.835    0.442   12.367 0.00000e+00
  135    18.26667   -97.34869 36.64845     575.197     875.113  908.040  290.782   88.662    0.251   12.343 0.00000e+00
  136    18.28333   -97.34795 36.65056     576.314     875.381  907.976  290.773   88.631   -0.172   12.333 0.00000e+00
  137    18.30000   -97.34739 36.65268     541.260     839.726  911.726  291.137   86.532   -0.949   12.271 0.00000e+00
  138    18.31667   -97.34720 36.65470     470.686     768.768  919.267  291.871   82.370   -1.480   12.135 0.00000e+00
  139    18.33333   -97.34737 36.65656     379.717     677.711  929.032  292.767   78.389   -1.697   12.089 0.00000e+00
  140    18.35000   -97.34789 36.65824     289.925     587.925  938.732  293.634   74.969   -1.425   12.078 0.00000e+00
  141    18.36667   -97.34866 36.65982     219.832     517.832  946.334  294.311   72.359   -0.990   12.061 0.00000e+00
  142    18.38333   -97.34966 36.66137     170.964     468.964  951.666  294.774   71.285   -0.634   12.158 0.00000e+00
  143    18.40000   -97.35092 36.66289     138.386     436.386  955.252  295.085   70.902   -0.393   12.281 0.00000e+00
  144    18.41667   -97.35253 36.66438     121.744     419.867  957.064  295.222   70.736   -0.159   12.332 0.00000e+00
  145    18.43333   -97.35433 36.66578     122.195     420.705  956.965  295.210   70.964    0.091   12.364 0.00000e+00
  146    18.45000   -97.35623 36.66706     129.527     428.406  956.125  295.124   71.416    0.068   12.388 0.00000e+00
  147    18.46667   -97.35825 36.66823     137.452     436.564  955.195  295.042   71.797    0.008   12.403 0.00000e+00
  148    18.48333   -97.36043 36.66923     146.841     446.076  954.171  294.967   72.195    0.304   12.429 0.00000e+00
  149    18.50000   -97.36255 36.67010     177.230     476.417  950.850  294.721   73.036    0.721   12.427 0.00000e+00
  150    18.51667   -97.36442 36.67100     223.565     522.646  945.820  294.237   75.003    0.926   12.451 0.00000e+00
  151    18.53333   -97.36586 36.67199     292.398     591.511  938.305  293.617   77.183    1.323   12.428 0.00000e+00
  152    18.55000   -97.36685 36.67321     387.991     687.460  927.956  292.781   80.205    1.907   12.394 0.00000e+00
  153    18.56667   -97.36757 36.67471     495.347     795.339  916.399  291.782   83.611    1.911   12.288 0.00000e+00
  154    18.58333   -97.36790 36.67652     606.770     907.390  904.501  290.712   88.312    1.896   12.288 0.00000e+00
  155    18.60000   -97.36772 36.67855     695.767     997.057  895.092  289.884   91.793    1.115   12.243 0.00000e+00
  156    18.61667   -97.36725 36.68071     739.379    1041.058  890.544  289.504   93.172    0.483   12.190 0.00000e+00
  157    18.63333   -97.36667 36.68296     746.960    1048.502  889.727  289.431   93.461   -0.042   12.182 0.00000e+00
  158    18.65000   -97.36604 36.68526     716.652    1018.135  892.925  289.783   91.335   -0.768   12.133 0.00000e+00
  159    18.66667   -97.36535 36.68758     644.879     946.387  900.411  290.484   87.866   -1.532   12.105 0.00000e+00
  160    18.68333   -97.36475 36.68998     538.082     839.975  911.628  291.572   82.993   -2.130   12.099 0.00000e+00
  161    18.70000   -97.36450 36.69247     419.308     721.719  924.201  292.731   78.238   -2.013   12.102 0.00000e+00
  162    18.71667   -97.36450 36.69493     330.465     633.352  933.722  293.599   75.027   -1.048   12.127 0.00000e+00
  163    18.73333   -97.36435 36.69740     286.013     589.591  938.419  294.224   73.235   -0.657   12.244 0.00000e+00
  164    18.75000   -97.36433 36.69998     234.939     539.641  943.786  294.716   71.440   -0.865   12.244 0.00000e+00
  165    18.76667   -97.36482 36.70248     186.349     491.985  949.027  295.135   69.777   -0.423   12.203 0.00000e+00
  166    18.78333   -97.36573 36.70485     158.145     464.438  952.047  295.397   68.723   -0.017   12.176 0.00000e+00
  167    18.80000   -97.36684 36.70705     157.386     463.483  952.152  295.409   68.569    0.379   12.156 0.00000e+00
  168    18.81667   -97.36793 36.70908     181.902     487.428  949.544  295.178   69.380    0.634   12.160 0.00000e+00
  169    18.83333   -97.36887 36.71090     202.335     507.183  947.345  294.933   70.223    0.405   12.151 0.00000e+00
  170    18.85000   -97.36967 36.71260     222.779     526.981  945.220  294.754   70.893    0.480   12.159 0.00000e+00
  171    18.86667   -97.37041 36.71416     242.764     546.583  943.096  294.580   71.221    0.082   12.112 0.00000e+00
  172    18.88333   -97.37119 36.71559     242.254     545.804  943.178  294.603   71.007   -0.047   12.092 0.00000e+00
  173    18.90000   -97.37219 36.71698     263.715     566.971  940.905  294.405   71.738    0.631   12.097 0.00000e+00
  174    18.91667   -97.37302 36.71828     326.965     629.912  934.059  293.867   73.710    1.547   12.110 0.00000e+00
  175    18.93333   -97.37326 36.71934     434.299     737.118  922.532  292.920   76.919    2.167   12.062 0.00000e+00
  176    18.95000   -97.37312 36.72008     541.229     844.052  911.153  291.995   80.369    1.727   12.041 0.00000e+00
  177    18.96667   -97.37320 36.72071     594.577     897.321  905.524  291.509   82.421    0.361   12.050 0.00000e+00
  178    18.98333   -97.37397 36.72162     599.672     902.167  904.995  291.466   82.544   -0.451   12.042 0.00000e+00
