    0    16.01667   -97.56846 36.28860      64.623     412.820  957.917  293.504   83.430    0.358   13.064 0.00000e+00
    1    16.03333   -97.56680 36.29118      84.448     433.701  955.567  293.323   84.186    0.217   13.067 0.00000e+00
    2    16.05000   -97.56497 36.29379      85.992     436.585  955.244  293.271   84.124   -0.084   13.018 0.00000e+00
    3    16.06667   -97.56330 36.29655      80.551     432.803  955.633  293.319   83.913   -0.148   13.019 0.00000e+00
    4    16.08333   -97.56185 36.29958      79.504     434.066  955.527  293.336   83.846    0.119   13.025 0.00000e+00
    5    16.10000   -97.56063 36.30283      91.618     448.372  953.961  293.224   84.367    0.486   13.035 0.00000e+00
    6    16.11667   -97.55946 36.30621     127.117     485.327  949.948  292.876   85.844    1.060   13.034 0.00000e+00
    7    16.13333   -97.55798 36.30960     196.436     554.617  942.325  292.152   88.802    1.747   12.988 0.00000e+00
    8    16.15000   -97.55605 36.31296     287.328     645.331  932.524  291.232   92.855    1.978   12.950 0.00000e+00
    9    16.16667   -97.55389 36.31611     371.840     727.643  923.687  290.451   96.727    1.736   12.960 0.00000e+00
   10    16.18333   -97.55170 36.31907     442.034     794.929  916.436  289.812   99.927    1.311   12.955 5.96080e-03
   11    16.20000   -97.54951 36.32192     507.880     857.921  909.594  289.505  100.000    1.386   12.824 1.33049e-01
   12    16.21667   -97.54707 36.32471     572.714     922.768  902.668  289.194  100.000    1.325   12.668 2.63275e-01
   13    16.23333   -97.54422 36.32758     627.728     977.856  896.820  288.870  100.000    0.966   12.489 3.56239e-01
   14    16.25000   -97.54095 36.33065     666.058    1017.183  892.723  288.635  100.000    0.681   12.358 3.95090e-01
   15    16.26667   -97.53738 36.33423     692.049    1043.240  890.051  288.443  100.000    0.922   12.242 3.79588e-01
   16    16.28333   -97.53368 36.33829     721.322    1070.519  887.183  288.270  100.000    1.354   12.145 4.38047e-01
   17    16.30000   -97.52988 36.34237     751.421    1100.712  883.964  288.116  100.000    0.802   12.070 5.33637e-01
   18    16.31667   -97.52627 36.34630     763.639    1113.689  882.760  288.027  100.000    0.363   12.017 5.22891e-01
   19    16.33333   -97.52277 36.34986     782.921    1127.190  881.418  287.915  100.000    0.397   11.949 4.86383e-01
   20    16.35000   -97.51945 36.35310     799.447    1137.356  880.289  287.828  100.000    0.632   11.896 4.66181e-01
   21    16.36667   -97.51630 36.35627     814.749    1148.994  879.049  287.765  100.000    0.785   11.864 4.91391e-01
   22    16.38333   -97.51328 36.35943     829.195    1160.086  877.927  287.700  100.000    0.655   11.829 5.04667e-01
   23    16.40000   -97.51030 36.36269     831.920    1159.811  877.849  287.678  100.000    0.265   11.814 4.74389e-01
   24    16.41667   -97.50745 36.36607     808.404    1135.201  880.469  287.675  100.000   -0.456   11.777 2.30053e-01
   25    16.43333   -97.50470 36.36950     757.879    1083.142  885.927  287.874   99.697   -1.063   11.802 7.11862e-03
   26    16.45000   -97.50214 36.37294     702.377    1027.436  891.612  288.525   95.115   -1.290   11.669 0.00000e+00
   27    16.46667   -97.49950 36.37638     651.815     979.358  896.701  289.069   91.859   -0.980   11.606 0.00000e+00
   28    16.48333   -97.49665 36.37980     615.377     944.199  900.454  289.396   90.472   -0.475   11.625 0.00000e+00
   29    16.50000   -97.49366 36.38328     598.522     929.602  901.910  289.487   90.536    0.133   11.682 0.00000e+00
   30    16.51667   -97.49060 36.38675     612.547     945.615  900.301  289.241   92.571    0.914   11.778 0.00000e+00
   31    16.53333   -97.48741 36.39016     652.471     986.149  895.958  288.624   97.282    1.224   11.953 0.00000e+00
   32    16.55000   -97.48413 36.39354     693.311    1030.099  891.301  288.172  100.000    1.000   11.998 2.10837e-02
   33    16.56667   -97.48087 36.39691     719.029    1058.749  888.400  288.052  100.000    0.728   11.957 8.38790e-02
   34    16.58333   -97.47761 36.40033     728.076    1066.297  887.735  288.038  100.000    0.405   11.955 1.09469e-01
   35    16.60000   -97.47433 36.40376     718.358    1053.632  889.046  288.081  100.000   -0.088   11.973 5.70337e-02
   36    16.61667   -97.47108 36.40719     690.753    1024.626  892.008  288.249   99.535   -0.588   11.990 0.00000e+00
   37    16.63333   -97.46792 36.41055     655.384     990.696  895.532  288.623   97.171   -0.832   11.945 0.00000e+00
   38    16.65000   -97.46488 36.41381     627.708     964.817  898.314  288.977   94.640   -0.783   11.865 0.00000e+00
   39    16.66667   -97.46198 36.41698     610.585     946.134  900.456  289.284   92.260   -0.512   11.769 0.00000e+00
   40    16.68333   -97.45918 36.42008     605.916     936.021  901.595  289.416   91.349   -0.000   11.737 0.00000e+00
   41    16.70000   -97.45630 36.42315     612.134     936.956  901.431  289.387   91.637    0.241   11.754 0.00000e+00
   42    16.71667   -97.45325 36.42626     608.415     928.963  902.237  289.366   92.454    0.056   11.833 0.00000e+00
   43    16.73333   -97.45026 36.42948     593.417     911.061  904.045  289.451   92.651   -0.104   11.899 0.00000e+00
   44    16.75000   -97.44738 36.43282     576.554     891.984  906.112  289.573   92.520   -0.130   11.948 0.00000e+00
   45    16.76667   -97.44444 36.43631     562.536     875.565  907.828  289.690   92.263   -0.241   11.982 0.00000e+00
   46    16.78333   -97.44152 36.43987     548.623     860.748  909.353  289.877   91.028   -0.316   11.943 0.00000e+00
   47    16.80000   -97.43864 36.44339     545.561     857.237  909.761  289.953   90.335    0.034   11.905 0.00000e+00
   48    16.81667   -97.43561 36.44693     560.156     871.776  908.129  289.850   90.421    0.156   11.860 0.00000e+00
   49    16.83333   -97.43240 36.45050     574.232     887.416  906.508  289.790   89.993    0.010   11.780 0.00000e+00
   50    16.85000   -97.42915 36.45399     576.691     891.210  906.157  289.785   89.800   -0.184   11.755 0.00000e+00
   51    16.86667   -97.42604 36.45734     569.932     882.314  907.196  289.881   89.363   -0.134   11.756 0.00000e+00
   52    16.88333   -97.42306 36.46062     560.711     870.119  908.483  289.976   89.203    0.015   11.790 0.00000e+00
   53    16.90000   -97.42017 36.46392     561.151     868.458  908.615  289.911   90.107    0.303   11.858 0.00000e+00
   54    16.91667   -97.41727 36.46732     582.771     888.421  906.471  289.633   92.023    0.650   11.925 0.00000e+00
   55    16.93333   -97.41425 36.47086     618.893     923.644  902.712  289.220   94.568    0.762   11.984 0.00000e+00
   56    16.95000   -97.41124 36.47447     661.585     964.605  898.574  288.805   96.910    0.859   12.012 0.00000e+00
   57    16.96667   -97.40823 36.47804     706.654    1005.026  894.222  288.374   99.403    0.561   12.041 0.00000e+00
   58    16.98333   -97.40517 36.48155     728.290    1023.966  892.214  288.226   99.870   -0.069   12.009 0.00000e+00
   59    17.00000   -97.40228 36.48496     719.876    1012.678  893.445  288.409   98.394   -0.476   11.956 0.00000e+00
   60    17.01667   -97.39970 36.48834     698.399     989.534  895.768  288.697   96.345   -0.453   11.897 0.00000e+00
   61    17.03333   -97.39724 36.49178     683.096     975.326  897.263  288.834   95.488   -0.184   11.875 0.00000e+00
   62    17.05000   -97.39452 36.49531     668.409     962.019  898.597  288.954   95.294   -0.300   11.926 0.00000e+00
   63    17.06667   -97.39157 36.49880     639.680     935.226  901.412  289.223   93.883   -0.664   11.916 0.00000e+00
   64    17.08333   -97.38871 36.50225     596.406     894.157  905.761  289.606   92.272   -0.762   11.946 0.00000e+00
   65    17.10000   -97.38627 36.50569     557.386     857.707  909.690  289.938   90.889   -0.345   11.968 0.00000e+00
   66    17.11667   -97.38412 36.50923     555.436     858.604  909.630  289.891   91.473    0.418   12.009 0.00000e+00
   67    17.13333   -97.38184 36.51294     570.511     876.214  907.768  289.682   92.884    0.083   12.057 0.00000e+00
   68    17.15000   -97.37968 36.51674     567.011     874.468  907.917  289.705   92.766   -0.156   12.058 0.00000e+00
   69    17.16667   -97.37782 36.52051     548.293     857.548  909.750  289.798   93.083   -0.534   12.146 0.00000e+00
   70    17.18333   -97.37602 36.52412     517.450     827.859  912.963  290.040   92.325   -0.844   12.192 0.00000e+00
   71    17.20000   -97.37414 36.52750     481.492     792.579  916.695  290.381   90.551   -0.892   12.171 0.00000e+00
   72    17.21667   -97.37222 36.53072     445.795     757.134  920.602  290.758   88.602   -0.712   12.146 0.00000e+00
   73    17.23333   -97.37035 36.53383     415.520     726.023  923.958  291.057   87.326   -0.551   12.157 0.00000e+00
   74    17.25000   -97.36866 36.53688     390.869     700.046  926.820  291.247   87.046   -0.413   12.226 0.00000e+00
   75    17.26667   -97.36719 36.53991     372.242     680.518  928.890  291.425   86.330   -0.274   12.236 0.00000e+00
   76    17.28333   -97.36586 36.54304     360.677     668.816  930.112  291.535   85.949   -0.097   12.251 0.00000e+00
   77    17.30000   -97.36455 36.54618     361.392     669.780  930.019  291.511   86.311    0.194   12.285 0.00000e+00
   78    17.31667   -97.36317 36.54923     374.784     684.363  928.434  291.339   87.234    0.320   12.303 0.00000e+00
   79    17.33333   -97.36167 36.55213     404.193     715.236  925.055  291.056   88.802    0.700   12.346 0.00000e+00
   80    17.35000   -97.36000 36.55493     453.385     766.036  919.566  290.637   91.120    0.893   12.409 0.00000e+00
   81    17.36667   -97.35818 36.55772     503.007     817.918  913.977  290.174   93.415    0.641   12.428 0.00000e+00
   82    17.38333   -97.35638 36.56046     541.495     858.394  909.703  289.798   95.495    0.425   12.462 0.00000e+00
   83    17.40000   -97.35473 36.56314     569.093     887.706  906.629  289.528   96.394    0.267   12.405 0.00000e+00
   84    17.41667   -97.35332 36.56586     586.494     905.659  904.740  289.368   96.918    0.120   12.371 0.00000e+00
   85    17.43333   -97.35219 36.56862     594.629     914.040  903.869  289.293   97.074   -0.138   12.344 0.00000e+00
   86    17.45000   -97.35123 36.57138     590.956     910.789  904.181  289.330   96.639   -0.384   12.313 0.00000e+00
   87    17.46667   -97.35037 36.57414     579.893     901.085  905.177  289.442   95.871   -0.365   12.289 0.00000e+00
   88    17.48333   -97.34946 36.57692     573.185     895.831  905.749  289.517   95.354   -0.042   12.275 0.00000e+00
   89    17.50000   -97.34833 36.57975     577.533     901.524  905.198  289.464   95.617    0.396   12.274 0.00000e+00
   90    17.51667   -97.34677 36.58268     592.323     916.490  903.623  289.313   96.671    0.517   12.312 0.00000e+00
   91    17.53333   -97.34481 36.58575     600.824     923.668  902.988  289.253   97.356    0.294   12.360 0.00000e+00
   92    17.55000   -97.34261 36.58897     591.029     910.882  904.355  289.380   96.823   -0.127   12.374 0.00000e+00
   93    17.56667   -97.34041 36.59225     559.876     875.140  908.155  289.740   95.005   -0.567   12.373 0.00000e+00
   94    17.58333   -97.33842 36.59549     512.697     823.079  913.719  290.255   92.472   -0.854   12.370 0.00000e+00
   95    17.60000   -97.33657 36.59851     456.393     763.084  920.047  290.835   89.636   -1.061   12.356 0.00000e+00
   96    17.61667   -97.33481 36.60119     395.188     700.901  926.703  291.432   86.989   -1.074   12.364 0.00000e+00
   97    17.63333   -97.33307 36.60355     339.984     644.958  932.733  292.001   84.251   -1.056   12.332 0.00000e+00
   98    17.65000   -97.33141 36.60567     299.083     602.761  937.392  292.460   81.787   -0.648   12.261 0.00000e+00
   99    17.66667   -97.32987 36.60762     276.967     578.717  939.968  292.697   80.742   -0.334   12.252 0.00000e+00
  100    17.68333   -97.32852 36.60950     267.046     567.178  941.201  292.815   80.287   -0.183   12.257 0.00000e+00
  101    17.70000   -97.32730 36.61139     264.594     563.429  941.541  292.854   80.187   -0.049   12.267 0.00000e+00
  102    17.71667   -97.32614 36.61335     265.064     562.888  941.598  292.878   79.937    0.049   12.247 0.00000e+00
  103    17.73333   -97.32490 36.61535     262.314     559.467  941.987  292.939   79.616    0.059   12.239 0.00000e+00
  104    17.75000   -97.32352 36.61728     247.703     544.230  943.662  293.122   78.877   -0.287   12.243 0.00000e+00
  105    17.76667   -97.32219 36.61912     210.906     506.828  947.718  293.533   77.400   -0.772   12.274 0.00000e+00
  106    17.78333   -97.32101 36.62092     160.103     455.454  953.362  294.060   75.497   -1.052   12.297 0.00000e+00
  107    17.80000   -97.31978 36.62280     107.111     402.151  959.198  294.600   73.452   -1.103   12.295 0.00000e+00
  108    17.81667   -97.31836 36.62473      77.677     372.675  962.515  294.879   72.341   -0.576   12.277 0.00000e+00
  109    17.83333   -97.31682 36.62666      76.930     371.930  962.535  294.998   72.335    0.350   12.366 0.00000e+00
  110    17.85000   -97.31548 36.62861     115.533     410.532  958.283  294.916   73.446    1.317   12.549 0.00000e+00
  111    17.86667   -97.31452 36.63066     181.667     476.745  950.948  294.336   75.863    1.827   12.603 0.00000e+00
  112    17.88333   -97.31394 36.63272     273.887     569.209  940.873  293.507   79.370    2.128   12.657 0.00000e+00
  113    17.90000   -97.31367 36.63466     374.113     669.667  929.999  292.553   83.418    1.970   12.679 0.00000e+00
  114    17.91667   -97.31367 36.63641     452.347     748.114  921.539  291.791   86.674    1.028   12.673 0.00000e+00
  115    17.93333   -97.31380 36.63821     484.047     780.005  918.126  291.383   87.961    0.094   12.581 0.00000e+00
  116    17.95000   -97.31384 36.64020     476.786     772.699  918.964  291.381   87.289   -0.407   12.472 0.00000e+00
  117    17.96667   -97.31374 36.64224     443.430     739.231  922.537  291.700   85.318   -0.894   12.390 0.00000e+00
  118    17.98333   -97.31348 36.64441     390.708     686.352  928.234  292.224   82.996   -0.995   12.381 0.00000e+00
  119    18.00000   -97.31302 36.64669     348.895     644.280  932.743  292.635   81.139   -0.549   12.360 0.00000e+00
  120    18.01667   -97.31262 36.64903     338.831     633.818  933.898  292.882   80.480    0.040   12.435 0.00000e+00
  121    18.03333   -97.31266 36.65150     335.846     630.495  934.231  293.139   78.467   -0.404   12.317 0.00000e+00
  122    18.05000   -97.31290 36.65409     282.147     576.446  940.080  293.609   75.842   -1.387   12.182 0.00000e+00
  123    18.06667   -97.31267 36.65665     203.716     498.125  948.586  294.307   73.715   -1.054   12.255 0.00000e+00
  124    18.08333   -97.31200 36.65893     157.100     451.741  953.646  294.733   72.469   -0.431   12.303 0.00000e+00
  125    18.10000   -97.31114 36.66104     138.706     433.593  955.652  294.889   71.964   -0.110   12.310 0.00000e+00
  126    18.11667   -97.31014 36.66295     145.021     440.252  954.910  294.826   72.177    0.766   12.308 0.00000e+00
  127    18.13333   -97.30931 36.66476     220.626     516.539  946.490  294.099   75.196    1.853   12.368 0.00000e+00
  128    18.15000   -97.30875 36.66647     327.172     623.867  934.863  293.034   79.878    1.846   12.447 0.00000e+00
  129    18.16667   -97.30843 36.66832     429.063     726.559  923.757  292.015   84.256    1.577   12.465 0.00000e+00
  130    18.18333   -97.30834 36.67036     507.074     805.343  915.337  291.234   87.895    1.219   12.492 0.00000e+00
  131    18.20000   -97.30814 36.67247     552.046     851.697  910.335  290.777   90.127    0.817   12.511 0.00000e+00
  132    18.21667   -97.30786 36.67464     570.622     872.631  908.148  290.588   91.101    0.331   12.525 0.00000e+00
  133    18.23333   -97.30766 36.67692     571.966     876.320  907.757  290.567   90.943   -0.134   12.492 0.00000e+00
  134    18.25000   -97.30759 36.67925     572.129     878.808  907.529  290.574   90.412   -0.048   12.428 0.00000e+00
  135    18.26667   -97.30750 36.68163     592.996     901.141  905.232  290.393   91.121    0.488   12.413 0.00000e+00
  136    18.28333   -97.30740 36.68420     643.557     952.788  899.757  289.998   92.624    0.927   12.380 0.00000e+00
  137    18.30000   -97.30730 36.68693     696.763    1007.158  894.048  289.505   94.132    0.765   12.268 0.00000e+00
  138    18.31667   -97.30699 36.68985     734.115    1045.565  890.043  289.145   95.485    0.473   12.214 0.00000e+00
  139    18.33333   -97.30653 36.69298     748.073    1060.496  888.461  289.018   95.541    0.062   12.144 0.00000e+00
  140    18.35000   -97.30594 36.69617     734.895    1048.366  889.728  289.125   95.369   -0.287   12.188 0.00000e+00
  141    18.36667   -97.30534 36.69937     702.523    1016.563  893.068  289.434   93.997   -0.565   12.208 0.00000e+00
  142    18.38333   -97.30473 36.70250     657.732     972.231  897.724  289.876   91.790   -0.679   12.201 0.00000e+00
  143    18.40000   -97.30418 36.70549     607.921     922.393  903.067  290.394   88.886   -0.705   12.139 0.00000e+00
  144    18.41667   -97.30361 36.70834     557.187     869.476  908.680  290.937   85.874   -0.805   12.065 0.00000e+00
  145    18.43333   -97.30310 36.71110     495.884     805.853  915.474  291.574   82.681   -1.197   12.004 0.00000e+00
  146    18.45000   -97.30268 36.71389     409.535     717.205  924.905  292.449   78.892   -1.826   11.980 0.00000e+00
  147    18.46667   -97.30217 36.71678     301.626     607.470  936.728  293.531   74.642   -1.981   11.975 0.00000e+00
  148    18.48333   -97.30149 36.71954     203.179     507.383  947.595  294.501   71.193   -1.566   11.991 0.00000e+00
  149    18.50000   -97.30070 36.72205     130.971     434.002  955.613  295.226   68.610   -1.056   11.983 0.00000e+00
  150    18.51667   -97.29985 36.72434      85.901     388.783  960.605  295.659   67.534   -0.505   12.050 0.00000e+00
  151    18.53333   -97.29892 36.72629      61.646     364.378  963.285  296.031   66.874   -0.273   12.174 0.00000e+00
  152    18.55000   -97.29785 36.72786      50.414     352.959  964.508  296.335   66.298   -0.120   12.279 0.00000e+00
  153    18.56667   -97.29669 36.72899      54.076     356.415  964.159  296.362   66.391    0.151   12.322 0.00000e+00
  154    18.58333   -97.29561 36.72993      72.299     374.499  962.114  296.168   67.059    0.404   12.326 0.00000e+00
  155    18.60000   -97.29481 36.73112     102.066     404.349  958.822  295.876   68.030    0.732   12.325 0.00000e+00
  156    18.61667   -97.29425 36.73261     135.893     438.489  955.069  295.501   69.218    0.757   12.303 0.00000e+00
  157    18.63333   -97.29377 36.73434     163.824     466.809  951.948  295.169   70.218    0.688   12.269 0.00000e+00
  158    18.65000   -97.29329 36.73621     186.180     489.617  949.443  294.889   71.123    0.513   12.246 0.00000e+00
  159    18.66667   -97.29272 36.73817     201.243     505.200  947.705  294.711   71.658    0.309   12.226 0.00000e+00
  160    18.68333   -97.29208 36.74026     210.296     514.972  946.638  294.613   71.836    0.313   12.196 0.00000e+00
  161    18.70000   -97.29135 36.74246     221.113     526.583  945.387  294.511   72.111    0.272   12.182 0.00000e+00
  162    18.71667   -97.29063 36.74465     224.770     531.030  944.896  294.481   72.076   -0.019   12.159 0.00000e+00
  163    18.73333   -97.28997 36.74670     219.115     526.183  945.410  294.541   71.709   -0.252   12.136 0.00000e+00
  164    18.75000   -97.28937 36.74863     191.919     500.159  948.199  294.787   70.730   -0.773   12.118 0.00000e+00
  165    18.76667   -97.28870 36.75047     140.970     450.359  953.669  295.288   68.827   -1.061   12.091 0.00000e+00
  166    18.78333   -97.28786 36.75236      88.674     399.184  959.276  295.789   67.072   -0.829   12.080 0.00000e+00
  167    18.80000   -97.28694 36.75429      56.356     367.995  962.742  296.129   65.889   -0.487   12.073 0.00000e+00
  168    18.81667   -97.28606 36.75631      40.606     352.983  964.407  296.486   64.897   -0.133   12.133 0.00000e+00
  169    18.83333   -97.28525 36.75832      38.916     351.680  964.565  296.738   64.444    0.005   12.233 0.00000e+00
  170    18.85000   -97.28468 36.76023      43.610     356.685  964.024  296.966   64.203    0.086   12.365 0.00000e+00
  171    18.86667   -97.28425 36.76190      63.156     376.442  961.885  296.960   64.401    0.420   12.427 0.00000e+00
  172    18.88333   -97.28363 36.76348     113.317     426.698  956.335  296.463   65.770    1.155   12.384 0.00000e+00
  173    18.90000   -97.28261 36.76520     192.718     506.074  947.673  295.539   68.521    1.494   12.304 0.00000e+00
  174    18.91667   -97.28149 36.76701     263.911     577.127  939.952  294.752   71.005    1.368   12.246 0.00000e+00
  175    18.93333   -97.28045 36.76889     336.842     649.829  932.124  293.988   73.629    1.340   12.214 0.00000e+00
  176    18.95000   -97.27947 36.77095     419.630     732.312  923.234  293.134   76.783    1.434   12.194 0.00000e+00
  177    18.96667   -97.27852 36.77311     503.522     815.806  914.376  292.261   80.067    1.420   12.155 0.00000e+00
  178    18.98333   -97.27754 36.77530     578.110     889.962  906.507  291.492   83.220    1.081   12.140 0.00000e+00
