    0    16.01667   -97.52185 36.28862      87.085     445.763  954.341  292.431   87.250    0.117   12.822 0.00000e+00
    1    16.03333   -97.52319 36.29171      82.273     439.703  955.015  292.509   86.979   -0.174   12.836 0.00000e+00
    2    16.05000   -97.52452 36.29462      70.780     426.819  956.398  292.626   86.492   -0.072   12.839 0.00000e+00
    3    16.06667   -97.52580 36.29737      68.011     422.621  956.908  292.683   86.289    0.121   12.848 0.00000e+00
    4    16.08333   -97.52696 36.29997      77.822     431.364  955.956  292.642   86.574    0.155   12.870 0.00000e+00
    5    16.10000   -97.52803 36.30248      84.632     437.175  955.288  292.619   86.771   -0.078   12.891 0.00000e+00
    6    16.11667   -97.52918 36.30496      85.540     436.885  955.369  292.648   86.672   -0.144   12.898 0.00000e+00
    7    16.13333   -97.53029 36.30756      83.215     432.223  955.964  292.719   86.356   -0.102   12.900 0.00000e+00
    8    16.15000   -97.53129 36.31028      81.262     428.505  956.373  292.805   86.004    0.052   12.911 0.00000e+00
    9    16.16667   -97.53217 36.31311      83.604     429.763  956.258  292.850   85.842    0.113   12.925 0.00000e+00
   10    16.18333   -97.53310 36.31599      82.144     427.879  956.515  292.907   85.563   -0.039   12.926 0.00000e+00
   11    16.20000   -97.53420 36.31883      80.184     425.691  956.739  292.926   85.266   -0.036   12.893 0.00000e+00
   12    16.21667   -97.53532 36.32158      89.947     435.424  955.532  292.837   85.437    0.250   12.864 0.00000e+00
   13    16.23333   -97.53632 36.32427     108.734     456.090  953.226  292.652   86.164    0.373   12.855 0.00000e+00
   14    16.25000   -97.53693 36.32698     125.041     474.247  951.222  292.493   86.872    0.263   12.859 0.00000e+00
   15    16.26667   -97.53734 36.32976     129.498     480.299  950.535  292.431   86.953   -0.037   12.830 0.00000e+00
   16    16.28333   -97.53768 36.33252     120.400     471.562  951.521  292.531   86.472   -0.167   12.826 0.00000e+00
   17    16.30000   -97.53815 36.33516     105.931     457.356  953.038  292.647   85.858   -0.320   12.808 0.00000e+00
   18    16.31667   -97.53879 36.33771      92.112     443.935  954.570  292.780   85.153   -0.191   12.788 0.00000e+00
   19    16.33333   -97.53960 36.34021      84.854     437.349  955.253  292.849   84.822   -0.030   12.784 0.00000e+00
   20    16.35000   -97.54050 36.34275      84.075     437.102  955.262  292.866   84.746    0.058   12.786 0.00000e+00
   21    16.36667   -97.54132 36.34521      91.839     445.161  954.351  292.809   85.010    0.152   12.793 0.00000e+00
   22    16.38333   -97.54196 36.34761     102.064     454.457  953.433  292.757   85.324    0.192   12.810 0.00000e+00
   23    16.40000   -97.54241 36.35003     112.722     462.581  952.555  292.675   85.654    0.179   12.806 0.00000e+00
   24    16.41667   -97.54276 36.35250     116.728     464.089  952.418  292.683   85.670    0.066   12.817 0.00000e+00
   25    16.43333   -97.54314 36.35506     119.675     464.361  952.425  292.687   85.696    0.053   12.824 0.00000e+00
   26    16.45000   -97.54359 36.35764     124.738     465.819  952.260  292.687   85.725    0.038   12.831 0.00000e+00
   27    16.46667   -97.54405 36.36011     132.126     469.656  951.843  292.703   85.735   -0.074   12.851 0.00000e+00
   28    16.48333   -97.54460 36.36250     148.641     482.813  950.393  292.586   86.273    0.314   12.856 0.00000e+00
   29    16.50000   -97.54498 36.36477     201.840     533.570  944.751  292.275   87.591    1.035   12.877 0.00000e+00
   30    16.51667   -97.54495 36.36700     286.939     616.907  935.654  291.571   90.579    1.729   12.863 0.00000e+00
   31    16.53333   -97.54462 36.36944     407.079     734.993  922.903  290.459   95.847    2.407   12.859 0.00000e+00
   32    16.55000   -97.54401 36.37233     549.911     876.407  907.594  289.354  100.000    2.781   12.727 9.66687e-02
   33    16.56667   -97.54288 36.37574     679.895    1009.352  893.497  288.773  100.000    2.736   12.456 3.80447e-01
   34    16.58333   -97.54124 36.37971     809.341    1142.153  879.689  288.121  100.000    2.302   12.132 6.25931e-01
   35    16.60000   -97.53946 36.38409     928.329    1262.610  867.352  287.556  100.000    1.779   11.863 8.51049e-01
   36    16.61667   -97.53749 36.38852    1020.014    1354.720  857.952  286.988  100.000    1.260   11.560 9.21806e-01
   37    16.63333   -97.53503 36.39263    1066.927    1403.339  852.865  286.783  100.000    0.553   11.474 1.00808e+00
   38    16.65000   -97.53214 36.39642    1067.192    1407.535  852.421  286.533  100.000    0.075   11.295 7.24579e-01
   39    16.66667   -97.52862 36.40019    1035.973    1379.601  855.340  286.585  100.000   -0.266   11.294 5.44807e-01
   40    16.68333   -97.52438 36.40402     972.803    1317.501  861.566  286.790   99.267   -0.919   11.260 1.85355e-01
   41    16.70000   -97.51978 36.40803     898.416    1244.702  869.096  287.213   96.750   -1.073   11.184 0.00000e+00
   42    16.71667   -97.51543 36.41201     865.932    1211.606  872.610  287.510   95.373   -0.502   11.195 0.00000e+00
   43    16.73333   -97.51137 36.41581     874.159    1215.557  872.307  287.507   95.296   -0.258   11.187 0.00000e+00
   44    16.75000   -97.50726 36.41945     885.120    1221.196  871.691  287.480   94.987   -0.480   11.140 0.00000e+00
   45    16.76667   -97.50305 36.42300     872.673    1204.722  873.383  287.683   93.563   -0.792   11.097 0.00000e+00
   46    16.78333   -97.49875 36.42654     840.505    1168.667  877.082  288.023   91.844   -0.686   11.090 0.00000e+00
   47    16.80000   -97.49432 36.43010     811.500    1137.030  880.396  288.296   90.809   -0.169   11.118 0.00000e+00
   48    16.81667   -97.48967 36.43376     808.946    1130.966  880.929  288.295   91.195    0.264   11.158 0.00000e+00
   49    16.83333   -97.48493 36.43745     824.438    1145.748  879.453  288.108   92.447    0.390   11.193 0.00000e+00
   50    16.85000   -97.48027 36.44104     840.951    1157.549  878.280  287.966   93.392    0.119   11.219 0.00000e+00
   51    16.86667   -97.47572 36.44453     832.470    1146.261  879.391  288.085   92.716   -0.286   11.210 0.00000e+00
   52    16.88333   -97.47133 36.44802     808.399    1119.310  882.237  288.377   90.953   -0.246   11.171 0.00000e+00
   53    16.90000   -97.46700 36.45148     790.462    1100.491  884.105  288.509   90.689    0.052   11.210 0.00000e+00
   54    16.91667   -97.46256 36.45486     791.283    1102.618  883.863  288.391   92.006    0.315   11.289 0.00000e+00
   55    16.93333   -97.45790 36.45825     806.276    1117.094  882.432  288.203   93.340    0.348   11.333 0.00000e+00
   56    16.95000   -97.45310 36.46166     822.070    1131.637  880.896  288.080   93.770    0.150   11.315 0.00000e+00
   57    16.96667   -97.44836 36.46500     830.999    1141.574  879.891  288.026   93.707    0.101   11.280 0.00000e+00
   58    16.98333   -97.44382 36.46827     844.460    1153.927  878.665  287.951   93.718    0.173   11.243 0.00000e+00
   59    17.00000   -97.43952 36.47159     858.677    1166.917  877.308  287.855   94.024    0.197   11.227 0.00000e+00
   60    17.01667   -97.43547 36.47504     874.998    1181.154  875.892  287.737   94.589    0.292   11.226 0.00000e+00
   61    17.03333   -97.43155 36.47864     891.827    1197.010  874.148  287.589   95.244    0.270   11.217 0.00000e+00
   62    17.05000   -97.42764 36.48235     907.833    1211.624  872.840  287.470   95.807    0.394   11.214 0.00000e+00
   63    17.06667   -97.42353 36.48612     927.394    1224.781  871.474  287.342   96.433    0.343   11.211 0.00000e+00
   64    17.08333   -97.41922 36.48989     940.435    1234.656  870.242  287.241   96.842    0.127   11.200 0.00000e+00
   65    17.10000   -97.41492 36.49366     948.519    1243.515  869.340  287.191   96.823    0.098   11.173 0.00000e+00
   66    17.11667   -97.41076 36.49746     956.896    1253.498  868.289  287.117   97.019    0.129   11.156 0.00000e+00
   67    17.13333   -97.40668 36.50130     959.127    1256.836  868.020  287.105   97.001   -0.024   11.148 0.00000e+00
   68    17.15000   -97.40259 36.50517     943.099    1239.193  869.839  287.270   96.199   -0.408   11.152 0.00000e+00
   69    17.16667   -97.39845 36.50900     904.570    1201.194  873.735  287.633   94.445   -0.771   11.160 0.00000e+00
   70    17.18333   -97.39427 36.51269     859.761    1157.108  878.187  288.066   92.246   -0.827   11.155 0.00000e+00
   71    17.20000   -97.39020 36.51626     826.942    1130.081  880.988  288.349   90.708   -0.362   11.137 0.00000e+00
   72    17.21667   -97.38628 36.51979     830.404    1137.800  880.270  288.288   90.941    0.422   11.130 0.00000e+00
   73    17.23333   -97.38252 36.52341     875.299    1185.129  875.351  287.849   92.952    1.115   11.119 0.00000e+00
   74    17.25000   -97.37871 36.52724     939.808    1252.338  868.454  287.029   97.840    1.091   11.183 0.00000e+00
   75    17.26667   -97.37482 36.53123     977.399    1290.252  864.651  286.829  100.000    0.096   11.344 1.14725e-01
   76    17.28333   -97.37109 36.53516     963.167    1274.283  866.354  287.043   99.642   -1.082   11.428 1.77932e-01
   77    17.30000   -97.36752 36.53882     905.883    1214.197  872.499  287.358   98.834   -1.890   11.488 3.84132e-02
   78    17.31667   -97.36419 36.54227     825.969    1132.772  880.963  288.046   95.172   -1.970   11.457 0.00000e+00
   79    17.33333   -97.36092 36.54553     762.881    1069.304  887.471  288.721   91.166   -1.229   11.381 0.00000e+00
   80    17.35000   -97.35756 36.54866     731.875    1039.725  890.526  289.068   88.824   -0.561   11.300 0.00000e+00
   81    17.36667   -97.35415 36.55172     728.582    1037.797  890.740  289.098   88.585    0.162   11.289 0.00000e+00
   82    17.38333   -97.35075 36.55477     743.657    1054.530  888.975  288.704   92.465    0.539   11.510 0.00000e+00
   83    17.40000   -97.34722 36.55791     767.878    1080.099  886.340  288.262   96.611    0.562   11.723 6.14331e-03
   84    17.41667   -97.34366 36.56118     786.485    1098.955  884.347  288.013   98.942    0.348   11.840 2.50120e-02
   85    17.43333   -97.34019 36.56460     792.009    1104.908  883.816  287.915   99.963    0.125   11.893 3.93703e-02
   86    17.45000   -97.33689 36.56805     792.116    1103.173  883.993  287.936   99.931    0.025   11.903 3.74944e-02
   87    17.46667   -97.33372 36.57151     788.052    1097.789  884.519  287.979   99.560   -0.080   11.885 3.67920e-03
   88    17.48333   -97.33072 36.57492     782.622    1091.920  885.183  288.108   97.910   -0.096   11.777 0.00000e+00
   89    17.50000   -97.32790 36.57825     779.852    1087.917  885.602  288.227   96.118   -0.080   11.646 0.00000e+00
   90    17.51667   -97.32512 36.58154     780.888    1088.476  885.560  288.259   95.245    0.066   11.564 0.00000e+00
   91    17.53333   -97.32234 36.58476     784.680    1091.605  885.251  288.295   94.303    0.022   11.481 0.00000e+00
   92    17.55000   -97.31956 36.58800     782.710    1088.059  885.583  288.299   94.534   -0.103   11.508 0.00000e+00
   93    17.56667   -97.31683 36.59132     774.052    1079.109  886.523  288.434   93.636   -0.172   11.486 0.00000e+00
   94    17.58333   -97.31419 36.59472     754.088    1059.154  888.575  288.648   92.115   -0.554   11.431 0.00000e+00
   95    17.60000   -97.31168 36.59823     720.019    1025.412  892.099  289.048   89.707   -0.907   11.378 0.00000e+00
   96    17.61667   -97.30923 36.60181     675.982     980.690  896.871  289.549   87.295   -0.954   11.373 0.00000e+00
   97    17.63333   -97.30667 36.60540     634.667     936.809  901.578  290.028   84.751   -0.551   11.326 0.00000e+00
   98    17.65000   -97.30396 36.60889     609.390     908.494  904.548  290.224   84.677   -0.056   11.420 0.00000e+00
   99    17.66667   -97.30130 36.61226     605.922     902.145  905.209  290.225   85.454    0.358   11.517 0.00000e+00
  100    17.68333   -97.29871 36.61565     625.065     919.773  903.304  290.029   86.208    0.742   11.499 0.00000e+00
  101    17.70000   -97.29609 36.61908     656.343     950.451  900.073  289.678   88.994    0.742   11.649 0.00000e+00
  102    17.71667   -97.29336 36.62247     691.976     986.067  896.261  289.283   91.485    0.589   11.725 0.00000e+00
  103    17.73333   -97.29053 36.62563     727.367    1021.838  892.527  288.947   92.992    0.522   11.712 0.00000e+00
  104    17.75000   -97.28764 36.62853     748.619    1043.443  890.281  288.763   93.533    0.091   11.671 0.00000e+00
  105    17.76667   -97.28492 36.63131     737.372    1032.203  891.439  288.906   92.505   -0.348   11.634 0.00000e+00
  106    17.78333   -97.28271 36.63408     706.696    1001.002  894.800  289.022   94.742   -0.425   11.960 0.00000e+00
  107    17.80000   -97.28116 36.63680     685.595     979.274  897.055  288.998   98.963    0.105   12.442 1.52304e-04
  108    17.81667   -97.27982 36.63945     689.769     983.107  896.632  288.999   99.888    0.768   12.565 2.59096e-02
  109    17.83333   -97.27840 36.64208     721.624    1015.146  893.247  288.878   99.928    1.305   12.519 9.69072e-02
  110    17.85000   -97.27667 36.64484     758.542    1052.344  889.327  288.713   99.944    0.829   12.444 1.63239e-01
  111    17.86667   -97.27487 36.64773     775.170    1070.106  887.390  288.561   99.859    0.274   12.338 1.25318e-01
  112    17.88333   -97.27310 36.65068     776.053    1073.949  887.011  288.438   99.859    0.014   12.247 6.70121e-02
  113    17.90000   -97.27136 36.65366     766.006    1067.218  887.675  288.405   99.775   -0.165   12.201 2.43263e-02
  114    17.91667   -97.26958 36.65666     747.104    1050.143  889.612  288.553   98.548   -0.116   12.140 0.00000e+00
  115    17.93333   -97.26794 36.65963     732.475    1035.131  891.179  288.635   98.143   -0.021   12.133 0.00000e+00
  116    17.95000   -97.26643 36.66246     730.044    1032.061  891.513  288.615   98.432    0.154   12.148 1.99723e-03
  117    17.96667   -97.26505 36.66503     736.797    1038.450  890.808  288.568   98.568    0.210   12.138 2.15481e-03
  118    17.98333   -97.26360 36.66733     737.519    1039.060  890.730  288.583   98.353   -0.130   12.124 5.77932e-05
  119    18.00000   -97.26212 36.66943     719.505    1021.032  892.679  288.782   97.061   -0.688   12.093 0.00000e+00
  120    18.01667   -97.26057 36.67147     678.083     979.437  897.061  289.208   94.685   -1.088   12.065 0.00000e+00
  121    18.03333   -97.25919 36.67350     620.018     920.495  903.295  289.813   91.379   -1.300   12.022 0.00000e+00
  122    18.05000   -97.25798 36.67549     557.253     856.860  910.057  290.466   88.082   -1.127   11.991 0.00000e+00
  123    18.06667   -97.25693 36.67742     500.575     799.419  916.154  291.033   85.546   -0.834   11.993 0.00000e+00
  124    18.08333   -97.25595 36.67931     456.196     754.333  920.977  291.467   83.837   -0.608   12.018 0.00000e+00
  125    18.10000   -97.25498 36.68117     424.430     722.035  924.453  291.772   82.733   -0.490   12.044 0.00000e+00
  126    18.11667   -97.25400 36.68300     405.754     702.882  926.479  291.947   82.242   -0.292   12.079 0.00000e+00
  127    18.13333   -97.25307 36.68482     394.388     691.110  927.747  292.047   82.003   -0.080   12.104 0.00000e+00
  128    18.15000   -97.25221 36.68665     387.154     683.762  928.541  292.092   82.187   -0.058   12.154 0.00000e+00
  129    18.16667   -97.25139 36.68843     385.156     681.821  928.706  292.112   82.247   -0.026   12.177 0.00000e+00
  130    18.18333   -97.25079 36.69018     387.669     684.792  928.397  292.101   82.217   -0.031   12.168 0.00000e+00
  131    18.20000   -97.25045 36.69196     376.623     674.312  929.516  292.231   81.992   -0.421   12.220 0.00000e+00
  132    18.21667   -97.25004 36.69372     360.880     659.103  931.145  292.406   81.479   -0.134   12.255 0.00000e+00
  133    18.23333   -97.24953 36.69537     368.253     666.956  930.332  292.348   81.703    0.535   12.256 0.00000e+00
  134    18.25000   -97.24911 36.69689     403.121     702.134  926.531  292.048   83.242    1.246   12.304 0.00000e+00
  135    18.26667   -97.24890 36.69844     464.468     763.392  919.932  291.490   85.895    1.308   12.344 0.00000e+00
  136    18.28333   -97.24880 36.70017     521.623     820.415  913.903  290.957   88.426    0.726   12.367 0.00000e+00
  137    18.30000   -97.24864 36.70205     545.432     844.084  911.360  290.748   89.264    0.017   12.354 0.00000e+00
  138    18.31667   -97.24834 36.70396     536.379     834.874  912.354  290.833   88.920   -0.546   12.360 0.00000e+00
  139    18.33333   -97.24799 36.70578     501.264     799.953  916.017  291.170   87.400   -0.814   12.362 0.00000e+00
  140    18.35000   -97.24759 36.70741     455.676     754.969  920.818  291.620   85.305   -0.791   12.349 0.00000e+00
  141    18.36667   -97.24719 36.70882     418.752     718.597  924.720  291.987   83.637   -0.459   12.339 0.00000e+00
  142    18.38333   -97.24689 36.70990     407.433     707.727  925.874  292.147   82.718    0.061   12.311 0.00000e+00
  143    18.40000   -97.24673 36.71088     414.664     715.375  925.060  292.204   82.782    0.264   12.376 0.00000e+00
  144    18.41667   -97.24675 36.71204     434.540     735.735  922.845  292.145   83.409    0.493   12.453 0.00000e+00
  145    18.43333   -97.24686 36.71338     468.283     770.047  919.140  291.815   84.777    0.778   12.447 0.00000e+00
  146    18.45000   -97.24715 36.71475     508.002     810.464  914.860  291.390   86.071    0.661   12.360 0.00000e+00
  147    18.46667   -97.24757 36.71624     542.940     846.210  911.070  291.036   87.282    0.817   12.307 0.00000e+00
  148    18.48333   -97.24805 36.71796     584.330     888.577  906.594  290.616   88.770    0.865   12.248 0.00000e+00
  149    18.50000   -97.24852 36.71992     626.903     932.320  901.968  290.184   90.774    0.909   12.247 0.00000e+00
  150    18.51667   -97.24899 36.72211     655.068     961.541  898.949  289.885   92.481    0.534   12.282 0.00000e+00
  151    18.53333   -97.24938 36.72446     665.752     972.225  897.846  289.791   92.803    0.154   12.266 0.00000e+00
  152    18.55000   -97.24971 36.72694     661.530     968.024  898.287  289.853   92.184   -0.130   12.227 0.00000e+00
  153    18.56667   -97.24998 36.72957     644.026     950.595  900.130  290.028   91.191   -0.345   12.206 0.00000e+00
  154    18.58333   -97.25024 36.73238     615.854     922.260  903.073  290.315   89.642   -0.560   12.181 0.00000e+00
  155    18.60000   -97.25040 36.73524     580.981     887.126  906.842  290.714   87.104   -0.738   12.090 0.00000e+00
  156    18.61667   -97.25034 36.73807     542.596     848.360  910.970  291.121   84.843   -0.737   12.029 0.00000e+00
  157    18.63333   -97.25008 36.74073     499.222     803.983  915.690  291.611   82.021   -0.752   11.934 0.00000e+00
  158    18.65000   -97.24974 36.74323     451.666     755.359  920.882  292.126   79.498   -0.754   11.881 0.00000e+00
  159    18.66667   -97.24952 36.74558     403.678     706.402  926.120  292.618   77.379   -0.746   11.860 0.00000e+00
  160    18.68333   -97.24951 36.74783     357.313     659.827  931.075  293.100   75.586   -0.966   11.876 0.00000e+00
  161    18.70000   -97.24982 36.75005     294.448     597.487  937.773  293.788   73.421   -1.228   11.955 0.00000e+00
  162    18.71667   -97.25018 36.75249     218.253     521.840  946.005  294.603   70.613   -1.122   11.989 0.00000e+00
  163    18.73333   -97.25024 36.75525     156.418     460.406  952.720  295.222   68.225   -0.617   11.949 0.00000e+00
  164    18.75000   -97.24979 36.75809     140.340     444.108  954.513  295.352   67.540    0.390   11.902 0.00000e+00
  165    18.76667   -97.24914 36.76074     200.073     503.638  947.976  294.922   69.537    1.853   12.017 0.00000e+00
  166    18.78333   -97.24841 36.76315     323.540     627.004  934.550  293.739   73.943    2.166   12.046 0.00000e+00
  167    18.80000   -97.24796 36.76538     463.113     766.896  919.503  292.431   79.427    2.327   12.119 0.00000e+00
  168    18.81667   -97.24770 36.76741     611.078     915.236  903.778  290.993   85.708    2.465   12.151 0.00000e+00
  169    18.83333   -97.24738 36.76936     754.863    1059.394  888.681  289.578   92.383    2.105   12.170 0.00000e+00
  170    18.85000   -97.24674 36.77132     864.906    1169.816  877.234  288.536   97.690    1.362   12.192 0.00000e+00
  171    18.86667   -97.24596 36.77324     948.220    1253.197  868.685  287.893  100.000    1.304   12.107 6.06131e-02
  172    18.88333   -97.24513 36.77517    1025.108    1330.077  860.887  287.559  100.000    1.692   11.956 2.36346e-01
  173    18.90000   -97.24408 36.77718    1104.090    1409.058  852.871  287.216  100.000    1.925   11.803 4.10953e-01
  174    18.91667   -97.24284 36.77940    1179.657    1484.645  845.269  286.905  100.000    1.920   11.671 5.48856e-01
  175    18.93333   -97.24142 36.78185    1250.980    1556.229  838.122  286.414  100.000    1.811   11.398 5.22828e-01
  176    18.95000   -97.23976 36.78435    1313.333    1619.240  831.839  285.877  100.000    1.599   11.087 4.14574e-01
  177    18.96667   -97.23793 36.78680    1362.343    1669.286  826.900  285.314  100.000    0.998   10.746 2.63413e-01
  178    18.98333   -97.23615 36.78931    1390.762    1699.657  823.883  284.970  100.000    0.380   10.543 1.76602e-01
