    0    16.01667   -97.44868 36.22153      12.766     390.654  960.426  293.080   85.242   -0.067   12.964 0.00000e+00
    1    16.03333   -97.44860 36.22316       9.405     387.533  960.781  293.230   84.473   -0.045   12.964 0.00000e+00
    2    16.05000   -97.44861 36.22477       6.808     384.867  961.096  293.369   83.797   -0.033   12.967 0.00000e+00
    3    16.06667   -97.44865 36.22630       5.772     383.782  961.136  293.423   83.610   -0.020   12.982 0.00000e+00
    4    16.08333   -97.44862 36.22771       4.523     382.494  961.305  293.473   83.548   -0.002   13.010 0.00000e+00
    5    16.10000   -97.44846 36.22903       4.223     382.137  961.419  293.609   83.108    0.005   13.051 0.00000e+00
    6    16.11667   -97.44827 36.23033       4.347     381.835  961.504  293.646   83.084    0.005   13.076 0.00000e+00
    7    16.13333   -97.44822 36.23165       5.083     381.693  961.551  293.684   83.049    0.015   13.101 0.00000e+00
    8    16.15000   -97.44837 36.23293       5.791     381.615  961.563  293.714   83.008    0.010   13.118 0.00000e+00
    9    16.16667   -97.44872 36.23420       5.911     381.098  961.613  293.747   82.844    0.001   13.119 0.00000e+00
   10    16.18333   -97.44917 36.23545       5.677     380.355  961.625  293.723   82.868   -0.012   13.103 0.00000e+00
   11    16.20000   -97.44980 36.23677       4.679     378.985  961.798  293.757   82.586   -0.019   13.083 0.00000e+00
   12    16.21667   -97.45059 36.23820       3.934     378.043  961.916  293.755   82.487   -0.005   13.065 0.00000e+00
   13    16.23333   -97.45152 36.23985       3.336     377.329  961.990  293.801   82.265    0.001   13.066 0.00000e+00
   14    16.25000   -97.45239 36.24170       3.686     377.145  961.990  293.823   82.195    0.000   13.073 0.00000e+00
   15    16.26667   -97.45334 36.24351       3.613     376.131  962.044  293.929   81.809    0.016   13.097 0.00000e+00
   16    16.28333   -97.45428 36.24508       5.300     376.300  961.961  294.030   81.641    0.058   13.153 0.00000e+00
   17    16.30000   -97.45515 36.24650       8.039     377.396  961.782  294.009   81.993    0.078   13.195 0.00000e+00
   18    16.31667   -97.45592 36.24783      11.333     379.254  961.646  293.980   82.288    0.070   13.221 0.00000e+00
   19    16.33333   -97.45683 36.24912      13.792     380.053  961.530  294.003   82.288    0.040   13.241 0.00000e+00
   20    16.35000   -97.45787 36.25034      15.803     380.011  961.486  294.053   82.160    0.061   13.262 0.00000e+00
   21    16.36667   -97.45886 36.25161      20.970     382.932  961.225  294.057   82.125    0.149   13.264 0.00000e+00
   22    16.38333   -97.45947 36.25293      31.335     391.215  960.289  293.975   82.304    0.223   13.238 0.00000e+00
   23    16.40000   -97.45979 36.25426      48.726     406.868  958.552  293.805   82.731    0.375   13.190 0.00000e+00
   24    16.41667   -97.45998 36.25567      79.038     435.725  955.344  293.471   83.398    0.655   13.067 0.00000e+00
   25    16.43333   -97.46017 36.25762     135.215     490.365  949.332  292.868   85.268    1.224   12.948 0.00000e+00
   26    16.45000   -97.46052 36.26003     219.699     572.861  940.314  292.056   88.457    1.476   12.887 0.00000e+00
   27    16.46667   -97.46088 36.26264     300.813     651.915  931.766  291.292   91.988    0.970   12.888 0.00000e+00
   28    16.48333   -97.46082 36.26530     361.434     710.452  925.446  290.746   93.766    1.277   12.777 0.00000e+00
   29    16.50000   -97.46013 36.26824     432.162     779.151  918.064  290.014   97.045    1.525   12.723 0.00000e+00
   30    16.51667   -97.45885 36.27120     510.583     855.843  909.870  289.346   99.982    1.499   12.671 5.08799e-02
   31    16.53333   -97.45700 36.27422     570.580     914.207  903.699  289.075  100.000    1.052   12.557 1.87753e-01
   32    16.55000   -97.45499 36.27718     601.091     941.677  900.859  288.957  100.000    0.489   12.502 2.39181e-01
   33    16.56667   -97.45300 36.28002     611.495     948.193  900.046  288.915  100.000    0.281   12.480 2.32731e-01
   34    16.58333   -97.45096 36.28278     606.207     943.269  900.563  288.919  100.000    0.208   12.476 1.80591e-01
   35    16.60000   -97.44873 36.28556     591.737     928.052  902.268  288.971  100.000    0.057   12.494 1.04403e-01
   36    16.61667   -97.44643 36.28838     576.083     909.653  904.271  289.045  100.000   -0.120   12.526 4.24508e-02
   37    16.63333   -97.44401 36.29131     558.849     890.814  906.145  289.153   99.862   -0.436   12.552 7.80809e-03
   38    16.65000   -97.44160 36.29434     536.800     868.862  908.509  289.395   98.416   -0.545   12.532 0.00000e+00
   39    16.66667   -97.43938 36.29747     503.641     835.291  912.110  289.760   96.271   -0.509   12.500 0.00000e+00
   40    16.68333   -97.43758 36.30064     476.761     807.216  915.220  290.097   94.292   -0.526   12.466 0.00000e+00
   41    16.70000   -97.43606 36.30386     463.828     791.725  916.864  290.302   92.949   -0.308   12.428 0.00000e+00
   42    16.71667   -97.43463 36.30703     456.668     784.716  917.519  290.387   92.312   -0.105   12.401 0.00000e+00
   43    16.73333   -97.43322 36.31003     461.253     790.810  916.911  290.355   92.496    0.092   12.409 0.00000e+00
   44    16.75000   -97.43182 36.31289     478.209     808.685  915.015  290.202   93.607    0.255   12.462 0.00000e+00
   45    16.76667   -97.43047 36.31565     501.173     832.193  912.477  289.994   94.717    0.093   12.478 0.00000e+00
   46    16.78333   -97.42908 36.31838     520.586     852.586  910.273  289.854   94.954    0.094   12.428 0.00000e+00
   47    16.80000   -97.42768 36.32108     538.253     871.583  908.263  289.718   95.243    0.175   12.385 0.00000e+00
   48    16.81667   -97.42620 36.32373     555.258     887.063  906.728  289.623   95.360    0.145   12.346 0.00000e+00
   49    16.83333   -97.42471 36.32633     560.110     889.639  906.435  289.633   95.042   -0.097   12.317 0.00000e+00
   50    16.85000   -97.42329 36.32889     555.495     883.063  907.138  289.703   94.749   -0.245   12.324 0.00000e+00
   51    16.86667   -97.42201 36.33140     556.156     881.334  907.343  289.711   94.954    0.071   12.354 0.00000e+00
   52    16.88333   -97.42078 36.33403     565.226     887.533  906.682  289.616   95.784    0.444   12.396 0.00000e+00
   53    16.90000   -97.41953 36.33689     585.325     904.658  904.902  289.440   96.854    0.463   12.418 0.00000e+00
   54    16.91667   -97.41806 36.33993     601.283     917.413  903.513  289.303   97.680    0.299   12.433 0.00000e+00
   55    16.93333   -97.41648 36.34311     603.612     916.308  903.677  289.320   97.615   -0.034   12.437 0.00000e+00
   56    16.95000   -97.41487 36.34637     594.003     903.262  904.956  289.445   96.953   -0.183   12.434 0.00000e+00
   57    16.96667   -97.41335 36.34972     575.224     885.902  906.692  289.602   96.207   -0.299   12.439 0.00000e+00
   58    16.98333   -97.41187 36.35318     554.984     868.916  908.448  289.788   95.074   -0.480   12.416 0.00000e+00
   59    17.00000   -97.41045 36.35658     526.218     844.661  910.979  290.053   93.470   -0.560   12.380 0.00000e+00
   60    17.01667   -97.40919 36.35980     498.651     821.607  913.479  290.335   91.586   -0.262   12.317 0.00000e+00
   61    17.03333   -97.40800 36.36293     489.914     816.978  914.041  290.436   90.761    0.276   12.278 0.00000e+00
   62    17.05000   -97.40665 36.36607     503.751     832.308  912.420  290.281   92.493    0.558   12.411 0.00000e+00
   63    17.06667   -97.40526 36.36928     525.881     855.496  909.925  290.038   94.584    0.606   12.530 0.00000e+00
   64    17.08333   -97.40397 36.37254     551.536     881.527  907.311  289.786   96.061    0.656   12.560 0.00000e+00
   65    17.10000   -97.40287 36.37582     575.215     902.640  905.190  289.630   96.237    0.610   12.487 0.00000e+00
   66    17.11667   -97.40207 36.37920     598.214     922.286  903.072  289.493   96.268    0.384   12.410 0.00000e+00
   67    17.13333   -97.40150 36.38278     614.475     936.141  901.635  289.388   96.547    0.204   12.383 0.00000e+00
   68    17.15000   -97.40086 36.38646     632.555     952.134  899.905  289.247   97.106    0.264   12.365 0.00000e+00
   69    17.16667   -97.39985 36.39018     661.830     979.252  897.036  289.014   97.781    0.448   12.306 4.78798e-06
   70    17.18333   -97.39841 36.39381     691.554    1006.919  894.091  288.760   98.690    0.465   12.259 1.18402e-04
   71    17.20000   -97.39663 36.39731     712.394    1025.980  892.095  288.595   99.191    0.188   12.218 2.77651e-04
   72    17.21667   -97.39463 36.40067     712.647    1024.676  892.230  288.618   98.903   -0.190   12.199 0.00000e+00
   73    17.23333   -97.39261 36.40392     690.999    1001.284  894.698  288.923   96.621   -0.712   12.121 0.00000e+00
   74    17.25000   -97.39062 36.40706     653.870     962.950  898.763  289.362   93.880   -0.921   12.059 0.00000e+00
   75    17.26667   -97.38867 36.41014     609.367     917.233  903.577  289.844   91.316   -0.952   12.033 0.00000e+00
   76    17.28333   -97.38673 36.41323     562.815     869.260  908.596  290.348   88.661   -0.894   11.999 0.00000e+00
   77    17.30000   -97.38480 36.41636     519.217     826.003  913.215  290.801   86.391   -0.726   11.973 0.00000e+00
   78    17.31667   -97.38284 36.41952     483.663     790.138  917.077  291.145   84.937   -0.476   11.980 0.00000e+00
   79    17.33333   -97.38094 36.42267     456.694     761.858  920.180  291.409   84.137   -0.343   12.027 0.00000e+00
   80    17.35000   -97.37923 36.42583     433.377     737.048  922.753  291.605   83.529   -0.356   12.054 0.00000e+00
   81    17.36667   -97.37795 36.42902     407.981     710.677  925.537  291.794   83.571   -0.559   12.169 0.00000e+00
   82    17.38333   -97.37708 36.43217     373.226     675.638  929.297  292.118   82.616   -0.715   12.228 0.00000e+00
   83    17.40000   -97.37651 36.43524     333.909     636.073  933.602  292.450   82.077   -0.739   12.347 0.00000e+00
   84    17.41667   -97.37611 36.43825     292.137     593.712  938.275  292.878   80.416   -0.836   12.364 0.00000e+00
   85    17.43333   -97.37582 36.44127     246.121     546.818  943.339  293.326   78.594   -0.782   12.360 0.00000e+00
   86    17.45000   -97.37556 36.44427     203.198     502.994  948.159  293.728   77.085   -0.644   12.367 0.00000e+00
   87    17.46667   -97.37538 36.44723     171.692     471.110  951.598  294.026   76.016   -0.370   12.378 0.00000e+00
   88    17.48333   -97.37515 36.45008     158.871     459.866  952.846  294.153   75.722    0.016   12.412 0.00000e+00
   89    17.50000   -97.37470 36.45287     164.918     467.318  952.023  294.083   76.018    0.204   12.417 0.00000e+00
   90    17.51667   -97.37399 36.45564     188.483     491.642  949.418  293.846   76.865    0.647   12.406 0.00000e+00
   91    17.53333   -97.37305 36.45845     227.889     530.655  945.139  293.477   78.110    0.777   12.376 0.00000e+00
   92    17.55000   -97.37189 36.46130     271.579     574.087  940.374  293.069   79.558    0.685   12.351 0.00000e+00
   93    17.56667   -97.37062 36.46422     307.044     608.491  936.699  292.769   80.576    0.536   12.325 0.00000e+00
   94    17.58333   -97.36923 36.46719     333.613     631.573  934.184  292.569   81.217    0.389   12.301 0.00000e+00
   95    17.60000   -97.36778 36.47021     353.027     647.512  932.483  292.429   81.699    0.283   12.289 0.00000e+00
   96    17.61667   -97.36634 36.47332     366.051     657.938  931.327  292.349   81.898    0.106   12.273 0.00000e+00
   97    17.63333   -97.36496 36.47651     368.941     659.396  931.132  292.368   81.485   -0.055   12.228 0.00000e+00
   98    17.65000   -97.36362 36.47972     363.074     652.279  931.855  292.455   80.790   -0.114   12.180 0.00000e+00
   99    17.66667   -97.36244 36.48297     349.272     639.730  933.170  292.600   80.226   -0.383   12.188 0.00000e+00
  100    17.68333   -97.36166 36.48636     311.491     603.558  937.053  292.986   78.818   -0.904   12.216 0.00000e+00
  101    17.70000   -97.36137 36.48988     274.296     567.513  941.006  293.495   77.426   -0.578   12.337 0.00000e+00
  102    17.71667   -97.36137 36.49337     245.265     538.933  944.137  293.809   76.205   -0.694   12.340 0.00000e+00
  103    17.73333   -97.36129 36.49673     224.593     518.854  946.259  293.975   75.568   -0.306   12.336 0.00000e+00
  104    17.75000   -97.36103 36.50005     220.046     516.443  946.541  293.982   75.672    0.056   12.355 0.00000e+00
  105    17.76667   -97.36047 36.50325     233.621     532.129  944.881  293.853   76.355    0.212   12.389 0.00000e+00
  106    17.78333   -97.35976 36.50635     285.162     585.262  939.046  293.493   78.510    1.585   12.534 0.00000e+00
  107    17.80000   -97.35884 36.50938     384.242     685.194  928.297  292.485   82.661    1.784   12.534 0.00000e+00
  108    17.81667   -97.35770 36.51240     479.861     781.068  918.032  291.527   86.745    1.459   12.522 0.00000e+00
  109    17.83333   -97.35641 36.51524     561.550     861.926  909.443  290.745   90.290    1.266   12.520 0.00000e+00
  110    17.85000   -97.35492 36.51778     635.333     934.750  901.715  290.039   93.652    1.033   12.522 0.00000e+00
  111    17.86667   -97.35311 36.52011     695.930     994.677  895.360  289.461   96.493    0.767   12.522 0.00000e+00
  112    17.88333   -97.35106 36.52230     745.908    1044.318  890.162  289.024   98.619    0.582   12.516 0.00000e+00
  113    17.90000   -97.34888 36.52428     785.938    1084.077  885.996  288.678   99.421    0.469   12.397 6.24336e-03
  114    17.91667   -97.34689 36.52623     819.167    1117.309  882.506  288.438   99.174    0.713   12.225 2.08526e-02
  115    17.93333   -97.34513 36.52846     850.321    1148.849  879.255  288.218   98.879    1.010   12.061 1.53588e-02
  116    17.95000   -97.34346 36.53098     881.159    1180.865  875.917  287.996   98.342    1.052   11.869 1.06311e-02
  117    17.96667   -97.34177 36.53363     905.260    1206.686  873.287  287.800   98.146    0.980   11.731 4.36213e-03
  118    17.98333   -97.34007 36.53643     909.758    1212.449  872.720  287.777   98.353    1.114   11.746 1.99852e-03
  119    18.00000   -97.33843 36.53943     898.201    1201.781  873.813  287.868   98.829    1.103   11.858 3.81065e-04
  120    18.01667   -97.33685 36.54257     898.736    1203.497  873.619  287.880   98.371    1.115   11.815 0.00000e+00
  121    18.03333   -97.33535 36.54582     912.269    1218.781  872.033  287.742   98.753    1.175   11.776 5.77159e-03
  122    18.05000   -97.33380 36.54922     935.192    1243.577  869.479  287.535   99.496    1.085   11.741 1.17332e-02
  123    18.06667   -97.33185 36.55275     957.416    1268.091  867.030  287.386   99.317    0.618   11.639 9.96357e-03
  124    18.08333   -97.32947 36.55647     982.590    1295.573  864.235  287.271   98.031    0.641   11.439 1.46053e-02
  125    18.10000   -97.32673 36.56036    1017.208    1332.524  860.344  286.901   99.764    0.521   11.415 0.00000e+00
  126    18.11667   -97.32365 36.56427    1052.579    1372.454  856.301  286.778   97.542    0.280   11.124 0.00000e+00
  127    18.13333   -97.32040 36.56804    1083.127    1405.963  852.950  286.611   96.257    0.051   10.901 0.00000e+00
  128    18.15000   -97.31712 36.57169    1106.212    1430.096  850.691  286.488   95.767    0.013   10.787 0.00000e+00
  129    18.16667   -97.31376 36.57518    1116.664    1436.778  850.088  286.370   95.965   -0.458   10.734 7.00856e-04
  130    18.18333   -97.31023 36.57868    1100.912    1417.019  851.977  286.451   95.914   -1.429   10.761 1.26194e-03
  131    18.20000   -97.30646 36.58238    1063.130    1379.836  855.569  286.767   94.921   -1.673   10.827 1.38458e-03
  132    18.21667   -97.30260 36.58620    1013.331    1332.369  860.448  287.215   93.153   -1.190   10.879 0.00000e+00
  133    18.23333   -97.29884 36.58998     973.003    1292.178  864.693  287.588   91.696   -0.995   10.918 0.00000e+00
  134    18.25000   -97.29516 36.59368     957.873    1272.482  866.881  287.958   88.828   -0.685   10.807 0.00000e+00
  135    18.26667   -97.29179 36.59726     978.920    1286.187  865.449  287.903   88.393    0.545   10.733 0.00000e+00
  136    18.28333   -97.28889 36.60069    1031.676    1333.680  860.606  287.429   90.597    1.338   10.727 0.00000e+00
  137    18.30000   -97.28619 36.60411    1103.279    1400.347  853.837  286.672   95.383    1.537   10.834 0.00000e+00
  138    18.31667   -97.28342 36.60768    1167.955    1462.767  847.443  286.034   98.993    1.153   10.864 1.92276e-03
  139    18.33333   -97.28066 36.61134    1207.659    1501.226  843.564  285.751   99.745    0.741   10.794 1.28029e-02
  140    18.35000   -97.27798 36.61493    1224.448    1517.443  841.905  285.631  100.000    0.273   10.772 1.24434e-02
  141    18.36667   -97.27538 36.61843    1224.482    1517.292  841.975  285.705   98.863   -0.221   10.686 2.17851e-05
  142    18.38333   -97.27283 36.62191    1208.941    1501.381  843.534  285.929   96.918   -0.503   10.612 0.00000e+00
  143    18.40000   -97.27017 36.62546    1186.302    1478.852  845.809  286.231   94.892   -0.703   10.571 0.00000e+00
  144    18.41667   -97.26736 36.62917    1153.191    1445.840  849.097  286.588   92.272   -1.310   10.482 0.00000e+00
  145    18.43333   -97.26447 36.63303    1093.656    1386.618  855.043  286.987   91.988   -1.714   10.651 0.00000e+00
  146    18.45000   -97.26146 36.63685    1032.145    1325.777  861.215  287.465   91.618   -0.710   10.866 3.73702e-04
  147    18.46667   -97.25822 36.64020    1026.387    1320.317  861.778  287.292   95.112    0.800   11.146 0.00000e+00
  148    18.48333   -97.25496 36.64329    1049.674    1343.953  859.346  286.991   97.333    0.657   11.216 0.00000e+00
  149    18.50000   -97.25196 36.64655    1052.216    1347.047  859.035  286.988   96.632   -0.346   11.137 0.00000e+00
  150    18.51667   -97.24933 36.64991    1019.365    1314.649  862.307  287.233   96.003   -0.975   11.201 0.00000e+00
  151    18.53333   -97.24699 36.65308     981.734    1277.885  866.082  287.651   93.441   -1.025   11.153 0.00000e+00
  152    18.55000   -97.24481 36.65596     947.088    1243.953  869.630  287.989   92.228   -0.944   11.207 0.00000e+00
  153    18.56667   -97.24272 36.65848     915.260    1211.797  872.948  288.275   91.574   -0.772   11.293 0.00000e+00
  154    18.58333   -97.24052 36.66071     880.909    1176.715  876.566  288.613   90.168   -0.757   11.318 0.00000e+00
  155    18.60000   -97.23829 36.66275     832.554    1127.270  881.666  289.062   88.667   -0.937   11.390 0.00000e+00
  156    18.61667   -97.23634 36.66480     785.999    1080.214  886.505  289.447   88.387   -0.459   11.574 0.00000e+00
  157    18.63333   -97.23471 36.66700     756.424    1051.015  889.568  289.733   87.324   -0.070   11.607 0.00000e+00
  158    18.65000   -97.23325 36.66933     748.623    1043.862  890.289  289.793   87.293    0.348   11.638 0.00000e+00
  159    18.66667   -97.23187 36.67180     759.510    1055.516  889.076  289.677   87.860    0.391   11.643 0.00000e+00
  160    18.68333   -97.23050 36.67437     774.506    1070.676  887.578  289.541   88.492    0.217   11.644 0.00000e+00
  161    18.70000   -97.22914 36.67698     782.658    1078.808  886.686  289.466   88.744    0.006   11.633 0.00000e+00
  162    18.71667   -97.22783 36.67963     781.998    1078.213  886.662  289.475   88.515   -0.186   11.611 0.00000e+00
  163    18.73333   -97.22652 36.68225     765.260    1061.823  888.414  289.645   87.676   -0.482   11.603 0.00000e+00
  164    18.75000   -97.22529 36.68449     734.360    1031.062  891.625  289.959   86.373   -0.801   11.621 0.00000e+00
  165    18.76667   -97.22427 36.68641     698.723     995.265  895.409  290.325   84.622   -0.996   11.605 0.00000e+00
  166    18.78333   -97.22342 36.68807     662.591     958.832  899.205  290.686   83.275   -0.738   11.636 0.00000e+00
  167    18.80000   -97.22272 36.68962     644.715     940.919  901.105  290.880   82.267   -0.247   11.614 0.00000e+00
  168    18.81667   -97.22218 36.69125     651.293     947.549  900.457  290.847   81.970    0.210   11.556 0.00000e+00
  169    18.83333   -97.22161 36.69297     670.049     966.280  898.474  290.711   82.314    0.271   11.530 0.00000e+00
  170    18.85000   -97.22099 36.69475     686.169     982.314  896.838  290.553   83.725    0.056   11.632 0.00000e+00
  171    18.86667   -97.22042 36.69648     692.313     988.352  896.178  290.483   84.718   -0.052   11.726 0.00000e+00
  172    18.88333   -97.21996 36.69809     695.695     991.875  895.757  290.440   85.247   -0.013   11.773 0.00000e+00
  173    18.90000   -97.21957 36.69951     697.417     993.794  895.544  290.408   85.505   -0.023   11.787 0.00000e+00
  174    18.91667   -97.21920 36.70072     699.200     995.774  895.379  290.390   86.131   -0.013   11.862 0.00000e+00
  175    18.93333   -97.21883 36.70175     702.968     999.709  894.935  290.356   86.388   -0.012   11.877 0.00000e+00
  176    18.95000   -97.21841 36.70271     715.739    1012.637  893.533  290.239   87.075    0.390   11.901 0.00000e+00
  177    18.96667   -97.21799 36.70380     742.189    1039.263  890.801  290.006   88.414    0.744   11.942 0.00000e+00
  178    18.98333   -97.21748 36.70514     769.066    1066.332  887.998  289.747   89.677    0.490   11.952 0.00000e+00
