    0    16.01667   -97.51788 36.28368      24.262     386.386  960.991  293.071   84.528   -0.123   12.841 0.00000e+00
    1    16.03333   -97.51843 36.28589      19.194     379.925  961.700  293.223   84.010   -0.068   12.874 0.00000e+00
    2    16.05000   -97.51906 36.28794      17.324     376.737  962.053  293.322   83.704   -0.027   12.902 0.00000e+00
    3    16.06667   -97.51953 36.28988      15.715     374.362  962.308  293.374   83.550   -0.048   12.917 0.00000e+00
    4    16.08333   -97.52002 36.29171      14.837     372.941  962.431  293.461   83.278   -0.005   12.944 0.00000e+00
    5    16.10000   -97.52061 36.29349      15.422     372.936  962.455  293.554   82.890    0.041   12.957 0.00000e+00
    6    16.11667   -97.52119 36.29534      18.822     375.678  962.165  293.578   82.738    0.075   12.957 0.00000e+00
    7    16.13333   -97.52195 36.29726      22.759     378.759  961.788  293.561   82.710    0.089   12.944 0.00000e+00
    8    16.15000   -97.52291 36.29926      31.016     386.041  960.995  293.520   82.928    0.215   12.956 0.00000e+00
    9    16.16667   -97.52393 36.30136      47.036     401.107  959.307  293.338   83.650    0.332   12.944 0.00000e+00
   10    16.18333   -97.52489 36.30356      69.123     422.299  956.970  293.090   84.602    0.260   12.921 0.00000e+00
   11    16.20000   -97.52569 36.30587      80.883     432.721  955.851  292.971   85.030    0.020   12.906 0.00000e+00
   12    16.21667   -97.52608 36.30812      83.524     433.140  955.751  292.974   84.919    0.069   12.893 0.00000e+00
   13    16.23333   -97.52612 36.31041      78.517     425.992  956.543  293.030   84.513   -0.179   12.866 0.00000e+00
   14    16.25000   -97.52575 36.31271      71.663     417.386  957.465  293.116   84.030   -0.057   12.848 0.00000e+00
   15    16.26667   -97.52511 36.31496      78.202     422.727  956.900  293.089   84.070    0.264   12.840 0.00000e+00
   16    16.28333   -97.52467 36.31715     110.481     453.507  953.574  292.817   85.269    0.703   12.849 0.00000e+00
   17    16.30000   -97.52437 36.31932     169.382     510.617  947.348  292.268   87.682    1.033   12.849 0.00000e+00
   18    16.31667   -97.52415 36.32147     233.119     572.538  940.470  291.650   90.368    0.675   12.830 0.00000e+00
   19    16.33333   -97.52397 36.32371     287.338     626.990  934.490  291.123   92.682    0.598   12.809 0.00000e+00
   20    16.35000   -97.52377 36.32605     328.447     668.729  929.928  290.738   94.483    0.464   12.805 0.00000e+00
   21    16.36667   -97.52364 36.32855     346.988     687.902  927.927  290.569   95.288    0.255   12.804 0.00000e+00
   22    16.38333   -97.52354 36.33110     359.485     701.303  926.388  290.476   95.342    0.369   12.757 0.00000e+00
   23    16.40000   -97.52346 36.33365     390.910     733.997  922.827  290.184   96.801    0.786   12.762 0.00000e+00
   24    16.41667   -97.52301 36.33619     452.560     796.909  916.018  289.586   99.927    1.422   12.775 3.21514e-03
   25    16.43333   -97.52164 36.33886     518.970     864.733  908.825  289.244  100.000    0.932   12.622 1.07696e-01
   26    16.45000   -97.51962 36.34159     550.938     896.161  905.536  289.095  100.000    0.188   12.548 1.58748e-01
   27    16.46667   -97.51765 36.34430     544.077     888.269  906.356  289.102  100.000   -0.235   12.542 1.09924e-01
   28    16.48333   -97.51620 36.34693     521.007     864.256  908.980  289.208  100.000   -0.420   12.578 4.00570e-02
   29    16.50000   -97.51520 36.34945     508.031     848.696  910.667  289.311   99.606   -0.098   12.585 5.62489e-03
   30    16.51667   -97.51429 36.35183     513.995     852.033  910.312  289.310   99.363    0.505   12.558 8.01613e-03
   31    16.53333   -97.51295 36.35407     531.134     866.517  908.810  289.194   99.842    0.440   12.546 1.84389e-02
   32    16.55000   -97.51099 36.35623     544.261     877.416  907.575  289.128  100.000   -0.012   12.533 2.29117e-02
   33    16.56667   -97.50862 36.35835     530.589     862.583  909.162  289.241   99.588   -0.163   12.546 6.88521e-03
   34    16.58333   -97.50607 36.36041     494.698     825.845  913.065  289.599   97.816   -1.115   12.556 0.00000e+00
   35    16.60000   -97.50362 36.36266     470.191     800.472  915.816  290.161   92.559   -1.025   12.279 0.00000e+00
   36    16.61667   -97.50118 36.36487     449.747     778.683  918.192  290.253   93.127    0.392   12.395 0.00000e+00
   37    16.63333   -97.49853 36.36707     459.745     787.079  917.298  290.052   95.200    0.511   12.521 0.00000e+00
   38    16.65000   -97.49580 36.36948     489.067     814.670  914.332  289.837   95.874    0.385   12.478 0.00000e+00
   39    16.66667   -97.49322 36.37217     520.244     844.219  911.098  289.607   96.502    0.456   12.420 0.00000e+00
   40    16.68333   -97.49066 36.37516     548.185     873.686  907.865  289.372   97.189    0.521   12.366 0.00000e+00
   41    16.70000   -97.48801 36.37841     570.407     898.598  905.170  289.161   97.991    0.322   12.337 0.00000e+00
   42    16.71667   -97.48532 36.38181     568.889     899.742  905.048  289.152   98.003   -0.129   12.333 0.00000e+00
   43    16.73333   -97.48289 36.38526     540.694     873.945  907.810  289.401   96.763   -0.528   12.336 0.00000e+00
   44    16.75000   -97.48090 36.38873     502.060     838.127  911.634  289.758   94.940   -0.717   12.331 0.00000e+00
   45    16.76667   -97.47934 36.39217     469.676     808.352  914.882  290.077   93.226   -0.592   12.314 0.00000e+00
   46    16.78333   -97.47805 36.39552     450.439     790.893  916.853  290.270   92.231   -0.131   12.307 0.00000e+00
   47    16.80000   -97.47709 36.39872     449.468     788.681  917.192  290.277   92.881    0.381   12.395 0.00000e+00
   48    16.81667   -97.47636 36.40175     471.348     808.301  915.059  290.049   94.750    0.730   12.491 0.00000e+00
   49    16.83333   -97.47575 36.40458     503.529     838.551  911.751  289.830   97.327    1.223   12.698 0.00000e+00
   50    16.85000   -97.47494 36.40737     559.196     892.765  905.987  289.397   99.607    1.450   12.721 6.68936e-03
   51    16.86667   -97.47292 36.41024     643.372     976.294  897.116  288.869  100.000    1.013   12.471 9.29158e-02
   52    16.88333   -97.46996 36.41331     708.024    1041.874  890.127  288.417  100.000    0.531   12.222 1.13235e-01
   53    16.90000   -97.46645 36.41682     739.789    1074.754  886.817  288.244  100.000   -0.009   12.131 1.42002e-01
   54    16.91667   -97.46283 36.42075     743.821    1075.658  886.856  288.226  100.000   -0.280   12.116 1.19337e-01
   55    16.93333   -97.45953 36.42495     729.762    1056.017  888.919  288.312  100.000   -0.314   12.152 5.74985e-02
   56    16.95000   -97.45676 36.42924     702.946    1024.181  892.248  288.505   99.211   -0.260   12.148 1.99514e-03
   57    16.96667   -97.45440 36.43337     669.419     987.028  896.114  288.851   97.305   -0.387   12.130 0.00000e+00
   58    16.98333   -97.45222 36.43716     636.633     951.808  899.814  289.209   95.160   -0.521   12.089 0.00000e+00
   59    17.00000   -97.45019 36.44068     611.467     925.185  902.577  289.486   93.514   -0.259   12.056 0.00000e+00
   60    17.01667   -97.44825 36.44410     613.165     925.773  902.550  289.507   93.168    0.327   12.028 0.00000e+00
   61    17.03333   -97.44620 36.44760     633.659     945.324  900.449  289.323   93.867    0.205   12.005 0.00000e+00
   62    17.05000   -97.44404 36.45120     633.212     945.082  900.481  289.343   93.570   -0.375   11.981 0.00000e+00
   63    17.06667   -97.44203 36.45482     615.199     926.613  902.494  289.545   92.411   -0.450   11.961 0.00000e+00
   64    17.08333   -97.44017 36.45844     602.367     913.121  903.949  289.680   91.792   -0.218   11.964 0.00000e+00
   65    17.10000   -97.43835 36.46207     597.174     907.686  904.520  289.726   91.674   -0.074   11.977 0.00000e+00
   66    17.11667   -97.43657 36.46578     593.345     903.062  905.043  289.725   92.241   -0.073   12.043 0.00000e+00
   67    17.13333   -97.43491 36.46954     583.635     892.176  906.169  289.802   91.991   -0.184   12.055 0.00000e+00
   68    17.15000   -97.43332 36.47327     569.541     876.405  907.856  289.944   91.213   -0.271   12.040 0.00000e+00
   69    17.16667   -97.43167 36.47686     551.459     856.999  909.826  290.135   90.048   -0.362   12.006 0.00000e+00
   70    17.18333   -97.42991 36.48010     532.864     838.580  911.859  290.327   88.961   -0.399   11.980 0.00000e+00
   71    17.20000   -97.42802 36.48312     516.908     819.971  913.965  290.498   89.134   -0.328   12.107 0.00000e+00
   72    17.21667   -97.42603 36.48608     503.340     802.080  915.855  290.658   88.853   -0.289   12.167 0.00000e+00
   73    17.23333   -97.42410 36.48903     492.710     788.263  917.215  290.757   88.843   -0.193   12.224 0.00000e+00
   74    17.25000   -97.42236 36.49201     491.908     786.892  917.354  290.746   89.102    0.086   12.249 0.00000e+00
   75    17.26667   -97.42070 36.49490     512.859     807.716  915.092  290.513   91.075    0.505   12.367 0.00000e+00
   76    17.28333   -97.41919 36.49767     545.362     841.341  911.444  290.120   93.486    0.726   12.430 0.00000e+00
   77    17.30000   -97.41780 36.50035     588.205     887.024  906.585  289.790   96.447    1.595   12.623 0.00000e+00
   78    17.31667   -97.41616 36.50314     654.087     956.013  899.258  289.191   99.996    1.922   12.697 1.30094e-02
   79    17.33333   -97.41397 36.50616     718.378    1023.337  892.189  288.894  100.000    1.355   12.574 1.52300e-01
   80    17.35000   -97.41149 36.50941     757.863    1064.625  887.991  288.690  100.000    0.744   12.469 2.23744e-01
   81    17.36667   -97.40899 36.51266     787.750    1093.661  885.057  288.437  100.000    0.917   12.308 2.25325e-01
   82    17.38333   -97.40642 36.51582     832.737    1135.563  880.647  288.121  100.000    1.369   12.116 2.18195e-01
   83    17.40000   -97.40377 36.51896     889.083    1189.390  875.017  287.808  100.000    1.619   11.953 2.52555e-01
   84    17.41667   -97.40109 36.52204     942.635    1243.484  869.304  287.469  100.000    1.384   11.770 2.28845e-01
   85    17.43333   -97.39839 36.52514     982.061    1286.308  864.894  287.212  100.000    1.307   11.634 2.30128e-01
   86    17.45000   -97.39571 36.52830    1015.434    1324.636  860.959  286.973  100.000    1.226   11.507 2.31142e-01
   87    17.46667   -97.39314 36.53154    1049.029    1361.763  857.334  286.733  100.000    0.948   11.376 2.04945e-01
   88    17.48333   -97.39063 36.53482    1079.218    1393.953  854.050  286.446  100.000    0.531   11.207 1.32624e-01
   89    17.50000   -97.38819 36.53812    1098.046    1415.664  851.873  286.234  100.000    0.111   11.075 7.26865e-02
   90    17.51667   -97.38580 36.54145    1100.816    1418.677  851.654  286.195   99.708   -0.264   11.004 2.34652e-02
   91    17.53333   -97.38348 36.54483    1086.332    1403.445  853.185  286.347   97.913   -0.576   10.895 7.87771e-04
   92    17.55000   -97.38124 36.54832    1055.703    1373.875  856.112  286.680   95.257   -0.825   10.796 0.00000e+00
   93    17.56667   -97.37897 36.55192    1017.141    1338.028  859.826  287.090   92.371   -0.845   10.707 0.00000e+00
   94    17.58333   -97.37669 36.55565     984.192    1306.246  863.126  287.451   90.021   -0.633   10.643 0.00000e+00
   95    17.60000   -97.37430 36.55947     964.247    1286.257  865.119  287.681   88.453   -0.331   10.590 0.00000e+00
   96    17.61667   -97.37180 36.56340     959.035    1282.050  865.523  287.756   87.918    0.007   10.573 0.00000e+00
   97    17.63333   -97.36908 36.56733     966.451    1291.892  864.416  287.722   87.338    0.099   10.493 0.00000e+00
   98    17.65000   -97.36617 36.57124     969.659    1299.431  863.657  287.492   89.204   -0.141   10.568 0.00000e+00
   99    17.66667   -97.36323 36.57509     961.198    1293.543  864.308  287.405   90.794   -0.290   10.688 0.00000e+00
  100    17.68333   -97.36032 36.57890     944.635    1277.484  866.062  287.353   93.300   -0.278   10.922 0.00000e+00
  101    17.70000   -97.35747 36.58267     924.314    1256.084  868.222  287.485   93.338   -0.407   10.994 0.00000e+00
  102    17.71667   -97.35461 36.58641     895.666    1228.841  870.905  287.783   91.644   -0.590   10.971 0.00000e+00
  103    17.73333   -97.35172 36.59007     865.199    1198.440  874.351  288.141   89.548   -0.511   10.930 0.00000e+00
  104    17.75000   -97.34888 36.59364     843.037    1171.541  877.101  288.421   88.065   -0.338   10.911 0.00000e+00
  105    17.76667   -97.34615 36.59713     834.424    1157.298  878.706  288.568   87.570    0.004   10.933 0.00000e+00
  106    17.78333   -97.34348 36.60053     842.477    1157.073  878.650  288.558   87.700    0.283   10.943 0.00000e+00
  107    17.80000   -97.34081 36.60385     861.096    1170.505  877.180  288.405   88.664    0.464   10.973 0.00000e+00
  108    17.81667   -97.33817 36.60713     885.734    1191.852  874.967  288.173   90.114    0.589   11.014 0.00000e+00
  109    17.83333   -97.33556 36.61042     916.104    1218.893  872.161  287.882   91.804    0.622   11.046 0.00000e+00
  110    17.85000   -97.33304 36.61377     950.582    1250.360  868.884  287.578   93.459    0.657   11.067 0.00000e+00
  111    17.86667   -97.33064 36.61723     982.665    1280.839  865.763  287.280   94.834    0.493   11.053 0.00000e+00
  112    17.88333   -97.32831 36.62081    1007.880    1304.281  863.341  287.005   96.854    0.324   11.119 0.00000e+00
  113    17.90000   -97.32605 36.62449    1021.997    1317.761  861.956  286.859   98.002    0.186   11.162 0.00000e+00
  114    17.91667   -97.32376 36.62822    1026.971    1322.464  861.457  286.806   98.388    0.066   11.173 0.00000e+00
  115    17.93333   -97.32143 36.63192    1022.775    1318.163  861.852  286.839   98.097   -0.082   11.159 0.00000e+00
  116    17.95000   -97.31905 36.63553    1009.053    1304.714  863.255  287.033   96.311   -0.404   11.078 0.00000e+00
  117    17.96667   -97.31668 36.63898     978.366    1274.385  866.381  287.410   93.460   -0.678   10.978 0.00000e+00
  118    17.98333   -97.31448 36.64221     939.622    1235.511  870.432  287.838   90.719   -0.615   10.906 0.00000e+00
  119    18.00000   -97.31258 36.64516     913.219    1208.650  873.166  288.090   89.590   -0.149   10.914 0.00000e+00
  120    18.01667   -97.31109 36.64790     918.096    1213.179  872.710  287.953   91.293    0.556   11.028 0.00000e+00
  121    18.03333   -97.30978 36.65055     956.378    1251.470  868.755  287.425   95.758    0.827   11.228 4.71165e-03
  122    18.05000   -97.30840 36.65314    1001.651    1296.737  864.127  286.958   99.217    0.721   11.345 4.96612e-03
  123    18.06667   -97.30690 36.65564    1047.641    1342.771  859.419  286.769   99.430    0.557   11.291 9.61271e-02
  124    18.08333   -97.30522 36.65809    1088.220    1384.047  855.235  286.520  100.000    0.371   11.240 1.46559e-01
  125    18.10000   -97.30336 36.66058    1120.350    1416.899  851.912  286.359   99.987    0.108   11.151 1.82444e-01
  126    18.11667   -97.30133 36.66322    1133.822    1431.042  850.432  286.204   99.384   -0.338   10.991 1.22422e-01
  127    18.13333   -97.29922 36.66602    1125.175    1424.219  851.111  286.271   98.523   -0.912   10.935 1.55924e-02
  128    18.15000   -97.29711 36.66890    1101.354    1402.370  853.328  286.585   96.485   -1.062   10.904 6.53048e-02
  129    18.16667   -97.29511 36.67164    1079.493    1382.433  855.335  286.586   98.029   -0.881   11.052 1.80050e-02
  130    18.18333   -97.29316 36.67418    1065.236    1370.348  856.640  286.664  100.000   -0.654   11.333 3.20819e-02
  131    18.20000   -97.29124 36.67659    1047.120    1353.916  858.282  286.883  100.000   -0.362   11.476 1.13615e-01
  132    18.21667   -97.28931 36.67893    1026.902    1334.967  860.239  286.897  100.000   -0.530   11.443 4.79589e-02
  133    18.23333   -97.28729 36.68130    1005.343    1313.869  862.416  287.051   98.417   -0.722   11.345 2.21105e-02
  134    18.25000   -97.28511 36.68375     983.567    1292.312  864.609  287.247   97.215   -0.702   11.321 3.41409e-02
  135    18.26667   -97.28288 36.68628     963.500    1272.589  866.619  287.340   97.297   -0.759   11.373 8.62373e-03
  136    18.28333   -97.28090 36.68884     942.500    1251.960  868.708  287.565   95.986   -0.669   11.359 0.00000e+00
  137    18.30000   -97.27919 36.69144     922.063    1231.943  870.796  287.820   93.898   -0.490   11.270 0.00000e+00
  138    18.31667   -97.27774 36.69409     901.785    1212.180  872.811  288.031   92.404   -0.388   11.218 0.00000e+00
  139    18.33333   -97.27649 36.69668     877.410    1188.396  875.266  288.235   91.704   -0.460   11.250 0.00000e+00
  140    18.35000   -97.27534 36.69919     844.659    1156.161  878.567  288.506   90.935   -0.549   11.310 0.00000e+00
  141    18.36667   -97.27429 36.70169     807.258    1119.191  882.406  288.818   90.174   -0.563   11.393 0.00000e+00
  142    18.38333   -97.27332 36.70418     770.681    1082.976  886.199  289.129   89.550   -0.639   11.493 0.00000e+00
  143    18.40000   -97.27232 36.70665     735.400    1046.072  890.142  289.493   87.913   -0.655   11.499 0.00000e+00
  144    18.41667   -97.27131 36.70913     704.266    1012.168  893.689  289.816   86.609   -0.571   11.520 0.00000e+00
  145    18.43333   -97.27035 36.71169     681.009     985.953  896.455  290.061   85.698   -0.398   11.542 0.00000e+00
  146    18.45000   -97.26947 36.71425     665.329     967.889  898.249  290.231   84.884   -0.254   11.535 0.00000e+00
  147    18.46667   -97.26881 36.71680     656.673     958.246  899.286  290.328   84.424   -0.064   11.530 0.00000e+00
  148    18.48333   -97.26839 36.71937     656.524     957.304  899.348  290.326   84.477    0.103   11.535 0.00000e+00
  149    18.50000   -97.26814 36.72205     662.012     962.326  898.788  290.257   85.035    0.112   11.567 0.00000e+00
  150    18.51667   -97.26791 36.72485     664.069     965.261  898.464  290.234   85.052   -0.086   11.557 0.00000e+00
  151    18.53333   -97.26752 36.72765     651.932     954.151  899.599  290.331   84.785   -0.383   11.577 0.00000e+00
  152    18.55000   -97.26688 36.73026     624.919     928.305  902.357  290.593   83.639   -0.552   11.578 0.00000e+00
  153    18.56667   -97.26616 36.73258     590.418     894.879  905.893  290.918   82.311   -0.591   11.586 0.00000e+00
  154    18.58333   -97.26537 36.73462     557.623     863.037  909.245  291.229   81.252   -0.449   11.622 0.00000e+00
  155    18.60000   -97.26457 36.73640     531.972     838.229  911.874  291.442   81.359   -0.436   11.761 0.00000e+00
  156    18.61667   -97.26377 36.73797     507.270     814.271  914.446  291.667   80.713   -0.382   11.801 0.00000e+00
  157    18.63333   -97.26314 36.73957     489.399     797.062  916.313  291.824   80.716   -0.206   11.895 0.00000e+00
  158    18.65000   -97.26276 36.74130     475.770     783.930  917.682  291.964   80.164   -0.551   11.901 0.00000e+00
  159    18.66667   -97.26234 36.74311     474.495     783.047  917.812  292.054   79.947    0.339   11.934 0.00000e+00
  160    18.68333   -97.26180 36.74490     528.470     837.289  912.056  291.585   82.051    1.450   11.967 0.00000e+00
  161    18.70000   -97.26118 36.74677     611.665     920.462  903.316  290.786   85.452    1.394   11.962 0.00000e+00
  162    18.71667   -97.26033 36.74868     687.129     995.149  895.415  290.048   88.758    1.291   11.959 0.00000e+00
  163    18.73333   -97.25919 36.75066     755.294    1062.443  888.440  289.413   91.291    1.065   11.903 0.00000e+00
  164    18.75000   -97.25784 36.75271     809.126    1115.506  882.931  288.932   92.995    0.711   11.829 0.00000e+00
  165    18.76667   -97.25630 36.75479     835.538    1141.349  880.236  288.708   93.648    0.146   11.777 0.00000e+00
  166    18.78333   -97.25475 36.75684     825.107    1130.457  881.357  288.816   93.080   -0.474   11.773 0.00000e+00
  167    18.80000   -97.25336 36.75884     780.283    1084.995  886.075  289.271   90.657   -1.011   11.744 0.00000e+00
  168    18.81667   -97.25226 36.76084     708.234    1012.407  893.628  289.995   86.896   -1.414   11.692 0.00000e+00
  169    18.83333   -97.25153 36.76288     616.535     920.401  903.242  290.907   82.626   -1.650   11.657 0.00000e+00
  170    18.85000   -97.25117 36.76499     518.414     822.423  913.635  291.876   78.486   -1.612   11.638 0.00000e+00
  171    18.86667   -97.25096 36.76717     430.079     734.399  922.991  292.734   75.183   -1.279   11.647 0.00000e+00
  172    18.88333   -97.25081 36.76940     360.995     665.641  930.401  293.430   72.501   -1.069   11.637 0.00000e+00
  173    18.90000   -97.25064 36.77175     308.343     613.289  936.067  293.967   70.582   -0.712   11.644 0.00000e+00
  174    18.91667   -97.25052 36.77421     285.229     590.014  938.566  294.142   69.881   -0.411   11.622 0.00000e+00
  175    18.93333   -97.25031 36.77665     292.402     596.996  937.825  294.115   70.419    0.190   11.701 0.00000e+00
  176    18.95000   -97.24985 36.77916     319.138     623.577  934.916  293.947   71.413    0.433   11.780 0.00000e+00
  177    18.96667   -97.24942 36.78185     353.994     658.420  931.139  293.638   72.952    0.673   11.853 0.00000e+00
  178    18.98333   -97.24929 36.78465     394.197     698.640  926.787  293.221   74.590    0.789   11.864 0.00000e+00
