    0    16.01667   -97.47044 36.26700      28.523     381.534  961.718  292.949   86.326    0.104   13.004 0.00000e+00
    1    16.03333   -97.46979 36.26866      37.977     389.171  960.889  292.901   86.448    0.254   12.994 0.00000e+00
    2    16.05000   -97.46934 36.27033      49.127     398.313  959.861  292.836   86.505    0.185   12.964 0.00000e+00
    3    16.06667   -97.46893 36.27197      56.588     404.281  959.124  292.791   86.655    0.077   12.961 0.00000e+00
    4    16.08333   -97.46854 36.27348      61.166     408.418  958.653  292.784   86.283    0.022   12.905 0.00000e+00
    5    16.10000   -97.46846 36.27510      70.784     417.903  957.588  292.743   85.872    0.094   12.825 0.00000e+00
    6    16.11667   -97.46873 36.27692      84.886     432.131  956.013  292.627   86.111    0.347   12.789 0.00000e+00
    7    16.13333   -97.46934 36.27912      99.317     446.998  954.355  292.489   86.901    0.589   12.817 0.00000e+00
    8    16.15000   -97.47015 36.28173     115.595     465.307  952.290  292.305   87.797    0.507   12.829 0.00000e+00
    9    16.16667   -97.47103 36.28446     133.165     485.636  949.978  292.091   88.731    0.420   12.823 0.00000e+00
   10    16.18333   -97.47191 36.28716     158.311     513.256  946.955  291.837   89.743    0.149   12.804 0.00000e+00
   11    16.20000   -97.47253 36.28977     171.061     527.005  945.539  291.733   90.160   -0.241   12.799 0.00000e+00
   12    16.21667   -97.47319 36.29233     160.010     516.010  946.710  291.856   89.606   -0.178   12.803 0.00000e+00
   13    16.23333   -97.47405 36.29474     146.865     503.091  948.127  292.030   88.761   -0.284   12.803 0.00000e+00
   14    16.25000   -97.47504 36.29702     150.322     506.788  947.685  292.033   88.550    0.585   12.781 0.00000e+00
   15    16.26667   -97.47549 36.29941     202.602     558.461  942.007  291.556   90.680    1.528   12.778 0.00000e+00
   16    16.28333   -97.47520 36.30198     294.367     649.346  932.084  290.719   94.553    1.634   12.769 0.00000e+00
   17    16.30000   -97.47450 36.30482     376.484     730.704  923.271  289.954   98.417    1.092   12.780 2.86709e-04
   18    16.31667   -97.47357 36.30778     437.398     789.644  917.007  289.529  100.000    1.008   12.739 5.51867e-02
   19    16.33333   -97.47234 36.31079     486.092     835.794  912.069  289.334  100.000    0.818   12.650 1.51575e-01
   20    16.35000   -97.47074 36.31378     522.996     869.629  908.445  289.181  100.000    0.459   12.576 2.13971e-01
   21    16.36667   -97.46883 36.31672     543.956     887.951  906.443  289.093  100.000    0.075   12.534 2.30355e-01
   22    16.38333   -97.46662 36.31951     547.666     890.652  906.124  289.075  100.000   -0.164   12.524 2.22485e-01
   23    16.40000   -97.46422 36.32217     526.799     869.398  908.360  289.144  100.000   -0.765   12.549 1.45878e-01
   24    16.41667   -97.46195 36.32483     470.857     812.379  914.624  289.500   98.936   -1.409   12.598 1.44423e-02
   25    16.43333   -97.46030 36.32756     398.276     736.347  922.937  290.214   95.481   -1.571   12.611 0.00000e+00
   26    16.45000   -97.45925 36.33037     332.447     666.109  930.580  290.910   91.990   -1.357   12.596 0.00000e+00
   27    16.46667   -97.45866 36.33329     280.001     608.260  936.770  291.478   89.281   -0.907   12.589 0.00000e+00
   28    16.48333   -97.45842 36.33627     246.646     569.815  940.955  291.880   87.264   -0.445   12.564 0.00000e+00
   29    16.50000   -97.45847 36.33932     233.634     553.549  942.545  292.043   86.361    0.039   12.542 0.00000e+00
   30    16.51667   -97.45872 36.34246     241.588     562.631  941.589  291.984   86.777    0.402   12.568 0.00000e+00
   31    16.53333   -97.45908 36.34560     269.906     592.335  938.434  291.718   88.284    0.521   12.616 0.00000e+00
   32    16.55000   -97.45931 36.34856     303.657     626.345  934.767  291.426   90.054    0.482   12.683 0.00000e+00
   33    16.56667   -97.45938 36.35131     337.793     659.976  931.124  291.166   91.899    0.605   12.782 0.00000e+00
   34    16.58333   -97.45932 36.35381     372.838     694.444  927.386  290.878   93.601    0.754   12.835 0.00000e+00
   35    16.60000   -97.45913 36.35619     404.996     725.536  924.013  290.614   95.065    0.789   12.865 0.00000e+00
   36    16.61667   -97.45902 36.35853     439.666     758.851  920.374  290.318   96.726    1.056   12.897 0.00000e+00
   37    16.63333   -97.45891 36.36081     489.696     807.622  915.103  289.835   99.171    1.276   12.895 4.66569e-04
   38    16.65000   -97.45824 36.36315     539.206     856.164  909.785  289.500  100.000    1.024   12.817 6.23333e-02
   39    16.66667   -97.45661 36.36595     589.008     909.161  904.130  289.248  100.000    0.889   12.686 1.41292e-01
   40    16.68333   -97.45440 36.36901     659.726     983.238  896.287  288.820  100.000    1.404   12.456 2.04537e-01
   41    16.70000   -97.45167 36.37206     741.935    1068.585  887.321  288.328  100.000    1.635   12.189 3.03218e-01
   42    16.71667   -97.44824 36.37525     813.380    1142.894  879.658  287.986  100.000    1.342   12.027 4.58683e-01
   43    16.73333   -97.44439 36.37862     854.502    1185.312  875.203  287.767  100.000    0.707   11.919 5.24388e-01
   44    16.75000   -97.44058 36.38217     861.062    1196.168  874.077  287.720  100.000    0.317   11.898 5.37315e-01
   45    16.76667   -97.43697 36.38582     852.624    1191.265  874.672  287.658  100.000    0.160   11.842 3.60231e-01
   46    16.78333   -97.43341 36.38947     839.068    1178.805  876.009  287.576   99.980   -0.007   11.740 9.82855e-02
   47    16.80000   -97.42980 36.39304     825.310    1164.365  877.599  287.655   98.510   -0.145   11.606 5.68167e-03
   48    16.81667   -97.42595 36.39650     811.468    1147.007  879.510  287.909   95.903   -0.253   11.462 0.00000e+00
   49    16.83333   -97.42184 36.39987     796.765    1124.752  881.851  288.218   93.305   -0.326   11.347 0.00000e+00
   50    16.85000   -97.41763 36.40325     776.015    1097.194  884.692  288.499   91.629   -0.408   11.311 0.00000e+00
   51    16.86667   -97.41343 36.40663     750.817    1067.215  887.757  288.738   90.972   -0.264   11.366 0.00000e+00
   52    16.88333   -97.40934 36.41004     731.866    1045.217  890.010  288.866   91.207    0.027   11.460 0.00000e+00
   53    16.90000   -97.40524 36.41357     722.758    1033.964  891.159  288.875   92.023    0.042   11.554 0.00000e+00
   54    16.91667   -97.40115 36.41718     709.510    1019.745  892.605  288.986   91.680   -0.400   11.575 0.00000e+00
   55    16.93333   -97.39722 36.42075     685.692     997.193  894.987  289.215   90.514   -0.394   11.566 0.00000e+00
   56    16.95000   -97.39350 36.42432     681.939     993.183  895.547  289.261   90.347    0.190   11.572 0.00000e+00
   57    16.96667   -97.38977 36.42790     703.815    1014.237  893.189  289.051   91.298    0.326   11.567 0.00000e+00
   58    16.98333   -97.38596 36.43150     731.044    1041.185  890.594  288.798   92.610    0.420   11.577 0.00000e+00
   59    17.00000   -97.38207 36.43507     768.277    1072.814  887.221  288.493   94.033    0.382   11.570 0.00000e+00
   60    17.01667   -97.37807 36.43864     796.312    1098.258  884.495  288.276   94.915    0.207   11.551 0.00000e+00
   61    17.03333   -97.37402 36.44226     805.428    1105.325  883.787  288.209   95.247    0.016   11.551 0.00000e+00
   62    17.05000   -97.36997 36.44590     796.409    1093.886  884.886  288.279   95.205   -0.203   11.583 0.00000e+00
   63    17.06667   -97.36604 36.44942     771.701    1069.547  887.439  288.478   94.599   -0.249   11.626 0.00000e+00
   64    17.08333   -97.36227 36.45276     749.936    1047.431  889.827  288.668   93.708   -0.059   11.627 0.00000e+00
   65    17.10000   -97.35870 36.45597     740.059    1036.546  890.914  288.765   92.867    0.066   11.581 0.00000e+00
   66    17.11667   -97.35529 36.45916     743.624    1040.846  890.504  288.729   92.812    0.187   11.552 0.00000e+00
   67    17.13333   -97.35182 36.46245     756.875    1054.427  889.133  288.659   92.859    0.047   11.524 0.00000e+00
   68    17.15000   -97.34828 36.46582     765.265    1059.296  888.687  288.668   92.523   -0.181   11.495 0.00000e+00
   69    17.16667   -97.34475 36.46921     762.469    1052.077  889.419  288.756   92.058   -0.277   11.492 0.00000e+00
   70    17.18333   -97.34122 36.47262     751.389    1038.285  890.811  288.875   91.630   -0.287   11.509 0.00000e+00
   71    17.20000   -97.33774 36.47606     741.228    1026.430  892.041  288.990   91.033   -0.197   11.503 0.00000e+00
   72    17.21667   -97.33437 36.47951     742.255    1026.601  891.908  288.998   90.875    0.093   11.491 0.00000e+00
   73    17.23333   -97.33099 36.48293     768.727    1055.302  888.823  288.740   92.019    0.480   11.484 0.00000e+00
   74    17.25000   -97.32748 36.48631     813.092    1103.660  883.785  288.314   93.912    0.553   11.467 0.00000e+00
   75    17.26667   -97.32390 36.48964     845.609    1141.312  879.855  288.009   95.015    0.314   11.425 0.00000e+00
   76    17.28333   -97.32042 36.49291     861.413    1162.470  877.648  287.659   97.608    0.142   11.502 1.59741e-04
   77    17.30000   -97.31686 36.49620     855.980    1160.781  877.928  287.604   98.739   -0.336   11.590 7.30761e-03
   78    17.31667   -97.31331 36.49947     821.409    1127.374  881.410  287.914   97.326   -0.834   11.610 0.00000e+00
   79    17.33333   -97.30978 36.50274     766.879    1074.041  887.048  288.424   95.027   -0.950   11.642 0.00000e+00
   80    17.35000   -97.30642 36.50595     707.535    1015.283  893.152  288.988   92.280   -0.974   11.645 0.00000e+00
   81    17.36667   -97.30334 36.50896     657.793     966.325  898.255  289.449   90.157   -0.546   11.652 0.00000e+00
   82    17.38333   -97.30038 36.51177     644.292     955.890  899.325  289.545   89.769    0.061   11.660 0.00000e+00
   83    17.40000   -97.29724 36.51448     650.960     965.870  898.278  289.400   90.995    0.179   11.724 0.00000e+00
   84    17.41667   -97.29405 36.51726     659.270     976.291  897.248  289.238   92.419    0.226   11.797 0.00000e+00
   85    17.43333   -97.29083 36.52020     668.582     986.923  896.065  289.077   93.660    0.157   11.848 0.00000e+00
   86    17.45000   -97.28763 36.52330     675.738     995.968  895.207  289.014   93.578   -0.059   11.801 0.00000e+00
   87    17.46667   -97.28447 36.52652     680.809    1000.323  894.831  288.992   93.795   -0.303   11.816 0.00000e+00
   88    17.48333   -97.28127 36.52982     674.086     992.206  895.615  289.103   92.948   -0.768   11.783 0.00000e+00
   89    17.50000   -97.27808 36.53308     633.019     949.487  900.168  289.524   91.157   -1.397   11.813 0.00000e+00
   90    17.51667   -97.27515 36.53620     565.394     878.859  907.732  290.210   88.184   -1.451   11.841 0.00000e+00
   91    17.53333   -97.27249 36.53918     501.280     812.041  914.851  290.840   85.647   -1.122   11.877 0.00000e+00
   92    17.55000   -97.26994 36.54205     456.540     766.070  919.650  291.268   83.905   -0.668   11.894 0.00000e+00
   93    17.56667   -97.26733 36.54490     435.624     746.010  921.706  291.470   82.982   -0.374   11.887 0.00000e+00
   94    17.58333   -97.26474 36.54777     428.129     739.841  922.470  291.550   82.547   -0.023   11.875 0.00000e+00
   95    17.60000   -97.26233 36.55061     442.143     753.488  921.105  291.418   83.212    0.528   11.889 0.00000e+00
   96    17.61667   -97.26015 36.55333     493.903     803.536  915.827  290.882   85.749    1.394   11.911 0.00000e+00
   97    17.63333   -97.25794 36.55596     592.878     899.246  905.633  289.899   92.476    2.220   12.201 0.00000e+00
   98    17.65000   -97.25522 36.55875     703.297    1005.442  894.405  288.856   98.771    1.619   12.341 1.87314e-03
   99    17.66667   -97.25207 36.56170     767.279    1067.024  887.741  288.464   99.896    0.470   12.261 6.90826e-02
  100    17.68333   -97.24903 36.56484     772.692    1073.448  887.102  288.429   99.412   -0.349   12.183 4.85826e-02
  101    17.70000   -97.24641 36.56821     743.272    1043.087  890.367  288.629   98.252   -0.811   12.153 4.43607e-04
  102    17.71667   -97.24410 36.57159     701.015     998.877  894.965  289.074   95.244   -0.822   12.061 0.00000e+00
  103    17.73333   -97.24190 36.57471     662.055     960.664  898.947  289.515   91.776   -0.531   11.902 0.00000e+00
  104    17.75000   -97.23951 36.57754     636.782     935.682  901.598  289.805   89.466   -0.234   11.786 0.00000e+00
  105    17.76667   -97.23688 36.58017     623.246     921.767  903.124  289.984   88.048   -0.027   11.713 0.00000e+00
  106    17.78333   -97.23396 36.58284     618.484     915.138  903.856  290.089   87.344    0.079   11.688 0.00000e+00
  107    17.80000   -97.23096 36.58565     622.356     916.642  903.719  290.066   87.780    0.296   11.731 0.00000e+00
  108    17.81667   -97.22802 36.58862     641.149     933.233  901.893  289.886   88.755    0.389   11.749 0.00000e+00
  109    17.83333   -97.22514 36.59171     663.235     954.896  899.626  289.677   89.869    0.254   11.768 0.00000e+00
  110    17.85000   -97.22241 36.59490     677.022     968.358  898.255  289.526   90.832    0.192   11.797 0.00000e+00
  111    17.86667   -97.21983 36.59816     676.118     966.984  898.380  289.518   91.183   -0.028   11.835 0.00000e+00
  112    17.88333   -97.21747 36.60144     653.133     943.859  900.812  289.730   90.268   -0.336   11.845 0.00000e+00
  113    17.90000   -97.21546 36.60468     621.160     912.161  904.157  290.045   88.554   -0.333   11.812 0.00000e+00
  114    17.91667   -97.21384 36.60799     593.441     884.835  907.004  290.328   86.945   -0.274   11.773 0.00000e+00
  115    17.93333   -97.21236 36.61143     572.661     864.414  909.225  290.517   86.550   -0.260   11.832 0.00000e+00
  116    17.95000   -97.21071 36.61492     556.372     848.888  910.865  290.698   85.826   -0.478   11.847 0.00000e+00
  117    17.96667   -97.20880 36.61826     532.832     826.635  913.230  290.990   83.932   -0.645   11.772 0.00000e+00
  118    17.98333   -97.20688 36.62147     502.448     797.728  916.259  291.308   82.178   -0.613   11.722 0.00000e+00
  119    18.00000   -97.20512 36.62467     474.506     770.746  919.201  291.549   81.375   -0.304   11.748 0.00000e+00
  120    18.01667   -97.20356 36.62787     463.558     760.788  920.252  291.602   81.474    0.133   11.788 0.00000e+00
  121    18.03333   -97.20203 36.63094     474.143     771.953  919.080  291.446   82.377    0.245   11.817 0.00000e+00
  122    18.05000   -97.20040 36.63395     496.702     794.377  916.661  291.339   83.928    0.194   11.990 0.00000e+00
  123    18.06667   -97.19889 36.63712     524.646     822.501  913.645  291.072   85.557    0.700   12.057 0.00000e+00
  124    18.08333   -97.19774 36.64043     575.302     873.394  908.282  290.573   87.725    1.255   12.048 0.00000e+00
  125    18.10000   -97.19681 36.64370     647.107     945.276  900.652  289.868   90.924    1.459   12.040 0.00000e+00
  126    18.11667   -97.19590 36.64682     721.991    1020.181  892.800  289.122   94.671    1.352   12.055 0.00000e+00
  127    18.13333   -97.19485 36.64987     779.882    1078.645  886.715  288.576   97.248    1.071   12.037 0.00000e+00
  128    18.15000   -97.19349 36.65289     818.917    1118.303  882.573  288.236   98.434    0.746   11.975 0.00000e+00
  129    18.16667   -97.19173 36.65583     841.561    1141.313  880.169  288.064   98.548    0.389   11.889 2.76545e-04
  130    18.18333   -97.18973 36.65848     841.455    1141.598  880.109  288.143   96.909   -0.106   11.752 0.00000e+00
  131    18.20000   -97.18783 36.66093     813.979    1114.910  882.843  288.422   95.222   -0.434   11.721 0.00000e+00
  132    18.21667   -97.18613 36.66336     780.137    1081.941  886.338  288.790   92.933   -0.382   11.668 0.00000e+00
  133    18.23333   -97.18457 36.66590     756.748    1058.467  888.806  289.035   91.589   -0.178   11.650 0.00000e+00
  134    18.25000   -97.18302 36.66862     747.177    1048.885  889.794  289.174   90.334    0.043   11.580 0.00000e+00
  135    18.26667   -97.18147 36.67147     744.084    1046.050  890.083  289.211   90.018    0.040   11.564 0.00000e+00
  136    18.28333   -97.17993 36.67443     739.758    1042.093  890.524  289.254   89.821   -0.055   11.565 0.00000e+00
  137    18.30000   -97.17845 36.67747     731.297    1033.975  891.377  289.336   89.591   -0.177   11.585 0.00000e+00
  138    18.31667   -97.17702 36.68052     719.878    1022.827  892.572  289.440   89.389   -0.259   11.621 0.00000e+00
  139    18.33333   -97.17558 36.68348     704.873    1008.118  894.097  289.582   88.860   -0.289   11.637 0.00000e+00
  140    18.35000   -97.17420 36.68628     692.734     996.370  895.358  289.706   88.400   -0.182   11.653 0.00000e+00
  141    18.36667   -97.17287 36.68897     678.636     982.782  896.802  289.841   87.449   -0.452   11.609 0.00000e+00
  142    18.38333   -97.17158 36.69152     661.713     966.474  898.468  290.027   86.750   -0.410   11.633 0.00000e+00
  143    18.40000   -97.17046 36.69384     646.513     951.826  900.009  290.185   86.240   -0.558   11.661 0.00000e+00
  144    18.41667   -97.16948 36.69601     633.969     939.754  901.305  290.319   86.117   -0.641   11.727 0.00000e+00
  145    18.43333   -97.16840 36.69818     633.695     939.579  901.343  290.329   86.512   -0.619   11.788 0.00000e+00
  146    18.45000   -97.16731 36.70029     648.733     954.574  899.729  290.191   87.599   -0.355   11.854 0.00000e+00
  147    18.46667   -97.16640 36.70238     678.038     983.914  896.613  289.908   89.087    0.152   11.880 0.00000e+00
  148    18.48333   -97.16558 36.70455     722.057    1028.030  891.981  289.466   91.827    0.455   11.965 0.00000e+00
  149    18.50000   -97.16471 36.70682     767.413    1073.626  887.227  289.103   92.762    0.581   11.872 0.00000e+00
  150    18.51667   -97.16376 36.70888     810.021    1116.480  882.811  288.732   93.934    0.651   11.797 0.00000e+00
  151    18.53333   -97.16274 36.71077     848.978    1155.664  878.732  288.349   96.187    0.711   11.840 2.83398e-04
  152    18.55000   -97.16170 36.71263     876.995    1183.939  875.822  288.059   98.215    0.337   11.904 9.29516e-05
  153    18.56667   -97.16066 36.71451     877.140    1184.831  875.663  288.046   98.600   -0.398   11.942 0.00000e+00
  154    18.58333   -97.15961 36.71635     843.873    1152.639  879.011  288.431   95.660   -1.298   11.833 0.00000e+00
  155    18.60000   -97.15865 36.71833     768.922    1078.757  886.668  289.195   91.084   -1.841   11.734 0.00000e+00
  156    18.61667   -97.15810 36.72063     680.344     991.263  895.812  290.057   87.077   -1.409   11.734 0.00000e+00
  157    18.63333   -97.15790 36.72326     615.384     927.647  902.510  290.673   84.605   -1.017   11.769 0.00000e+00
  158    18.65000   -97.15782 36.72613     576.536     890.384  906.455  291.024   83.439   -0.449   11.817 0.00000e+00
  159    18.66667   -97.15776 36.72907     580.521     895.991  905.860  290.932   84.144    0.526   11.855 0.00000e+00
  160    18.68333   -97.15750 36.73183     634.941     951.786  899.983  290.422   87.118    1.762   11.960 0.00000e+00
  161    18.70000   -97.15700 36.73441     740.193    1058.303  888.837  289.590   92.362    2.746   12.175 0.00000e+00
  162    18.71667   -97.15601 36.73646     833.553    1152.851  879.033  288.601   97.394    1.825   12.181 0.00000e+00
  163    18.73333   -97.15448 36.73854     860.515    1181.077  876.245  288.310   98.334    0.317   12.108 0.00000e+00
  164    18.75000   -97.15277 36.74091     827.651    1147.326  879.791  288.773   93.488   -0.806   11.813 0.00000e+00
  165    18.76667   -97.15144 36.74342     760.440    1078.207  886.981  289.559   87.990   -1.128   11.599 0.00000e+00
  166    18.78333   -97.15052 36.74592     696.072    1012.239  893.829  290.255   83.939   -0.851   11.481 0.00000e+00
  167    18.80000   -97.14980 36.74837     653.837     969.241  898.327  290.703   81.318   -0.544   11.387 0.00000e+00
  168    18.81667   -97.14907 36.75084     629.545     944.505  900.897  290.936   80.277   -0.398   11.376 0.00000e+00
  169    18.83333   -97.14836 36.75332     606.780     921.355  903.356  291.144   79.768   -0.467   11.423 0.00000e+00
  170    18.85000   -97.14787 36.75581     578.053     892.619  906.328  291.393   79.295   -0.542   11.498 0.00000e+00
  171    18.86667   -97.14760 36.75821     548.002     863.153  909.458  291.650   78.726   -0.499   11.562 0.00000e+00
  172    18.88333   -97.14754 36.76049     518.143     833.968  912.557  291.920   77.869   -0.468   11.593 0.00000e+00
  173    18.90000   -97.14762 36.76267     491.359     807.934  915.308  292.189   76.635   -0.428   11.569 0.00000e+00
  174    18.91667   -97.14779 36.76478     464.526     782.008  918.033  292.457   75.362   -0.447   11.536 0.00000e+00
  175    18.93333   -97.14801 36.76688     436.864     755.314  920.872  292.723   74.321   -0.546   11.532 0.00000e+00
  176    18.95000   -97.14825 36.76897     404.127     723.491  924.267  293.030   73.229   -0.645   11.541 0.00000e+00
  177    18.96667   -97.14854 36.77104     365.486     685.711  928.299  293.391   71.927   -0.694   11.543 0.00000e+00
  178    18.98333   -97.14878 36.77307     323.617     644.529  932.735  293.802   70.401   -0.751   11.536 0.00000e+00
