    0    16.01667   -97.45901 36.25417      59.658     419.249  957.265  292.638   85.897   -0.124   12.749 0.00000e+00
    1    16.03333   -97.45941 36.25734      50.777     407.248  958.610  292.794   85.373   -0.071   12.778 0.00000e+00
    2    16.05000   -97.45984 36.26032      47.536     401.281  959.245  292.888   84.948   -0.106   12.781 0.00000e+00
    3    16.06667   -97.46024 36.26309      48.556     400.014  959.447  292.959   84.629   -0.091   12.787 0.00000e+00
    4    16.08333   -97.46051 36.26561      51.033     400.060  959.489  292.998   84.485   -0.069   12.796 0.00000e+00
    5    16.10000   -97.46063 36.26792      48.026     394.904  960.017  293.056   84.343   -0.051   12.813 0.00000e+00
    6    16.11667   -97.46078 36.26992      38.995     384.009  961.298  293.180   83.900   -0.227   12.828 0.00000e+00
    7    16.13333   -97.46111 36.27159      25.875     369.456  962.917  293.359   83.199   -0.220   12.843 0.00000e+00
    8    16.15000   -97.46196 36.27296      14.836     357.834  964.253  293.543   82.529   -0.112   12.868 0.00000e+00
    9    16.16667   -97.46342 36.27418      12.126     355.680  964.519  293.634   82.188    0.008   12.884 0.00000e+00
   10    16.18333   -97.46513 36.27527      15.571     360.170  963.998  293.678   82.170    0.187   12.924 0.00000e+00
   11    16.20000   -97.46641 36.27651      28.847     374.226  962.427  293.563   82.699    0.363   12.935 0.00000e+00
   12    16.21667   -97.46708 36.27800      49.836     395.604  960.099  293.322   83.701    0.278   12.928 0.00000e+00
   13    16.23333   -97.46745 36.27962      68.399     414.362  957.946  293.103   84.585    0.287   12.917 0.00000e+00
   14    16.25000   -97.46764 36.28119      89.289     436.381  955.454  292.865   85.573    0.323   12.907 0.00000e+00
   15    16.26667   -97.46782 36.28288     107.029     455.822  953.359  292.658   86.455    0.240   12.901 0.00000e+00
   16    16.28333   -97.46807 36.28469     119.172     469.792  951.757  292.512   87.096    0.093   12.900 0.00000e+00
   17    16.30000   -97.46844 36.28645     127.765     480.231  950.584  292.410   87.533    0.132   12.898 0.00000e+00
   18    16.31667   -97.46880 36.28808     140.198     494.258  949.080  292.282   88.097    0.171   12.897 0.00000e+00
   19    16.33333   -97.46907 36.28977     155.438     509.816  947.429  292.153   88.655    0.292   12.897 0.00000e+00
   20    16.35000   -97.46919 36.29156     164.939     519.119  946.462  292.087   88.916    0.090   12.894 0.00000e+00
   21    16.36667   -97.46926 36.29342     162.987     516.971  946.690  292.115   88.740   -0.330   12.888 0.00000e+00
   22    16.38333   -97.46935 36.29534     154.135     507.905  947.667  292.212   88.259   -0.270   12.883 0.00000e+00
   23    16.40000   -97.46925 36.29728     140.243     493.888  949.204  292.371   87.472   -0.392   12.876 0.00000e+00
   24    16.41667   -97.46884 36.29926     117.653     471.389  951.718  292.617   86.279   -0.554   12.864 0.00000e+00
   25    16.43333   -97.46825 36.30122      88.501     442.106  954.931  292.930   84.842   -0.525   12.857 0.00000e+00
   26    16.45000   -97.46759 36.30323      62.101     415.485  957.872  293.234   83.475   -0.522   12.853 0.00000e+00
   27    16.46667   -97.46700 36.30517      39.956     392.898  960.416  293.482   82.549   -0.295   12.874 0.00000e+00
   28    16.48333   -97.46648 36.30689      26.549     378.328  962.001  293.658   81.965   -0.257   12.902 0.00000e+00
   29    16.50000   -97.46593 36.30836      15.934     366.822  963.205  293.896   81.194   -0.117   12.955 0.00000e+00
   30    16.51667   -97.46533 36.30961      10.565     360.943  963.793  294.031   80.683   -0.076   12.975 0.00000e+00
   31    16.53333   -97.46468 36.31083       7.735     357.914  964.026  294.188   79.876   -0.031   12.968 0.00000e+00
   32    16.55000   -97.46415 36.31204       7.384     357.659  963.993  294.344   79.354   -0.002   13.009 0.00000e+00
   33    16.56667   -97.46384 36.31321       8.373     358.680  963.917  294.442   79.047    0.033   13.039 0.00000e+00
   34    16.58333   -97.46382 36.31449      10.476     360.065  963.855  294.452   79.014    0.073   13.041 0.00000e+00
   35    16.60000   -97.46400 36.31583      14.362     362.699  963.551  294.501   78.810    0.110   13.052 0.00000e+00
   36    16.61667   -97.46418 36.31719      18.676     365.720  963.222  294.483   78.718    0.097   13.026 0.00000e+00
   37    16.63333   -97.46431 36.31853      23.937     369.758  962.752  294.415   78.879    0.079   13.005 0.00000e+00
   38    16.65000   -97.46428 36.31987      29.945     374.656  962.200  294.346   79.095    0.106   12.992 0.00000e+00
   39    16.66667   -97.46410 36.32131      36.780     380.398  961.598  294.263   79.375    0.129   12.979 0.00000e+00
   40    16.68333   -97.46387 36.32281      44.732     386.932  960.894  294.228   79.553    0.176   12.990 0.00000e+00
   41    16.70000   -97.46362 36.32432      54.625     395.189  959.935  294.130   79.809    0.197   12.966 0.00000e+00
   42    16.71667   -97.46343 36.32597      66.586     405.357  958.823  294.005   80.126    0.183   12.931 0.00000e+00
   43    16.73333   -97.46327 36.32775      79.956     416.713  957.562  293.877   80.448    0.238   12.898 0.00000e+00
   44    16.75000   -97.46310 36.32967      94.367     428.898  956.265  293.760   80.810    0.315   12.879 0.00000e+00
   45    16.76667   -97.46294 36.33159     111.091     442.658  954.815  293.627   81.359    0.349   12.880 0.00000e+00
   46    16.78333   -97.46269 36.33345     131.292     459.638  952.964  293.498   81.931    0.428   12.892 0.00000e+00
   47    16.80000   -97.46223 36.33532     154.122     479.122  950.867  293.341   82.476    0.250   12.879 0.00000e+00
   48    16.81667   -97.46150 36.33727     165.184     486.392  950.055  293.260   82.764    0.134   12.870 0.00000e+00
   49    16.83333   -97.46054 36.33931     173.928     493.620  949.078  293.176   83.033   -0.088   12.857 0.00000e+00
   50    16.85000   -97.45933 36.34141     181.673     502.468  948.159  293.092   83.200    0.012   12.829 0.00000e+00
   51    16.86667   -97.45793 36.34354     199.624     520.635  946.210  292.918   83.877    0.431   12.819 0.00000e+00
   52    16.88333   -97.45644 36.34572     226.452     546.744  943.392  292.678   85.000    0.684   12.835 0.00000e+00
   53    16.90000   -97.45505 36.34799     242.285     561.053  941.824  292.551   85.710    0.442   12.861 0.00000e+00
   54    16.91667   -97.45398 36.35043     241.168     558.622  942.081  292.589   85.612    0.096   12.874 0.00000e+00
   55    16.93333   -97.45314 36.35292     230.418     546.948  943.350  292.685   85.136   -0.313   12.862 0.00000e+00
   56    16.95000   -97.45253 36.35531     220.010     536.145  944.411  292.777   84.711   -0.467   12.858 0.00000e+00
   57    16.96667   -97.45212 36.35756     210.648     527.298  945.336  292.867   84.301   -0.402   12.855 0.00000e+00
   58    16.98333   -97.45172 36.35975     202.603     520.002  946.113  292.950   83.939   -0.328   12.855 0.00000e+00
   59    17.00000   -97.45125 36.36194     194.116     512.406  946.932  293.039   83.534   -0.265   12.854 0.00000e+00
   60    17.01667   -97.45068 36.36412     182.966     502.725  947.895  293.135   83.132   -0.360   12.856 0.00000e+00
   61    17.03333   -97.45012 36.36627     168.330     490.248  949.359  293.273   82.532   -0.293   12.854 0.00000e+00
   62    17.05000   -97.44953 36.36841     155.484     479.474  950.497  293.381   82.066   -0.267   12.852 0.00000e+00
   63    17.06667   -97.44890 36.37053     145.145     471.137  951.438  293.469   81.666   -0.107   12.847 0.00000e+00
   64    17.08333   -97.44824 36.37269     145.273     473.079  951.253  293.456   81.677    0.021   12.841 0.00000e+00
   65    17.10000   -97.44756 36.37489     151.417     480.668  950.493  293.394   81.865    0.156   12.831 0.00000e+00
   66    17.11667   -97.44692 36.37716     161.148     491.624  949.318  293.308   82.162    0.036   12.825 0.00000e+00
   67    17.13333   -97.44627 36.37943     164.321     495.760  948.828  293.272   82.271   -0.087   12.820 0.00000e+00
   68    17.15000   -97.44558 36.38164     161.724     494.781  948.893  293.295   82.134   -0.127   12.816 0.00000e+00
   69    17.16667   -97.44483 36.38371     163.497     498.589  948.408  293.267   82.272   -0.046   12.822 0.00000e+00
   70    17.18333   -97.44411 36.38573     162.907     500.167  948.263  293.257   82.307   -0.047   12.821 0.00000e+00
   71    17.20000   -97.44341 36.38772     163.515     502.864  948.001  293.251   82.357    0.113   12.828 0.00000e+00
   72    17.21667   -97.44278 36.38964     174.865     515.637  946.602  293.139   82.838    0.269   12.831 0.00000e+00
   73    17.23333   -97.44221 36.39161     190.057     532.006  944.879  292.991   83.480    0.239   12.835 0.00000e+00
   74    17.25000   -97.44179 36.39365     203.117     546.287  943.291  292.852   84.067    0.186   12.835 0.00000e+00
   75    17.26667   -97.44139 36.39571     212.144     556.576  942.211  292.768   84.445    0.119   12.840 0.00000e+00
   76    17.28333   -97.44107 36.39776     216.678     560.125  941.974  292.756   84.475    0.044   12.838 0.00000e+00
   77    17.30000   -97.44083 36.39976     215.455     555.886  942.441  292.818   84.198   -0.010   12.839 0.00000e+00
   78    17.31667   -97.44061 36.40168     207.657     545.205  943.613  292.933   83.632   -0.084   12.830 0.00000e+00
   79    17.33333   -97.44046 36.40355     189.823     524.545  945.860  293.125   82.738   -0.175   12.815 0.00000e+00
   80    17.35000   -97.44045 36.40540     161.418     493.534  949.237  293.429   81.449   -0.295   12.811 0.00000e+00
   81    17.36667   -97.44064 36.40727     125.824     455.798  953.393  293.811   79.928   -0.425   12.818 0.00000e+00
   82    17.38333   -97.44103 36.40919      88.767     416.632  957.655  294.202   78.360   -0.541   12.818 0.00000e+00
   83    17.40000   -97.44183 36.41123      56.110     381.819  961.536  294.583   76.603   -0.384   12.778 0.00000e+00
   84    17.41667   -97.44292 36.41339      43.406     367.092  963.085  294.870   75.459    0.067   12.792 0.00000e+00
   85    17.43333   -97.44392 36.41547      61.051     383.626  961.277  294.917   75.574    0.553   12.873 0.00000e+00
   86    17.45000   -97.44447 36.41758     111.941     433.461  955.769  294.578   77.134    1.382   12.941 0.00000e+00
   87    17.46667   -97.44464 36.41958     194.784     515.130  946.758  293.723   80.422    1.663   12.917 0.00000e+00
   88    17.48333   -97.44439 36.42143     268.771     587.932  938.810  292.985   83.277    1.145   12.883 0.00000e+00
   89    17.50000   -97.44371 36.42302     322.839     641.124  933.008  292.447   85.341    0.974   12.844 0.00000e+00
   90    17.51667   -97.44279 36.42447     362.418     679.972  928.850  292.041   86.368    0.630   12.727 0.00000e+00
   91    17.53333   -97.44183 36.42603     377.907     694.674  927.260  291.908   86.343    0.179   12.639 0.00000e+00
   92    17.55000   -97.44089 36.42782     371.062     686.961  928.117  292.034   84.849   -0.253   12.508 0.00000e+00
   93    17.56667   -97.43987 36.42988     357.793     672.719  929.626  292.224   83.137   -0.300   12.383 0.00000e+00
   94    17.58333   -97.43870 36.43211     356.391     670.490  929.837  292.261   82.758    0.004   12.353 0.00000e+00
   95    17.60000   -97.43751 36.43446     377.693     691.202  927.526  292.058   83.576    0.457   12.347 0.00000e+00
   96    17.61667   -97.43652 36.43696     414.790     728.049  923.550  291.704   85.098    0.637   12.348 0.00000e+00
   97    17.63333   -97.43584 36.43956     445.248     758.459  920.258  291.414   86.310    0.318   12.340 0.00000e+00
   98    17.65000   -97.43530 36.44217     452.343     765.321  919.558  291.348   86.475   -0.328   12.321 0.00000e+00
   99    17.66667   -97.43472 36.44477     416.681     729.615  923.361  291.729   84.538   -1.034   12.289 0.00000e+00
  100    17.68333   -97.43404 36.44741     342.138     655.032  931.403  292.483   81.226   -1.639   12.274 0.00000e+00
  101    17.70000   -97.43332 36.45016     241.192     553.663  942.371  293.477   77.553   -2.030   12.325 0.00000e+00
  102    17.71667   -97.43295 36.45310     129.029     440.647  954.713  294.584   73.299   -1.924   12.316 0.00000e+00
  103    17.73333   -97.43294 36.45621      65.638     376.025  961.872  295.212   71.030   -0.641   12.314 0.00000e+00
  104    17.75000   -97.43315 36.45922      46.718     355.900  964.188  295.570   70.046   -0.163   12.383 0.00000e+00
  105    17.76667   -97.43362 36.46187      42.970     351.425  964.734  295.631   69.971    0.038   12.410 0.00000e+00
  106    17.78333   -97.43419 36.46425      49.180     357.604  964.014  295.562   70.230    0.240   12.412 0.00000e+00
  107    17.80000   -97.43457 36.46645      65.234     373.785  962.258  295.490   70.543    0.399   12.435 0.00000e+00
  108    17.81667   -97.43484 36.46862      86.758     395.323  959.887  295.315   71.131    0.432   12.435 0.00000e+00
  109    17.83333   -97.43506 36.47084     109.012     417.551  957.421  295.103   71.903    0.391   12.440 0.00000e+00
  110    17.85000   -97.43524 36.47319     132.131     439.606  955.031  294.882   72.723    0.287   12.442 0.00000e+00
  111    17.86667   -97.43547 36.47575     141.052     446.690  954.199  294.788   73.016    0.049   12.431 0.00000e+00
  112    17.88333   -97.43577 36.47851     135.235     438.760  955.029  294.870   72.647   -0.057   12.419 0.00000e+00
  113    17.90000   -97.43620 36.48151     123.237     424.845  956.545  295.028   72.097   -0.111   12.427 0.00000e+00
  114    17.91667   -97.43652 36.48461     119.941     420.396  957.057  295.208   71.757    0.267   12.499 0.00000e+00
  115    17.93333   -97.43674 36.48753     146.603     445.921  954.261  295.043   72.517    0.925   12.541 0.00000e+00
  116    17.95000   -97.43697 36.49001     222.847     521.068  946.023  294.377   74.973    1.986   12.552 0.00000e+00
  117    17.96667   -97.43707 36.49211     347.143     644.386  932.683  293.150   79.462    2.106   12.503 0.00000e+00
  118    17.98333   -97.43637 36.49414     446.731     742.969  922.049  292.170   82.988    1.311   12.421 0.00000e+00
  119    18.00000   -97.43475 36.49625     516.714     811.954  914.585  291.524   84.763    0.843   12.280 0.00000e+00
  120    18.01667   -97.43259 36.49833     544.524     841.050  911.443  291.255   85.703    0.137   12.249 0.00000e+00
  121    18.03333   -97.43034 36.50047     536.090     834.901  912.058  291.309   85.402   -0.454   12.239 0.00000e+00
  122    18.05000   -97.42829 36.50267     508.246     809.620  914.744  291.552   84.416   -0.627   12.249 0.00000e+00
  123    18.06667   -97.42647 36.50493     476.634     780.270  917.926  291.824   83.434   -0.756   12.274 0.00000e+00
  124    18.08333   -97.42490 36.50722     442.194     746.809  921.526  292.149   81.857   -0.988   12.243 0.00000e+00
  125    18.10000   -97.42338 36.50961     401.741     707.439  925.745  292.561   80.152   -0.917   12.246 0.00000e+00
  126    18.11667   -97.42178 36.51205     377.909     684.940  928.122  292.795   79.303   -0.490   12.264 0.00000e+00
  127    18.13333   -97.42023 36.51455     353.137     661.531  930.662  293.039   78.621   -0.514   12.312 0.00000e+00
  128    18.15000   -97.41901 36.51711     314.044     623.215  934.850  293.417   77.475   -0.708   12.366 0.00000e+00
  129    18.16667   -97.41821 36.51959     269.340     578.856  939.701  293.887   75.970   -0.626   12.421 0.00000e+00
  130    18.18333   -97.41782 36.52189     236.366     545.979  943.324  294.220   74.863   -0.546   12.448 0.00000e+00
  131    18.20000   -97.41776 36.52407     203.588     512.898  946.927  294.564   73.667   -0.622   12.465 0.00000e+00
  132    18.21667   -97.41797 36.52611     162.025     471.188  951.462  295.011   72.200   -0.729   12.499 0.00000e+00
  133    18.23333   -97.41821 36.52815     117.866     426.923  956.333  295.434   70.681   -0.649   12.494 0.00000e+00
  134    18.25000   -97.41842 36.53033      83.574     392.525  960.133  295.792   69.431   -0.366   12.497 0.00000e+00
  135    18.26667   -97.41877 36.53269      64.882     373.903  962.168  296.128   68.429   -0.222   12.546 0.00000e+00
  136    18.28333   -97.41923 36.53518      57.166     366.267  962.978  296.224   68.119   -0.056   12.552 0.00000e+00
  137    18.30000   -97.41978 36.53778      65.068     374.283  962.096  296.429   67.546    0.538   12.615 0.00000e+00
  138    18.31667   -97.42017 36.54039      95.295     404.421  958.730  296.128   68.424    0.553   12.590 0.00000e+00
  139    18.33333   -97.42013 36.54290     118.125     426.846  956.258  295.820   69.357    0.309   12.556 0.00000e+00
  140    18.35000   -97.41998 36.54535     133.288     441.555  954.638  295.631   69.971    0.200   12.542 0.00000e+00
  141    18.36667   -97.41975 36.54784     142.669     451.787  953.410  295.521   70.383    0.006   12.547 0.00000e+00
  142    18.38333   -97.41949 36.55041     143.200     454.733  953.063  295.545   70.330   -0.168   12.561 0.00000e+00
  143    18.40000   -97.41926 36.55303     138.697     452.656  953.322  295.621   70.153   -0.170   12.585 0.00000e+00
  144    18.41667   -97.41913 36.55566     136.796     452.790  953.370  295.623   70.171   -0.014   12.589 0.00000e+00
  145    18.43333   -97.41899 36.55821     148.306     465.112  952.022  295.481   70.576    0.328   12.569 0.00000e+00
  146    18.45000   -97.41872 36.56078     173.839     491.347  949.172  295.187   71.101    0.727   12.473 0.00000e+00
  147    18.46667   -97.41837 36.56355     201.865     519.899  946.102  294.897   71.917    0.713   12.433 0.00000e+00
  148    18.48333   -97.41801 36.56650     211.436     528.957  945.077  294.805   72.280    0.360   12.439 0.00000e+00
  149    18.50000   -97.41753 36.56959     198.829     515.940  946.483  294.946   71.474   -0.023   12.389 0.00000e+00
  150    18.51667   -97.41685 36.57271     176.988     494.341  948.767  295.157   70.428   -0.146   12.337 0.00000e+00
  151    18.53333   -97.41614 36.57574     153.189     471.646  951.269  295.364   69.410   -0.407   12.283 0.00000e+00
  152    18.55000   -97.41541 36.57858     148.474     467.954  951.649  295.455   68.971    0.177   12.269 0.00000e+00
  153    18.56667   -97.41457 36.58124     181.604     501.649  947.974  295.182   69.510    0.787   12.206 0.00000e+00
  154    18.58333   -97.41374 36.58390     236.587     556.779  942.042  294.672   70.766    1.018   12.118 0.00000e+00
  155    18.60000   -97.41298 36.58659     288.944     609.408  936.288  294.123   72.394    0.936   12.056 0.00000e+00
  156    18.61667   -97.41238 36.58940     336.627     657.485  931.045  293.630   74.121    0.847   12.039 0.00000e+00
  157    18.63333   -97.41199 36.59238     367.369     688.688  927.719  293.336   75.153    0.067   12.028 0.00000e+00
  158    18.65000   -97.41166 36.59540     356.137     677.924  928.829  293.466   74.691   -0.861   12.036 0.00000e+00
  159    18.66667   -97.41115 36.59820     301.104     623.206  934.743  294.010   72.834   -1.553   12.064 0.00000e+00
  160    18.68333   -97.41025 36.60093     238.929     561.432  941.432  294.657   70.711   -1.195   12.105 0.00000e+00
  161    18.70000   -97.40907 36.60356     209.509     532.580  944.548  294.915   69.765   -0.377   12.095 0.00000e+00
  162    18.71667   -97.40778 36.60615     225.057     548.878  942.749  294.861   70.150    0.635   12.144 0.00000e+00
  163    18.73333   -97.40670 36.60873     267.926     592.574  938.054  294.474   71.412    0.955   12.131 0.00000e+00
  164    18.75000   -97.40592 36.61138     315.104     640.450  932.850  294.003   73.007    0.386   12.113 0.00000e+00
  165    18.76667   -97.40519 36.61404     339.297     665.240  930.182  293.753   73.883    0.113   12.103 0.00000e+00
  166    18.78333   -97.40437 36.61666     357.981     684.362  928.149  293.603   74.383    0.195   12.098 0.00000e+00
  167    18.80000   -97.40343 36.61920     372.864     699.553  926.612  293.510   74.572    0.250   12.079 0.00000e+00
  168    18.81667   -97.40247 36.62164     378.909     705.376  926.049  293.486   74.534    0.115   12.063 0.00000e+00
  169    18.83333   -97.40167 36.62411     374.495     700.441  926.625  293.522   74.179    0.313   12.025 0.00000e+00
  170    18.85000   -97.40118 36.62672     396.698     722.120  924.321  293.347   74.933    1.239   12.045 0.00000e+00
  171    18.86667   -97.40070 36.62933     462.862     787.607  917.462  292.768   77.337    2.023   12.079 0.00000e+00
  172    18.88333   -97.40022 36.63174     573.515     896.114  905.955  291.764   81.352    2.894   12.081 0.00000e+00
  173    18.90000   -97.39972 36.63386     719.619    1039.796  890.876  290.405   86.998    3.168   12.054 0.00000e+00
  174    18.91667   -97.39903 36.63569     880.631    1198.495  874.515  288.872   94.205    2.839   12.053 0.00000e+00
  175    18.93333   -97.39812 36.63754    1017.803    1333.203  860.674  287.651  100.000    2.497   12.022 3.79836e-02
  176    18.95000   -97.39698 36.63941    1124.752    1438.095  850.037  287.178  100.000    1.934   11.813 2.55234e-01
  177    18.96667   -97.39549 36.64132    1195.458    1507.188  843.095  286.791  100.000    1.321   11.614 3.04165e-01
  178    18.98333   -97.39385 36.64347    1220.337    1530.938  840.683  286.594  100.000    1.032   11.498 2.40147e-01
