    0    16.01667   -97.47378 36.22620       2.429     368.133  962.630  294.522   79.351    0.010   13.171 0.00000e+00
    1    16.03333   -97.47337 36.22687       3.122     369.830  962.442  294.641   79.173    0.012   13.241 0.00000e+00
    2    16.05000   -97.47289 36.22758       3.595     371.408  962.276  294.720   79.095    0.000   13.295 0.00000e+00
    3    16.06667   -97.47234 36.22824       4.060     372.898  962.095  294.703   79.302    0.009   13.319 0.00000e+00
    4    16.08333   -97.47176 36.22885       4.652     374.465  961.950  294.741   79.352    0.024   13.361 0.00000e+00
    5    16.10000   -97.47137 36.22958       7.525     378.413  961.616  294.802   79.353    0.052   13.416 0.00000e+00
    6    16.11667   -97.47117 36.23057      10.702     382.697  961.258  294.674   79.818    0.028   13.393 0.00000e+00
    7    16.13333   -97.47102 36.23177      12.643     385.555  960.990  294.528   80.055    0.029   13.316 0.00000e+00
    8    16.15000   -97.47102 36.23331      15.854     389.869  960.531  294.345   80.377    0.027   13.225 0.00000e+00
    9    16.16667   -97.47129 36.23517      17.589     392.993  960.155  294.201   80.640    0.054   13.156 0.00000e+00
   10    16.18333   -97.47180 36.23724      24.753     401.964  959.191  294.106   80.993    0.290   13.148 0.00000e+00
   11    16.20000   -97.47209 36.23953      55.635     433.085  955.888  293.616   82.714    0.762   13.070 0.00000e+00
   12    16.21667   -97.47213 36.24210     104.754     480.369  950.614  292.933   85.184    0.647   12.971 0.00000e+00
   13    16.23333   -97.47176 36.24477     141.527     515.328  946.781  292.495   86.795    0.572   12.910 0.00000e+00
   14    16.25000   -97.47108 36.24743     173.910     545.931  943.437  292.126   88.173    0.659   12.860 0.00000e+00
   15    16.26667   -97.47028 36.25040     187.420     556.970  942.288  292.052   88.472    0.393   12.859 0.00000e+00
   16    16.28333   -97.46942 36.25365     179.206     545.686  943.605  292.143   87.677   -0.128   12.799 0.00000e+00
   17    16.30000   -97.46883 36.25719     152.945     515.634  946.920  292.528   86.110   -0.597   12.833 0.00000e+00
   18    16.31667   -97.46826 36.26083     114.535     472.953  951.571  293.007   84.179   -0.494   12.864 0.00000e+00
   19    16.33333   -97.46722 36.26440      79.211     433.151  955.950  293.383   82.551   -0.174   12.855 0.00000e+00
   20    16.35000   -97.46577 36.26765      70.199     419.799  957.418  293.510   81.790    0.139   12.819 0.00000e+00
   21    16.36667   -97.46419 36.27032      87.043     433.019  955.967  293.453   82.050    0.579   12.833 0.00000e+00
   22    16.38333   -97.46274 36.27281     132.241     475.740  951.144  293.040   83.478    0.898   12.789 0.00000e+00
   23    16.40000   -97.46152 36.27545     196.288     538.304  944.277  292.410   85.982    1.251   12.755 0.00000e+00
   24    16.41667   -97.46036 36.27816     264.867     605.326  936.949  291.740   88.903    1.311   12.743 0.00000e+00
   25    16.43333   -97.45924 36.28083     318.035     657.743  931.157  291.217   91.268    1.069   12.735 0.00000e+00
   26    16.45000   -97.45824 36.28349     353.367     694.696  927.205  290.862   92.821    0.893   12.717 0.00000e+00
   27    16.46667   -97.45730 36.28624     378.007     720.649  924.387  290.614   93.782    0.778   12.687 0.00000e+00
   28    16.48333   -97.45640 36.28914     404.541     747.389  921.654  290.379   94.703    0.880   12.659 0.00000e+00
   29    16.50000   -97.45538 36.29220     440.141     780.838  918.039  290.069   95.962    0.928   12.625 0.00000e+00
   30    16.51667   -97.45403 36.29535     475.628     813.993  914.479  289.751   97.397    0.796   12.605 0.00000e+00
   31    16.53333   -97.45223 36.29855     501.706     839.152  911.694  289.515   98.419    0.370   12.584 0.00000e+00
   32    16.55000   -97.44979 36.30164     510.537     848.742  910.604  289.415   98.957   -0.238   12.587 0.00000e+00
   33    16.56667   -97.44695 36.30453     490.924     830.699  912.534  289.614   97.847   -0.854   12.580 8.12959e-05
   34    16.58333   -97.44398 36.30726     456.782     795.624  916.439  289.979   96.341   -0.632   12.625 0.00000e+00
   35    16.60000   -97.44109 36.30998     438.201     774.082  918.741  290.239   94.721   -0.405   12.588 0.00000e+00
   36    16.61667   -97.43844 36.31278     429.768     764.683  919.700  290.334   94.053   -0.297   12.563 0.00000e+00
   37    16.63333   -97.43612 36.31565     430.387     764.547  919.750  290.318   94.192   -0.029   12.567 0.00000e+00
   38    16.65000   -97.43410 36.31861     437.466     771.341  918.964  290.241   94.563    0.121   12.566 0.00000e+00
   39    16.66667   -97.43225 36.32156     447.373     781.654  917.923  290.160   94.845    0.242   12.553 0.00000e+00
   40    16.68333   -97.43045 36.32442     461.336     793.486  916.679  290.057   95.262    0.240   12.542 0.00000e+00
   41    16.70000   -97.42866 36.32723     465.269     795.247  916.487  290.037   95.371   -0.093   12.543 0.00000e+00
   42    16.71667   -97.42695 36.32999     447.961     775.689  918.636  290.228   94.421   -0.447   12.541 0.00000e+00
   43    16.73333   -97.42553 36.33272     413.237     737.624  922.723  290.597   92.621   -0.727   12.539 0.00000e+00
   44    16.75000   -97.42442 36.33543     369.305     690.526  927.741  291.049   90.471   -0.798   12.537 0.00000e+00
   45    16.76667   -97.42352 36.33815     326.175     644.442  932.738  291.502   88.357   -0.767   12.532 0.00000e+00
   46    16.78333   -97.42279 36.34083     284.739     600.831  937.480  291.932   86.404   -0.762   12.529 0.00000e+00
   47    16.80000   -97.42217 36.34343     247.039     560.920  941.883  292.325   84.731   -0.651   12.534 0.00000e+00
   48    16.81667   -97.42168 36.34596     216.405     527.995  945.452  292.641   83.430   -0.460   12.542 0.00000e+00
   49    16.83333   -97.42125 36.34846     194.337     505.014  947.918  292.863   82.552   -0.283   12.550 0.00000e+00
   50    16.85000   -97.42087 36.35099     180.377     490.810  949.469  292.997   81.975   -0.122   12.547 0.00000e+00
   51    16.86667   -97.42049 36.35353     171.852     482.068  950.389  293.079   81.612    0.009   12.543 0.00000e+00
   52    16.88333   -97.42007 36.35612     168.105     479.696  950.495  293.089   81.571    0.115   12.544 0.00000e+00
   53    16.90000   -97.41957 36.35879     169.105     484.346  950.008  293.047   81.785    0.191   12.550 0.00000e+00
   54    16.91667   -97.41895 36.36156     170.050     489.129  949.503  293.006   82.022    0.172   12.561 0.00000e+00
   55    16.93333   -97.41833 36.36445     166.330     488.576  949.605  293.016   82.094    0.124   12.578 0.00000e+00
   56    16.95000   -97.41786 36.36737     165.618     489.274  949.507  293.011   82.230    0.186   12.597 0.00000e+00
   57    16.96667   -97.41748 36.37029     174.879     499.833  948.389  292.921   82.658    0.443   12.606 0.00000e+00
   58    16.98333   -97.41705 36.37325     187.491     513.912  946.813  292.757   83.437    0.490   12.616 0.00000e+00
   59    17.00000   -97.41661 36.37620     191.509     519.542  946.210  292.694   83.657    0.093   12.607 0.00000e+00
   60    17.01667   -97.41617 36.37915     177.863     507.420  947.582  292.841   82.892   -0.361   12.589 0.00000e+00
   61    17.03333   -97.41568 36.38208     148.411     478.720  950.783  293.148   81.559   -0.632   12.584 0.00000e+00
   62    17.05000   -97.41507 36.38497     110.400     440.707  955.060  293.550   79.909   -0.668   12.586 0.00000e+00
   63    17.06667   -97.41432 36.38776      78.297     407.925  958.760  293.885   78.565   -0.543   12.586 0.00000e+00
   64    17.08333   -97.41345 36.39047      55.509     382.615  961.602  294.180   77.451   -0.377   12.600 0.00000e+00
   65    17.10000   -97.41258 36.39307      38.871     363.305  963.687  294.516   76.286   -0.290   12.644 0.00000e+00
   66    17.11667   -97.41180 36.39552      25.174     347.324  965.446  294.870   75.073   -0.243   12.695 0.00000e+00
   67    17.13333   -97.41122 36.39759      15.588     336.082  966.675  295.109   74.375   -0.141   12.747 0.00000e+00
   68    17.15000   -97.41068 36.39933       9.350     328.508  967.463  295.351   73.298   -0.073   12.741 0.00000e+00
   69    17.16667   -97.41013 36.40077       6.343     324.462  967.820  295.441   73.077   -0.021   12.769 0.00000e+00
   70    17.18333   -97.40962 36.40203       5.394     322.693  967.947  295.500   73.036    0.003   12.806 0.00000e+00
   71    17.20000   -97.40930 36.40314       5.355     322.017  968.043  295.626   72.846   -0.002   12.871 0.00000e+00
   72    17.21667   -97.40914 36.40415       5.672     321.817  968.044  295.722   72.675   -0.004   12.916 0.00000e+00
   73    17.23333   -97.40898 36.40508       6.232     321.919  968.071  295.789   72.633    0.012   12.962 0.00000e+00
   74    17.25000   -97.40878 36.40592       6.733     321.999  968.051  295.894   72.456    0.010   13.014 0.00000e+00
   75    17.26667   -97.40857 36.40668       6.983     321.863  968.039  295.941   72.397   -0.003   13.041 0.00000e+00
   76    17.28333   -97.40839 36.40739       7.348     321.869  968.095  295.920   72.531    0.002   13.048 0.00000e+00
   77    17.30000   -97.40832 36.40808       7.732     321.912  968.076  295.964   72.552    0.021   13.087 0.00000e+00
   78    17.31667   -97.40839 36.40878       9.295     323.149  967.948  295.966   72.713    0.027   13.119 0.00000e+00
   79    17.33333   -97.40857 36.40954      11.853     325.363  967.762  295.906   73.023    0.030   13.130 0.00000e+00
   80    17.35000   -97.40877 36.41048      14.768     327.843  967.515  295.842   73.148    0.065   13.104 0.00000e+00
   81    17.36667   -97.40887 36.41167      19.879     332.397  967.016  295.768   73.317    0.114   13.082 0.00000e+00
   82    17.38333   -97.40883 36.41305      27.454     339.321  966.236  295.649   73.602    0.148   13.047 0.00000e+00
   83    17.40000   -97.40873 36.41463      35.339     346.572  965.400  295.553   73.850    0.127   13.026 0.00000e+00
   84    17.41667   -97.40865 36.41631      42.358     352.978  964.627  295.505   73.986    0.145   13.022 0.00000e+00
   85    17.43333   -97.40858 36.41804      51.245     361.236  963.754  295.425   74.089    0.174   12.988 0.00000e+00
   86    17.45000   -97.40855 36.41980      63.506     372.855  962.425  295.288   74.359    0.172   12.943 0.00000e+00
   87    17.46667   -97.40857 36.42159      73.353     382.145  961.402  295.186   74.514    0.094   12.903 0.00000e+00
   88    17.48333   -97.40866 36.42341      78.608     387.427  960.808  295.121   74.482   -0.017   12.854 0.00000e+00
   89    17.50000   -97.40882 36.42527      79.520     388.562  960.700  295.106   74.177   -0.085   12.791 0.00000e+00
   90    17.51667   -97.40902 36.42713      78.370     387.683  960.775  295.113   73.776   -0.126   12.726 0.00000e+00
   91    17.53333   -97.40919 36.42895      75.250     384.847  961.093  295.162   73.444   -0.132   12.703 0.00000e+00
   92    17.55000   -97.40929 36.43069      66.567     376.612  961.988  295.372   72.992   -0.070   12.777 0.00000e+00
   93    17.56667   -97.40939 36.43235      59.870     370.633  962.640  295.561   72.571    0.025   12.843 0.00000e+00
   94    17.58333   -97.40961 36.43404      58.529     370.136  962.705  295.649   72.338    0.178   12.871 0.00000e+00
   95    17.60000   -97.40997 36.43593      66.379     379.063  961.694  295.484   72.503    0.343   12.783 0.00000e+00
   96    17.61667   -97.41054 36.43811      79.840     393.965  960.041  295.256   72.837    0.450   12.685 0.00000e+00
   97    17.63333   -97.41116 36.44020      99.925     415.245  957.688  294.965   73.504    0.438   12.605 0.00000e+00
   98    17.65000   -97.41182 36.44212     117.797     434.125  955.610  294.761   74.050    0.369   12.567 0.00000e+00
   99    17.66667   -97.41238 36.44377     144.156     461.313  952.667  294.519   74.888    0.647   12.559 0.00000e+00
  100    17.68333   -97.41291 36.44519     186.253     504.105  947.934  294.043   76.420    0.744   12.506 0.00000e+00
  101    17.70000   -97.41351 36.44638     239.860     558.404  941.949  293.548   78.490    1.056   12.535 0.00000e+00
  102    17.71667   -97.41414 36.44745     301.164     620.344  935.263  292.945   80.897    0.943   12.531 0.00000e+00
  103    17.73333   -97.41449 36.44872     358.766     678.308  928.945  292.388   83.275    1.352   12.541 0.00000e+00
  104    17.75000   -97.41457 36.45042     428.425     748.179  921.405  291.730   86.127    1.529   12.547 0.00000e+00
  105    17.76667   -97.41426 36.45259     495.535     815.647  914.151  291.085   88.982    1.189   12.543 0.00000e+00
  106    17.78333   -97.41354 36.45511     540.760     861.604  909.417  290.636   90.827    0.910   12.508 0.00000e+00
  107    17.80000   -97.41238 36.45799     569.200     887.000  906.737  290.397   91.765    0.484   12.483 0.00000e+00
  108    17.81667   -97.41074 36.46120     567.534     880.492  907.566  290.511   90.453   -0.415   12.383 0.00000e+00
  109    17.83333   -97.40879 36.46445     518.147     825.566  913.337  291.065   87.681   -1.263   12.355 0.00000e+00
  110    17.85000   -97.40697 36.46761     437.072     740.599  922.415  291.925   83.563   -1.560   12.310 0.00000e+00
  111    17.86667   -97.40531 36.47059     355.240     654.293  931.774  292.791   79.786   -1.181   12.287 0.00000e+00
  112    17.88333   -97.40355 36.47329     294.012     589.854  938.597  293.436   77.137   -1.329   12.277 0.00000e+00
  113    17.90000   -97.40209 36.47561     229.877     524.827  945.635  294.108   74.931   -1.615   12.342 0.00000e+00
  114    17.91667   -97.40108 36.47771     164.189     458.573  952.885  294.723   72.868   -1.656   12.373 0.00000e+00
  115    17.93333   -97.39996 36.47950      93.858     387.344  960.763  295.436   70.287   -1.220   12.368 0.00000e+00
  116    17.95000   -97.39859 36.48086      51.085     343.272  965.581  295.958   68.583   -0.391   12.399 0.00000e+00
  117    17.96667   -97.39731 36.48203      45.029     336.200  966.327  296.262   67.686    0.345   12.457 0.00000e+00
  118    17.98333   -97.39646 36.48381      55.958     346.688  965.123  296.289   67.827    0.340   12.520 0.00000e+00
  119    18.00000   -97.39588 36.48619      60.221     350.966  964.659  296.239   68.068    0.014   12.532 0.00000e+00
  120    18.01667   -97.39536 36.48873      49.885     341.036  965.722  296.344   67.795   -0.308   12.548 0.00000e+00
  121    18.03333   -97.39507 36.49120      34.594     326.621  967.317  296.591   67.263   -0.177   12.618 0.00000e+00
  122    18.05000   -97.39507 36.49351      29.930     322.794  967.751  296.837   66.763   -0.007   12.707 0.00000e+00
  123    18.06667   -97.39516 36.49561      32.939     326.570  967.298  296.901   66.727    0.123   12.756 0.00000e+00
  124    18.08333   -97.39510 36.49760      47.084     341.226  965.712  296.719   67.219    0.336   12.730 0.00000e+00
  125    18.10000   -97.39500 36.49963      79.250     373.656  962.101  296.268   68.394    0.565   12.648 0.00000e+00
  126    18.11667   -97.39510 36.50183     120.699     415.385  957.458  295.749   69.784    0.486   12.562 0.00000e+00
  127    18.13333   -97.39544 36.50412     148.614     443.597  954.374  295.390   70.643    0.290   12.480 0.00000e+00
  128    18.15000   -97.39562 36.50643     153.449     448.905  953.772  295.297   70.844    0.103   12.452 0.00000e+00
  129    18.16667   -97.39550 36.50872     143.504     439.534  954.818  295.361   70.484   -0.063   12.424 0.00000e+00
  130    18.18333   -97.39499 36.51094     126.947     423.520  956.525  295.497   69.943   -0.045   12.409 0.00000e+00
  131    18.20000   -97.39408 36.51307     111.894     409.528  957.982  295.613   69.463   -0.040   12.393 0.00000e+00
  132    18.21667   -97.39293 36.51510     106.415     406.304  958.332  295.660   69.310    0.200   12.397 0.00000e+00
  133    18.23333   -97.39184 36.51710     124.702     426.815  956.059  295.487   69.849    0.447   12.391 0.00000e+00
  134    18.25000   -97.39113 36.51920     153.010     456.832  952.822  295.228   70.692    0.562   12.385 0.00000e+00
  135    18.26667   -97.39076 36.52129     194.001     499.145  948.195  294.872   71.967    0.809   12.395 0.00000e+00
  136    18.28333   -97.39079 36.52335     243.818     550.539  942.583  294.378   73.750    0.906   12.394 0.00000e+00
  137    18.30000   -97.39098 36.52544     290.311     598.753  937.389  293.900   75.512    0.782   12.387 0.00000e+00
  138    18.31667   -97.39117 36.52764     325.861     636.158  933.363  293.525   76.914    0.545   12.379 0.00000e+00
  139    18.33333   -97.39140 36.52997     342.890     655.117  931.320  293.363   77.669   -0.148   12.403 0.00000e+00
  140    18.35000   -97.39162 36.53240     339.668     653.009  931.549  293.424   77.541   -0.548   12.426 0.00000e+00
  141    18.36667   -97.39178 36.53483     321.624     635.904  933.381  293.617   76.763   -0.631   12.426 0.00000e+00
  142    18.38333   -97.39192 36.53716     293.401     608.562  936.332  293.890   75.640   -0.634   12.415 0.00000e+00
  143    18.40000   -97.39203 36.53938     258.922     574.383  940.090  294.235   74.317   -0.561   12.412 0.00000e+00
  144    18.41667   -97.39220 36.54150     224.360     539.491  943.863  294.571   73.086   -0.424   12.413 0.00000e+00
  145    18.43333   -97.39247 36.54345     185.026     499.856  948.185  294.943   71.712   -0.592   12.405 0.00000e+00
  146    18.45000   -97.39278 36.54519     137.667     452.239  953.411  295.414   69.962   -0.795   12.390 0.00000e+00
  147    18.46667   -97.39302 36.54670      90.857     405.371  958.527  295.882   68.295   -0.769   12.381 0.00000e+00
  148    18.48333   -97.39310 36.54794      58.567     373.433  961.996  296.234   67.109   -0.479   12.386 0.00000e+00
  149    18.50000   -97.39296 36.54890      41.854     357.168  963.747  296.551   66.230   -0.104   12.440 0.00000e+00
  150    18.51667   -97.39260 36.54955      41.731     357.417  963.721  296.816   65.740    0.174   12.549 0.00000e+00
  151    18.53333   -97.39201 36.54990      68.313     384.338  960.724  296.614   66.397    0.778   12.560 0.00000e+00
  152    18.55000   -97.39143 36.55031     108.419     424.816  956.280  296.069   67.831    0.742   12.469 0.00000e+00
  153    18.56667   -97.39125 36.55088     167.415     484.144  949.783  295.528   69.507    1.343   12.444 0.00000e+00
  154    18.58333   -97.39108 36.55157     266.306     583.417  939.045  294.582   72.739    1.756   12.426 0.00000e+00
  155    18.60000   -97.39061 36.55239     370.273     687.951  927.725  293.559   76.555    1.558   12.424 0.00000e+00
  156    18.61667   -97.38997 36.55354     447.193     765.696  919.441  292.838   79.239    1.412   12.404 0.00000e+00
  157    18.63333   -97.38939 36.55486     506.307     825.694  913.059  292.256   80.521    0.762   12.237 0.00000e+00
  158    18.65000   -97.38860 36.55632     536.656     856.934  909.724  291.953   81.347    0.158   12.175 0.00000e+00
  159    18.66667   -97.38749 36.55810     540.900     862.357  909.123  291.923   79.589   -0.464   11.896 0.00000e+00
  160    18.68333   -97.38632 36.56026     523.899     846.709  910.812  292.131   77.539   -0.740   11.721 0.00000e+00
  161    18.70000   -97.38560 36.56279     490.280     814.220  914.277  292.468   75.836   -0.438   11.665 0.00000e+00
  162    18.71667   -97.38547 36.56520     483.901     807.688  915.023  292.513   75.916    0.143   11.701 0.00000e+00
  163    18.73333   -97.38539 36.56709     498.215     821.593  913.495  292.378   77.055    0.181   11.796 0.00000e+00
  164    18.75000   -97.38522 36.56845     505.145     828.261  912.797  292.317   77.385   -0.030   11.810 0.00000e+00
  165    18.76667   -97.38498 36.56952     498.740     821.683  913.497  292.379   77.159   -0.205   11.812 0.00000e+00
  166    18.78333   -97.38457 36.57065     486.158     808.951  914.826  292.508   76.829   -0.216   11.840 0.00000e+00
  167    18.80000   -97.38390 36.57204     468.397     791.587  916.640  292.680   76.308   -0.242   11.864 0.00000e+00
  168    18.81667   -97.38296 36.57372     431.148     755.952  920.431  293.042   75.152   -0.918   11.903 0.00000e+00
  169    18.83333   -97.38209 36.57555     373.737     700.251  926.394  293.614   72.971   -1.305   11.900 0.00000e+00
  170    18.85000   -97.38142 36.57750     307.790     636.002  933.275  294.243   70.707   -1.067   11.902 0.00000e+00
  171    18.86667   -97.38097 36.57948     254.981     584.827  938.813  294.740   68.856   -0.825   11.881 0.00000e+00
  172    18.88333   -97.38077 36.58148     212.748     543.211  943.402  295.150   67.434   -0.613   11.876 0.00000e+00
  173    18.90000   -97.38066 36.58351     183.252     513.888  946.552  295.427   66.535   -0.459   11.879 0.00000e+00
  174    18.91667   -97.38062 36.58558     161.545     492.366  948.857  295.622   65.918   -0.425   11.882 0.00000e+00
  175    18.93333   -97.38062 36.58766     139.594     470.587  951.258  295.849   65.173   -0.461   11.883 0.00000e+00
  176    18.95000   -97.38071 36.58970     112.737     443.644  954.211  296.165   64.137   -0.566   11.885 0.00000e+00
  177    18.96667   -97.38097 36.59168      79.203     409.903  957.893  296.522   62.980   -0.715   11.882 0.00000e+00
  178    18.98333   -97.38146 36.59367      42.093     372.630  962.021  296.879   61.923   -0.604   11.888 0.00000e+00
