    0    16.01667   -97.46437 36.22633      73.549     449.154  953.723  292.371   87.123   -0.235   12.763 0.00000e+00
    1    16.03333   -97.46235 36.22981      60.420     441.833  954.790  292.512   86.608   -0.155   12.786 0.00000e+00
    2    16.05000   -97.46016 36.23330      69.694     447.703  954.292  292.585   86.662    0.540   12.860 0.00000e+00
    3    16.06667   -97.45819 36.23652     106.422     480.806  950.531  292.242   88.199    0.721   12.860 0.00000e+00
    4    16.08333   -97.45662 36.23978     137.947     510.395  947.236  291.952   89.465    0.608   12.853 0.00000e+00
    5    16.10000   -97.45551 36.24302     160.938     532.148  944.836  291.740   90.385    0.608   12.846 0.00000e+00
    6    16.11667   -97.45470 36.24633     176.332     546.201  943.306  291.607   91.026    0.254   12.850 0.00000e+00
    7    16.13333   -97.45403 36.24980     174.730     543.857  943.539  291.625   90.894   -0.364   12.842 0.00000e+00
    8    16.15000   -97.45350 36.25348     151.261     519.727  946.312  291.902   89.311   -0.805   12.804 0.00000e+00
    9    16.16667   -97.45295 36.25732     111.491     477.578  951.134  292.361   87.045   -0.899   12.779 0.00000e+00
   10    16.18333   -97.45233 36.26119      74.937     436.667  955.600  292.802   84.940   -0.580   12.760 0.00000e+00
   11    16.20000   -97.45186 36.26499      51.785     409.120  958.649  293.151   83.579   -0.286   12.792 0.00000e+00
   12    16.21667   -97.45178 36.26850      41.143     393.906  960.335  293.474   82.576   -0.097   12.873 0.00000e+00
   13    16.23333   -97.45197 36.27167      37.364     386.042  961.175  293.649   82.077   -0.019   12.924 0.00000e+00
   14    16.25000   -97.45228 36.27449      38.763     383.350  961.480  293.722   81.836    0.057   12.941 0.00000e+00
   15    16.26667   -97.45258 36.27708      43.501     384.194  961.367  293.762   81.654    0.115   12.946 0.00000e+00
   16    16.28333   -97.45292 36.27956      51.317     388.291  960.841  293.755   81.734    0.160   12.960 0.00000e+00
   17    16.30000   -97.45318 36.28213      61.115     398.131  959.696  293.657   82.160    0.164   12.964 0.00000e+00
   18    16.31667   -97.45345 36.28475      70.143     408.310  958.594  293.573   82.526    0.177   12.969 0.00000e+00
   19    16.33333   -97.45378 36.28737      82.469     421.984  957.125  293.448   83.033    0.255   12.967 0.00000e+00
   20    16.35000   -97.45416 36.28996     100.493     440.476  955.162  293.261   83.734    0.362   12.951 0.00000e+00
   21    16.36667   -97.45453 36.29262     120.863     460.509  952.975  293.060   84.443    0.387   12.928 0.00000e+00
   22    16.38333   -97.45493 36.29517     141.088     480.396  950.717  292.885   85.179    0.506   12.929 0.00000e+00
   23    16.40000   -97.45532 36.29760     164.266     503.871  948.077  292.604   86.207    0.500   12.893 0.00000e+00
   24    16.41667   -97.45564 36.29993     187.993     528.847  945.303  292.347   87.299    0.604   12.885 0.00000e+00
   25    16.43333   -97.45576 36.30217     219.430     561.275  941.782  292.022   88.640    0.625   12.866 0.00000e+00
   26    16.45000   -97.45554 36.30435     258.655     601.199  937.362  291.586   90.486    0.535   12.838 0.00000e+00
   27    16.46667   -97.45497 36.30651     298.016     640.910  933.086  291.197   92.232    0.686   12.826 0.00000e+00
   28    16.48333   -97.45419 36.30868     332.458     675.394  929.364  290.863   93.815    0.663   12.824 0.00000e+00
   29    16.50000   -97.45328 36.31100     359.204     702.044  926.439  290.598   95.015    0.507   12.812 0.00000e+00
   30    16.51667   -97.45228 36.31353     371.697     714.128  925.215  290.486   95.362    0.302   12.784 0.00000e+00
   31    16.53333   -97.45131 36.31625     369.255     709.346  925.667  290.522   94.835    0.251   12.737 0.00000e+00
   32    16.55000   -97.45039 36.31916     362.555     700.520  926.596  290.582   94.301    0.342   12.700 0.00000e+00
   33    16.56667   -97.44946 36.32233     359.026     694.917  927.222  290.627   93.983    0.246   12.685 0.00000e+00
   34    16.58333   -97.44841 36.32574     356.518     689.677  927.816  290.685   93.634    0.152   12.676 0.00000e+00
   35    16.60000   -97.44723 36.32935     358.122     688.390  927.926  290.725   93.339    0.113   12.667 0.00000e+00
   36    16.61667   -97.44586 36.33311     363.867     691.721  927.565  290.748   93.052    0.187   12.652 0.00000e+00
   37    16.63333   -97.44445 36.33698     367.561     693.255  927.437  290.795   92.574    0.316   12.626 0.00000e+00
   38    16.65000   -97.44308 36.34086     369.353     691.171  927.682  290.855   92.174    0.294   12.617 0.00000e+00
   39    16.66667   -97.44195 36.34476     366.573     684.010  928.450  290.914   91.900    0.019   12.616 0.00000e+00
   40    16.68333   -97.44098 36.34860     352.320     667.760  930.137  291.142   90.415   -0.727   12.570 0.00000e+00
   41    16.70000   -97.43990 36.35227     318.320     633.888  933.763  291.513   88.247   -0.963   12.511 0.00000e+00
   42    16.71667   -97.43864 36.35565     282.828     599.023  937.556  291.897   87.025   -0.795   12.589 0.00000e+00
   43    16.73333   -97.43729 36.35896     254.840     573.615  940.294  292.165   85.971   -0.687   12.611 0.00000e+00
   44    16.75000   -97.43600 36.36226     238.664     559.814  941.744  292.339   85.197   -0.507   12.616 0.00000e+00
   45    16.76667   -97.43495 36.36562     222.626     547.494  943.117  292.454   84.529   -0.363   12.590 0.00000e+00
   46    16.78333   -97.43413 36.36906     201.977     530.967  944.973  292.600   84.195   -0.388   12.631 0.00000e+00
   47    16.80000   -97.43347 36.37258     181.184     513.557  946.909  292.772   83.565   -0.379   12.645 0.00000e+00
   48    16.81667   -97.43295 36.37607     160.197     493.984  949.075  292.953   82.910   -0.370   12.661 0.00000e+00
   49    16.83333   -97.43252 36.37954     142.734     478.044  950.789  293.102   82.302   -0.238   12.663 0.00000e+00
   50    16.85000   -97.43215 36.38291     130.365     467.076  952.048  293.211   81.954   -0.198   12.678 0.00000e+00
   51    16.86667   -97.43187 36.38625     118.940     456.994  953.120  293.308   81.612   -0.230   12.688 0.00000e+00
   52    16.88333   -97.43167 36.38959     103.614     442.824  954.720  293.454   81.099   -0.236   12.702 0.00000e+00
   53    16.90000   -97.43167 36.39293      88.718     428.808  956.289  293.611   80.597   -0.200   12.726 0.00000e+00
   54    16.91667   -97.43185 36.39625      75.403     416.478  957.788  293.767   80.063   -0.170   12.746 0.00000e+00
   55    16.93333   -97.43232 36.39947      64.617     402.885  959.323  293.951   79.414   -0.096   12.767 0.00000e+00
   56    16.95000   -97.43298 36.40260      53.663     388.351  960.938  294.091   78.760   -0.142   12.751 0.00000e+00
   57    16.96667   -97.43387 36.40561      39.751     370.725  962.834  294.265   77.970   -0.199   12.735 0.00000e+00
   58    16.98333   -97.43499 36.40831      26.035     353.826  964.745  294.513   77.003   -0.167   12.746 0.00000e+00
   59    17.00000   -97.43629 36.41050      18.344     343.765  965.834  294.745   76.327   -0.089   12.802 0.00000e+00
   60    17.01667   -97.43787 36.41233      16.033     339.621  966.246  294.932   75.955   -0.009   12.882 0.00000e+00
   61    17.03333   -97.43960 36.41391      18.323     340.796  966.074  295.055   75.820    0.132   12.960 0.00000e+00
   62    17.05000   -97.44095 36.41529      30.605     352.558  964.761  295.069   76.007    0.343   13.021 0.00000e+00
   63    17.06667   -97.44165 36.41655      55.714     377.089  962.063  294.879   76.815    0.547   13.043 0.00000e+00
   64    17.08333   -97.44173 36.41805      86.796     407.288  958.702  294.590   77.947    0.604   13.046 0.00000e+00
   65    17.10000   -97.44118 36.41991     128.965     448.201  954.182  294.181   79.493    0.785   13.034 0.00000e+00
   66    17.11667   -97.44013 36.42220     160.305     478.052  950.828  293.828   80.705    0.238   12.991 0.00000e+00
   67    17.13333   -97.43910 36.42479     153.376     469.933  951.755  293.868   80.396   -0.435   12.961 0.00000e+00
   68    17.15000   -97.43889 36.42764     115.598     431.077  956.036  294.215   78.891   -0.371   12.937 0.00000e+00
   69    17.16667   -97.43976 36.43067     122.906     437.565  955.268  294.165   78.976    1.132   12.922 0.00000e+00
   70    17.18333   -97.44032 36.43377     223.181     537.046  944.354  293.226   82.861    1.899   12.936 0.00000e+00
   71    17.20000   -97.43960 36.43684     325.889     638.893  933.196  292.256   87.089    1.489   12.948 0.00000e+00
   72    17.21667   -97.43810 36.43988     385.715     698.147  926.853  291.687   89.575    0.546   12.937 0.00000e+00
   73    17.23333   -97.43657 36.44285     405.809     717.798  924.698  291.465   90.483   -0.178   12.916 0.00000e+00
   74    17.25000   -97.43528 36.44567     402.121     714.316  924.989  291.436   90.389   -0.514   12.875 0.00000e+00
   75    17.26667   -97.43430 36.44832     384.556     696.836  926.905  291.576   89.574   -0.686   12.845 0.00000e+00
   76    17.28333   -97.43360 36.45069     360.905     672.906  929.476  291.804   88.433   -0.619   12.830 0.00000e+00
   77    17.30000   -97.43312 36.45277     350.444     662.049  930.627  291.934   87.883   -0.213   12.839 0.00000e+00
   78    17.31667   -97.43269 36.45469     363.651     674.839  929.257  291.796   88.335    0.627   12.812 0.00000e+00
   79    17.33333   -97.43187 36.45675     397.766     708.495  925.728  291.478   89.552    1.229   12.779 0.00000e+00
   80    17.35000   -97.43063 36.45909     442.768     752.201  921.106  291.073   91.269    1.398   12.758 0.00000e+00
   81    17.36667   -97.42908 36.46178     486.394     792.923  916.772  290.702   93.027    1.231   12.761 0.00000e+00
   82    17.38333   -97.42726 36.46484     518.580     822.959  913.443  290.401   94.565    0.567   12.773 0.00000e+00
   83    17.40000   -97.42543 36.46811     526.093     830.489  912.662  290.326   94.900   -0.306   12.767 0.00000e+00
   84    17.41667   -97.42376 36.47130     504.278     807.418  915.154  290.550   93.701   -0.940   12.753 0.00000e+00
   85    17.43333   -97.42238 36.47413     456.609     758.726  920.386  291.037   91.206   -1.225   12.730 0.00000e+00
   86    17.45000   -97.42139 36.47652     393.281     694.413  927.320  291.676   88.106   -1.342   12.709 0.00000e+00
   87    17.46667   -97.42070 36.47861     320.693     620.974  935.287  292.397   84.693   -1.541   12.675 0.00000e+00
   88    17.48333   -97.42023 36.48050     246.918     546.204  943.446  293.141   81.442   -1.561   12.659 0.00000e+00
   89    17.50000   -97.41991 36.48234     180.992     478.946  950.807  293.923   78.183   -1.290   12.661 0.00000e+00
   90    17.51667   -97.41982 36.48422     124.341     421.080  957.156  294.550   75.621   -1.120   12.647 0.00000e+00
   91    17.53333   -97.41987 36.48611      76.200     371.766  962.604  295.008   73.792   -0.928   12.622 0.00000e+00
   92    17.55000   -97.41972 36.48783      45.365     339.842  966.090  295.295   72.727   -0.460   12.617 0.00000e+00
   93    17.56667   -97.41941 36.48934      29.486     323.652  967.814  295.550   72.035   -0.248   12.671 0.00000e+00
   94    17.58333   -97.41901 36.49059      21.914     316.209  968.640  295.892   71.219   -0.079   12.782 0.00000e+00
   95    17.60000   -97.41868 36.49168      20.222     314.665  968.792  296.204   70.562    0.050   12.907 0.00000e+00
   96    17.61667   -97.41853 36.49267      24.674     319.256  968.239  296.265   70.518    0.152   12.955 0.00000e+00
   97    17.63333   -97.41861 36.49366      36.127     330.840  966.922  296.169   70.869    0.258   12.961 0.00000e+00
   98    17.65000   -97.41883 36.49472      57.307     352.143  964.584  295.983   71.523    0.465   12.964 0.00000e+00
   99    17.66667   -97.41899 36.49591      98.099     393.074  960.003  295.500   73.059    0.902   12.917 0.00000e+00
  100    17.68333   -97.41880 36.49744     167.305     463.094  952.216  294.745   75.740    1.230   12.887 0.00000e+00
  101    17.70000   -97.41822 36.49934     250.150     547.910  942.953  293.815   79.170    1.183   12.842 0.00000e+00
  102    17.71667   -97.41739 36.50163     328.248     628.400  934.199  292.969   82.475    1.218   12.809 0.00000e+00
  103    17.73333   -97.41640 36.50401     404.052     706.813  925.769  292.155   85.822    1.406   12.781 0.00000e+00
  104    17.75000   -97.41512 36.50648     473.521     778.391  918.109  291.451   88.745    1.424   12.748 0.00000e+00
  105    17.76667   -97.41360 36.50902     522.669     829.182  912.703  290.974   90.509    1.081   12.689 0.00000e+00
  106    17.78333   -97.41212 36.51165     550.320     858.380  909.682  290.705   91.247    0.765   12.618 0.00000e+00
  107    17.80000   -97.41075 36.51438     569.968     877.823  907.839  290.582   91.217    0.489   12.541 0.00000e+00
  108    17.81667   -97.40945 36.51714     580.435     885.912  906.908  290.550   90.646    0.248   12.450 0.00000e+00
  109    17.83333   -97.40817 36.51981     584.152     887.758  906.662  290.574   89.710    0.018   12.344 0.00000e+00
  110    17.85000   -97.40699 36.52235     585.587     888.049  906.610  290.606   88.848   -0.146   12.250 0.00000e+00
  111    17.86667   -97.40594 36.52472     588.237     890.455  906.374  290.599   88.741   -0.187   12.234 0.00000e+00
  112    17.88333   -97.40504 36.52692     606.669     908.988  904.332  290.418   90.105    0.016   12.307 0.00000e+00
  113    17.90000   -97.40406 36.52922     635.204     937.966  901.202  290.132   91.795    0.583   12.354 0.00000e+00
  114    17.91667   -97.40268 36.53176     663.422     967.673  898.024  289.851   93.159    0.448   12.358 0.00000e+00
  115    17.93333   -97.40114 36.53438     670.680     977.496  896.987  289.746   93.799   -0.089   12.374 0.00000e+00
  116    17.95000   -97.39971 36.53698     654.542     963.752  898.490  289.873   93.381   -0.461   12.399 0.00000e+00
  117    17.96667   -97.39853 36.53955     622.868     933.751  901.649  290.160   92.116   -0.718   12.413 0.00000e+00
  118    17.98333   -97.39747 36.54211     579.136     891.067  906.183  290.583   90.041   -0.954   12.403 0.00000e+00
  119    18.00000   -97.39650 36.54469     526.177     838.961  911.679  291.101   87.405   -1.090   12.368 0.00000e+00
  120    18.01667   -97.39554 36.54726     468.827     782.503  917.687  291.662   84.680   -1.126   12.334 0.00000e+00
  121    18.03333   -97.39458 36.54977     411.470     726.537  923.705  292.214   82.222   -1.222   12.318 0.00000e+00
  122    18.05000   -97.39357 36.55215     354.922     671.309  929.590  292.766   79.858   -1.141   12.307 0.00000e+00
  123    18.06667   -97.39254 36.55442     299.749     617.499  935.396  293.303   77.574   -1.146   12.287 0.00000e+00
  124    18.08333   -97.39146 36.55661     252.057     570.924  940.465  293.774   75.371   -0.990   12.227 0.00000e+00
  125    18.10000   -97.39026 36.55872     205.439     525.449  945.404  294.237   73.414   -1.048   12.192 0.00000e+00
  126    18.11667   -97.38892 36.56084     148.306     469.708  951.509  294.794   71.118   -1.361   12.147 0.00000e+00
  127    18.13333   -97.38753 36.56327      75.069     398.115  959.423  295.594   68.483   -1.354   12.186 0.00000e+00
  128    18.15000   -97.38660 36.56623      27.169     350.334  964.680  296.268   66.686   -0.389   12.299 0.00000e+00
  129    18.16667   -97.38621 36.56929      23.726     346.363  965.125  296.660   66.068    0.280   12.474 0.00000e+00
  130    18.18333   -97.38551 36.57195      67.800     390.370  960.208  296.257   67.123    1.416   12.430 0.00000e+00
  131    18.20000   -97.38452 36.57438     193.603     518.412  946.176  294.978   71.268    2.768   12.382 0.00000e+00
  132    18.21667   -97.38306 36.57695     360.241     687.574  927.838  293.279   77.015    2.988   12.280 0.00000e+00
  133    18.23333   -97.38145 36.57982     525.203     855.153  909.970  291.648   83.361    3.671   12.234 0.00000e+00
  134    18.25000   -97.37999 36.58284     694.500    1025.274  892.086  289.966   90.296    3.492   12.148 0.00000e+00
  135    18.26667   -97.37868 36.58567     854.538    1185.987  875.468  288.371   98.034    2.859   12.129 4.16747e-04
  136    18.28333   -97.37720 36.58833     991.882    1323.565  861.474  287.536  100.000    2.365   11.930 2.17729e-01
  137    18.30000   -97.37552 36.59098    1104.651    1434.959  850.244  287.038  100.000    1.951   11.703 4.56452e-01
  138    18.31667   -97.37354 36.59376    1193.158    1521.591  841.536  286.500  100.000    1.487   11.416 5.56382e-01
  139    18.33333   -97.37138 36.59661    1260.369    1586.476  835.090  285.996  100.000    1.062   11.130 5.60076e-01
  140    18.35000   -97.36904 36.59936    1307.418    1632.074  830.505  285.537  100.000    0.304   10.859 4.66810e-01
  141    18.36667   -97.36635 36.60217    1323.968    1647.149  829.044  285.425  100.000   -0.661   10.798 4.09249e-01
  142    18.38333   -97.36366 36.60504    1314.055    1634.492  830.317  285.368  100.000   -1.826   10.743 1.98042e-01
  143    18.40000   -97.36085 36.60817    1269.851    1587.448  834.905  285.647   97.269   -2.631   10.563 2.41984e-02
  144    18.41667   -97.35794 36.61177    1196.352    1511.616  842.521  286.326   91.475   -2.122   10.294 0.00000e+00
  145    18.43333   -97.35506 36.61546    1132.838    1445.287  849.145  286.964   87.404   -1.199   10.176 0.00000e+00
  146    18.45000   -97.35205 36.61894    1096.515    1405.786  853.253  287.386   85.266   -0.368   10.155 0.00000e+00
  147    18.46667   -97.34868 36.62217    1099.422    1403.775  853.421  287.390   85.547    0.224   10.189 0.00000e+00
  148    18.48333   -97.34491 36.62527    1126.413    1427.237  850.959  286.974   90.709    0.734   10.545 3.52541e-04
  149    18.50000   -97.34126 36.62845    1159.536    1459.022  847.789  286.664   92.567    0.541   10.584 4.00636e-05
  150    18.51667   -97.33794 36.63178    1178.327    1476.340  846.058  286.541   92.657    0.116   10.531 0.00000e+00
  151    18.53333   -97.33493 36.63521    1174.396    1471.726  846.475  286.622   91.779   -0.124   10.482 0.00000e+00
  152    18.55000   -97.33211 36.63863    1156.226    1453.236  848.387  286.812   90.601   -0.113   10.453 0.00000e+00
  153    18.56667   -97.32945 36.64199    1136.049    1432.752  850.395  286.955   90.117   -0.076   10.470 0.00000e+00
  154    18.58333   -97.32692 36.64525    1121.207    1418.030  851.894  287.077   89.693    0.021   10.485 0.00000e+00
  155    18.60000   -97.32452 36.64837    1115.633    1412.355  852.494  287.138   89.424    0.116   10.488 0.00000e+00
  156    18.61667   -97.32218 36.65136    1120.545    1416.599  852.091  287.094   89.776    0.262   10.504 0.00000e+00
  157    18.63333   -97.31992 36.65424    1138.292    1433.491  850.380  286.937   90.555    0.401   10.508 0.00000e+00
  158    18.65000   -97.31767 36.65708    1166.734    1462.119  847.506  286.686   91.392    0.529   10.469 0.00000e+00
  159    18.66667   -97.31531 36.65995    1202.827    1498.466  843.825  286.336   92.882    0.620   10.443 0.00000e+00
  160    18.68333   -97.31281 36.66293    1236.122    1531.576  840.562  286.006   94.646    0.553   10.453 0.00000e+00
  161    18.70000   -97.31018 36.66602    1254.131    1550.165  838.602  285.836   95.761    0.555   10.483 0.00000e+00
  162    18.71667   -97.30749 36.66926    1252.681    1550.984  838.515  285.804   95.542    0.219   10.438 0.00000e+00
  163    18.73333   -97.30486 36.67265    1235.809    1537.462  839.781  285.888   94.807   -0.078   10.400 0.00000e+00
  164    18.75000   -97.30236 36.67620    1209.965    1515.312  842.064  286.126   93.565   -0.300   10.397 0.00000e+00
  165    18.76667   -97.29997 36.67986    1177.366    1485.906  845.036  286.524   90.790   -0.669   10.319 0.00000e+00
  166    18.78333   -97.29775 36.68359    1140.799    1450.797  848.644  286.898   88.536   -0.767   10.269 0.00000e+00
  167    18.80000   -97.29556 36.68734    1104.343    1415.195  852.218  287.176   88.168   -0.576   10.370 0.00000e+00
  168    18.81667   -97.29333 36.69110    1064.143    1375.646  856.198  287.513   87.226   -0.753   10.439 0.00000e+00
  169    18.83333   -97.29117 36.69481    1014.518    1326.650  861.218  288.006   84.986   -0.910   10.440 0.00000e+00
  170    18.85000   -97.28912 36.69833     964.196    1276.602  866.328  288.508   82.733   -0.746   10.437 0.00000e+00
  171    18.86667   -97.28726 36.70166     930.191    1242.767  869.767  288.825   81.294   -0.341   10.426 0.00000e+00
  172    18.88333   -97.28558 36.70484     916.112    1228.914  871.271  288.980   80.493   -0.071   10.409 0.00000e+00
  173    18.90000   -97.28413 36.70793     915.760    1225.985  871.609  289.000   80.642    0.030   10.437 0.00000e+00
  174    18.91667   -97.28299 36.71098     922.864    1230.160  871.223  288.941   81.332    0.097   10.492 0.00000e+00
  175    18.93333   -97.28217 36.71399     939.618    1244.253  869.715  288.803   82.055    0.226   10.509 0.00000e+00
  176    18.95000   -97.28140 36.71696     967.245    1270.009  867.088  288.561   83.199    0.418   10.523 0.00000e+00
  177    18.96667   -97.28059 36.71995    1005.006    1305.752  863.460  288.204   84.814    0.555   10.526 0.00000e+00
  178    18.98333   -97.27959 36.72292    1039.991    1339.571  859.935  287.851   86.407    0.477   10.524 0.00000e+00
