    0    16.01667   -97.48353 36.24080      72.916     450.003  953.957  292.625   84.722   -0.375   12.608 0.00000e+00
    1    16.03333   -97.48271 36.24456      59.170     434.963  955.703  292.831   84.213   -0.247   12.672 0.00000e+00
    2    16.05000   -97.48192 36.24817      48.188     420.752  957.416  293.075   83.649   -0.123   12.758 0.00000e+00
    3    16.06667   -97.48122 36.25157      41.827     409.579  958.669  293.281   83.103   -0.080   12.822 0.00000e+00
    4    16.08333   -97.48073 36.25492      38.526     401.686  959.510  293.434   82.651    0.007   12.863 0.00000e+00
    5    16.10000   -97.48041 36.25815      39.007     399.122  959.796  293.534   82.284    0.062   12.883 0.00000e+00
    6    16.11667   -97.48009 36.26126      41.284     398.499  959.892  293.543   82.041    0.004   12.851 0.00000e+00
    7    16.13333   -97.47976 36.26432      39.445     394.487  960.241  293.559   81.769   -0.087   12.816 0.00000e+00
    8    16.15000   -97.47968 36.26738      33.365     388.252  960.961  293.636   81.424   -0.099   12.814 0.00000e+00
    9    16.16667   -97.47995 36.27035      28.791     384.075  961.449  293.728   81.165   -0.001   12.840 0.00000e+00
   10    16.18333   -97.48038 36.27311      40.042     396.363  960.054  293.689   81.596    0.501   12.896 0.00000e+00
   11    16.20000   -97.48039 36.27564      96.030     452.873  953.786  293.091   84.321    1.588   12.923 0.00000e+00
   12    16.21667   -97.48002 36.27828     211.193     567.978  941.127  291.916   89.492    2.253   12.912 0.00000e+00
   13    16.23333   -97.47929 36.28101     333.148     689.449  927.837  290.730   94.838    2.289   12.876 0.00000e+00
   14    16.25000   -97.47808 36.28362     433.149     789.067  917.047  289.726   99.860    1.970   12.866 6.39811e-03
   15    16.26667   -97.47648 36.28610     502.813     859.015  909.489  289.332  100.000    0.777   12.685 1.31485e-01
   16    16.28333   -97.47419 36.28874     538.149     894.696  905.755  289.085  100.000   -0.373   12.530 1.32144e-01
   17    16.30000   -97.47155 36.29179     536.232     891.618  906.070  289.041  100.000   -1.031   12.491 5.08927e-02
   18    16.31667   -97.46899 36.29517     512.381     865.878  908.878  289.240   99.276   -1.071   12.511 7.77235e-03
   19    16.33333   -97.46663 36.29874     471.498     822.720  913.468  289.619   97.428   -1.092   12.517 9.98527e-06
   20    16.35000   -97.46458 36.30238     421.573     771.476  918.988  290.101   95.067   -0.956   12.520 0.00000e+00
   21    16.36667   -97.46297 36.30597     374.936     723.961  924.070  290.561   92.746   -0.909   12.508 0.00000e+00
   22    16.38333   -97.46175 36.30926     322.754     672.349  929.610  291.016   90.748   -1.154   12.523 0.00000e+00
   23    16.40000   -97.46091 36.31241     270.047     620.879  935.264  291.493   88.665   -1.073   12.534 0.00000e+00
   24    16.41667   -97.46031 36.31564     234.561     583.837  939.455  291.826   87.369   -0.817   12.557 0.00000e+00
   25    16.43333   -97.45982 36.31881     216.822     563.218  941.722  291.926   87.237   -0.529   12.587 0.00000e+00
   26    16.45000   -97.45933 36.32192     219.813     563.200  941.775  291.934   87.328   -0.030   12.605 0.00000e+00
   27    16.46667   -97.45882 36.32500     237.970     577.370  940.192  291.848   87.849    0.251   12.633 0.00000e+00
   28    16.48333   -97.45829 36.32801     261.073     596.705  938.052  291.678   88.711    0.422   12.650 0.00000e+00
   29    16.50000   -97.45770 36.33085     286.572     618.254  935.736  291.501   89.456    0.285   12.646 0.00000e+00
   30    16.51667   -97.45692 36.33347     299.311     626.566  934.727  291.417   89.906    0.230   12.656 0.00000e+00
   31    16.53333   -97.45606 36.33599     297.004     620.499  935.367  291.505   89.339    0.014   12.638 0.00000e+00
   32    16.55000   -97.45528 36.33850     277.113     597.648  937.738  291.750   88.047   -0.292   12.617 0.00000e+00
   33    16.56667   -97.45475 36.34103     250.232     570.193  940.774  292.031   86.547   -0.527   12.583 0.00000e+00
   34    16.58333   -97.45459 36.34353     223.653     542.964  943.795  292.298   85.295   -0.444   12.570 0.00000e+00
   35    16.60000   -97.45470 36.34586     211.346     530.162  945.246  292.427   84.743   -0.090   12.571 0.00000e+00
   36    16.61667   -97.45486 36.34800     216.437     535.010  944.688  292.379   85.044    0.236   12.586 0.00000e+00
   37    16.63333   -97.45496 36.34996     238.607     557.006  942.284  292.163   86.059    0.589   12.596 0.00000e+00
   38    16.65000   -97.45506 36.35176     272.847     591.069  938.541  291.815   87.649    0.863   12.601 0.00000e+00
   39    16.66667   -97.45522 36.35351     307.724     625.818  934.788  291.470   89.227    0.850   12.602 0.00000e+00
   40    16.68333   -97.45552 36.35520     323.293     641.417  933.053  291.310   90.026    0.129   12.610 0.00000e+00
   41    16.70000   -97.45601 36.35680     315.060     633.343  933.910  291.397   89.625   -0.588   12.611 0.00000e+00
   42    16.71667   -97.45648 36.35847     291.753     609.961  936.417  291.642   88.559   -0.477   12.622 0.00000e+00
   43    16.73333   -97.45676 36.36031     263.621     581.479  939.491  291.933   87.539   -0.784   12.666 0.00000e+00
   44    16.75000   -97.45685 36.36236     225.395     542.653  943.700  292.339   85.953   -0.942   12.701 0.00000e+00
   45    16.76667   -97.45688 36.36456     184.084     502.499  948.033  292.736   84.378   -0.892   12.725 0.00000e+00
   46    16.78333   -97.45683 36.36685     145.598     466.790  951.968  293.113   82.809   -0.799   12.733 0.00000e+00
   47    16.80000   -97.45669 36.36922     112.894     436.876  955.274  293.415   81.515   -0.629   12.729 0.00000e+00
   48    16.81667   -97.45647 36.37163      85.620     412.350  957.995  293.673   80.463   -0.558   12.731 0.00000e+00
   49    16.83333   -97.45615 36.37405      63.840     392.707  960.163  293.859   79.751   -0.427   12.736 0.00000e+00
   50    16.85000   -97.45580 36.37647      50.072     381.128  961.424  294.028   79.187   -0.158   12.763 0.00000e+00
   51    16.86667   -97.45546 36.37883      45.630     378.925  961.634  294.141   78.861    0.083   12.797 0.00000e+00
   52    16.88333   -97.45518 36.38099      46.317     381.041  961.465  294.213   78.564    0.130   12.809 0.00000e+00
   53    16.90000   -97.45496 36.38310      46.765     382.062  961.321  294.231   78.448    0.081   12.806 0.00000e+00
   54    16.91667   -97.45478 36.38534      47.518     383.463  961.149  294.228   78.536    0.028   12.820 0.00000e+00
   55    16.93333   -97.45465 36.38779      44.450     381.106  961.417  294.280   78.436   -0.098   12.842 0.00000e+00
   56    16.95000   -97.45465 36.39034      41.067     378.449  961.716  294.503   77.910    0.008   12.929 0.00000e+00
   57    16.96667   -97.45473 36.39284      50.798     388.829  960.564  294.565   77.954    0.356   13.002 0.00000e+00
   58    16.98333   -97.45475 36.39540      82.371     421.149  957.001  294.192   79.230    0.766   12.961 0.00000e+00
   59    17.00000   -97.45455 36.39821     134.399     473.824  951.240  293.530   81.457    1.026   12.866 0.00000e+00
   60    17.01667   -97.45415 36.40112     205.420     545.250  943.465  292.798   84.306    1.478   12.826 0.00000e+00
   61    17.03333   -97.45367 36.40392     296.382     636.416  933.555  291.837   88.155    1.460   12.759 0.00000e+00
   62    17.05000   -97.45323 36.40670     374.602     713.010  925.442  291.117   91.531    1.234   12.770 0.00000e+00
   63    17.06667   -97.45284 36.40960     444.944     780.403  918.198  290.520   94.034    1.275   12.731 0.00000e+00
   64    17.08333   -97.45218 36.41272     516.723     848.594  910.912  289.870   96.309    1.134   12.609 0.00000e+00
   65    17.10000   -97.45107 36.41579     581.282     909.101  904.463  289.262   99.312    0.846   12.594 1.71263e-03
   66    17.11667   -97.44957 36.41880     634.410     958.335  899.246  288.944   99.828    0.600   12.476 4.23662e-02
   67    17.13333   -97.44772 36.42183     672.903     993.387  895.504  288.727   99.824    0.343   12.353 5.27100e-02
   68    17.15000   -97.44552 36.42486     694.690    1012.893  893.386  288.566   99.925   -0.078   12.267 1.92026e-02
   69    17.16667   -97.44302 36.42782     696.595    1013.003  893.407  288.597   99.203   -0.477   12.203 0.00000e+00
   70    17.18333   -97.44038 36.43060     681.705     996.516  895.129  288.800   97.790   -0.751   12.164 0.00000e+00
   71    17.20000   -97.43769 36.43327     654.005     967.720  898.153  289.110   96.047   -0.921   12.148 0.00000e+00
   72    17.21667   -97.43501 36.43605     617.006     931.282  901.885  289.489   93.953   -0.934   12.125 0.00000e+00
   73    17.23333   -97.43233 36.43900     574.065     890.283  906.220  289.860   92.447   -0.876   12.159 0.00000e+00
   74    17.25000   -97.42971 36.44205     530.526     848.547  910.657  290.228   91.194   -0.814   12.220 0.00000e+00
   75    17.26667   -97.42715 36.44510     489.770     809.332  914.872  290.585   89.860   -0.759   12.261 0.00000e+00
   76    17.28333   -97.42468 36.44811     450.714     770.443  919.107  290.960   88.212   -0.810   12.269 0.00000e+00
   77    17.30000   -97.42236 36.45100     413.304     731.903  923.266  291.339   86.458   -0.796   12.262 0.00000e+00
   78    17.31667   -97.42024 36.45377     379.037     696.031  927.063  291.691   84.852   -0.601   12.255 0.00000e+00
   79    17.33333   -97.41845 36.45638     358.181     673.799  929.544  291.906   83.986   -0.184   12.262 0.00000e+00
   80    17.35000   -97.41698 36.45884     367.760     681.614  928.798  292.015   85.071    0.670   12.517 0.00000e+00
   81    17.36667   -97.41546 36.46130     425.144     736.766  922.794  291.560   87.636    1.394   12.610 0.00000e+00
   82    17.38333   -97.41337 36.46373     511.169     820.518  913.789  290.733   91.398    1.605   12.604 0.00000e+00
   83    17.40000   -97.41087 36.46621     586.029     894.172  906.091  290.029   94.848    1.161   12.613 0.00000e+00
   84    17.41667   -97.40831 36.46877     635.587     939.677  901.323  289.582   96.949    0.625   12.594 0.00000e+00
   85    17.43333   -97.40591 36.47135     662.280     961.502  899.000  289.365   97.610    0.237   12.537 0.00000e+00
   86    17.45000   -97.40372 36.47390     671.065     967.107  898.328  289.307   97.401   -0.028   12.473 0.00000e+00
   87    17.46667   -97.40170 36.47639     665.918     960.681  898.974  289.366   96.887   -0.230   12.446 0.00000e+00
   88    17.48333   -97.39989 36.47882     650.977     944.459  900.744  289.542   95.505   -0.378   12.383 0.00000e+00
   89    17.50000   -97.39832 36.48113     629.591     921.535  903.166  289.803   93.663   -0.278   12.316 0.00000e+00
   90    17.51667   -97.39703 36.48342     609.896     900.900  905.321  290.032   91.876   -0.198   12.230 0.00000e+00
   91    17.53333   -97.39600 36.48568     606.325     897.037  905.685  290.144   91.416    0.254   12.251 0.00000e+00
   92    17.55000   -97.39484 36.48786     626.171     917.070  903.509  290.010   92.518    0.453   12.323 0.00000e+00
   93    17.56667   -97.39340 36.49010     655.151     946.861  900.345  289.723   93.747    0.602   12.303 0.00000e+00
   94    17.58333   -97.39166 36.49242     685.752     978.733  896.964  289.402   95.284    0.506   12.296 0.00000e+00
   95    17.60000   -97.38967 36.49477     702.950     997.630  894.951  289.207   95.924    0.164   12.251 0.00000e+00
   96    17.61667   -97.38748 36.49711     704.402    1001.089  894.587  289.164   96.255   -0.104   12.265 0.00000e+00
   97    17.63333   -97.38515 36.49952     693.074     991.137  895.657  289.265   95.751   -0.279   12.266 0.00000e+00
   98    17.65000   -97.38284 36.50208     670.333     969.536  897.937  289.484   94.514   -0.420   12.248 0.00000e+00
   99    17.66667   -97.38075 36.50479     642.075     942.656  900.765  289.735   93.552   -0.517   12.280 0.00000e+00
  100    17.68333   -97.37897 36.50769     619.219     921.731  902.981  289.921   93.080   -0.471   12.334 0.00000e+00
  101    17.70000   -97.37739 36.51070     605.383     909.708  904.243  290.040   92.559   -0.285   12.342 0.00000e+00
  102    17.71667   -97.37579 36.51374     604.556     910.447  904.183  290.045   92.509    0.024   12.340 0.00000e+00
  103    17.73333   -97.37411 36.51675     612.706     919.493  903.294  289.997   92.460    0.174   12.308 0.00000e+00
  104    17.75000   -97.37236 36.51974     618.478     925.832  902.603  289.958   92.293   -0.053   12.264 0.00000e+00
  105    17.76667   -97.37057 36.52264     610.247     917.942  903.480  290.064   91.388   -0.375   12.215 0.00000e+00
  106    17.78333   -97.36899 36.52544     582.352     890.260  906.443  290.377   89.211   -0.644   12.125 0.00000e+00
  107    17.80000   -97.36777 36.52817     543.304     851.228  910.598  290.776   87.019   -0.589   12.076 0.00000e+00
  108    17.81667   -97.36700 36.53073     515.276     823.056  913.636  291.080   85.680   -0.273   12.081 0.00000e+00
  109    17.83333   -97.36652 36.53300     505.438     812.811  914.701  291.198   85.291   -0.386   12.103 0.00000e+00
  110    17.85000   -97.36651 36.53516     511.375     818.737  914.032  291.207   84.778   -0.162   12.045 0.00000e+00
  111    17.86667   -97.36683 36.53747     532.516     840.150  911.698  291.060   85.400    0.270   12.052 0.00000e+00
  112    17.88333   -97.36727 36.53963     574.568     882.841  907.132  290.632   88.532    1.180   12.220 0.00000e+00
  113    17.90000   -97.36746 36.54192     659.666     968.599  898.118  289.830   92.674    2.092   12.276 0.00000e+00
  114    17.91667   -97.36728 36.54461     773.485    1082.883  886.160  288.753   98.089    2.496   12.288 2.14561e-04
  115    17.93333   -97.36633 36.54784     899.523    1209.573  872.991  287.952  100.000    2.442   12.093 1.65044e-01
  116    17.95000   -97.36451 36.55151    1024.902    1336.458  859.931  287.418  100.000    2.745   11.859 4.69481e-01
  117    17.96667   -97.36174 36.55569    1142.776    1456.568  847.737  286.870  100.000    2.656   11.609 6.92475e-01
  118    17.98333   -97.35771 36.56025    1240.542    1557.772  837.609  286.323  100.000    1.882   11.337 7.16779e-01
  119    18.00000   -97.35313 36.56448    1274.328    1592.835  834.247  285.716  100.000    0.627   10.929 3.68668e-01
  120    18.01667   -97.34916 36.56800    1262.527    1579.896  835.571  285.523  100.000    0.027   10.768 1.42724e-01
  121    18.03333   -97.34593 36.57127    1256.776    1573.419  836.282  285.509   99.295   -0.005   10.668 6.55612e-02
  122    18.05000   -97.34290 36.57456    1255.492    1571.665  836.520  285.756   93.552    0.261   10.213 6.73706e-03
  123    18.06667   -97.33951 36.57801    1289.483    1602.920  833.451  285.309   96.751    1.170   10.293 0.00000e+00
  124    18.08333   -97.33591 36.58166    1362.892    1672.312  826.515  284.864   96.866    1.178   10.089 1.19957e-02
  125    18.10000   -97.33236 36.58530    1430.595    1739.013  819.962  284.342   98.617    1.055   10.001 1.30558e-02
  126    18.11667   -97.32906 36.58895    1487.628    1793.993  814.641  283.951   99.433    0.609    9.888 1.79888e-02
  127    18.13333   -97.32594 36.59264    1522.167    1825.859  811.528  283.755  100.000    0.223    9.869 2.39843e-02
  128    18.15000   -97.32280 36.59646    1536.383    1837.923  810.317  283.709  100.000    0.102    9.854 1.52421e-02
  129    18.16667   -97.31960 36.60032    1540.018    1840.364  809.999  283.695  100.000    0.140    9.845 1.52289e-02
  130    18.18333   -97.31625 36.60409    1539.383    1840.646  809.961  283.643  100.000    0.366    9.817 3.18405e-02
  131    18.20000   -97.31268 36.60783    1554.052    1856.050  808.492  283.538  100.000    0.617    9.765 7.52115e-02
  132    18.21667   -97.30911 36.61168    1586.503    1886.317  805.691  283.419  100.000    0.581    9.722 1.54442e-01
  133    18.23333   -97.30575 36.61567    1611.921    1908.420  803.545  283.397  100.000    0.170    9.725 1.90045e-01
  134    18.25000   -97.30257 36.61972    1610.323    1904.787  803.852  283.342   99.627   -0.398    9.639 6.94552e-02
  135    18.26667   -97.29943 36.62376    1577.653    1871.901  807.021  283.663   96.105   -0.878    9.463 3.91173e-03
  136    18.28333   -97.29634 36.62777    1529.862    1824.591  811.610  284.190   92.051   -0.844    9.336 0.00000e+00
  137    18.30000   -97.29337 36.63176    1498.027    1793.172  814.711  284.482   90.156   -0.299    9.288 0.00000e+00
  138    18.31667   -97.29047 36.63574    1496.688    1791.686  814.898  284.521   89.202    0.258    9.212 0.00000e+00
  139    18.33333   -97.28761 36.63977    1522.168    1816.593  812.462  284.284   90.503    0.661    9.227 0.00000e+00
  140    18.35000   -97.28480 36.64389    1560.380    1854.862  808.739  283.897   92.921    0.713    9.275 0.00000e+00
  141    18.36667   -97.28192 36.64812    1591.652    1887.072  805.572  283.552   95.237    0.345    9.325 0.00000e+00
  142    18.38333   -97.27895 36.65245    1597.444    1896.151  804.652  283.479   95.490   -0.271    9.314 0.00000e+00
  143    18.40000   -97.27588 36.65680    1580.380    1882.262  806.014  283.662   93.803   -0.633    9.248 0.00000e+00
  144    18.41667   -97.27274 36.66113    1554.250    1857.507  808.441  283.974   90.892   -0.561    9.122 0.00000e+00
  145    18.43333   -97.26952 36.66533    1533.415    1837.459  810.455  284.206   89.570   -0.144    9.107 0.00000e+00
  146    18.45000   -97.26613 36.66940    1527.151    1830.376  811.111  284.228   90.196    0.220    9.177 0.00000e+00
  147    18.46667   -97.26256 36.67331    1537.361    1839.868  810.222  284.091   91.517    0.402    9.237 0.00000e+00
  148    18.48333   -97.25890 36.67715    1560.548    1860.816  808.208  283.891   92.497    0.489    9.234 0.00000e+00
  149    18.50000   -97.25528 36.68096    1586.012    1883.812  806.000  283.650   93.692    0.394    9.229 0.00000e+00
  150    18.51667   -97.25173 36.68478    1602.619    1898.863  804.508  283.482   94.618    0.107    9.233 0.00000e+00
  151    18.53333   -97.24828 36.68853    1604.035    1900.002  804.395  283.485   94.394   -0.244    9.214 0.00000e+00
  152    18.55000   -97.24493 36.69212    1588.922    1885.355  805.799  283.670   92.967   -0.500    9.173 0.00000e+00
  153    18.56667   -97.24166 36.69558    1565.838    1862.820  808.013  283.924   91.309   -0.427    9.138 0.00000e+00
  154    18.58333   -97.23845 36.69897    1545.247    1841.960  810.052  284.109   90.666   -0.197    9.164 0.00000e+00
  155    18.60000   -97.23529 36.70235    1534.063    1830.743  811.098  284.192   90.488    0.047    9.185 0.00000e+00
  156    18.61667   -97.23215 36.70581    1535.359    1832.453  810.964  284.155   91.189    0.346    9.235 0.00000e+00
  157    18.63333   -97.22899 36.70936    1551.819    1849.338  809.309  283.996   91.873    0.506    9.224 0.00000e+00
  158    18.65000   -97.22581 36.71298    1577.996    1875.945  806.750  283.706   93.887    0.555    9.275 0.00000e+00
  159    18.66667   -97.22256 36.71668    1600.909    1898.909  804.560  283.480   95.835    0.370    9.350 0.00000e+00
  160    18.68333   -97.21932 36.72041    1603.771    1901.886  804.245  283.461   96.482   -0.050    9.405 0.00000e+00
  161    18.70000   -97.21613 36.72412    1581.471    1881.021  806.254  283.658   95.591   -0.443    9.418 0.00000e+00
  162    18.71667   -97.21307 36.72787    1547.617    1848.725  809.346  283.939   94.153   -0.506    9.417 0.00000e+00
  163    18.73333   -97.21019 36.73169    1519.826    1821.625  812.002  284.168   93.428   -0.270    9.457 0.00000e+00
  164    18.75000   -97.20741 36.73562    1507.624    1809.380  813.198  284.285   92.694   -0.008    9.443 0.00000e+00
  165    18.76667   -97.20469 36.73962    1514.898    1817.198  812.474  284.222   92.532    0.273    9.395 0.00000e+00
  166    18.78333   -97.20200 36.74368    1541.645    1844.198  809.889  283.991   92.815    0.485    9.309 0.00000e+00
  167    18.80000   -97.19927 36.74781    1577.694    1880.769  806.315  283.690   93.300    0.502    9.212 0.00000e+00
  168    18.81667   -97.19659 36.75196    1606.758    1911.406  803.347  283.387   95.163    0.487    9.240 0.00000e+00
  169    18.83333   -97.19389 36.75620    1623.114    1929.622  801.645  283.352   98.907    0.312    9.602 1.34932e-01
  170    18.85000   -97.19098 36.76046    1623.016    1930.769  801.528  283.273   99.552   -0.149    9.615 1.16929e-01
  171    18.86667   -97.18778 36.76455    1615.403    1923.042  802.299  283.189   99.360   -0.341    9.533 9.00137e-03
  172    18.88333   -97.18456 36.76842    1612.994    1921.212  802.379  283.258   97.384   -0.150    9.386 0.00000e+00
  173    18.90000   -97.18143 36.77221    1619.044    1928.914  801.647  283.267   96.047    0.171    9.271 0.00000e+00
  174    18.91667   -97.17840 36.77597    1627.932    1939.353  800.695  283.175   96.273    0.328    9.247 0.00000e+00
  175    18.93333   -97.17542 36.77976    1633.733    1946.876  799.990  283.149   95.882    0.220    9.201 0.00000e+00
  176    18.95000   -97.17246 36.78362    1635.868    1949.807  799.746  283.168   95.083    0.040    9.139 0.00000e+00
  177    18.96667   -97.16960 36.78756    1626.264    1939.897  800.647  283.326   93.488   -0.320    9.071 0.00000e+00
  178    18.98333   -97.16674 36.79153    1603.934    1920.379  802.480  283.559   92.042   -0.366    9.051 0.00000e+00
