    0    16.01667   -97.58743 36.29616      75.124     422.804  956.782  293.246   84.657    0.665   13.060 0.00000e+00
    1    16.03333   -97.58685 36.29847     122.675     471.518  951.418  292.739   86.752    0.741   13.038 0.00000e+00
    2    16.05000   -97.58601 36.30105     179.678     529.831  944.954  292.146   89.266    0.897   13.014 0.00000e+00
    3    16.06667   -97.58489 36.30372     223.554     575.226  939.987  291.685   91.204    0.997   12.985 0.00000e+00
    4    16.08333   -97.58344 36.30659     264.296     617.795  935.329  291.266   92.965    1.114   12.954 0.00000e+00
    5    16.10000   -97.58155 36.30984     306.578     662.360  930.446  290.826   95.016    1.169   12.943 0.00000e+00
    6    16.11667   -97.57939 36.31338     338.813     697.333  926.639  290.441   96.884    0.949   12.931 0.00000e+00
    7    16.13333   -97.57719 36.31715     356.925     718.588  924.418  290.189   97.951    0.527   12.896 0.00000e+00
    8    16.15000   -97.57519 36.32112     366.731     729.824  923.308  290.061   98.306    0.336   12.853 0.00000e+00
    9    16.16667   -97.57334 36.32519     376.773     740.293  922.173  289.932   98.950    0.310   12.846 3.67784e-04
   10    16.18333   -97.57156 36.32926     390.215     754.598  920.685  289.810   99.258    0.494   12.807 8.10125e-04
   11    16.20000   -97.56976 36.33332     411.841     771.808  918.987  289.676   99.721    0.602   12.780 2.97447e-03
   12    16.21667   -97.56784 36.33728     429.835     783.987  917.700  289.595   99.870    0.411   12.751 9.36305e-03
   13    16.23333   -97.56575 36.34115     431.651     781.609  917.840  289.620   99.483   -0.181   12.720 8.03317e-04
   14    16.25000   -97.56357 36.34489     409.369     756.537  920.518  289.894   97.735   -0.876   12.680 0.00000e+00
   15    16.26667   -97.56145 36.34862     370.254     713.372  925.204  290.355   95.045   -0.947   12.636 0.00000e+00
   16    16.28333   -97.55950 36.35233     328.578     667.085  930.117  290.820   92.544   -0.541   12.606 0.00000e+00
   17    16.30000   -97.55768 36.35608     297.097     633.009  933.784  291.144   91.061   -0.383   12.612 0.00000e+00
   18    16.31667   -97.55590 36.35986     277.376     610.870  936.238  291.375   89.888   -0.415   12.599 0.00000e+00
   19    16.33333   -97.55414 36.36372     262.431     593.005  938.177  291.560   88.936   -0.488   12.586 0.00000e+00
   20    16.35000   -97.55244 36.36760     245.826     576.706  939.999  291.735   87.986   -0.527   12.566 0.00000e+00
   21    16.36667   -97.55077 36.37142     228.916     558.727  942.000  291.919   87.094   -0.571   12.557 0.00000e+00
   22    16.38333   -97.54911 36.37515     204.001     534.216  944.554  292.151   85.997   -0.754   12.547 0.00000e+00
   23    16.40000   -97.54747 36.37881     166.018     498.218  948.468  292.521   84.404   -0.879   12.552 0.00000e+00
   24    16.41667   -97.54597 36.38237     119.867     454.771  953.269  292.959   82.581   -0.839   12.559 0.00000e+00
   25    16.43333   -97.54464 36.38587      82.272     419.544  957.250  293.301   81.209   -0.577   12.565 0.00000e+00
   26    16.45000   -97.54333 36.38926      58.640     397.239  959.748  293.516   80.455   -0.305   12.583 0.00000e+00
   27    16.46667   -97.54206 36.39256      45.471     384.433  961.214  293.697   79.862   -0.164   12.612 0.00000e+00
   28    16.48333   -97.54079 36.39576      38.204     377.548  961.960  293.811   79.453   -0.104   12.628 0.00000e+00
   29    16.50000   -97.53951 36.39885      34.528     374.601  962.225  293.896   79.174   -0.048   12.646 0.00000e+00
   30    16.51667   -97.53828 36.40181      32.245     373.510  962.304  293.991   78.930   -0.011   12.681 0.00000e+00
   31    16.53333   -97.53707 36.40462      32.046     374.837  962.137  294.053   78.865    0.023   12.721 0.00000e+00
   32    16.55000   -97.53587 36.40732      32.587     376.474  961.960  294.111   78.824    0.040   12.763 0.00000e+00
   33    16.56667   -97.53470 36.40991      34.715     379.658  961.582  294.139   78.855    0.044   12.796 0.00000e+00
   34    16.58333   -97.53358 36.41241      38.310     384.294  961.043  294.145   78.949    0.041   12.823 0.00000e+00
   35    16.60000   -97.53249 36.41480      43.446     390.420  960.399  294.127   79.090    0.071   12.840 0.00000e+00
   36    16.61667   -97.53137 36.41712      50.729     398.669  959.507  294.064   79.383    0.128   12.850 0.00000e+00
   37    16.63333   -97.53015 36.41936      59.301     408.213  958.443  293.982   79.757    0.164   12.858 0.00000e+00
   38    16.65000   -97.52882 36.42154      68.223     418.027  957.426  293.882   80.126    0.139   12.852 0.00000e+00
   39    16.66667   -97.52740 36.42366      77.959     427.232  956.511  293.776   80.469    0.100   12.834 0.00000e+00
   40    16.68333   -97.52594 36.42579      87.841     435.195  955.658  293.680   80.789    0.148   12.820 0.00000e+00
   41    16.70000   -97.52462 36.42801      95.103     440.048  955.169  293.630   80.982    0.288   12.817 0.00000e+00
   42    16.71667   -97.52349 36.43039      92.914     435.293  955.663  293.669   80.747    0.100   12.805 0.00000e+00
   43    16.73333   -97.52256 36.43288      82.980     423.487  956.927  293.764   80.080   -0.171   12.757 0.00000e+00
   44    16.75000   -97.52185 36.43544      69.656     409.110  958.439  293.908   79.387   -0.173   12.740 0.00000e+00
   45    16.76667   -97.52127 36.43805      59.150     398.082  959.666  294.027   78.881   -0.146   12.737 0.00000e+00
   46    16.78333   -97.52073 36.44063      50.725     388.464  960.685  294.179   78.413   -0.062   12.768 0.00000e+00
   47    16.80000   -97.52010 36.44312      46.027     382.504  961.387  294.322   78.003   -0.044   12.805 0.00000e+00
   48    16.81667   -97.51946 36.44550      47.482     382.834  961.300  294.378   77.873    0.010   12.829 0.00000e+00
   49    16.83333   -97.51895 36.44783      52.073     386.246  960.917  294.388   77.878    0.027   12.843 0.00000e+00
   50    16.85000   -97.51851 36.45018      58.303     391.059  960.388  294.394   77.960    0.070   12.869 0.00000e+00
   51    16.86667   -97.51794 36.45250      69.627     400.818  959.340  294.349   78.291    0.254   12.901 0.00000e+00
   52    16.88333   -97.51736 36.45475      94.506     424.048  956.772  294.149   79.191    0.363   12.923 0.00000e+00
   53    16.90000   -97.51692 36.45695     123.024     451.220  953.795  293.857   80.388    0.323   12.923 0.00000e+00
   54    16.91667   -97.51682 36.45917     149.874     477.033  950.962  293.547   81.631    0.114   12.911 0.00000e+00
   55    16.93333   -97.51692 36.46142     163.886     490.101  949.476  293.365   82.463   -0.028   12.916 0.00000e+00
   56    16.95000   -97.51703 36.46368     172.744     497.920  948.622  293.265   82.987    0.016   12.929 0.00000e+00
   57    16.96667   -97.51711 36.46593     189.668     513.529  946.985  293.206   83.271    0.378   12.948 0.00000e+00
   58    16.98333   -97.51721 36.46834     225.067     547.500  943.263  293.064   83.938    1.058   12.987 0.00000e+00
   59    17.00000   -97.51737 36.47084     279.137     600.108  937.496  292.793   85.026    1.756   13.014 0.00000e+00
   60    17.01667   -97.51804 36.47317     360.292     680.232  928.726  291.891   88.844    2.492   12.971 0.00000e+00
   61    17.03333   -97.51904 36.47553     475.439     794.498  916.422  290.627   94.444    2.591   12.899 0.00000e+00
   62    17.05000   -97.51934 36.47765     581.667     899.779  905.193  289.505   99.952    1.522   12.864 1.59039e-02
   63    17.06667   -97.51852 36.47981     667.895     984.856  896.240  289.112  100.000    0.776   12.694 1.79063e-01
   64    17.08333   -97.51720 36.48247     714.960    1030.411  891.488  288.815  100.000    1.258   12.519 2.30470e-01
   65    17.10000   -97.51524 36.48553     792.346    1105.833  883.575  288.423  100.000    1.538   12.317 3.60259e-01
   66    17.11667   -97.51291 36.48846     844.129    1155.642  878.352  288.155  100.000    1.022   12.179 4.23940e-01
   67    17.13333   -97.51029 36.49139     853.796    1164.536  877.442  288.035  100.000    0.554   12.098 3.57268e-01
   68    17.15000   -97.50755 36.49451     871.418    1180.967  875.749  287.873  100.000    0.564   11.994 2.96793e-01
   69    17.16667   -97.50502 36.49760     916.470    1224.511  871.252  287.701  100.000    1.347   11.922 3.83795e-01
   70    17.18333   -97.50227 36.50065     994.101    1301.430  863.358  287.431  100.000    2.183   11.822 5.86728e-01
   71    17.20000   -97.49915 36.50361    1080.039    1385.753  854.862  286.930  100.000    1.788   11.557 6.55906e-01
   72    17.21667   -97.49622 36.50653    1145.915    1448.679  848.502  286.474  100.000    1.302   11.302 5.76867e-01
   73    17.23333   -97.49370 36.50950    1207.078    1508.490  842.444  286.092  100.000    1.116   11.102 5.51873e-01
   74    17.25000   -97.49138 36.51237    1269.120    1570.174  836.277  285.745  100.000    1.139   10.932 5.89830e-01
   75    17.26667   -97.48895 36.51523    1329.567    1631.456  830.181  285.415  100.000    1.111   10.776 6.77347e-01
   76    17.28333   -97.48616 36.51807    1382.599    1685.759  824.880  285.117  100.000    0.765   10.634 7.57913e-01
   77    17.30000   -97.48300 36.52087    1420.665    1723.763  821.175  284.945  100.000    0.281   10.561 8.43548e-01
   78    17.31667   -97.47953 36.52367    1438.192    1740.686  819.507  284.884  100.000   -0.107   10.540 8.96288e-01
   79    17.33333   -97.47591 36.52647    1436.985    1741.994  819.248  284.881  100.000   -0.514   10.541 9.03828e-01
   80    17.35000   -97.47234 36.52924    1423.869    1733.243  820.108  284.836  100.000   -0.591   10.499 8.25403e-01
   81    17.36667   -97.46883 36.53193    1407.313    1720.540  821.417  284.772  100.000   -0.407   10.438 7.02468e-01
   82    17.38333   -97.46539 36.53454    1400.667    1715.877  821.854  284.636  100.000   -0.135   10.335 5.46248e-01
   83    17.40000   -97.46188 36.53711    1402.920    1720.074  821.511  284.533   99.542    0.021   10.204 3.68777e-01
   84    17.41667   -97.45821 36.53980    1412.090    1728.134  820.850  284.472   98.867    0.092   10.102 2.30573e-01
   85    17.43333   -97.45448 36.54259    1429.972    1743.771  819.306  284.269   98.848    0.121    9.983 8.34773e-02
   86    17.45000   -97.45090 36.54540    1452.251    1764.607  817.205  284.059   98.560    0.144    9.840 1.49374e-02
   87    17.46667   -97.44754 36.54819    1470.036    1781.532  815.561  283.995   97.060   -0.009    9.669 4.51900e-03
   88    17.48333   -97.44436 36.55093    1473.995    1785.964  815.106  283.995   96.088   -0.287    9.578 1.86861e-03
   89    17.50000   -97.44123 36.55369    1463.954    1776.557  816.089  284.115   95.038   -0.421    9.538 5.22170e-05
   90    17.51667   -97.43808 36.55647    1449.083    1762.059  817.510  284.257   94.930   -0.316    9.601 0.00000e+00
   91    17.53333   -97.43488 36.55927    1434.772    1749.480  818.636  284.374   94.984   -0.212    9.668 0.00000e+00
   92    17.55000   -97.43172 36.56210    1423.276    1740.868  819.487  284.459   94.619   -0.111    9.676 0.00000e+00
   93    17.56667   -97.42863 36.56497    1411.989    1732.112  820.404  284.532   93.889   -0.020    9.637 0.00000e+00
   94    17.58333   -97.42561 36.56786    1407.085    1727.275  820.938  284.547   93.604    0.160    9.611 0.00000e+00
   95    17.60000   -97.42262 36.57072    1413.453    1732.304  820.455  284.474   93.768    0.420    9.587 0.00000e+00
   96    17.61667   -97.41961 36.57357    1431.275    1749.081  818.747  284.290   94.563    0.531    9.571 0.00000e+00
   97    17.63333   -97.41652 36.57642    1450.977    1769.677  816.728  284.086   95.578    0.362    9.566 0.00000e+00
   98    17.65000   -97.41335 36.57927    1456.298    1776.028  816.103  284.020   96.008    0.027    9.574 0.00000e+00
   99    17.66667   -97.41014 36.58214    1441.473    1762.029  817.446  284.133   95.820   -0.313    9.612 0.00000e+00
  100    17.68333   -97.40696 36.58499    1411.508    1733.454  820.252  284.443   94.086   -0.504    9.602 0.00000e+00
  101    17.70000   -97.40382 36.58789    1378.604    1702.187  823.317  284.759   92.695   -0.496    9.625 0.00000e+00
  102    17.71667   -97.40067 36.59085    1358.703    1684.129  825.088  284.951   91.647   -0.116    9.618 0.00000e+00
  103    17.73333   -97.39762 36.59391    1368.315    1695.570  823.982  284.864   92.045    0.294    9.617 0.00000e+00
  104    17.75000   -97.39476 36.59698    1398.402    1727.354  820.885  284.624   92.909    0.440    9.589 0.00000e+00
  105    17.76667   -97.39204 36.59999    1432.009    1762.273  817.447  284.321   94.359    0.422    9.585 0.00000e+00
  106    17.78333   -97.38934 36.60297    1456.451    1788.432  814.898  284.090   95.451    0.247    9.577 0.00000e+00
  107    17.80000   -97.38667 36.60604    1467.278    1800.772  813.806  284.004   95.728   -0.038    9.563 0.00000e+00
  108    17.81667   -97.38397 36.60925    1457.565    1789.865  814.930  284.133   94.998   -0.404    9.559 0.00000e+00
  109    17.83333   -97.38115 36.61251    1426.194    1756.130  818.225  284.476   93.235   -0.651    9.560 0.00000e+00
  110    17.85000   -97.37822 36.61578    1388.550    1714.773  822.328  284.847   91.735   -0.534    9.593 0.00000e+00
  111    17.86667   -97.37515 36.61904    1358.550    1680.001  825.730  285.127   90.970   -0.294    9.652 0.00000e+00
  112    17.88333   -97.37199 36.62223    1341.722    1658.575  827.815  285.297   90.463   -0.063    9.682 0.00000e+00
  113    17.90000   -97.36880 36.62532    1342.319    1655.901  828.083  285.291   90.843    0.205    9.715 0.00000e+00
  114    17.91667   -97.36565 36.62832    1364.055    1674.691  826.256  285.089   92.021    0.536    9.732 0.00000e+00
  115    17.93333   -97.36261 36.63131    1404.922    1712.256  822.536  284.707   94.054    0.785    9.742 0.00000e+00
  116    17.95000   -97.35964 36.63431    1450.479    1756.523  818.114  284.251   96.526    0.717    9.751 0.00000e+00
  117    17.96667   -97.35671 36.63737    1486.655    1793.507  814.472  283.875   98.805    0.561    9.777 1.99301e-03
  118    17.98333   -97.35371 36.64050    1510.122    1817.176  812.303  283.686   99.788    0.469    9.777 1.51238e-02
  119    18.00000   -97.35062 36.64374    1521.600    1825.246  811.583  283.637   99.876    0.289    9.762 2.28814e-02
  120    18.01667   -97.34745 36.64707    1516.458    1816.097  812.439  283.695   99.661   -0.060    9.769 1.22249e-02
  121    18.03333   -97.34425 36.65051    1496.014    1794.053  814.500  283.869   98.949   -0.346    9.787 1.07086e-03
  122    18.05000   -97.34101 36.65405    1473.920    1771.919  816.628  284.087   97.587   -0.196    9.769 0.00000e+00
  123    18.06667   -97.33780 36.65781    1461.327    1759.604  817.817  284.184   97.130   -0.003    9.772 0.00000e+00
  124    18.08333   -97.33466 36.66177    1458.479    1757.379  818.056  284.149   97.679   -0.088    9.801 0.00000e+00
  125    18.10000   -97.33170 36.66574    1463.585    1762.540  817.573  284.078   98.638   -0.298    9.857 1.30498e-03
  126    18.11667   -97.32892 36.66949    1473.706    1771.553  816.746  284.063   98.954   -0.475    9.888 2.46617e-02
  127    18.13333   -97.32626 36.67292    1484.235    1781.360  815.723  283.973   98.980   -0.581    9.844 1.37808e-02
  128    18.15000   -97.32361 36.67604    1492.542    1790.904  814.781  283.884   98.836   -0.608    9.783 3.18821e-02
  129    18.16667   -97.32095 36.67885    1500.676    1801.277  813.720  283.772   98.449   -0.786    9.684 8.14213e-03
  130    18.18333   -97.31829 36.68137    1504.642    1808.491  813.008  283.786   97.072   -0.668    9.566 0.00000e+00
  131    18.20000   -97.31581 36.68361    1508.625    1815.343  812.338  283.826   95.661   -0.058    9.460 1.86669e-04
  132    18.21667   -97.31361 36.68571    1511.438    1820.353  811.877  283.743   96.806    0.149    9.526 0.00000e+00
  133    18.23333   -97.31165 36.68784    1507.927    1818.555  812.114  283.738   97.536   -0.242    9.591 1.48115e-02
  134    18.25000   -97.30981 36.69002    1493.546    1804.984  813.450  283.867   97.931   -0.412    9.698 2.11148e-02
  135    18.26667   -97.30804 36.69229    1463.710    1775.835  816.312  284.055   98.242   -0.533    9.817 0.00000e+00
  136    18.28333   -97.30629 36.69470    1416.205    1729.183  820.863  284.440   97.134   -0.836    9.904 1.66059e-03
  137    18.30000   -97.30457 36.69719    1345.857    1659.725  827.706  285.050   94.752   -1.264    9.977 0.00000e+00
  138    18.31667   -97.30281 36.69978    1273.524    1587.780  834.849  285.775   90.885   -1.422    9.954 0.00000e+00
  139    18.33333   -97.30101 36.70255    1214.047    1528.191  840.815  286.431   86.651   -1.303    9.839 0.00000e+00
  140    18.35000   -97.29916 36.70555    1170.929    1484.128  845.298  286.948   83.043   -0.801    9.702 0.00000e+00
  141    18.36667   -97.29728 36.70872    1149.725    1459.872  847.756  287.192   81.702   -0.192    9.671 0.00000e+00
  142    18.38333   -97.29533 36.71200    1157.901    1465.064  847.218  287.130   82.051    0.487    9.679 0.00000e+00
  143    18.40000   -97.29340 36.71533    1199.618    1504.727  843.213  286.655   85.301    1.142    9.801 0.00000e+00
  144    18.41667   -97.29140 36.71869    1267.577    1571.029  836.600  285.952   89.408    1.569    9.887 0.00000e+00
  145    18.43333   -97.28933 36.72210    1347.300    1649.024  828.835  285.137   94.207    1.601    9.964 0.00000e+00
  146    18.45000   -97.28725 36.72559    1419.466    1720.639  821.767  284.383   98.852    1.216   10.030 0.00000e+00
  147    18.46667   -97.28526 36.72909    1474.101    1775.070  816.408  283.992  100.000    0.775    9.968 5.00337e-02
  148    18.48333   -97.28343 36.73258    1507.674    1809.484  813.065  283.803  100.000    0.432    9.885 9.56668e-02
  149    18.50000   -97.28178 36.73604    1515.631    1818.400  812.210  283.739  100.000   -0.095    9.852 7.93924e-02
  150    18.51667   -97.28004 36.73947    1494.675    1798.696  814.128  283.824  100.000   -0.653    9.883 1.09324e-02
  151    18.53333   -97.27831 36.74284    1453.339    1760.055  817.848  284.162   98.417   -0.916    9.887 0.00000e+00
  152    18.55000   -97.27669 36.74612    1402.482    1712.155  822.553  284.610   96.030   -0.901    9.883 0.00000e+00
  153    18.56667   -97.27505 36.74934    1350.785    1661.641  827.622  285.120   93.169   -0.915    9.858 0.00000e+00
  154    18.58333   -97.27338 36.75250    1301.810    1612.918  832.446  285.600   90.813   -0.832    9.860 0.00000e+00
  155    18.60000   -97.27173 36.75563    1258.977    1569.711  836.773  286.021   89.015   -0.715    9.886 0.00000e+00
  156    18.61667   -97.27013 36.75871    1227.797    1537.952  839.942  286.337   87.626   -0.474    9.898 0.00000e+00
  157    18.63333   -97.26864 36.76173    1217.197    1527.030  841.013  286.454   87.038    0.003    9.895 0.00000e+00
  158    18.65000   -97.26724 36.76474    1235.712    1545.427  839.160  286.276   87.929    0.587    9.902 0.00000e+00
  159    18.66667   -97.26582 36.76774    1280.392    1589.934  834.742  285.841   90.021    0.930    9.904 0.00000e+00
  160    18.68333   -97.26427 36.77080    1335.204    1644.578  829.335  285.350   91.893    0.827    9.851 0.00000e+00
  161    18.70000   -97.26243 36.77391    1380.725    1688.851  825.045  284.932   93.657    0.571    9.817 0.00000e+00
  162    18.71667   -97.26033 36.77702    1405.264    1711.467  822.800  284.726   94.342    0.099    9.781 0.00000e+00
  163    18.73333   -97.25805 36.78011    1403.883    1708.570  823.035  284.774   93.830   -0.296    9.756 0.00000e+00
  164    18.75000   -97.25565 36.78315    1380.761    1685.201  825.347  285.017   92.500   -0.506    9.747 0.00000e+00
  165    18.76667   -97.25310 36.78616    1346.325    1650.388  828.771  285.366   90.463   -0.704    9.715 0.00000e+00
  166    18.78333   -97.25055 36.78935    1289.750    1594.190  834.306  285.709   90.528   -1.325    9.878 0.00000e+00
  167    18.80000   -97.24873 36.79283    1216.689    1522.008  841.470  286.377   87.853   -0.954    9.932 0.00000e+00
  168    18.81667   -97.24762 36.79630    1172.657    1478.871  845.807  286.790   85.796   -0.093    9.915 0.00000e+00
  169    18.83333   -97.24664 36.79963    1166.455    1474.106  846.264  286.669   87.929    0.197   10.076 0.00000e+00
  170    18.85000   -97.24559 36.80283    1182.812    1492.267  844.407  286.328   91.448    0.466   10.269 0.00000e+00
  171    18.86667   -97.24443 36.80595    1223.788    1534.886  840.167  285.993   92.414    0.792   10.203 0.00000e+00
  172    18.88333   -97.24305 36.80907    1273.136    1584.884  835.191  285.543   94.317    0.544   10.169 0.00000e+00
  173    18.90000   -97.24168 36.81227    1297.620    1609.915  832.741  285.308   96.260   -0.159   10.248 0.00000e+00
  174    18.91667   -97.24040 36.81546    1294.559    1607.724  832.967  285.368   95.957   -0.640   10.254 5.23788e-05
  175    18.93333   -97.23908 36.81855    1269.518    1583.514  835.424  285.653   93.998   -0.849   10.206 0.00000e+00
  176    18.95000   -97.23774 36.82143    1234.861    1549.328  838.826  286.063   90.983   -0.799   10.108 0.00000e+00
  177    18.96667   -97.23632 36.82408    1204.300    1519.499  841.710  286.397   88.806   -0.600   10.050 0.00000e+00
  178    18.98333   -97.23482 36.82655    1193.586    1510.231  842.628  286.511   87.903   -0.145   10.012 0.00000e+00
