    0    16.01667   -97.46205 36.23573      84.811     459.066  953.061  292.168   89.107    0.050   12.898 0.00000e+00
    1    16.03333   -97.46257 36.23829      83.661     454.819  953.558  292.230   88.744   -0.017   12.889 0.00000e+00
    2    16.05000   -97.46317 36.24084      76.763     446.657  954.452  292.329   88.242   -0.129   12.884 0.00000e+00
    3    16.06667   -97.46391 36.24332      66.179     435.160  955.785  292.464   87.615   -0.149   12.883 0.00000e+00
    4    16.08333   -97.46480 36.24574      57.851     426.233  956.734  292.562   87.185   -0.047   12.886 0.00000e+00
    5    16.10000   -97.46580 36.24807      57.271     424.813  956.957  292.607   87.013    0.094   12.894 0.00000e+00
    6    16.11667   -97.46675 36.25025      64.152     430.754  956.297  292.602   87.135    0.140   12.917 0.00000e+00
    7    16.13333   -97.46759 36.25230      79.361     445.153  954.710  292.499   87.642    0.249   12.930 0.00000e+00
    8    16.15000   -97.46817 36.25423      96.643     461.459  952.933  292.359   88.209    0.338   12.923 0.00000e+00
    9    16.16667   -97.46832 36.25613     118.688     481.868  950.639  292.227   88.468    0.447   12.886 0.00000e+00
   10    16.18333   -97.46806 36.25806     149.774     510.738  947.447  292.018   89.090    0.509   12.850 0.00000e+00
   11    16.20000   -97.46765 36.25996     189.762     548.420  943.263  291.686   90.634    0.772   12.859 0.00000e+00
   12    16.21667   -97.46733 36.26180     234.919     591.498  938.554  291.319   92.528    1.022   12.891 0.00000e+00
   13    16.23333   -97.46680 36.26369     292.904     647.186  932.458  290.842   94.796    1.159   12.898 0.00000e+00
   14    16.25000   -97.46600 36.26580     349.885     701.455  926.615  290.305   97.271    0.880   12.871 0.00000e+00
   15    16.26667   -97.46497 36.26811     395.156     743.749  922.002  289.905   99.168    0.822   12.855 1.93969e-03
   16    16.28333   -97.46374 36.27065     432.113     777.491  918.355  289.656   99.989    0.898   12.807 3.03236e-02
   17    16.30000   -97.46235 36.27340     461.929     805.013  915.322  289.495  100.000    0.847   12.735 7.53655e-02
   18    16.31667   -97.46079 36.27639     483.268     824.641  913.215  289.368  100.000    1.089   12.661 9.02886e-02
   19    16.33333   -97.45888 36.27967     499.610     838.779  911.705  289.268  100.000    1.269   12.601 8.11142e-02
   20    16.35000   -97.45677 36.28318     511.836     851.812  910.284  289.193  100.000    1.022   12.560 6.94997e-02
   21    16.36667   -97.45461 36.28699     519.678     859.944  909.508  289.144  100.000    0.831   12.532 5.15956e-02
   22    16.38333   -97.45229 36.29092     522.857     860.705  909.441  289.136  100.000    0.500   12.524 2.80407e-02
   23    16.40000   -97.44984 36.29489     511.682     846.764  910.942  289.252   99.605    0.011   12.533 4.07573e-03
   24    16.41667   -97.44742 36.29884     482.159     817.023  913.993  289.544   98.012   -0.492   12.524 0.00000e+00
   25    16.43333   -97.44514 36.30263     441.159     778.666  918.140  289.964   95.660   -0.664   12.500 0.00000e+00
   26    16.45000   -97.44304 36.30624     408.485     746.143  921.860  290.380   93.176   -0.481   12.452 0.00000e+00
   27    16.46667   -97.44099 36.30969     389.422     725.120  923.992  290.687   90.988   -0.341   12.372 0.00000e+00
   28    16.48333   -97.43896 36.31304     378.270     713.630  925.212  290.824   90.854   -0.202   12.445 0.00000e+00
   29    16.50000   -97.43713 36.31631     372.995     707.737  925.885  290.831   91.532    0.011   12.534 0.00000e+00
   30    16.51667   -97.43555 36.31952     370.918     705.450  926.063  290.812   91.687    0.072   12.537 0.00000e+00
   31    16.53333   -97.43417 36.32268     372.543     706.447  925.991  290.782   91.886    0.121   12.542 0.00000e+00
   32    16.55000   -97.43292 36.32583     380.655     711.687  925.500  290.726   92.097    0.064   12.533 0.00000e+00
   33    16.56667   -97.43176 36.32894     390.725     719.173  924.681  290.645   92.485   -0.001   12.532 0.00000e+00
   34    16.58333   -97.43065 36.33208     398.681     724.374  924.147  290.601   92.679   -0.032   12.530 0.00000e+00
   35    16.60000   -97.42957 36.33529     403.238     725.442  924.090  290.599   92.735    0.050   12.537 0.00000e+00
   36    16.61667   -97.42847 36.33858     401.688     719.958  924.589  290.638   92.510    0.007   12.531 0.00000e+00
   37    16.63333   -97.42741 36.34189     390.267     706.486  926.044  290.768   91.948   -0.113   12.538 0.00000e+00
   38    16.65000   -97.42649 36.34518     369.416     683.555  928.549  290.972   91.091   -0.369   12.549 0.00000e+00
   39    16.66667   -97.42576 36.34845     338.607     651.234  932.037  291.270   89.792   -0.602   12.559 0.00000e+00
   40    16.68333   -97.42516 36.35179     305.784     617.623  935.624  291.591   88.773   -0.681   12.622 0.00000e+00
   41    16.70000   -97.42454 36.35523     278.341     589.948  938.487  291.825   87.861   -0.706   12.640 0.00000e+00
   42    16.71667   -97.42384 36.35870     249.624     565.254  941.187  292.071   87.310   -0.624   12.720 0.00000e+00
   43    16.73333   -97.42326 36.36237     230.284     550.462  942.816  292.201   86.980   -0.014   12.754 0.00000e+00
   44    16.75000   -97.42302 36.36605     237.603     560.816  941.736  292.113   87.451    0.304   12.767 0.00000e+00
   45    16.76667   -97.42299 36.36959     262.036     587.619  938.843  291.847   88.546    0.443   12.751 0.00000e+00
   46    16.78333   -97.42303 36.37289     287.412     615.164  935.843  291.575   89.783    0.328   12.750 0.00000e+00
   47    16.80000   -97.42313 36.37593     299.930     629.553  934.264  291.441   90.351    0.123   12.744 0.00000e+00
   48    16.81667   -97.42313 36.37880     301.014     632.372  933.984  291.494   89.383    0.057   12.654 0.00000e+00
   49    16.83333   -97.42288 36.38162     298.081     630.945  934.108  291.558   88.544   -0.092   12.584 0.00000e+00
   50    16.85000   -97.42244 36.38434     288.732     622.989  934.975  291.699   88.126   -0.455   12.625 0.00000e+00
   51    16.86667   -97.42191 36.38697     275.253     610.975  936.286  291.918   87.663   -0.703   12.716 0.00000e+00
   52    16.88333   -97.42128 36.38948     269.160     604.748  937.110  292.060   87.334   -0.339   12.771 0.00000e+00
   53    16.90000   -97.42060 36.39185     275.840     609.116  936.675  292.056   87.595    0.339   12.811 0.00000e+00
   54    16.91667   -97.41995 36.39413     316.102     646.844  932.630  291.726   89.203    1.022   12.834 0.00000e+00
   55    16.93333   -97.41933 36.39645     387.642     715.664  925.170  291.094   92.394    1.508   12.875 0.00000e+00
   56    16.95000   -97.41863 36.39884     481.576     806.985  915.271  290.200   96.761    1.575   12.877 0.00000e+00
   57    16.96667   -97.41786 36.40122     567.825     890.760  906.415  289.540   99.942    1.312   12.875 2.84001e-02
   58    16.98333   -97.41685 36.40356     621.936     942.379  900.903  289.227  100.000    0.819   12.720 8.83314e-02
   59    17.00000   -97.41537 36.40590     656.766     974.689  897.485  289.023   99.985    0.696   12.584 1.17972e-01
   60    17.01667   -97.41350 36.40842     679.774     995.241  895.289  288.873   99.949    0.748   12.489 1.26847e-01
   61    17.03333   -97.41119 36.41113     700.383    1013.521  893.375  288.730  100.000    0.866   12.424 1.43323e-01
   62    17.05000   -97.40846 36.41393     724.427    1035.886  891.030  288.602  100.000    0.895   12.355 1.83932e-01
   63    17.06667   -97.40546 36.41686     745.787    1055.823  888.968  288.469  100.000    0.637   12.279 1.65440e-01
   64    17.08333   -97.40229 36.41992     758.052    1067.048  887.683  288.393  100.000    0.318   12.236 1.39495e-01
   65    17.10000   -97.39917 36.42313     755.758    1065.467  887.863  288.326   99.990   -0.078   12.162 3.45568e-02
   66    17.11667   -97.39622 36.42637     742.208    1051.782  889.336  288.504   97.916   -0.250   12.027 3.21437e-04
   67    17.13333   -97.39346 36.42961     722.830    1031.584  891.496  288.820   94.969   -0.222   11.877 4.10197e-05
   68    17.15000   -97.39073 36.43283     708.583    1016.311  893.075  289.100   92.278    0.213   11.730 0.00000e+00
   69    17.16667   -97.38776 36.43608     709.241    1015.160  893.234  289.076   92.686    0.239   11.762 0.00000e+00
   70    17.18333   -97.38451 36.43940     709.084    1012.668  893.435  289.057   93.198   -0.099   11.810 0.00000e+00
   71    17.20000   -97.38133 36.44266     698.068    1000.468  894.737  289.173   92.730   -0.266   11.821 0.00000e+00
   72    17.21667   -97.37854 36.44573     686.068     986.578  896.246  289.315   92.052   -0.125   11.822 0.00000e+00
   73    17.23333   -97.37609 36.44858     676.674     977.182  897.158  289.388   91.833   -0.055   11.837 0.00000e+00
   74    17.25000   -97.37397 36.45124     674.450     975.489  897.406  289.378   92.067    0.240   11.856 0.00000e+00
   75    17.26667   -97.37201 36.45377     686.462     987.591  896.144  289.159   94.103    0.475   11.966 0.00000e+00
   76    17.28333   -97.37003 36.45631     705.760    1006.364  894.143  288.896   97.175    0.456   12.176 1.76582e-03
   77    17.30000   -97.36781 36.45901     720.731    1021.534  892.484  288.775   98.737    0.113   12.298 1.51226e-02
   78    17.31667   -97.36530 36.46191     721.361    1023.654  892.247  288.784   99.210   -0.256   12.368 1.63120e-02
   79    17.33333   -97.36269 36.46494     708.030    1009.577  893.886  288.916   99.176   -0.419   12.446 1.32713e-03
   80    17.35000   -97.36008 36.46799     692.673     989.760  896.029  289.184   97.379   -0.329   12.404 0.00000e+00
   81    17.36667   -97.35750 36.47107     683.185     976.361  897.347  289.341   96.443   -0.161   12.391 0.00000e+00
   82    17.38333   -97.35490 36.47413     682.931     974.158  897.569  289.365   96.044    0.024   12.356 0.00000e+00
   83    17.40000   -97.35228 36.47722     692.058     980.830  896.914  289.339   95.231    0.227   12.240 0.00000e+00
   84    17.41667   -97.34969 36.48030     710.943     997.434  895.050  289.177   95.666    0.343   12.194 0.00000e+00
   85    17.43333   -97.34711 36.48329     740.299    1027.568  891.880  288.890   96.907    0.504   12.169 0.00000e+00
   86    17.45000   -97.34441 36.48622     782.208    1070.137  887.414  288.529   97.716    0.586   12.048 0.00000e+00
   87    17.46667   -97.34146 36.48913     823.503    1111.864  883.095  288.146   99.109    0.383   11.980 3.48464e-03
   88    17.48333   -97.33839 36.49209     844.685    1132.947  880.923  287.968   99.699   -0.041   11.942 7.73370e-03
   89    17.50000   -97.33535 36.49511     837.441    1126.702  881.425  287.991   99.562   -0.462   11.936 1.30394e-03
   90    17.51667   -97.33234 36.49814     809.820    1101.965  884.056  288.227   98.414   -0.680   11.946 0.00000e+00
   91    17.53333   -97.32935 36.50111     769.368    1062.911  888.165  288.624   96.061   -1.018   11.907 0.00000e+00
   92    17.55000   -97.32648 36.50401     708.062    1002.750  894.401  289.222   92.787   -1.306   11.870 0.00000e+00
   93    17.56667   -97.32385 36.50677     640.406     937.671  901.206  289.862   89.719   -1.203   11.868 0.00000e+00
   94    17.58333   -97.32129 36.50939     589.451     888.844  906.433  290.332   87.689   -0.865   11.883 0.00000e+00
   95    17.60000   -97.31874 36.51186     558.088     859.397  909.503  290.571   87.122   -0.500   11.947 0.00000e+00
   96    17.61667   -97.31628 36.51428     539.016     843.115  911.287  290.702   86.877   -0.198   11.989 0.00000e+00
   97    17.63333   -97.31406 36.51659     530.740     836.552  912.004  290.680   87.828    0.083   12.095 0.00000e+00
   98    17.65000   -97.31216 36.51878     531.073     837.919  911.902  290.640   88.270    0.297   12.126 0.00000e+00
   99    17.66667   -97.31049 36.52096     534.618     841.582  911.497  290.569   88.917    0.303   12.165 0.00000e+00
  100    17.68333   -97.30896 36.52308     538.378     845.962  910.996  290.499   89.746    0.157   12.231 0.00000e+00
  101    17.70000   -97.30756 36.52514     549.832     858.636  909.614  290.359   90.606    0.219   12.257 0.00000e+00
  102    17.71667   -97.30621 36.52732     576.898     887.306  906.526  290.077   92.568    0.129   12.341 0.00000e+00
  103    17.73333   -97.30487 36.52976     601.669     914.092  903.738  289.839   94.059   -0.149   12.388 0.00000e+00
  104    17.75000   -97.30359 36.53240     611.114     924.271  902.702  289.768   94.443   -0.290   12.397 0.00000e+00
  105    17.76667   -97.30234 36.53520     592.849     905.804  904.666  289.975   93.187   -0.635   12.368 0.00000e+00
  106    17.78333   -97.30101 36.53816     549.024     862.067  909.138  290.391   91.102   -1.021   12.356 0.00000e+00
  107    17.80000   -97.29967 36.54115     488.172     803.762  915.450  290.959   88.513   -1.050   12.360 0.00000e+00
  108    17.81667   -97.29840 36.54402     429.777     747.303  921.556  291.507   85.996   -0.670   12.351 0.00000e+00
  109    17.83333   -97.29720 36.54676     393.391     712.236  925.322  291.857   84.181   -0.187   12.309 0.00000e+00
  110    17.85000   -97.29585 36.54948     377.539     698.479  926.780  291.991   83.473   -0.066   12.290 0.00000e+00
  111    17.86667   -97.29437 36.55226     361.280     684.074  928.423  292.139   82.908   -0.333   12.299 0.00000e+00
  112    17.88333   -97.29303 36.55505     329.578     653.222  931.858  292.437   81.858   -0.669   12.327 0.00000e+00
  113    17.90000   -97.29192 36.55783     278.029     600.498  937.563  292.931   80.053   -1.007   12.359 0.00000e+00
  114    17.91667   -97.29111 36.56053     210.621     532.216  944.986  293.586   77.576   -1.133   12.378 0.00000e+00
  115    17.93333   -97.29050 36.56318     151.550     472.659  951.450  294.152   75.538   -0.876   12.399 0.00000e+00
  116    17.95000   -97.28999 36.56578     112.637     434.423  955.629  294.550   74.224   -0.517   12.433 0.00000e+00
  117    17.96667   -97.28955 36.56839      84.228     406.945  958.632  294.897   73.134   -0.494   12.476 0.00000e+00
  118    17.98333   -97.28925 36.57103      54.048     377.779  961.806  295.321   71.822   -0.543   12.536 0.00000e+00
  119    18.00000   -97.28889 36.57361      23.949     348.095  965.129  295.773   70.562   -0.427   12.618 0.00000e+00
  120    18.01667   -97.28851 36.57575       8.615     332.878  966.778  296.122   69.283   -0.151   12.636 0.00000e+00
  121    18.03333   -97.28867 36.57768       4.373     328.783  967.172  296.203   68.083   -0.027   12.474 0.00000e+00
  122    18.05000   -97.28942 36.57949       3.951     328.635  967.247  296.525   67.371    0.004   12.588 0.00000e+00
  123    18.06667   -97.29006 36.58108       5.571     329.880  967.158  296.760   66.943    0.054   12.690 0.00000e+00
  124    18.08333   -97.29036 36.58239      10.282     333.947  966.792  296.657   67.323    0.088   12.687 0.00000e+00
  125    18.10000   -97.29060 36.58360      17.144     340.298  966.124  296.591   67.585    0.144   12.694 0.00000e+00
  126    18.11667   -97.29101 36.58492      29.740     352.499  964.756  296.443   68.059    0.339   12.687 0.00000e+00
  127    18.13333   -97.29130 36.58654      58.915     381.158  961.645  295.919   69.687    0.811   12.621 0.00000e+00
  128    18.15000   -97.29137 36.58833     123.818     445.042  954.678  295.125   72.390    1.591   12.577 0.00000e+00
  129    18.16667   -97.29114 36.58998     227.101     545.728  943.657  294.086   76.179    2.052   12.558 0.00000e+00
  130    18.18333   -97.29068 36.59154     345.726     661.451  931.096  292.984   80.532    1.974   12.561 0.00000e+00
  131    18.20000   -97.29010 36.59315     451.349     764.118  919.994  291.978   84.768    1.802   12.563 0.00000e+00
  132    18.21667   -97.28922 36.59498     546.788     856.340  910.174  291.059   88.859    1.526   12.560 0.00000e+00
  133    18.23333   -97.28790 36.59726     615.318     921.232  903.255  290.379   91.778    0.761   12.520 0.00000e+00
  134    18.25000   -97.28645 36.59997     641.393     943.483  900.915  290.154   92.467   -0.011   12.466 0.00000e+00
  135    18.26667   -97.28532 36.60293     630.715     928.938  902.428  290.288   91.823   -0.408   12.464 0.00000e+00
  136    18.28333   -97.28471 36.60589     606.362     901.860  905.199  290.547   90.651   -0.567   12.472 0.00000e+00
  137    18.30000   -97.28457 36.60867     586.943     881.513  907.366  290.806   88.722   -0.413   12.380 0.00000e+00
  138    18.31667   -97.28468 36.61132     579.932     873.615  908.180  290.948   87.329   -0.079   12.285 0.00000e+00
  139    18.33333   -97.28490 36.61385     585.885     878.941  907.568  290.911   87.550    0.196   12.295 0.00000e+00
  140    18.35000   -97.28507 36.61635     597.480     890.785  906.335  290.789   88.448    0.194   12.342 0.00000e+00
  141    18.36667   -97.28526 36.61889     600.928     894.508  905.952  290.739   88.942   -0.079   12.377 0.00000e+00
  142    18.38333   -97.28544 36.62140     591.969     885.832  906.872  290.836   88.295   -0.265   12.350 0.00000e+00
  143    18.40000   -97.28564 36.62389     579.319     873.518  908.165  290.969   87.509   -0.352   12.327 0.00000e+00
  144    18.41667   -97.28585 36.62634     564.688     859.217  909.679  291.105   86.967   -0.361   12.336 0.00000e+00
  145    18.43333   -97.28600 36.62880     552.318     847.171  910.945  291.247   86.023   -0.296   12.295 0.00000e+00
  146    18.45000   -97.28612 36.63128     539.910     834.770  912.281  291.387   85.299   -0.282   12.282 0.00000e+00
  147    18.46667   -97.28645 36.63380     532.798     827.375  913.058  291.455   84.960   -0.092   12.276 0.00000e+00
  148    18.48333   -97.28710 36.63635     533.142     827.531  913.052  291.458   84.985    0.219   12.282 0.00000e+00
  149    18.50000   -97.28795 36.63899     559.443     853.881  910.252  291.239   85.997    0.477   12.294 0.00000e+00
  150    18.51667   -97.28861 36.64168     611.068     905.799  904.765  290.807   88.021    0.932   12.318 0.00000e+00
  151    18.53333   -97.28886 36.64449     673.977     968.875  898.107  290.224   90.652    0.936   12.315 0.00000e+00
  152    18.55000   -97.28868 36.64749     733.552    1028.840  891.796  289.665   93.265    1.024   12.312 0.00000e+00
  153    18.56667   -97.28802 36.65060     793.841    1090.430  885.350  289.085   95.963    0.983   12.293 0.00000e+00
  154    18.58333   -97.28674 36.65376     848.926    1147.178  879.472  288.575   98.251    0.940   12.261 0.00000e+00
  155    18.60000   -97.28487 36.65675     891.573    1191.505  874.939  288.195  100.000    0.753   12.244 1.96160e-02
  156    18.61667   -97.28262 36.65939     893.557    1194.778  874.600  288.190   99.515   -0.361   12.181 1.26622e-02
  157    18.63333   -97.28075 36.66185     835.188    1137.426  880.526  288.795   95.422   -1.384   12.064 0.00000e+00
  158    18.65000   -97.27988 36.66433     750.923    1053.926  889.203  289.663   90.514   -1.607   11.982 0.00000e+00
  159    18.66667   -97.27975 36.66677     656.283     959.888  899.004  290.576   86.237   -1.692   11.969 0.00000e+00
  160    18.68333   -97.27988 36.66917     560.152     864.320  909.095  291.505   81.952   -1.813   11.931 0.00000e+00
  161    18.70000   -97.27989 36.67170     462.708     767.494  919.390  292.466   77.913   -1.564   11.916 0.00000e+00
  162    18.71667   -97.27985 36.67433     391.782     697.332  926.934  293.166   75.244   -0.821   11.925 0.00000e+00
  163    18.73333   -97.27972 36.67693     351.815     658.128  931.142  293.557   73.836   -0.250   11.937 0.00000e+00
  164    18.75000   -97.27939 36.67931     336.303     643.267  932.746  293.642   73.641   -0.322   11.947 0.00000e+00
  165    18.76667   -97.27878 36.68137     317.252     624.671  934.751  293.814   73.038   -0.739   11.951 0.00000e+00
  166    18.78333   -97.27810 36.68337     277.256     585.083  939.006  294.235   71.595   -1.014   11.971 0.00000e+00
  167    18.80000   -97.27756 36.68550     232.864     541.170  943.800  294.691   70.030   -0.736   11.983 0.00000e+00
  168    18.81667   -97.27721 36.68768     198.627     507.455  947.448  295.123   68.788   -0.667   12.042 0.00000e+00
  169    18.83333   -97.27692 36.68992     168.168     477.538  950.702  295.628   67.328   -0.439   12.117 0.00000e+00
  170    18.85000   -97.27611 36.69219     193.044     502.959  947.927  295.840   66.537    1.718   12.167 0.00000e+00
  171    18.86667   -97.27521 36.69456     298.413     608.900  936.434  294.779   69.823    2.025   12.108 0.00000e+00
  172    18.88333   -97.27471 36.69728     402.792     713.902  925.122  293.712   72.412    1.405   11.898 0.00000e+00
  173    18.90000   -97.27406 36.70015     442.130     753.761  920.888  293.239   73.909    0.260   11.845 0.00000e+00
  174    18.91667   -97.27298 36.70261     466.866     778.861  918.195  292.937   74.455    0.691   11.744 0.00000e+00
  175    18.93333   -97.27221 36.70469     524.399     836.539  912.166  292.382   76.473    1.337   11.727 0.00000e+00
  176    18.95000   -97.27197 36.70675     578.224     888.740  906.712  291.872   78.472    1.076   11.724 0.00000e+00
  177    18.96667   -97.27179 36.70893     619.485     927.669  902.629  291.492   80.082    0.992   11.733 0.00000e+00
  178    18.98333   -97.27147 36.71127     659.071     964.734  898.747  291.161   80.985    0.896   11.669 0.00000e+00
