    0    16.01667   -97.48284 36.22147      39.389     394.685  959.846  293.007   85.331   -0.033   12.927 0.00000e+00
    1    16.03333   -97.48170 36.22414      39.424     398.298  959.459  293.100   85.071    0.032   12.968 0.00000e+00
    2    16.05000   -97.48055 36.22663      39.588     402.348  958.962  293.176   84.864    0.035   13.004 0.00000e+00
    3    16.06667   -97.47940 36.22898      39.317     406.185  958.450  293.230   84.702   -0.051   13.030 0.00000e+00
    4    16.08333   -97.47836 36.23118      38.097     409.096  958.218  293.302   84.421   -0.064   13.049 0.00000e+00
    5    16.10000   -97.47737 36.23330      38.220     412.432  957.943  293.399   83.935   -0.034   13.056 0.00000e+00
    6    16.11667   -97.47643 36.23536      38.197     414.905  957.708  293.444   83.668   -0.044   13.055 0.00000e+00
    7    16.13333   -97.47533 36.23746      35.295     414.158  957.842  293.506   83.377   -0.073   13.058 0.00000e+00
    8    16.15000   -97.47389 36.23958      28.483     406.569  958.838  293.683   82.667   -0.088   13.076 0.00000e+00
    9    16.16667   -97.47226 36.24163      25.168     401.126  959.368  293.753   82.369    0.021   13.079 0.00000e+00
   10    16.18333   -97.47072 36.24360      32.153     406.671  958.754  293.787   82.453    0.293   13.129 0.00000e+00
   11    16.20000   -97.46944 36.24527      65.966     439.202  955.226  293.429   83.957    0.755   13.122 0.00000e+00
   12    16.21667   -97.46835 36.24716     121.279     492.479  949.456  292.910   86.099    1.215   13.107 0.00000e+00
   13    16.23333   -97.46720 36.24967     197.076     564.754  941.553  292.118   89.229    1.513   13.034 0.00000e+00
   14    16.25000   -97.46575 36.25223     273.102     636.639  933.723  291.382   92.513    1.268   13.008 0.00000e+00
   15    16.26667   -97.46397 36.25480     316.853     675.597  929.477  290.960   94.343    0.629   12.975 0.00000e+00
   16    16.28333   -97.46198 36.25750     320.308     674.719  929.430  290.923   94.330   -0.198   12.943 0.00000e+00
   17    16.30000   -97.46004 36.26040     291.990     645.456  932.421  291.148   93.329   -0.538   12.948 0.00000e+00
   18    16.31667   -97.45831 36.26343     257.109     610.625  936.262  291.467   91.534   -0.469   12.904 0.00000e+00
   19    16.33333   -97.45700 36.26669     240.446     592.007  938.313  291.637   90.466    0.209   12.863 0.00000e+00
   20    16.35000   -97.45623 36.26998     263.573     612.184  936.145  291.408   91.651    1.064   12.874 0.00000e+00
   21    16.36667   -97.45552 36.27304     325.612     671.193  929.780  290.890   94.487    1.828   12.932 0.00000e+00
   22    16.38333   -97.45440 36.27589     411.161     753.471  920.934  290.111   98.399    1.947   12.939 0.00000e+00
   23    16.40000   -97.45281 36.27867     489.409     827.599  912.971  289.606  100.000    1.345   12.859 8.78589e-02
   24    16.41667   -97.45081 36.28148     534.575     871.590  908.151  289.394  100.000    0.324   12.754 1.75506e-01
   25    16.43333   -97.44852 36.28434     542.834     879.485  907.405  289.307  100.000    0.035   12.694 1.20559e-01
   26    16.45000   -97.44608 36.28735     527.656     861.539  909.370  289.396  100.000    0.209   12.738 7.69307e-02
   27    16.46667   -97.44359 36.29063     500.868     833.024  912.264  289.526  100.000    0.442   12.801 3.18403e-02
   28    16.48333   -97.44105 36.29411     480.352     812.630  914.487  289.645   99.506    0.437   12.790 4.09942e-04
   29    16.50000   -97.43855 36.29768     475.757     807.324  915.127  289.730   98.725    0.501   12.750 0.00000e+00
   30    16.51667   -97.43612 36.30132     488.522     818.048  914.008  289.659   98.766    0.578   12.714 1.48448e-04
   31    16.53333   -97.43379 36.30503     510.949     837.703  911.863  289.493   99.259    0.535   12.671 2.82813e-03
   32    16.55000   -97.43152 36.30882     532.646     860.630  909.428  289.315   99.769    0.541   12.626 1.91555e-02
   33    16.56667   -97.42924 36.31259     558.482     887.058  906.667  289.148  100.000    0.714   12.575 5.60385e-02
   34    16.58333   -97.42688 36.31623     590.948     920.311  903.081  288.987  100.000    0.918   12.495 1.33193e-01
   35    16.60000   -97.42430 36.31976     624.820     955.457  899.334  288.814  100.000    0.651   12.409 1.94594e-01
   36    16.61667   -97.42150 36.32329     635.896     965.968  898.314  288.758  100.000   -0.062   12.379 1.86131e-01
   37    16.63333   -97.41875 36.32672     615.640     942.864  900.779  288.851  100.000   -0.554   12.413 8.88637e-02
   38    16.65000   -97.41610 36.33005     577.265     901.916  905.161  289.119   99.105   -0.773   12.444 1.49157e-03
   39    16.66667   -97.41347 36.33334     527.010     847.909  910.937  289.654   96.213   -0.991   12.423 0.00000e+00
   40    16.68333   -97.41088 36.33661     471.642     788.984  917.206  290.227   93.651   -1.029   12.457 0.00000e+00
   41    16.70000   -97.40842 36.33987     421.231     735.285  922.984  290.749   91.311   -0.830   12.478 0.00000e+00
   42    16.71667   -97.40605 36.34309     381.859     693.142  927.503  291.172   89.234   -0.569   12.465 0.00000e+00
   43    16.73333   -97.40370 36.34624     359.073     668.368  930.030  291.431   87.740   -0.270   12.425 0.00000e+00
   44    16.75000   -97.40117 36.34930     351.121     664.331  930.414  291.502   87.190   -0.064   12.397 0.00000e+00
   45    16.76667   -97.39846 36.35228     345.977     663.301  930.548  291.511   87.094   -0.136   12.389 0.00000e+00
   46    16.78333   -97.39583 36.35524     336.016     656.270  931.394  291.585   86.824   -0.250   12.398 0.00000e+00
   47    16.80000   -97.39360 36.35822     321.434     642.621  932.894  291.708   86.382   -0.400   12.411 0.00000e+00
   48    16.81667   -97.39200 36.36120     290.501     612.949  936.056  291.967   85.808   -0.840   12.488 0.00000e+00
   49    16.83333   -97.39088 36.36418     237.329     561.084  941.754  292.461   83.951   -1.053   12.527 0.00000e+00
   50    16.85000   -97.39017 36.36710     172.306     497.154  948.780  293.077   81.494   -1.108   12.545 0.00000e+00
   51    16.86667   -97.38986 36.37005     115.167     441.059  954.945  293.610   79.566   -0.857   12.580 0.00000e+00
   52    16.88333   -97.38991 36.37308      73.921     398.903  959.766  294.038   77.862   -0.465   12.579 0.00000e+00
   53    16.90000   -97.39029 36.37619      52.161     373.794  962.542  294.296   76.900   -0.216   12.588 0.00000e+00
   54    16.91667   -97.39093 36.37933      44.877     363.197  963.676  294.485   76.520    0.033   12.658 0.00000e+00
   55    16.93333   -97.39166 36.38235      53.576     370.282  962.851  294.523   76.730    0.358   12.734 0.00000e+00
   56    16.95000   -97.39226 36.38507      83.542     399.267  959.680  294.318   77.887    0.827   12.805 0.00000e+00
   57    16.96667   -97.39279 36.38757     137.366     452.225  953.782  293.688   80.321    1.136   12.777 0.00000e+00
   58    16.98333   -97.39327 36.38999     200.706     514.912  946.892  293.037   82.993    1.351   12.770 0.00000e+00
   59    17.00000   -97.39370 36.39240     275.391     589.091  938.819  292.325   86.075    1.622   12.775 0.00000e+00
   60    17.01667   -97.39400 36.39482     350.742     663.916  930.683  291.583   89.452    1.330   12.781 0.00000e+00
   61    17.03333   -97.39401 36.39729     409.810     722.363  924.392  291.014   92.163    0.888   12.789 0.00000e+00
   62    17.05000   -97.39379 36.39989     448.080     759.906  920.358  290.659   93.716    0.632   12.770 0.00000e+00
   63    17.06667   -97.39333 36.40272     472.235     783.149  917.829  290.433   94.757    0.505   12.763 0.00000e+00
   64    17.08333   -97.39256 36.40579     488.319     798.365  916.199  290.297   95.215    0.287   12.736 0.00000e+00
   65    17.10000   -97.39169 36.40907     495.361     805.090  915.466  290.238   95.507    0.140   12.738 0.00000e+00
   66    17.11667   -97.39072 36.41256     497.909     807.076  915.248  290.228   95.465    0.061   12.727 0.00000e+00
   67    17.13333   -97.38964 36.41621     498.187     807.330  915.219  290.250   95.118    0.097   12.699 0.00000e+00
   68    17.15000   -97.38851 36.41993     500.205     809.744  914.954  290.249   94.871    0.162   12.669 0.00000e+00
   69    17.16667   -97.38740 36.42363     511.442     821.438  913.659  290.158   94.942    0.362   12.623 0.00000e+00
   70    17.18333   -97.38636 36.42724     532.654     843.470  911.404  290.001   95.163    0.411   12.557 0.00000e+00
   71    17.20000   -97.38522 36.43082     550.091     860.261  909.743  289.951   95.645    0.367   12.604 0.00000e+00
   72    17.21667   -97.38358 36.43435     583.128     889.073  906.594  289.733   96.298    0.530   12.557 0.00000e+00
   73    17.23333   -97.38131 36.43797     621.651     924.618  902.730  289.454   96.905    0.108   12.466 0.00000e+00
   74    17.25000   -97.37863 36.44147     636.398     937.902  901.363  289.422   96.098   -0.394   12.355 0.00000e+00
   75    17.26667   -97.37594 36.44477     619.903     919.688  903.388  289.675   94.142   -0.615   12.274 0.00000e+00
   76    17.28333   -97.37373 36.44782     593.335     892.388  906.217  289.957   92.627   -0.288   12.258 0.00000e+00
   77    17.30000   -97.37209 36.45034     614.605     914.178  903.922  289.868   94.133    0.612   12.419 0.00000e+00
   78    17.31667   -97.37000 36.45249     665.687     965.041  898.493  289.387   95.956    0.396   12.349 0.00000e+00
   79    17.33333   -97.36702 36.45469     678.971     977.964  897.045  289.234   96.507   -0.521   12.319 0.00000e+00
   80    17.35000   -97.36367 36.45709     636.113     935.342  901.525  289.680   93.746   -1.307   12.252 0.00000e+00
   81    17.36667   -97.36076 36.45988     569.965     870.719  908.370  290.331   90.216   -1.213   12.199 0.00000e+00
   82    17.38333   -97.35873 36.46308     517.578     819.656  913.972  290.871   87.298   -0.806   12.142 0.00000e+00
   83    17.40000   -97.35769 36.46661     487.296     785.469  917.627  291.169   86.180    0.259   12.167 0.00000e+00
   84    17.41667   -97.35745 36.47039     528.084     821.993  913.687  290.670   90.468    2.141   12.427 0.00000e+00
   85    17.43333   -97.35678 36.47348     646.112     937.658  901.388  289.574   95.556    2.094   12.406 0.00000e+00
   86    17.45000   -97.35517 36.47587     743.331    1033.465  891.336  288.691   99.843    1.126   12.385 1.19992e-02
   87    17.46667   -97.35271 36.47780     789.727    1078.231  886.667  288.391   99.871   -0.625   12.215 9.13822e-03
   88    17.48333   -97.35004 36.47993     767.393    1053.990  889.100  288.687   96.858   -0.944   12.043 0.00000e+00
   89    17.50000   -97.34801 36.48262     723.943    1011.115  893.533  289.083   95.031   -0.569   12.060 0.00000e+00
   90    17.51667   -97.34643 36.48563     728.741    1016.998  892.955  289.041   95.199    0.948   12.057 0.00000e+00
   91    17.53333   -97.34457 36.48882     788.986    1078.025  886.540  288.413  100.000    1.714   12.252 3.00806e-03
   92    17.55000   -97.34169 36.49199     847.740    1136.618  880.466  288.208  100.000    0.805   12.191 1.73119e-01
   93    17.56667   -97.33803 36.49507     847.075    1135.892  880.535  288.210  100.000   -0.186   12.192 1.69703e-01
   94    17.58333   -97.33421 36.49806     791.554    1082.584  885.975  288.452   99.758   -1.274   12.259 1.07387e-02
   95    17.60000   -97.33076 36.50111     689.732     982.907  896.530  289.395   94.541   -2.060   12.200 0.00000e+00
   96    17.61667   -97.32816 36.50420     586.538     879.928  907.377  290.421   89.098   -1.670   12.131 0.00000e+00
   97    17.63333   -97.32655 36.50722     520.338     815.525  914.188  291.008   86.595   -0.806   12.147 0.00000e+00
   98    17.65000   -97.32575 36.51006     496.623     793.348  916.582  291.048   87.516    0.103   12.275 0.00000e+00
   99    17.66667   -97.32524 36.51264     511.652     809.425  914.892  290.807   89.091    0.770   12.329 0.00000e+00
  100    17.68333   -97.32452 36.51495     548.469     847.000  910.937  290.464   90.862    0.787   12.356 0.00000e+00
  101    17.70000   -97.32352 36.51709     584.848     883.806  907.068  290.130   92.666    0.560   12.389 0.00000e+00
  102    17.71667   -97.32235 36.51921     606.018     905.001  904.858  289.940   93.255    0.047   12.347 0.00000e+00
  103    17.73333   -97.32113 36.52142     603.747     902.319  905.115  289.966   92.939   -0.439   12.322 0.00000e+00
  104    17.75000   -97.31991 36.52372     578.116     877.375  907.669  290.213   91.650   -0.843   12.310 0.00000e+00
  105    17.76667   -97.31874 36.52623     534.114     834.804  912.205  290.629   89.683   -1.199   12.307 0.00000e+00
  106    17.78333   -97.31769 36.52904     474.801     776.930  918.327  291.204   87.321   -1.373   12.346 0.00000e+00
  107    17.80000   -97.31703 36.53207     407.278     710.896  925.432  291.862   84.844   -1.243   12.409 0.00000e+00
  108    17.81667   -97.31693 36.53519     347.931     653.070  931.735  292.415   82.366   -1.030   12.389 0.00000e+00
  109    17.83333   -97.31713 36.53821     310.810     617.443  935.543  292.757   80.951   -0.756   12.389 0.00000e+00
  110    17.85000   -97.31754 36.54105     298.466     606.664  936.719  292.858   80.545   -0.286   12.389 0.00000e+00
  111    17.86667   -97.31790 36.54370     298.212     607.840  936.589  292.859   80.590   -0.143   12.399 0.00000e+00
  112    17.88333   -97.31816 36.54628     290.459     601.423  937.284  292.915   80.530   -0.356   12.424 0.00000e+00
  113    17.90000   -97.31833 36.54882     268.698     581.071  939.477  293.131   79.826   -0.628   12.453 0.00000e+00
  114    17.91667   -97.31853 36.55149     237.534     551.340  942.663  293.416   78.735   -0.621   12.461 0.00000e+00
  115    17.93333   -97.31900 36.55447     215.425     530.631  944.810  293.651   78.068   -0.032   12.510 0.00000e+00
  116    17.95000   -97.32006 36.55762     233.902     551.780  942.507  293.440   78.958    1.012   12.518 0.00000e+00
  117    17.96667   -97.32116 36.56038     314.824     634.948  933.443  292.678   82.229    1.594   12.550 0.00000e+00
  118    17.98333   -97.32161 36.56264     419.981     741.918  921.959  291.637   87.141    1.838   12.613 0.00000e+00
  119    18.00000   -97.32143 36.56474     540.926     863.443  909.084  290.480   92.670    2.093   12.640 0.00000e+00
  120    18.01667   -97.32054 36.56699     663.907     986.878  896.070  289.308   98.608    1.920   12.661 3.35963e-05
  121    18.03333   -97.31899 36.56944     759.701    1083.528  886.034  288.740  100.000    1.529   12.537 1.40746e-01
  122    18.05000   -97.31693 36.57201     827.240    1150.892  879.144  288.473  100.000    1.109   12.421 2.79970e-01
  123    18.06667   -97.31454 36.57455     862.835    1183.636  875.784  288.325  100.000    0.474   12.350 3.13280e-01
  124    18.08333   -97.31198 36.57698     863.426    1181.271  875.999  288.254  100.000   -0.236   12.291 2.14276e-01
  125    18.10000   -97.30933 36.57934     833.499    1149.390  879.227  288.283   99.108   -1.073   12.140 5.84821e-02
  126    18.11667   -97.30666 36.58165     770.841    1087.627  885.561  288.832   94.421   -1.885   11.898 0.00000e+00
  127    18.13333   -97.30443 36.58406     676.250     994.324  895.357  289.751   89.561   -2.098   11.841 0.00000e+00
  128    18.15000   -97.30299 36.58652     580.163     898.740  905.441  290.653   85.523   -1.504   11.843 0.00000e+00
  129    18.16667   -97.30214 36.58891     513.834     831.936  912.595  291.267   83.383   -0.857   11.911 0.00000e+00
  130    18.18333   -97.30165 36.59113     463.858     779.896  918.195  291.641   83.708   -0.699   12.168 0.00000e+00
  131    18.20000   -97.30136 36.59324     414.365     728.150  923.768  292.099   82.509   -0.836   12.271 0.00000e+00
  132    18.21667   -97.30126 36.59519     360.283     671.852  929.832  292.662   80.470   -0.913   12.318 0.00000e+00
  133    18.23333   -97.30124 36.59703     302.434     611.864  936.337  293.263   78.231   -0.893   12.348 0.00000e+00
  134    18.25000   -97.30112 36.59892     249.176     556.454  942.371  293.812   76.143   -0.813   12.356 0.00000e+00
  135    18.26667   -97.30094 36.60085     207.736     512.790  947.140  294.240   74.430   -0.703   12.341 0.00000e+00
  136    18.28333   -97.30080 36.60288     175.104     477.776  950.938  294.579   73.054   -0.568   12.320 0.00000e+00
  137    18.30000   -97.30067 36.60502     149.993     450.309  953.904  294.860   71.994   -0.436   12.315 0.00000e+00
  138    18.31667   -97.30052 36.60723     130.465     429.346  956.197  295.090   71.176   -0.349   12.319 0.00000e+00
  139    18.33333   -97.30035 36.60954     117.004     414.531  957.814  295.311   70.492   -0.227   12.348 0.00000e+00
  140    18.35000   -97.30017 36.61194     109.020     405.142  958.832  295.502   69.924   -0.146   12.379 0.00000e+00
  141    18.36667   -97.30006 36.61446     107.229     402.339  959.091  295.602   69.530    0.035   12.382 0.00000e+00
  142    18.38333   -97.29990 36.61712     109.889     404.583  958.829  295.662   69.264    0.217   12.384 0.00000e+00
  143    18.40000   -97.29971 36.61995     120.406     414.659  957.712  295.624   69.314    0.394   12.379 0.00000e+00
  144    18.41667   -97.29953 36.62294     139.250     433.389  955.612  295.413   69.773    0.354   12.327 0.00000e+00
  145    18.43333   -97.29927 36.62595     161.823     456.333  953.096  295.142   70.336    0.409   12.254 0.00000e+00
  146    18.45000   -97.29881 36.62893     191.039     485.907  949.838  294.880   71.320    0.636   12.268 0.00000e+00
  147    18.46667   -97.29831 36.63200     224.877     520.112  946.124  294.625   72.604    0.453   12.342 0.00000e+00
  148    18.48333   -97.29799 36.63515     222.225     517.839  946.354  294.653   72.572   -0.402   12.355 0.00000e+00
  149    18.50000   -97.29781 36.63810     179.621     475.585  950.986  295.050   71.170   -0.732   12.356 0.00000e+00
  150    18.51667   -97.29768 36.64075     132.796     428.928  956.120  295.513   69.589   -0.670   12.364 0.00000e+00
  151    18.53333   -97.29747 36.64333     103.040     399.252  959.407  295.828   68.598   -0.233   12.383 0.00000e+00
  152    18.55000   -97.29713 36.64597      95.993     392.173  960.213  296.028   68.109    0.366   12.436 0.00000e+00
  153    18.56667   -97.29688 36.64863     108.172     404.231  958.835  296.049   68.208    0.584   12.489 0.00000e+00
  154    18.58333   -97.29711 36.65128     118.861     414.945  957.650  295.959   68.325    0.419   12.457 0.00000e+00
  155    18.60000   -97.29783 36.65382     116.122     412.190  957.934  295.901   68.032   -0.021   12.356 0.00000e+00
  156    18.61667   -97.29907 36.65627      99.341     395.548  959.692  295.998   67.482   -0.255   12.306 0.00000e+00
  157    18.63333   -97.30092 36.65857      79.033     375.568  961.885  296.190   66.752   -0.072   12.289 0.00000e+00
  158    18.65000   -97.30352 36.66052      89.192     385.703  960.730  296.141   66.994    0.583   12.311 0.00000e+00
  159    18.66667   -97.30631 36.66190     124.010     420.023  956.947  295.745   68.285    0.579   12.296 0.00000e+00
  160    18.68333   -97.30813 36.66295     172.970     468.691  951.660  295.277   69.996    1.050   12.315 0.00000e+00
  161    18.70000   -97.30922 36.66398     226.635     522.323  945.777  294.786   71.782    0.466   12.329 0.00000e+00
  162    18.71667   -97.31010 36.66519     254.982     550.799  942.669  294.541   72.619    0.524   12.326 0.00000e+00
  163    18.73333   -97.31079 36.66677     290.345     586.407  938.814  294.227   73.828    0.613   12.340 0.00000e+00
  164    18.75000   -97.31124 36.66853     319.156     615.595  935.661  293.954   74.751    0.343   12.326 0.00000e+00
  165    18.76667   -97.31144 36.67038     320.089     616.889  935.482  293.940   74.745   -0.175   12.317 0.00000e+00
  166    18.78333   -97.31129 36.67224     294.246     592.075  938.133  294.174   73.827   -0.499   12.309 0.00000e+00
  167    18.80000   -97.31085 36.67413     267.692     567.840  940.763  294.431   72.847   -0.086   12.306 0.00000e+00
  168    18.81667   -97.31052 36.67590     266.370     568.680  940.651  294.770   71.629    0.180   12.358 0.00000e+00
  169    18.83333   -97.31059 36.67743     251.514     555.574  942.077  294.878   71.106   -0.901   12.331 0.00000e+00
  170    18.85000   -97.31030 36.67897     203.626     509.562  947.088  295.260   69.440   -1.421   12.264 0.00000e+00
  171    18.86667   -97.30968 36.68071     165.399     472.912  951.132  295.582   67.923   -0.531   12.184 0.00000e+00
  172    18.88333   -97.30887 36.68264     160.881     469.339  951.533  295.836   66.610    0.284   12.131 0.00000e+00
  173    18.90000   -97.30811 36.68480     178.389     487.841  949.505  295.705   66.934    0.594   12.118 0.00000e+00
  174    18.91667   -97.30729 36.68684     196.692     507.051  947.419  295.529   67.771    0.409   12.165 0.00000e+00
  175    18.93333   -97.30626 36.68879     202.410     513.537  946.693  295.437   67.976    0.591   12.142 0.00000e+00
  176    18.95000   -97.30482 36.69088     253.905     565.743  941.040  294.959   69.283    1.755   12.089 0.00000e+00
  177    18.96667   -97.30344 36.69313     380.347     693.019  927.308  293.680   74.000    2.773   12.105 0.00000e+00
  178    18.98333   -97.30248 36.69548     565.717     879.217  907.526  291.821   81.697    3.831   12.155 0.00000e+00
