    0    16.01667   -97.40172 36.29851      94.315     417.071  957.839  292.884   83.891    0.356   12.637 0.00000e+00
    1    16.03333   -97.40160 36.30173     115.162     434.966  955.819  292.685   84.685    0.448   12.626 0.00000e+00
    2    16.05000   -97.40152 36.30500     135.410     452.381  953.824  292.503   85.453    0.350   12.622 0.00000e+00
    3    16.06667   -97.40144 36.30839     142.815     459.477  953.067  292.435   85.829    0.087   12.633 0.00000e+00
    4    16.08333   -97.40135 36.31194     133.594     450.048  954.099  292.529   85.490   -0.268   12.644 0.00000e+00
    5    16.10000   -97.40125 36.31560     111.077     429.004  956.353  292.729   84.667   -0.430   12.651 0.00000e+00
    6    16.11667   -97.40132 36.31918      89.970     410.418  958.439  292.912   83.928   -0.407   12.657 0.00000e+00
    7    16.13333   -97.40161 36.32254      72.952     394.906  960.279  293.082   83.277   -0.300   12.669 0.00000e+00
    8    16.15000   -97.40221 36.32566      62.456     382.844  961.560  293.212   82.758   -0.120   12.675 0.00000e+00
    9    16.16667   -97.40291 36.32856      60.843     379.811  961.918  293.270   82.805    0.136   12.724 0.00000e+00
   10    16.18333   -97.40343 36.33124      73.040     390.730  960.726  293.182   83.296    0.248   12.745 0.00000e+00
   11    16.20000   -97.40366 36.33371      91.711     408.249  958.798  293.010   84.111    0.294   12.758 0.00000e+00
   12    16.21667   -97.40373 36.33608     111.212     426.564  956.773  292.819   84.832    0.251   12.741 0.00000e+00
   13    16.23333   -97.40379 36.33850     124.811     438.894  955.409  292.694   85.267    0.213   12.725 0.00000e+00
   14    16.25000   -97.40388 36.34109     133.033     445.510  954.670  292.628   85.507    0.229   12.718 0.00000e+00
   15    16.26667   -97.40395 36.34383     143.734     454.467  953.632  292.533   85.868    0.232   12.710 0.00000e+00
   16    16.28333   -97.40405 36.34670     158.212     467.540  952.014  292.388   86.470    0.251   12.705 0.00000e+00
   17    16.30000   -97.40412 36.34974     172.951     486.304  949.842  292.201   87.318    0.227   12.708 0.00000e+00
   18    16.31667   -97.40422 36.35287     187.022     504.980  947.790  292.026   88.144    0.241   12.716 0.00000e+00
   19    16.33333   -97.40421 36.35599     199.968     522.097  945.945  291.873   88.896    0.240   12.725 0.00000e+00
   20    16.35000   -97.40416 36.35907     208.339     533.579  944.710  291.771   89.402    0.150   12.733 0.00000e+00
   21    16.36667   -97.40404 36.36211     210.739     539.101  944.082  291.720   89.634    0.083   12.733 0.00000e+00
   22    16.38333   -97.40389 36.36515     209.931     539.755  944.119  291.735   89.570    0.076   12.736 0.00000e+00
   23    16.40000   -97.40374 36.36816     211.708     541.917  943.879  291.723   89.632    0.095   12.738 0.00000e+00
   24    16.41667   -97.40349 36.37117     219.146     549.753  943.099  291.662   89.943    0.237   12.744 0.00000e+00
   25    16.43333   -97.40311 36.37414     236.395     565.223  941.469  291.526   90.627    0.431   12.753 0.00000e+00
   26    16.45000   -97.40253 36.37712     259.196     585.333  939.278  291.357   91.441    0.484   12.760 0.00000e+00
   27    16.46667   -97.40180 36.38007     280.616     603.856  937.278  291.197   92.187    0.364   12.762 0.00000e+00
   28    16.48333   -97.40103 36.38300     293.304     614.561  936.099  291.106   92.569    0.233   12.758 0.00000e+00
   29    16.50000   -97.40023 36.38588     297.465     616.909  935.877  291.074   92.600    0.138   12.739 0.00000e+00
   30    16.51667   -97.39945 36.38871     296.349     614.097  936.156  291.082   92.406    0.067   12.715 0.00000e+00
   31    16.53333   -97.39867 36.39154     296.936     613.230  936.222  291.090   92.320    0.132   12.708 0.00000e+00
   32    16.55000   -97.39788 36.39435     301.662     616.611  935.849  291.065   92.411    0.134   12.706 0.00000e+00
   33    16.56667   -97.39696 36.39712     307.456     621.202  935.340  291.038   92.517   -0.005   12.706 0.00000e+00
   34    16.58333   -97.39586 36.39981     310.904     623.655  935.076  291.045   92.487   -0.207   12.711 0.00000e+00
   35    16.60000   -97.39473 36.40244     308.838     620.490  935.419  291.123   92.114   -0.357   12.718 0.00000e+00
   36    16.61667   -97.39366 36.40503     297.752     608.359  936.707  291.286   91.359   -0.329   12.727 0.00000e+00
   37    16.63333   -97.39287 36.40769     282.607     592.949  938.374  291.459   90.571   -0.143   12.733 0.00000e+00
   38    16.65000   -97.39237 36.41043     277.336     587.536  938.978  291.516   90.283   -0.003   12.730 0.00000e+00
   39    16.66667   -97.39211 36.41319     284.004     594.190  938.270  291.452   90.484    0.378   12.717 0.00000e+00
   40    16.68333   -97.39198 36.41596     311.849     622.437  935.159  291.192   91.584    0.698   12.704 0.00000e+00
   41    16.70000   -97.39185 36.41873     351.443     662.499  930.789  290.817   93.348    0.879   12.703 0.00000e+00
   42    16.71667   -97.39160 36.42155     399.409     710.851  925.562  290.355   95.705    0.896   12.718 0.00000e+00
   43    16.73333   -97.39115 36.42442     447.685     758.472  920.375  289.886   98.182    0.784   12.734 3.66526e-05
   44    16.75000   -97.39040 36.42742     487.685     798.015  916.073  289.531   99.910    0.513   12.727 8.11120e-03
   45    16.76667   -97.38940 36.43055     513.833     823.903  913.352  289.396  100.000    0.425   12.681 3.54897e-02
   46    16.78333   -97.38829 36.43374     532.345     840.175  911.660  289.312  100.000    0.493   12.638 3.95701e-02
   47    16.80000   -97.38710 36.43689     549.624     854.880  910.175  289.227  100.000    0.586   12.589 3.01268e-02
   48    16.81667   -97.38575 36.43995     567.120     871.109  908.352  289.132  100.000    0.682   12.530 3.00069e-02
   49    16.83333   -97.38410 36.44294     587.989     891.576  906.214  289.020  100.000    0.915   12.477 4.39129e-02
   50    16.85000   -97.38210 36.44589     608.763     911.266  904.119  288.923  100.000    0.662   12.430 6.44156e-02
   51    16.86667   -97.37974 36.44894     618.278     921.051  903.021  288.865  100.000    0.257   12.399 5.13923e-02
   52    16.88333   -97.37724 36.45209     611.374     914.814  903.656  288.903   99.763    0.070   12.374 1.11071e-02
   53    16.90000   -97.37489 36.45529     601.926     905.635  904.714  289.069   98.153    0.083   12.291 1.15712e-03
   54    16.91667   -97.37275 36.45858     602.190     904.796  904.817  289.153   97.129    0.320   12.227 1.51734e-04
   55    16.93333   -97.37072 36.46193     612.572     914.716  903.729  289.130   96.692    0.409   12.168 0.00000e+00
   56    16.95000   -97.36875 36.46532     632.156     932.197  901.978  289.010   97.008    0.506   12.138 0.00000e+00
   57    16.96667   -97.36683 36.46872     656.788     953.023  899.799  288.835   97.719    0.500   12.119 5.58024e-05
   58    16.98333   -97.36491 36.47216     679.752     972.048  897.741  288.668   98.439    0.427   12.106 1.62102e-04
   59    17.00000   -97.36298 36.47562     695.183     985.883  896.254  288.562   98.762    0.356   12.082 1.37254e-04
   60    17.01667   -97.36098 36.47910     704.310     993.549  895.453  288.513   98.811    0.212   12.061 4.41396e-07
   61    17.03333   -97.35883 36.48261     707.877     997.608  894.953  288.489   98.823    0.038   12.050 0.00000e+00
   62    17.05000   -97.35653 36.48611     707.478     998.674  894.846  288.505   98.574   -0.044   12.034 0.00000e+00
   63    17.06667   -97.35411 36.48959     707.654    1000.198  894.725  288.530   98.173   -0.042   12.006 0.00000e+00
   64    17.08333   -97.35159 36.49299     708.532    1001.526  894.634  288.551   97.813    0.011   11.980 0.00000e+00
   65    17.10000   -97.34902 36.49632     715.174    1007.714  894.004  288.523   97.694    0.073   11.952 0.00000e+00
   66    17.11667   -97.34643 36.49962     725.835    1017.316  893.037  288.471   97.671    0.070   11.922 0.00000e+00
   67    17.13333   -97.34380 36.50288     735.333    1026.277  891.967  288.415   97.622    0.013   11.887 0.00000e+00
   68    17.15000   -97.34129 36.50613     743.053    1035.703  890.957  288.328   98.002    0.128   11.880 0.00000e+00
   69    17.16667   -97.33887 36.50937     763.607    1058.610  888.540  288.116   98.936    0.393   11.862 0.00000e+00
   70    17.18333   -97.33627 36.51263     794.148    1091.715  885.121  287.815  100.000    0.348   11.820 4.59348e-03
   71    17.20000   -97.33352 36.51598     820.875    1118.751  882.305  287.652  100.000    0.023   11.734 2.43975e-02
   72    17.21667   -97.33057 36.51942     834.527    1133.616  880.727  287.601  100.000   -0.173   11.715 5.69832e-02
   73    17.23333   -97.32738 36.52299     832.668    1133.873  880.757  287.699  100.000   -0.363   11.791 1.29536e-01
   74    17.25000   -97.32411 36.52665     803.481    1105.145  883.737  287.947  100.000   -0.670   11.942 1.51394e-01
   75    17.26667   -97.32121 36.53034     761.170    1063.690  888.090  288.202  100.000   -0.549   12.080 7.22615e-02
   76    17.28333   -97.31898 36.53400     733.322    1037.751  890.773  288.359   99.225   -0.225   12.055 1.69562e-04
   77    17.30000   -97.31736 36.53757     744.611    1050.938  889.366  288.311   97.934    0.751   11.880 0.00000e+00
   78    17.31667   -97.31557 36.54091     794.577    1102.607  883.968  287.875  100.000    1.928   11.881 1.66580e-02
   79    17.33333   -97.31322 36.54416     861.765    1171.825  876.720  287.590  100.000    2.240   11.761 1.82497e-01
   80    17.35000   -97.31011 36.54755     915.972    1229.709  870.642  287.353  100.000    1.209   11.662 2.99891e-01
   81    17.36667   -97.30668 36.55111     921.979    1241.476  869.501  287.255  100.000    0.093   11.605 2.25255e-01
   82    17.38333   -97.30330 36.55468     880.266    1204.704  873.366  287.458   98.986   -0.759   11.570 7.27812e-02
   83    17.40000   -97.30006 36.55811     815.823    1141.156  880.093  287.960   96.354   -1.060   11.547 3.38262e-04
   84    17.41667   -97.29687 36.56135     759.719    1083.663  886.118  288.547   92.986   -0.807   11.496 0.00000e+00
   85    17.43333   -97.29366 36.56447     731.033    1053.072  889.231  288.878   90.804   -0.141   11.428 0.00000e+00
   86    17.45000   -97.29039 36.56748     743.682    1066.151  887.836  288.776   90.912    0.695   11.385 0.00000e+00
   87    17.46667   -97.28699 36.57050     797.655    1121.090  882.131  288.253   93.200    1.199   11.356 0.00000e+00
   88    17.48333   -97.28341 36.57362     860.942    1183.043  875.769  287.632   96.468    0.866   11.372 0.00000e+00
   89    17.50000   -97.27988 36.57688     901.543    1220.742  871.948  287.311   97.703    0.328   11.329 1.42955e-04
   90    17.51667   -97.27650 36.58021     925.138    1239.857  870.140  287.185   97.760    0.091   11.266 0.00000e+00
   91    17.53333   -97.27322 36.58359     939.055    1246.851  869.333  287.125   97.607   -0.070   11.215 0.00000e+00
   92    17.55000   -97.27018 36.58696     938.808    1242.529  869.754  287.108   97.716   -0.026   11.210 8.63755e-04
   93    17.56667   -97.26747 36.59029     930.157    1230.259  871.013  287.143   98.561   -0.038   11.316 2.60293e-02
   94    17.58333   -97.26508 36.59364     914.652    1211.753  872.895  287.266   99.009   -0.205   11.435 3.04334e-02
   95    17.60000   -97.26307 36.59713     890.094    1185.349  875.602  287.473   98.267   -0.404   11.467 2.40606e-05
   96    17.61667   -97.26120 36.60082     856.697    1150.215  879.182  287.837   96.103   -0.513   11.436 0.00000e+00
   97    17.63333   -97.25922 36.60464     814.510    1106.864  883.666  288.221   94.685   -0.759   11.493 0.00000e+00
   98    17.65000   -97.25705 36.60849     766.329    1058.831  888.667  288.685   92.625   -0.976   11.520 0.00000e+00
   99    17.66667   -97.25471 36.61232     719.713    1011.990  893.630  289.215   89.552   -0.906   11.460 0.00000e+00
  100    17.68333   -97.25227 36.61619     686.453     978.734  897.065  289.508   88.465   -0.512   11.492 0.00000e+00
  101    17.70000   -97.24977 36.62013     673.398     966.137  898.375  289.601   88.323   -0.158   11.526 0.00000e+00
  102    17.71667   -97.24728 36.62405     667.416     960.801  898.950  289.626   88.480    0.047   11.557 0.00000e+00
  103    17.73333   -97.24487 36.62780     654.035     948.393  900.278  289.657   89.009   -0.208   11.633 0.00000e+00
  104    17.75000   -97.24280 36.63130     634.187     928.378  902.456  289.701   90.510   -0.257   11.833 0.00000e+00
  105    17.76667   -97.24112 36.63469     607.153     900.713  905.325  289.940   89.753   -0.607   11.877 0.00000e+00
  106    17.78333   -97.23956 36.63795     573.418     867.011  908.878  290.260   88.522   -0.667   11.909 0.00000e+00
  107    17.80000   -97.23801 36.64129     530.437     824.868  913.386  290.653   86.883   -0.770   11.926 0.00000e+00
  108    17.81667   -97.23639 36.64462     482.319     777.775  918.385  291.090   85.029   -0.866   11.934 0.00000e+00
  109    17.83333   -97.23461 36.64781     438.905     735.101  922.991  291.489   83.256   -0.783   11.925 0.00000e+00
  110    17.85000   -97.23271 36.65091     399.997     696.355  927.244  291.884   81.638   -0.719   11.933 0.00000e+00
  111    17.86667   -97.23081 36.65393     358.100     654.122  931.788  292.253   80.234   -0.874   11.944 0.00000e+00
  112    17.88333   -97.22885 36.65691     312.924     607.944  936.796  292.725   78.497   -0.711   11.973 0.00000e+00
  113    17.90000   -97.22705 36.66002     280.760     575.461  940.240  293.050   77.382   -0.535   12.001 0.00000e+00
  114    17.91667   -97.22574 36.66330     255.432     550.575  942.930  293.304   76.320   -0.626   11.991 0.00000e+00
  115    17.93333   -97.22508 36.66648     230.549     526.929  945.497  293.512   75.786   -0.381   12.030 0.00000e+00
  116    17.95000   -97.22507 36.66949     215.709     513.055  947.028  293.693   76.129   -0.330   12.201 0.00000e+00
  117    17.96667   -97.22540 36.67238     197.291     495.202  949.003  293.918   75.983   -0.727   12.324 0.00000e+00
  118    17.98333   -97.22562 36.67521     156.015     453.792  953.507  294.336   74.599   -1.146   12.359 0.00000e+00
  119    18.00000   -97.22523 36.67789     114.784     412.753  958.012  294.713   73.537   -0.428   12.412 0.00000e+00
  120    18.01667   -97.22459 36.68023     123.349     421.695  957.069  294.643   74.147    0.556   12.472 0.00000e+00
  121    18.03333   -97.22413 36.68241     164.469     462.430  952.641  294.199   75.873    0.643   12.475 0.00000e+00
  122    18.05000   -97.22388 36.68459     203.384     500.712  948.447  293.801   77.336    0.645   12.460 0.00000e+00
  123    18.06667   -97.22369 36.68683     250.385     546.972  943.399  293.358   79.058    0.895   12.457 0.00000e+00
  124    18.08333   -97.22343 36.68916     314.252     610.324  936.487  292.768   81.498    1.219   12.468 0.00000e+00
  125    18.10000   -97.22302 36.69160     389.189     685.304  928.343  292.062   84.474    1.325   12.472 0.00000e+00
  126    18.11667   -97.22229 36.69407     466.483     762.598  920.047  291.355   87.493    1.429   12.466 0.00000e+00
  127    18.13333   -97.22127 36.69651     539.163     835.185  912.304  290.658   90.698    1.338   12.468 0.00000e+00
  128    18.15000   -97.21998 36.69890     600.855     897.138  905.700  290.045   93.514    1.151   12.453 0.00000e+00
  129    18.16667   -97.21849 36.70138     643.827     940.575  901.109  289.615   95.650    0.866   12.455 0.00000e+00
  130    18.18333   -97.21687 36.70403     663.503     960.755  899.012  289.419   96.271    0.298   12.408 0.00000e+00
  131    18.20000   -97.21523 36.70690     652.520     950.154  900.121  289.517   95.494   -0.287   12.371 0.00000e+00
  132    18.21667   -97.21363 36.70989     611.719     909.601  904.432  289.907   93.623   -0.809   12.375 0.00000e+00
  133    18.23333   -97.21210 36.71292     547.257     845.266  911.222  290.544   90.407   -1.208   12.353 0.00000e+00
  134    18.25000   -97.21065 36.71595     467.655     766.911  919.538  291.332   86.450   -1.390   12.306 0.00000e+00
  135    18.26667   -97.20924 36.71892     389.909     690.893  927.712  292.130   82.289   -1.152   12.210 0.00000e+00
  136    18.28333   -97.20786 36.72182     324.424     627.008  934.581  292.784   79.169   -0.811   12.149 0.00000e+00
  137    18.30000   -97.20654 36.72472     274.129     577.156  940.061  293.262   77.180   -0.547   12.132 0.00000e+00
  138    18.31667   -97.20535 36.72756     234.760     537.813  944.365  293.639   75.697   -0.393   12.126 0.00000e+00
  139    18.33333   -97.20428 36.73033     201.677     504.498  948.012  293.978   74.352   -0.413   12.117 0.00000e+00
  140    18.35000   -97.20329 36.73301     174.057     477.011  950.964  294.260   73.162   -0.379   12.097 0.00000e+00
  141    18.36667   -97.20238 36.73560     156.821     459.986  952.893  294.450   72.403   -0.185   12.088 0.00000e+00
  142    18.38333   -97.20157 36.73809     150.761     453.958  953.530  294.522   72.041    0.046   12.073 0.00000e+00
  143    18.40000   -97.20077 36.74049     151.326     454.402  953.470  294.542   71.762    0.093   12.042 0.00000e+00
  144    18.41667   -97.19997 36.74280     154.354     457.374  953.150  294.540   71.563    0.086   12.011 0.00000e+00
  145    18.43333   -97.19913 36.74505     158.051     461.077  952.730  294.536   71.276    0.046   11.966 0.00000e+00
  146    18.45000   -97.19822 36.74725     159.960     463.211  952.465  294.532   71.184   -0.019   11.950 0.00000e+00
  147    18.46667   -97.19731 36.74946     160.382     464.295  952.328  294.570   71.073   -0.058   11.961 0.00000e+00
  148    18.48333   -97.19649 36.75169     154.863     459.483  952.906  294.712   70.807   -0.187   12.015 0.00000e+00
  149    18.50000   -97.19578 36.75396     134.603     439.961  955.015  294.948   70.153   -0.725   12.052 0.00000e+00
  150    18.51667   -97.19480 36.75621      90.528     396.991  959.718  295.472   68.594   -1.049   12.111 0.00000e+00
  151    18.53333   -97.19289 36.75829      64.874     372.203  962.439  295.781   67.686    0.209   12.145 0.00000e+00
  152    18.55000   -97.19079 36.75994     116.666     424.206  956.753  295.736   68.516    1.738   12.333 0.00000e+00
  153    18.56667   -97.18947 36.76153     251.916     559.585  941.927  294.445   73.123    2.599   12.348 0.00000e+00
  154    18.58333   -97.18858 36.76357     399.656     707.483  925.972  292.941   78.743    2.455   12.318 0.00000e+00
  155    18.60000   -97.18769 36.76606     522.057     829.843  912.911  291.634   83.265    2.223   12.170 0.00000e+00
  156    18.61667   -97.18663 36.76878     626.366     934.192  901.839  290.618   86.811    2.040   12.043 0.00000e+00
  157    18.63333   -97.18531 36.77155     706.187    1014.540  893.337  289.838   89.674    1.523   11.949 0.00000e+00
  158    18.65000   -97.18396 36.77421     750.731    1060.302  888.605  289.402   90.747    0.720   11.821 0.00000e+00
  159    18.66667   -97.18257 36.77674     758.327    1068.944  887.724  289.325   90.675    0.074   11.766 0.00000e+00
  160    18.68333   -97.18123 36.77917     746.927    1058.349  888.870  289.433   89.730   -0.392   11.709 0.00000e+00
  161    18.70000   -97.17998 36.78157     712.659    1024.724  892.355  289.775   87.652   -0.902   11.645 0.00000e+00
  162    18.71667   -97.17886 36.78393     654.955     967.469  898.395  290.336   85.432   -1.256   11.685 0.00000e+00
  163    18.73333   -97.17789 36.78605     596.017     908.818  904.539  290.915   83.008   -1.211   11.699 0.00000e+00
  164    18.75000   -97.17705 36.78800     538.080     851.064  910.657  291.459   81.016   -1.331   11.740 0.00000e+00
  165    18.76667   -97.17633 36.78983     481.399     794.705  916.647  291.987   78.923   -1.334   11.747 0.00000e+00
  166    18.78333   -97.17590 36.79169     434.414     748.110  921.651  292.444   77.274   -1.385   11.772 0.00000e+00
  167    18.80000   -97.17583 36.79371     382.433     696.545  927.174  292.995   75.120   -1.773   11.776 0.00000e+00
  168    18.81667   -97.17575 36.79565     298.444     612.957  936.141  293.853   71.983   -2.083   11.790 0.00000e+00
  169    18.83333   -97.17514 36.79759     206.445     521.247  946.103  294.793   68.976   -1.558   11.848 0.00000e+00
  170    18.85000   -97.17386 36.79961     152.240     467.102  952.014  295.232   67.180   -0.539   11.783 0.00000e+00
  171    18.86667   -97.17233 36.80176     176.588     491.304  949.395  295.006   67.750    1.326   11.750 0.00000e+00
  172    18.88333   -97.17133 36.80389     289.451     603.930  937.117  294.134   71.373    2.625   11.883 0.00000e+00
  173    18.90000   -97.17070 36.80597     438.022     752.783  921.045  292.721   76.954    3.005   11.937 0.00000e+00
  174    18.91667   -97.17014 36.80789     590.446     906.001  904.768  291.244   82.946    3.178   11.935 0.00000e+00
  175    18.93333   -97.16959 36.80989     735.306    1051.900  889.467  289.822   89.245    2.938   11.931 0.00000e+00
  176    18.95000   -97.16899 36.81220     864.859    1182.708  875.940  288.552   95.287    2.653   11.922 0.00000e+00
  177    18.96667   -97.16827 36.81504     945.475    1264.520  867.529  287.803   98.283    0.988   11.828 2.63774e-04
  178    18.98333   -97.16708 36.81803     967.106    1287.451  865.231  287.673   97.458    0.037   11.661 7.29742e-03
