    0    16.01667   -97.54184 36.29044      92.764     443.437  954.633  292.474   87.423   -0.032   12.878 0.00000e+00
    1    16.03333   -97.54261 36.29283      91.510     441.414  954.854  292.505   87.262   -0.144   12.877 0.00000e+00
    2    16.05000   -97.54334 36.29520      89.371     438.603  955.163  292.575   86.979    0.059   12.887 0.00000e+00
    3    16.06667   -97.54408 36.29763      89.789     439.418  955.015  292.573   86.944   -0.117   12.883 0.00000e+00
    4    16.08333   -97.54486 36.30013      84.366     436.363  955.377  292.668   86.637   -0.150   12.909 0.00000e+00
    5    16.10000   -97.54586 36.30257      80.631     435.083  955.483  292.755   86.309    0.104   12.929 0.00000e+00
    6    16.11667   -97.54662 36.30487      97.046     453.590  953.485  292.623   86.852    0.520   12.930 0.00000e+00
    7    16.13333   -97.54684 36.30713     122.219     479.329  950.707  292.446   87.583    0.517   12.933 0.00000e+00
    8    16.15000   -97.54672 36.30948     140.046     497.482  948.697  292.316   88.115    0.253   12.933 0.00000e+00
    9    16.16667   -97.54654 36.31200     142.605     500.464  948.352  292.312   88.115   -0.038   12.934 0.00000e+00
   10    16.18333   -97.54636 36.31466     133.945     490.563  949.554  292.436   87.530   -0.225   12.933 0.00000e+00
   11    16.20000   -97.54607 36.31734     117.911     471.416  951.656  292.638   86.585   -0.437   12.928 0.00000e+00
   12    16.21667   -97.54566 36.31999      96.890     447.217  954.357  292.908   85.420   -0.501   12.934 0.00000e+00
   13    16.23333   -97.54516 36.32253      72.402     420.871  957.132  293.148   84.370   -0.532   12.931 0.00000e+00
   14    16.25000   -97.54471 36.32502      50.059     399.330  959.520  293.378   83.382   -0.383   12.932 0.00000e+00
   15    16.26667   -97.54436 36.32737      40.057     390.132  960.500  293.508   82.812   -0.181   12.935 0.00000e+00
   16    16.28333   -97.54413 36.32948      38.412     389.243  960.590  293.607   82.477    0.037   12.961 0.00000e+00
   17    16.30000   -97.54404 36.33149      44.861     396.360  959.813  293.627   82.598    0.258   13.007 0.00000e+00
   18    16.31667   -97.54407 36.33360      57.832     410.022  958.300  293.509   83.111    0.355   13.013 0.00000e+00
   19    16.33333   -97.54407 36.33589      79.044     431.982  955.839  293.260   83.837    0.444   12.957 0.00000e+00
   20    16.35000   -97.54395 36.33829     112.459     466.079  952.109  292.906   85.093    0.672   12.914 0.00000e+00
   21    16.36667   -97.54364 36.34076     156.304     509.828  947.289  292.483   86.920    1.057   12.912 0.00000e+00
   22    16.38333   -97.54312 36.34348     200.383     553.695  942.466  292.021   88.548    0.851   12.843 0.00000e+00
   23    16.40000   -97.54226 36.34646     239.397     592.557  938.273  291.624   90.188    0.853   12.814 0.00000e+00
   24    16.41667   -97.54086 36.34966     286.900     637.207  933.442  291.240   91.369    0.861   12.736 0.00000e+00
   25    16.43333   -97.53897 36.35281     331.778     678.616  928.966  290.845   93.216    0.736   12.733 0.00000e+00
   26    16.45000   -97.53692 36.35569     363.681     706.693  925.932  290.637   93.717    0.605   12.675 0.00000e+00
   27    16.46667   -97.53488 36.35836     386.595     725.480  923.891  290.500   94.001    0.517   12.631 0.00000e+00
   28    16.48333   -97.53289 36.36102     417.339     752.698  920.929  290.280   94.722    0.564   12.591 0.00000e+00
   29    16.50000   -97.53083 36.36367     450.730     783.102  917.630  290.003   96.004    0.447   12.583 0.00000e+00
   30    16.51667   -97.52869 36.36635     465.361     795.565  916.381  289.889   96.628    0.089   12.590 0.00000e+00
   31    16.53333   -97.52663 36.36905     459.268     786.374  917.352  289.979   96.190   -0.299   12.592 0.00000e+00
   32    16.55000   -97.52469 36.37171     431.284     756.128  920.440  290.249   94.909   -0.571   12.598 0.00000e+00
   33    16.56667   -97.52296 36.37434     382.533     709.665  925.396  290.656   93.229   -0.785   12.631 0.00000e+00
   34    16.58333   -97.52171 36.37692     325.569     655.334  931.316  291.207   90.507   -1.019   12.618 0.00000e+00
   35    16.60000   -97.52110 36.37944     285.323     617.575  935.409  291.568   88.784   -0.590   12.608 0.00000e+00
   36    16.61667   -97.52086 36.38187     273.558     607.580  936.546  291.686   88.051    0.068   12.583 0.00000e+00
   37    16.63333   -97.52044 36.38422     284.003     619.514  935.271  291.541   88.857    0.409   12.599 0.00000e+00
   38    16.65000   -97.51960 36.38667     297.519     634.458  933.645  291.385   89.592    0.280   12.601 0.00000e+00
   39    16.66667   -97.51831 36.38929     309.545     647.790  932.200  291.252   90.186    0.114   12.597 0.00000e+00
   40    16.68333   -97.51665 36.39207     316.621     656.281  931.278  291.205   90.120   -0.118   12.564 0.00000e+00
   41    16.70000   -97.51472 36.39501     310.867     652.139  931.701  291.257   89.808   -0.301   12.555 0.00000e+00
   42    16.71667   -97.51254 36.39814     293.756     636.740  933.378  291.429   88.859   -0.420   12.537 0.00000e+00
   43    16.73333   -97.51035 36.40144     270.437     614.889  935.777  291.657   87.702   -0.294   12.520 0.00000e+00
   44    16.75000   -97.50840 36.40473     259.677     605.370  936.870  291.753   87.234    0.126   12.515 0.00000e+00
   45    16.76667   -97.50665 36.40789     277.428     621.331  935.183  291.621   87.800    0.520   12.514 0.00000e+00
   46    16.78333   -97.50499 36.41096     311.443     652.958  931.756  291.333   88.838    0.539   12.479 0.00000e+00
   47    16.80000   -97.50345 36.41402     351.305     690.105  927.778  291.005   90.217    0.527   12.465 0.00000e+00
   48    16.81667   -97.50211 36.41717     389.747     725.547  923.973  290.692   91.737    0.485   12.478 0.00000e+00
   49    16.83333   -97.50112 36.42039     417.667     750.528  921.253  290.429   93.421    0.402   12.532 0.00000e+00
   50    16.85000   -97.50040 36.42366     431.246     761.588  920.031  290.290   94.224    0.028   12.546 0.00000e+00
   51    16.86667   -97.49982 36.42699     427.296     755.561  920.635  290.340   94.044   -0.305   12.553 0.00000e+00
   52    16.88333   -97.49921 36.43036     404.824     731.359  923.244  290.550   93.217   -0.562   12.575 0.00000e+00
   53    16.90000   -97.49867 36.43370     360.418     686.218  928.136  290.959   91.491   -0.905   12.600 0.00000e+00
   54    16.91667   -97.49841 36.43702     297.967     623.031  935.029  291.539   89.023   -0.923   12.625 0.00000e+00
   55    16.93333   -97.49850 36.44033     246.737     571.818  940.597  292.051   87.206   -0.499   12.697 0.00000e+00
   56    16.95000   -97.49863 36.44355     219.537     545.076  943.530  292.479   85.901   -0.144   12.808 0.00000e+00
   57    16.96667   -97.49863 36.44663     208.866     534.678  944.684  292.664   85.031   -0.056   12.811 0.00000e+00
   58    16.98333   -97.49849 36.44965     202.932     527.906  945.423  292.700   84.695   -0.104   12.779 0.00000e+00
   59    17.00000   -97.49830 36.45275     193.150     517.134  946.584  292.785   84.274   -0.218   12.768 0.00000e+00
   60    17.01667   -97.49813 36.45598     179.459     502.065  948.297  292.949   83.187   -0.250   12.710 0.00000e+00
   61    17.03333   -97.49804 36.45916     167.657     488.030  949.884  293.106   82.263   -0.227   12.672 0.00000e+00
   62    17.05000   -97.49811 36.46224     156.326     474.578  951.323  293.242   81.630   -0.199   12.663 0.00000e+00
   63    17.06667   -97.49825 36.46521     143.619     461.418  952.687  293.367   81.220   -0.260   12.679 0.00000e+00
   64    17.08333   -97.49851 36.46803     126.433     444.780  954.490  293.546   80.516   -0.346   12.686 0.00000e+00
   65    17.10000   -97.49892 36.47079     110.044     429.005  956.270  293.728   79.748   -0.237   12.685 0.00000e+00
   66    17.11667   -97.49949 36.47359     106.472     425.444  956.619  293.799   79.449   -0.075   12.688 0.00000e+00
   67    17.13333   -97.50037 36.47657     103.154     421.671  956.996  293.859   79.097   -0.184   12.674 0.00000e+00
   68    17.15000   -97.50194 36.47986     100.735     418.493  957.337  294.000   78.917    0.292   12.752 0.00000e+00
   69    17.16667   -97.50430 36.48326     141.106     455.886  953.201  293.649   80.422    1.168   12.770 0.00000e+00
   70    17.18333   -97.50648 36.48596     232.504     544.879  943.471  292.815   83.851    1.119   12.770 0.00000e+00
   71    17.20000   -97.50803 36.48841     294.863     605.596  936.833  292.227   86.517    0.734   12.789 0.00000e+00
   72    17.21667   -97.50926 36.49092     332.454     642.979  932.757  291.858   88.206    0.517   12.795 0.00000e+00
   73    17.23333   -97.51039 36.49372     356.025     666.706  930.191  291.613   89.243    0.489   12.782 0.00000e+00
   74    17.25000   -97.51144 36.49687     374.646     685.744  928.181  291.399   90.248    0.230   12.780 0.00000e+00
   75    17.26667   -97.51219 36.50037     359.984     671.567  929.704  291.539   89.536   -0.788   12.771 0.00000e+00
   76    17.28333   -97.51261 36.50398     303.432     615.344  935.823  292.098   86.804   -1.170   12.741 0.00000e+00
   77    17.30000   -97.51286 36.50757     246.387     555.948  942.376  292.674   84.314   -0.707   12.743 0.00000e+00
   78    17.31667   -97.51311 36.51099     208.407     514.656  946.875  293.075   82.551   -0.422   12.732 0.00000e+00
   79    17.33333   -97.51341 36.51426     185.137     489.014  949.597  293.318   81.448   -0.620   12.717 0.00000e+00
   80    17.35000   -97.51373 36.51738     159.083     462.684  952.456  293.578   80.401   -0.853   12.721 0.00000e+00
   81    17.36667   -97.51409 36.52034     130.403     433.608  955.638  293.859   79.318   -0.749   12.728 0.00000e+00
   82    17.38333   -97.51448 36.52319     102.216     406.196  958.590  294.123   78.307   -0.725   12.734 0.00000e+00
   83    17.40000   -97.51483 36.52597      70.659     376.516  961.852  294.411   77.215   -0.729   12.739 0.00000e+00
   84    17.41667   -97.51522 36.52869      42.712     350.351  964.731  294.928   75.812   -0.410   12.876 0.00000e+00
   85    17.43333   -97.51558 36.53131      25.547     334.512  966.573  295.340   74.855   -0.213   13.015 0.00000e+00
   86    17.45000   -97.51570 36.53352      18.127     327.901  967.300  295.622   74.098   -0.085   13.099 0.00000e+00
   87    17.46667   -97.51551 36.53543      17.415     327.865  967.282  295.766   73.616    0.053   13.129 0.00000e+00
   88    17.48333   -97.51523 36.53713      25.497     336.481  966.352  295.703   73.775    0.275   13.120 0.00000e+00
   89    17.50000   -97.51535 36.53876      53.302     364.822  963.227  295.274   75.252    0.690   13.076 0.00000e+00
   90    17.51667   -97.51592 36.54059      95.971     408.017  958.426  294.746   76.886    0.890   12.997 0.00000e+00
   91    17.53333   -97.51662 36.54248     144.563     457.146  953.004  294.182   78.710    0.726   12.923 0.00000e+00
   92    17.55000   -97.51730 36.54440     183.548     496.625  948.674  293.751   80.146    0.634   12.869 0.00000e+00
   93    17.56667   -97.51783 36.54633     217.686     531.178  944.935  293.377   81.438    0.463   12.826 0.00000e+00
   94    17.58333   -97.51816 36.54818     242.852     556.598  942.152  293.116   82.412    0.390   12.808 0.00000e+00
   95    17.60000   -97.51826 36.54992     272.981     586.878  938.827  292.810   83.639    0.631   12.798 0.00000e+00
   96    17.61667   -97.51807 36.55157     315.981     629.995  934.108  292.387   85.424    0.844   12.793 0.00000e+00
   97    17.63333   -97.51759 36.55325     370.596     684.841  928.155  291.846   87.519    0.730   12.749 0.00000e+00
   98    17.65000   -97.51685 36.55511     424.962     739.636  922.235  291.321   89.676    0.662   12.718 0.00000e+00
   99    17.66667   -97.51595 36.55716     475.497     790.642  916.782  290.848   91.721    0.620   12.699 0.00000e+00
  100    17.68333   -97.51491 36.55945     518.117     833.782  912.153  290.450   93.288    0.481   12.658 0.00000e+00
  101    17.70000   -97.51385 36.56200     544.431     860.645  909.298  290.226   93.819    0.309   12.589 0.00000e+00
  102    17.71667   -97.51277 36.56483     554.740     872.081  908.103  290.158   93.380    0.086   12.492 0.00000e+00
  103    17.73333   -97.51159 36.56785     548.938     868.031  908.525  290.230   92.413   -0.095   12.414 0.00000e+00
  104    17.75000   -97.51022 36.57093     532.387     853.296  910.095  290.422   90.781   -0.333   12.323 0.00000e+00
  105    17.76667   -97.50861 36.57399     512.164     833.814  912.217  290.628   89.768   -0.432   12.318 0.00000e+00
  106    17.78333   -97.50676 36.57692     497.499     819.591  913.691  290.760   89.221   -0.282   12.326 0.00000e+00
  107    17.80000   -97.50459 36.57974     484.281     806.884  915.039  290.905   88.301   -0.471   12.294 0.00000e+00
  108    17.81667   -97.50220 36.58247     454.700     777.246  918.259  291.233   86.383   -0.854   12.236 0.00000e+00
  109    17.83333   -97.49988 36.58506     407.877     729.966  923.304  291.675   84.955   -1.124   12.308 0.00000e+00
  110    17.85000   -97.49784 36.58748     350.317     671.662  929.616  292.234   82.730   -1.188   12.330 0.00000e+00
  111    17.86667   -97.49609 36.58972     303.299     623.544  934.827  292.699   80.755   -0.909   12.323 0.00000e+00
  112    17.88333   -97.49453 36.59188     274.780     593.559  938.186  293.009   79.363   -0.474   12.304 0.00000e+00
  113    17.90000   -97.49316 36.59405     260.641     577.839  939.864  293.194   78.434   -0.149   12.279 0.00000e+00
  114    17.91667   -97.49197 36.59632     252.150     568.011  940.913  293.331   77.545   -0.031   12.231 0.00000e+00
  115    17.93333   -97.49096 36.59871     239.925     555.184  942.230  293.496   76.123   -0.271   12.113 0.00000e+00
  116    17.95000   -97.49016 36.60115     222.870     537.883  944.115  293.676   75.205   -0.338   12.079 0.00000e+00
  117    17.96667   -97.48955 36.60355     203.596     518.541  946.213  293.885   74.259   -0.402   12.056 0.00000e+00
  118    17.98333   -97.48907 36.60582     188.279     502.873  947.966  294.060   73.454   -0.320   12.033 0.00000e+00
  119    18.00000   -97.48869 36.60797     176.312     489.910  949.354  294.198   73.062   -0.321   12.054 0.00000e+00
  120    18.01667   -97.48836 36.61003     160.671     473.259  951.239  294.345   72.449   -0.414   12.038 0.00000e+00
  121    18.03333   -97.48811 36.61194     143.029     454.635  953.286  294.467   72.080   -0.478   12.042 0.00000e+00
  122    18.05000   -97.48796 36.61363     131.791     442.484  954.648  294.743   71.783   -0.125   12.181 0.00000e+00
  123    18.06667   -97.48799 36.61517     140.004     449.841  953.811  294.860   72.172    0.341   12.347 0.00000e+00
  124    18.08333   -97.48816 36.61669     165.701     474.682  951.096  294.759   72.950    0.614   12.438 0.00000e+00
  125    18.10000   -97.48836 36.61831     198.134     506.227  947.644  294.484   74.015    0.479   12.452 0.00000e+00
  126    18.11667   -97.48856 36.62011     220.947     528.058  945.225  294.235   74.511    0.145   12.376 0.00000e+00
  127    18.13333   -97.48846 36.62203     239.619     545.971  943.245  294.043   74.629    0.256   12.274 0.00000e+00
  128    18.15000   -97.48800 36.62388     290.235     596.751  937.724  293.556   76.577    1.031   12.291 0.00000e+00
  129    18.16667   -97.48730 36.62558     359.429     666.068  930.229  292.894   79.193    0.620   12.295 0.00000e+00
  130    18.18333   -97.48602 36.62727     407.249     713.859  925.085  292.425   80.629    0.639   12.223 0.00000e+00
  131    18.20000   -97.48415 36.62881     441.029     747.404  921.477  292.100   81.998    0.532   12.227 0.00000e+00
  132    18.21667   -97.48217 36.63036     460.820     766.738  919.453  291.900   83.125    0.530   12.266 0.00000e+00
  133    18.23333   -97.48027 36.63206     453.405     758.471  920.349  291.964   83.153   -0.273   12.308 0.00000e+00
  134    18.25000   -97.47861 36.63396     404.406     708.620  925.660  292.452   81.102   -0.954   12.307 0.00000e+00
  135    18.26667   -97.47745 36.63601     336.150     639.697  933.095  293.123   78.218   -1.042   12.281 0.00000e+00
  136    18.28333   -97.47662 36.63809     269.093     572.180  940.405  293.777   75.473   -0.993   12.247 0.00000e+00
  137    18.30000   -97.47592 36.64022     214.218     517.326  946.364  294.313   73.414   -0.730   12.238 0.00000e+00
  138    18.31667   -97.47531 36.64234     175.054     478.227  950.637  294.685   71.966   -0.512   12.220 0.00000e+00
  139    18.33333   -97.47462 36.64442     147.465     450.605  953.644  294.986   70.824   -0.393   12.213 0.00000e+00
  140    18.35000   -97.47390 36.64657     119.000     422.013  956.817  295.287   69.675   -0.552   12.200 0.00000e+00
  141    18.36667   -97.47343 36.64880      80.588     383.406  961.032  295.667   68.318   -0.666   12.190 0.00000e+00
  142    18.38333   -97.47340 36.65098      44.382     347.102  965.043  296.058   66.950   -0.489   12.185 0.00000e+00
  143    18.40000   -97.47385 36.65297      19.498     322.120  967.813  296.725   65.145   -0.205   12.314 0.00000e+00
  144    18.41667   -97.47471 36.65450      10.729     313.180  968.718  297.093   64.096   -0.066   12.379 0.00000e+00
  145    18.43333   -97.47581 36.65572      10.840     313.157  968.696  297.447   63.413    0.057   12.514 0.00000e+00
  146    18.45000   -97.47643 36.65673      18.508     320.794  967.857  297.809   63.052    0.239   12.730 0.00000e+00
  147    18.46667   -97.47653 36.65797      32.726     335.077  966.297  297.658   63.558    0.371   12.736 0.00000e+00
  148    18.48333   -97.47642 36.65958      50.004     352.486  964.353  297.183   64.494    0.422   12.582 0.00000e+00
  149    18.50000   -97.47633 36.66135      70.634     373.270  962.054  296.755   65.338    0.464   12.449 0.00000e+00
  150    18.51667   -97.47633 36.66319      90.949     393.735  959.745  296.479   65.921    0.358   12.380 0.00000e+00
  151    18.53333   -97.47644 36.66506     106.747     409.897  957.987  296.289   66.253    0.141   12.321 0.00000e+00
  152    18.55000   -97.47675 36.66716     108.388     411.996  957.753  296.251   65.932   -0.263   12.236 0.00000e+00
  153    18.56667   -97.47693 36.66956      97.433     401.699  958.852  296.325   65.549    0.073   12.206 0.00000e+00
  154    18.58333   -97.47656 36.67213     134.985     440.009  954.665  295.964   66.734    1.425   12.209 0.00000e+00
  155    18.60000   -97.47630 36.67482     235.859     542.005  943.520  294.953   70.065    2.093   12.189 0.00000e+00
  156    18.61667   -97.47646 36.67757     334.665     641.979  932.677  294.040   72.938    1.070   12.131 0.00000e+00
  157    18.63333   -97.47669 36.68024     374.615     682.982  928.304  293.535   74.599   -0.051   12.080 0.00000e+00
  158    18.65000   -97.47664 36.68255     381.203     690.378  927.497  293.350   75.035   -0.354   12.022 0.00000e+00
  159    18.66667   -97.47630 36.68436     390.531     700.383  926.430  293.224   75.294    0.125   11.983 0.00000e+00
  160    18.68333   -97.47574 36.68585     430.689     741.129  922.037  292.866   76.594    1.273   11.977 0.00000e+00
  161    18.70000   -97.47523 36.68740     526.674     837.703  911.794  291.958   80.450    2.295   12.016 0.00000e+00
  162    18.71667   -97.47491 36.68916     660.726     972.161  897.699  290.687   86.004    2.585   12.039 0.00000e+00
  163    18.73333   -97.47447 36.69108     803.060    1114.668  882.820  289.308   92.313    2.585   12.032 0.00000e+00
  164    18.75000   -97.47368 36.69322     935.391    1247.188  869.224  288.053   97.981    2.162   11.961 0.00000e+00
  165    18.76667   -97.47245 36.69567    1040.334    1352.277  858.471  287.271   99.335    1.212   11.670 7.42735e-02
  166    18.78333   -97.47085 36.69845    1103.033    1415.690  852.026  286.602   98.566    0.090   11.168 4.92673e-03
  167    18.80000   -97.46912 36.70134    1124.921    1438.596  849.739  286.503   96.128   -0.445   10.850 0.00000e+00
  168    18.81667   -97.46751 36.70421    1112.163    1426.864  850.900  286.723   93.380   -0.796   10.679 0.00000e+00
  169    18.83333   -97.46619 36.70702    1078.945    1394.995  854.143  287.104   90.888   -0.918   10.616 0.00000e+00
  170    18.85000   -97.46500 36.70979    1035.590    1353.187  858.351  287.537   88.706   -1.119   10.606 0.00000e+00
  171    18.86667   -97.46396 36.71255     976.594    1295.813  864.109  288.069   86.562   -1.308   10.641 0.00000e+00
  172    18.88333   -97.46317 36.71529     905.023    1225.552  871.377  288.701   85.285   -1.374   10.830 0.00000e+00
  173    18.90000   -97.46272 36.71800     827.231    1148.828  879.319  289.387   83.656   -1.466   11.003 0.00000e+00
  174    18.91667   -97.46256 36.72062     742.244    1064.838  888.009  290.115   82.701   -1.565   11.284 0.00000e+00
  175    18.93333   -97.46262 36.72315     655.148     978.527  897.007  290.895   80.701   -1.589   11.456 0.00000e+00
  176    18.95000   -97.46280 36.72561     572.560     896.579  905.605  291.682   77.758   -1.378   11.492 0.00000e+00
  177    18.96667   -97.46306 36.72800     502.126     826.798  913.008  292.349   75.320   -1.128   11.515 0.00000e+00
  178    18.98333   -97.46327 36.73035     447.367     772.464  918.857  292.887   73.166   -0.867   11.496 0.00000e+00
