    0    16.01667   -97.56299 36.24734      13.293     355.047  964.297  293.623   84.216   -0.015   13.196 0.00000e+00
    1    16.03333   -97.56290 36.24843      13.878     355.986  964.205  293.681   84.102    0.015   13.227 0.00000e+00
    2    16.05000   -97.56325 36.24943      16.226     358.204  963.927  293.672   84.091    0.056   13.222 0.00000e+00
    3    16.06667   -97.56400 36.25038      22.522     364.006  963.243  293.604   84.258    0.161   13.202 0.00000e+00
    4    16.08333   -97.56503 36.25130      36.714     377.458  961.689  293.419   84.873    0.405   13.167 0.00000e+00
    5    16.10000   -97.56597 36.25224      64.865     404.899  958.707  293.104   86.070    0.675   13.133 0.00000e+00
    6    16.11667   -97.56673 36.25333     100.197     439.730  954.825  292.688   87.643    0.567   13.082 0.00000e+00
    7    16.13333   -97.56732 36.25467     130.405     469.562  951.578  292.407   88.789    0.453   13.066 0.00000e+00
    8    16.15000   -97.56763 36.25652     145.485     484.358  949.926  292.295   89.139    0.007   13.049 0.00000e+00
    9    16.16667   -97.56775 36.25867     142.478     481.217  950.284  292.357   88.555   -0.152   13.010 0.00000e+00
   10    16.18333   -97.56777 36.26089     137.369     476.073  950.873  292.443   87.842    0.011   12.966 0.00000e+00
   11    16.20000   -97.56767 36.26312     141.817     480.578  950.373  292.452   87.341    0.097   12.906 0.00000e+00
   12    16.21667   -97.56743 36.26535     153.268     492.765  949.053  292.402   87.212    0.138   12.865 0.00000e+00
   13    16.23333   -97.56707 36.26752     168.119     508.538  947.276  292.304   87.610    0.211   12.869 0.00000e+00
   14    16.25000   -97.56668 36.26964     180.334     521.656  945.872  292.293   87.518    0.294   12.865 0.00000e+00
   15    16.26667   -97.56625 36.27192     192.439     534.757  944.467  292.241   88.147    0.253   12.935 0.00000e+00
   16    16.28333   -97.56581 36.27444     201.382     544.890  943.328  292.191   88.036   -0.099   12.894 0.00000e+00
   17    16.30000   -97.56539 36.27729     188.050     532.934  944.581  292.276   86.973   -0.944   12.789 0.00000e+00
   18    16.31667   -97.56490 36.28048     141.826     488.214  949.509  292.690   85.061   -1.289   12.771 0.00000e+00
   19    16.33333   -97.56395 36.28336      89.596     437.108  955.197  293.189   82.803   -0.934   12.749 0.00000e+00
   20    16.35000   -97.56261 36.28586      56.030     404.426  958.788  293.480   81.636   -0.703   12.752 0.00000e+00
   21    16.36667   -97.56124 36.28779      37.597     386.600  960.687  293.756   80.913   -0.221   12.833 0.00000e+00
   22    16.38333   -97.55995 36.28919      37.767     387.600  960.611  294.024   80.781    0.248   13.028 0.00000e+00
   23    16.40000   -97.55886 36.29048      62.043     412.793  957.858  293.958   81.412    0.719   13.114 0.00000e+00
   24    16.41667   -97.55791 36.29225     109.432     461.142  952.531  293.470   83.295    0.925   13.089 0.00000e+00
   25    16.43333   -97.55715 36.29454     180.633     533.352  944.599  292.641   86.230    1.343   12.974 0.00000e+00
   26    16.45000   -97.55678 36.29712     269.868     623.667  934.691  291.723   90.046    1.738   12.924 0.00000e+00
   27    16.46667   -97.55664 36.29978     367.558     722.966  923.949  290.753   94.513    1.623   12.905 0.00000e+00
   28    16.48333   -97.55635 36.30258     426.295     783.419  917.494  290.172   97.197    0.355   12.880 0.00000e+00
   29    16.50000   -97.55566 36.30563     427.467     786.090  917.253  290.240   95.422   -0.677   12.703 0.00000e+00
   30    16.51667   -97.55469 36.30885     387.464     745.907  921.564  290.668   92.610   -0.789   12.610 0.00000e+00
   31    16.53333   -97.55356 36.31200     358.997     717.171  924.676  290.941   91.232   -0.150   12.597 0.00000e+00
   32    16.55000   -97.55236 36.31510     374.983     731.482  923.259  290.810   91.928    0.618   12.607 0.00000e+00
   33    16.56667   -97.55090 36.31819     420.871     774.384  918.682  290.348   94.274    0.836   12.617 0.00000e+00
   34    16.58333   -97.54920 36.32128     466.211     816.340  914.067  289.904   96.633    0.587   12.635 0.00000e+00
   35    16.60000   -97.54742 36.32443     496.491     846.576  910.807  289.629   97.825    0.351   12.613 0.00000e+00
   36    16.61667   -97.54567 36.32765     515.213     865.798  908.741  289.479   98.017    0.286   12.545 0.00000e+00
   37    16.63333   -97.54400 36.33092     528.587     879.896  907.261  289.384   97.937    0.322   12.479 0.00000e+00
   38    16.65000   -97.54233 36.33424     543.089     895.182  905.621  289.239   98.659    0.383   12.477 5.58107e-04
   39    16.66667   -97.54045 36.33759     558.445     910.797  904.008  289.107   99.188    0.283   12.461 1.52540e-03
   40    16.68333   -97.53831 36.34089     569.285     921.630  902.826  289.025   99.352   -0.006   12.432 0.00000e+00
   41    16.70000   -97.53584 36.34409     565.660     918.494  903.152  289.103   98.704   -0.451   12.408 7.37048e-04
   42    16.71667   -97.53316 36.34723     539.877     892.555  906.036  289.418   96.756   -0.779   12.372 0.00000e+00
   43    16.73333   -97.53053 36.35023     502.523     852.085  910.307  289.848   94.267   -0.774   12.333 0.00000e+00
   44    16.75000   -97.52811 36.35314     461.270     808.311  915.108  290.273   92.311   -0.623   12.344 0.00000e+00
   45    16.76667   -97.52601 36.35600     428.411     770.857  919.203  290.636   90.664   -0.384   12.352 0.00000e+00
   46    16.78333   -97.52424 36.35888     409.611     746.828  921.747  290.915   89.039   -0.136   12.313 0.00000e+00
   47    16.80000   -97.52281 36.36184     398.967     731.992  923.270  290.977   89.447   -0.066   12.398 0.00000e+00
   48    16.81667   -97.52139 36.36493     389.557     719.256  924.578  291.045   90.148   -0.179   12.532 0.00000e+00
   49    16.83333   -97.51985 36.36798     368.285     695.523  927.111  291.263   89.351   -0.604   12.559 0.00000e+00
   50    16.85000   -97.51852 36.37080     321.053     646.292  932.382  291.724   87.434   -1.064   12.581 0.00000e+00
   51    16.86667   -97.51763 36.37340     258.242     584.464  939.024  292.299   84.988   -1.115   12.590 0.00000e+00
   52    16.88333   -97.51720 36.37571     206.057     534.602  944.413  292.771   83.100   -0.647   12.608 0.00000e+00
   53    16.90000   -97.51702 36.37782     169.464     500.170  948.196  293.101   81.883   -0.409   12.632 0.00000e+00
   54    16.91667   -97.51697 36.37975     142.377     475.025  951.010  293.361   80.996   -0.359   12.662 0.00000e+00
   55    16.93333   -97.51688 36.38164     122.455     456.304  953.065  293.544   80.269   -0.177   12.665 0.00000e+00
   56    16.95000   -97.51677 36.38359     113.672     448.509  953.947  293.622   79.927   -0.091   12.661 0.00000e+00
   57    16.96667   -97.51662 36.38563     107.827     443.691  954.503  293.665   79.826   -0.152   12.671 0.00000e+00
   58    16.98333   -97.51646 36.38775      95.951     432.873  955.724  293.763   79.535   -0.233   12.686 0.00000e+00
   59    17.00000   -97.51644 36.38995      78.738     416.987  957.423  293.906   79.039   -0.226   12.697 0.00000e+00
   60    17.01667   -97.51661 36.39223      66.448     406.202  958.634  294.035   78.524   -0.064   12.699 0.00000e+00
   61    17.03333   -97.51695 36.39460      62.708     404.041  958.906  294.102   78.250    0.118   12.704 0.00000e+00
   62    17.05000   -97.51732 36.39696      73.930     416.744  957.469  294.052   78.745    0.372   12.764 0.00000e+00
   63    17.06667   -97.51741 36.39921      95.760     439.553  954.968  293.859   79.467    0.492   12.761 0.00000e+00
   64    17.08333   -97.51719 36.40143     120.317     465.054  952.100  293.597   80.389    0.589   12.739 0.00000e+00
   65    17.10000   -97.51691 36.40356     152.487     498.179  948.458  293.296   81.727    0.831   12.759 0.00000e+00
   66    17.11667   -97.51665 36.40559     207.947     554.271  942.362  292.774   84.037    1.371   12.780 0.00000e+00
   67    17.13333   -97.51637 36.40756     294.217     640.436  933.026  291.948   87.596    1.927   12.775 0.00000e+00
   68    17.15000   -97.51579 36.40949     386.879     732.886  923.035  291.042   91.688    1.929   12.764 0.00000e+00
   69    17.16667   -97.51496 36.41131     449.619     795.241  916.345  290.430   94.517    1.112   12.749 0.00000e+00
   70    17.18333   -97.51414 36.41314     482.803     827.821  912.994  290.140   95.650    0.372   12.712 0.00000e+00
   71    17.20000   -97.51334 36.41502     502.503     845.669  911.125  290.001   95.952    0.003   12.665 0.00000e+00
   72    17.21667   -97.51243 36.41686     513.810     854.654  910.165  289.950   95.817   -0.100   12.620 0.00000e+00
   73    17.23333   -97.51131 36.41869     511.586     849.909  910.650  290.021   95.147   -0.301   12.582 0.00000e+00
   74    17.25000   -97.51015 36.42068     494.947     830.684  912.726  290.224   94.071   -0.523   12.573 0.00000e+00
   75    17.26667   -97.50916 36.42294     468.920     802.602  915.675  290.498   92.761   -0.544   12.576 0.00000e+00
   76    17.28333   -97.50840 36.42538     441.292     773.236  918.801  290.780   91.286   -0.605   12.557 0.00000e+00
   77    17.30000   -97.50780 36.42787     421.605     751.756  921.106  290.991   90.223   -0.584   12.547 0.00000e+00
   78    17.31667   -97.50736 36.43034     397.426     726.178  923.835  291.262   89.197   -0.519   12.581 0.00000e+00
   79    17.33333   -97.50691 36.43272     372.884     701.902  926.414  291.492   88.257   -0.407   12.596 0.00000e+00
   80    17.35000   -97.50641 36.43494     353.535     682.741  928.513  291.683   87.503   -0.422   12.611 0.00000e+00
   81    17.36667   -97.50574 36.43698     331.728     660.832  930.862  291.916   86.536   -0.481   12.625 0.00000e+00
   82    17.38333   -97.50485 36.43888     298.866     627.444  934.485  292.301   84.869   -0.861   12.636 0.00000e+00
   83    17.40000   -97.50404 36.44062     250.326     578.376  939.748  292.796   82.632   -1.117   12.619 0.00000e+00
   84    17.41667   -97.50350 36.44231     202.560     530.399  945.020  293.301   80.415   -0.781   12.604 0.00000e+00
   85    17.43333   -97.50315 36.44402     171.325     499.122  948.469  293.603   79.222   -0.391   12.607 0.00000e+00
   86    17.45000   -97.50284 36.44569     151.613     479.435  950.628  293.803   78.513   -0.304   12.622 0.00000e+00
   87    17.46667   -97.50252 36.44743     137.033     464.554  952.313  294.062   77.391   -0.184   12.621 0.00000e+00
   88    17.48333   -97.50228 36.44916     128.615     455.412  953.256  294.270   76.750   -0.186   12.666 0.00000e+00
   89    17.50000   -97.50209 36.45089     120.041     446.163  954.311  294.376   76.574   -0.251   12.707 0.00000e+00
   90    17.51667   -97.50207 36.45274     116.204     441.677  954.805  294.425   76.586   -0.112   12.741 0.00000e+00
   91    17.53333   -97.50223 36.45479     117.860     442.650  954.691  294.453   76.542    0.079   12.757 0.00000e+00
   92    17.55000   -97.50241 36.45699     123.666     447.456  954.154  294.435   76.675    0.101   12.772 0.00000e+00
   93    17.56667   -97.50270 36.45935     128.605     451.356  953.684  294.395   76.783    0.197   12.765 0.00000e+00
   94    17.58333   -97.50301 36.46175     151.249     472.931  951.318  294.214   77.213    0.636   12.725 0.00000e+00
   95    17.60000   -97.50305 36.46393     184.940     505.940  947.664  293.886   78.281    0.628   12.690 0.00000e+00
   96    17.61667   -97.50288 36.46597     210.856     531.970  944.830  293.650   78.856    0.399   12.634 0.00000e+00
   97    17.63333   -97.50245 36.46802     220.616     541.751  943.769  293.589   78.755    0.028   12.585 0.00000e+00
   98    17.65000   -97.50172 36.47013     219.602     540.553  943.911  293.645   78.441   -0.198   12.576 0.00000e+00
   99    17.66667   -97.50076 36.47233     214.208     534.396  944.584  293.719   78.184   -0.296   12.584 0.00000e+00
  100    17.68333   -97.49966 36.47460     205.153     523.933  945.732  293.851   77.705   -0.444   12.595 0.00000e+00
  101    17.70000   -97.49859 36.47685     180.736     498.403  948.489  294.112   76.593   -0.681   12.581 0.00000e+00
  102    17.71667   -97.49780 36.47890     149.340     466.307  951.988  294.446   75.207   -0.518   12.565 0.00000e+00
  103    17.73333   -97.49743 36.48077     125.832     442.206  954.624  294.710   73.842   -0.381   12.505 0.00000e+00
  104    17.75000   -97.49745 36.48256     100.770     416.428  957.392  294.985   72.367   -0.532   12.429 0.00000e+00
  105    17.76667   -97.49817 36.48446      74.465     389.209  960.386  295.283   71.246   -0.189   12.425 0.00000e+00
  106    17.78333   -97.49911 36.48654     111.437     424.800  956.456  295.001   72.706    1.662   12.512 0.00000e+00
  107    17.80000   -97.49867 36.48864     246.074     558.504  941.776  293.891   77.032    2.827   12.570 0.00000e+00
  108    17.81667   -97.49715 36.49063     370.282     682.402  928.446  292.690   81.766    2.357   12.557 0.00000e+00
  109    17.83333   -97.49534 36.49276     448.894     760.419  920.101  291.893   84.991    1.333   12.527 0.00000e+00
  110    17.85000   -97.49352 36.49509     493.592     803.406  915.591  291.460   86.808    0.904   12.512 0.00000e+00
  111    17.86667   -97.49178 36.49746     513.942     821.654  913.648  291.256   87.075    0.388   12.415 0.00000e+00
  112    17.88333   -97.49014 36.49985     521.209     826.689  913.114  291.211   86.758    0.093   12.342 0.00000e+00
  113    17.90000   -97.48844 36.50232     513.390     816.693  914.136  291.320   85.860   -0.225   12.285 0.00000e+00
  114    17.91667   -97.48669 36.50474     490.765     792.123  916.737  291.566   84.796   -0.620   12.288 0.00000e+00
  115    17.93333   -97.48490 36.50706     452.952     754.116  920.763  291.947   83.056   -0.819   12.275 0.00000e+00
  116    17.95000   -97.48314 36.50937     403.419     704.388  926.135  292.445   80.868   -0.973   12.260 0.00000e+00
  117    17.96667   -97.48149 36.51174     345.362     645.653  932.493  293.033   78.187   -1.096   12.214 0.00000e+00
  118    17.98333   -97.47998 36.51417     288.584     588.277  938.634  293.603   75.675   -1.032   12.170 0.00000e+00
  119    18.00000   -97.47855 36.51667     234.432     534.443  944.429  294.143   73.480   -0.946   12.145 0.00000e+00
  120    18.01667   -97.47719 36.51925     181.480     482.328  950.042  294.663   71.327   -0.839   12.103 0.00000e+00
  121    18.03333   -97.47592 36.52186     135.357     438.147  954.832  295.114   69.815   -0.674   12.120 0.00000e+00
  122    18.05000   -97.47460 36.52451      98.949     404.125  958.578  295.275   68.939   -0.933   12.039 0.00000e+00
  123    18.06667   -97.47325 36.52728      70.566     378.215  961.426  295.815   67.880   -0.471   12.218 0.00000e+00
  124    18.08333   -97.47213 36.53030      60.711     370.824  962.217  296.061   67.350    0.273   12.296 0.00000e+00
  125    18.10000   -97.47159 36.53326      88.540     400.935  958.880  295.844   68.373    0.817   12.362 0.00000e+00
  126    18.11667   -97.47133 36.53581     155.622     469.837  951.350  295.220   70.692    1.679   12.398 0.00000e+00
  127    18.13333   -97.47095 36.53789     270.741     586.505  938.647  294.155   74.807    2.248   12.451 0.00000e+00
  128    18.15000   -97.47024 36.53977     392.313     709.692  925.427  292.945   79.460    2.148   12.440 0.00000e+00
  129    18.16667   -97.46931 36.54150     502.563     821.252  913.549  291.867   83.875    1.825   12.432 0.00000e+00
  130    18.18333   -97.46828 36.54308     591.863     911.312  904.079  291.003   87.698    1.536   12.437 0.00000e+00
  131    18.20000   -97.46718 36.54444     660.799     980.459  896.811  290.333   90.723    1.244   12.428 0.00000e+00
  132    18.21667   -97.46605 36.54568     708.815    1028.372  891.842  289.866   92.883    0.893   12.419 0.00000e+00
  133    18.23333   -97.46497 36.54692     733.484    1052.600  889.328  289.605   93.508    0.419   12.330 0.00000e+00
  134    18.25000   -97.46392 36.54823     740.237    1058.550  888.724  289.530   93.245    0.105   12.245 0.00000e+00
  135    18.26667   -97.46285 36.54961     729.989    1047.336  889.926  289.624   92.119   -0.176   12.154 0.00000e+00
  136    18.28333   -97.46173 36.55111     701.352    1017.649  892.988  289.915   90.236   -0.401   12.088 0.00000e+00
  137    18.30000   -97.46056 36.55279     656.275     971.598  897.789  290.376   87.700   -0.598   12.035 0.00000e+00
  138    18.31667   -97.45933 36.55469     608.135     922.727  902.888  290.854   85.462   -0.560   12.021 0.00000e+00
  139    18.33333   -97.45805 36.55680     566.859     881.529  907.245  291.254   83.621   -0.585   12.007 0.00000e+00
  140    18.35000   -97.45675 36.55908     524.324     839.512  911.625  291.640   81.967   -0.784   12.001 0.00000e+00
  141    18.36667   -97.45557 36.56151     468.303     784.320  917.495  292.172   79.912   -0.909   12.022 0.00000e+00
  142    18.38333   -97.45454 36.56405     412.629     729.265  923.449  292.706   77.988   -0.999   12.054 0.00000e+00
  143    18.40000   -97.45366 36.56662     354.297     670.393  929.762  293.283   75.645   -1.104   12.039 0.00000e+00
  144    18.41667   -97.45289 36.56909     299.741     615.348  935.682  293.825   73.359   -0.836   12.000 0.00000e+00
  145    18.43333   -97.45214 36.57138     250.570     565.789  941.014  294.301   71.533   -0.683   11.984 0.00000e+00
  146    18.45000   -97.45150 36.57352     216.256     530.533  944.830  294.651   70.291   -0.454   11.985 0.00000e+00
  147    18.46667   -97.45101 36.57569     193.942     507.203  947.344  294.875   69.669   -0.324   12.012 0.00000e+00
  148    18.48333   -97.45067 36.57791     172.248     484.547  949.796  295.109   68.964   -0.288   12.032 0.00000e+00
  149    18.50000   -97.45032 36.58024     153.190     464.688  951.933  295.309   68.306   -0.217   12.038 0.00000e+00
  150    18.51667   -97.44984 36.58265     138.141     449.162  953.672  295.488   67.651   -0.340   12.032 0.00000e+00
  151    18.53333   -97.44929 36.58506     114.112     424.655  956.332  295.727   66.552   -0.623   11.979 0.00000e+00
  152    18.55000   -97.44868 36.58737      80.861     390.856  960.082  296.070   66.001   -0.574   12.084 0.00000e+00
  153    18.56667   -97.44810 36.58944      54.142     364.054  963.018  296.366   65.100   -0.423   12.099 0.00000e+00
  154    18.58333   -97.44761 36.59134      36.974     347.196  964.880  296.720   64.302   -0.221   12.189 0.00000e+00
  155    18.60000   -97.44725 36.59311      27.840     338.276  965.828  297.190   63.246   -0.115   12.324 0.00000e+00
  156    18.61667   -97.44711 36.59474      22.239     332.765  966.462  297.610   62.392   -0.070   12.464 0.00000e+00
  157    18.63333   -97.44709 36.59626      19.620     330.153  966.746  297.862   61.879   -0.036   12.548 0.00000e+00
  158    18.65000   -97.44711 36.59769      19.594     330.188  966.693  298.019   61.477    0.019   12.586 0.00000e+00
  159    18.66667   -97.44701 36.59909      22.069     332.822  966.419  298.067   61.083    0.092   12.545 0.00000e+00
  160    18.68333   -97.44670 36.60049      30.469     341.463  965.436  297.985   61.022    0.266   12.484 0.00000e+00
  161    18.70000   -97.44617 36.60194      48.204     359.536  963.480  297.448   61.700    0.260   12.243 0.00000e+00
  162    18.71667   -97.44553 36.60346      61.509     373.167  961.996  297.217   62.109    0.109   12.172 0.00000e+00
  163    18.73333   -97.44495 36.60497      74.558     386.254  960.619  296.955   62.635    0.182   12.099 0.00000e+00
  164    18.75000   -97.44441 36.60659      87.549     398.823  959.217  296.754   63.174    0.236   12.071 0.00000e+00
  165    18.76667   -97.44395 36.60835     107.884     418.486  957.044  296.580   63.692    0.511   12.070 0.00000e+00
  166    18.78333   -97.44344 36.61022     147.327     457.218  952.821  296.191   64.784    1.027   12.041 0.00000e+00
  167    18.80000   -97.44287 36.61225     209.957     519.109  946.097  295.641   66.611    1.451   12.056 0.00000e+00
  168    18.81667   -97.44212 36.61438     290.238     598.718  937.418  294.926   69.166    1.570   12.091 0.00000e+00
  169    18.83333   -97.44109 36.61655     365.126     673.205  929.358  294.166   71.446    1.203   12.020 0.00000e+00
  170    18.85000   -97.43994 36.61876     415.116     723.071  924.057  293.633   73.042    0.708   11.956 0.00000e+00
  171    18.86667   -97.43877 36.62097     444.993     753.122  920.815  293.293   74.093    0.503   11.915 0.00000e+00
  172    18.88333   -97.43770 36.62326     463.284     771.597  918.879  293.051   74.588    0.397   11.840 0.00000e+00
  173    18.90000   -97.43674 36.62566     474.453     782.841  917.677  292.895   74.715    0.279   11.760 0.00000e+00
  174    18.91667   -97.43587 36.62804     472.979     781.511  917.808  292.890   74.409    0.088   11.707 0.00000e+00
  175    18.93333   -97.43507 36.63042     461.381     770.318  918.921  293.009   73.797   -0.038   11.684 0.00000e+00
  176    18.95000   -97.43449 36.63291     447.366     757.087  920.343  293.155   73.353    0.086   11.702 0.00000e+00
  177    18.96667   -97.43453 36.63528     448.350     758.378  920.183  293.177   73.328    0.338   11.715 0.00000e+00
  178    18.98333   -97.43518 36.63754     476.694     786.565  917.199  292.987   74.360    1.056   11.778 0.00000e+00
