    0    16.01667   -97.55906 36.20677       6.750     337.774  966.035  294.364   79.196   -0.012   12.971 0.00000e+00
    1    16.03333   -97.55817 36.20857       5.917     339.113  965.889  294.504   78.820   -0.013   13.024 0.00000e+00
    2    16.05000   -97.55740 36.21034       5.386     340.375  965.732  294.578   78.708   -0.016   13.067 0.00000e+00
    3    16.06667   -97.55678 36.21198       5.031     341.413  965.629  294.609   78.727   -0.011   13.097 0.00000e+00
    4    16.08333   -97.55631 36.21338       4.003     341.403  965.607  294.667   78.560   -0.007   13.117 0.00000e+00
    5    16.10000   -97.55590 36.21467       3.804     342.024  965.475  294.764   78.279    0.007   13.150 0.00000e+00
    6    16.11667   -97.55560 36.21598       3.880     342.883  965.456  294.883   77.966    0.006   13.195 0.00000e+00
    7    16.13333   -97.55536 36.21741       4.147     343.947  965.387  294.922   77.972   -0.006   13.229 0.00000e+00
    8    16.15000   -97.55525 36.21888       4.101     344.655  965.258  294.885   78.139   -0.003   13.228 0.00000e+00
    9    16.16667   -97.55521 36.22040       3.943     345.274  965.189  294.887   78.202    0.001   13.242 0.00000e+00
   10    16.18333   -97.55518 36.22198       3.737     345.486  965.246  294.905   78.099   -0.003   13.238 0.00000e+00
   11    16.20000   -97.55529 36.22356       3.128     344.401  965.308  294.940   77.808   -0.009   13.216 0.00000e+00
   12    16.21667   -97.55558 36.22511       3.181     343.726  965.336  294.975   77.590   -0.003   13.207 0.00000e+00
   13    16.23333   -97.55603 36.22666       3.101     342.803  965.452  295.065   77.246    0.010   13.220 0.00000e+00
   14    16.25000   -97.55634 36.22809       4.128     343.052  965.405  294.986   77.497    0.036   13.200 0.00000e+00
   15    16.26667   -97.55626 36.22952       8.155     346.607  965.113  294.824   78.099    0.075   13.173 0.00000e+00
   16    16.28333   -97.55573 36.23109      14.444     353.168  964.438  294.731   78.735    0.111   13.214 0.00000e+00
   17    16.30000   -97.55496 36.23282      18.809     358.234  963.856  294.702   78.830    0.034   13.214 0.00000e+00
   18    16.31667   -97.55408 36.23462      22.564     362.714  963.411  294.667   78.891    0.057   13.202 0.00000e+00
   19    16.33333   -97.55318 36.23644      26.348     367.163  962.921  294.585   79.096    0.118   13.176 0.00000e+00
   20    16.35000   -97.55237 36.23834      36.823     378.101  961.711  294.427   79.592    0.276   13.146 0.00000e+00
   21    16.36667   -97.55183 36.24043      59.362     400.798  959.167  294.053   80.525    0.408   13.030 0.00000e+00
   22    16.38333   -97.55165 36.24285      91.191     432.620  955.634  293.679   81.741    0.583   12.971 0.00000e+00
   23    16.40000   -97.55170 36.24537     130.183     471.452  951.330  293.277   83.260    0.689   12.943 0.00000e+00
   24    16.41667   -97.55182 36.24796     169.916     511.489  946.943  292.877   84.920    0.590   12.935 0.00000e+00
   25    16.43333   -97.55198 36.25063     199.703     542.203  943.535  292.553   86.261    0.370   12.922 0.00000e+00
   26    16.45000   -97.55205 36.25333     217.129     560.674  941.572  292.367   86.910    0.305   12.895 0.00000e+00
   27    16.46667   -97.55183 36.25596     236.133     580.744  939.434  292.163   87.595    0.556   12.860 0.00000e+00
   28    16.48333   -97.55147 36.25848     275.409     621.014  934.995  291.757   89.331    0.730   12.845 0.00000e+00
   29    16.50000   -97.55106 36.26105     318.516     665.144  930.222  291.327   91.311    0.438   12.843 0.00000e+00
   30    16.51667   -97.55061 36.26368     341.039     688.720  927.649  291.100   92.172    0.112   12.815 0.00000e+00
   31    16.53333   -97.55013 36.26626     354.133     702.870  926.076  290.971   92.532    0.029   12.782 0.00000e+00
   32    16.55000   -97.54964 36.26882     364.400     714.292  924.828  290.870   92.723    0.227   12.743 0.00000e+00
   33    16.56667   -97.54919 36.27148     382.948     734.105  922.720  290.681   93.490    0.464   12.724 0.00000e+00
   34    16.58333   -97.54877 36.27430     396.347     748.342  921.174  290.541   94.099    0.485   12.715 0.00000e+00
   35    16.60000   -97.54824 36.27726     396.207     749.003  921.148  290.531   94.174    0.264   12.717 0.00000e+00
   36    16.61667   -97.54764 36.28027     380.488     733.965  922.811  290.675   93.490   -0.252   12.718 0.00000e+00
   37    16.63333   -97.54702 36.28329     348.339     701.196  926.426  291.003   91.906   -0.744   12.716 0.00000e+00
   38    16.65000   -97.54646 36.28640     308.965     660.868  930.777  291.418   89.842   -0.823   12.702 0.00000e+00
   39    16.66667   -97.54591 36.28959     271.801     622.736  934.913  291.829   87.679   -0.612   12.666 0.00000e+00
   40    16.68333   -97.54541 36.29272     245.433     595.682  937.856  292.119   86.216   -0.390   12.644 0.00000e+00
   41    16.70000   -97.54507 36.29573     235.009     584.437  939.154  292.247   85.584    0.095   12.635 0.00000e+00
   42    16.71667   -97.54478 36.29863     254.038     604.774  936.799  292.066   86.497    0.642   12.657 0.00000e+00
   43    16.73333   -97.54436 36.30155     299.320     652.187  931.701  291.643   88.622    1.005   12.696 0.00000e+00
   44    16.75000   -97.54339 36.30442     359.801     714.150  925.061  291.056   91.369    1.152   12.703 0.00000e+00
   45    16.76667   -97.54164 36.30736     418.227     771.804  918.874  290.509   94.002    1.151   12.708 0.00000e+00
   46    16.78333   -97.53925 36.31047     461.459     813.167  914.449  290.090   96.012    1.001   12.699 0.00000e+00
   47    16.80000   -97.53676 36.31361     495.738     845.072  911.064  289.788   97.352    0.935   12.676 0.00000e+00
   48    16.81667   -97.53423 36.31653     535.720     882.084  907.156  289.487   98.391    0.634   12.622 3.38053e-04
   49    16.83333   -97.53165 36.31910     561.714     905.288  904.702  289.314   98.852    0.102   12.575 6.97316e-04
   50    16.85000   -97.52909 36.32153     573.245     914.213  903.695  289.257   99.124   -0.057   12.577 0.00000e+00
   51    16.86667   -97.52659 36.32401     593.877     934.676  901.444  289.073   99.464    0.668   12.503 0.00000e+00
   52    16.88333   -97.52402 36.32647     648.495     989.042  895.773  288.775  100.000    1.458   12.419 5.70569e-02
   53    16.90000   -97.52089 36.32870     719.674    1058.559  888.552  288.470  100.000    1.433   12.285 1.80307e-01
   54    16.91667   -97.51720 36.33084     776.381    1114.010  882.653  288.199  100.000    0.457   12.154 2.52396e-01
   55    16.93333   -97.51324 36.33295     775.261    1113.249  882.762  288.075  100.000   -0.867   12.054 8.87491e-02
   56    16.95000   -97.50954 36.33551     710.545    1050.023  889.337  288.539   97.892   -1.615   12.052 2.06079e-03
   57    16.96667   -97.50590 36.33852     615.548     957.109  899.131  289.470   92.911   -1.826   12.012 0.00000e+00
   58    16.98333   -97.50224 36.34172     525.202     866.610  908.756  290.374   88.464   -1.268   11.990 0.00000e+00
   59    17.00000   -97.49873 36.34496     471.508     812.663  914.489  290.871   86.352   -0.748   12.003 0.00000e+00
   60    17.01667   -97.49551 36.34811     444.310     784.229  917.688  291.077   86.190   -0.244   12.097 0.00000e+00
   61    17.03333   -97.49269 36.35126     430.965     768.011  919.320  291.155   86.305   -0.235   12.151 0.00000e+00
   62    17.05000   -97.49014 36.35466     425.968     761.841  919.958  291.188   86.364    0.005   12.176 0.00000e+00
   63    17.06667   -97.48783 36.35827     440.991     774.438  918.696  291.052   87.148    0.459   12.198 0.00000e+00
   64    17.08333   -97.48568 36.36198     477.566     805.793  915.490  290.762   88.502    0.673   12.204 0.00000e+00
   65    17.10000   -97.48354 36.36566     512.450     836.477  912.080  290.449   89.969    0.417   12.207 0.00000e+00
   66    17.11667   -97.48140 36.36920     528.689     851.363  910.429  290.288   90.857    0.044   12.224 0.00000e+00
   67    17.13333   -97.47934 36.37260     529.197     853.026  910.100  290.271   90.636   -0.277   12.186 0.00000e+00
   68    17.15000   -97.47734 36.37586     517.797     845.653  910.943  290.307   90.831   -0.346   12.229 0.00000e+00
   69    17.16667   -97.47533 36.37897     499.763     830.204  912.658  290.438   90.558   -0.455   12.271 0.00000e+00
   70    17.18333   -97.47330 36.38191     477.143     808.849  914.923  290.641   89.723   -0.426   12.285 0.00000e+00
   71    17.20000   -97.47130 36.38469     460.851     793.959  916.519  290.777   89.292   -0.161   12.311 0.00000e+00
   72    17.21667   -97.46928 36.38737     452.901     787.845  917.152  290.833   89.085   -0.064   12.317 0.00000e+00
   73    17.23333   -97.46728 36.39008     444.050     779.296  918.135  290.910   88.833   -0.173   12.330 0.00000e+00
   74    17.25000   -97.46537 36.39280     429.798     765.090  919.610  291.019   88.562   -0.400   12.358 0.00000e+00
   75    17.26667   -97.46365 36.39547     404.466     740.269  922.258  291.237   87.867   -0.593   12.395 0.00000e+00
   76    17.28333   -97.46225 36.39804     365.157     701.921  926.372  291.600   86.429   -0.798   12.420 0.00000e+00
   77    17.30000   -97.46120 36.40056     311.960     650.273  931.929  292.061   84.377   -1.077   12.408 0.00000e+00
   78    17.31667   -97.46046 36.40310     251.393     591.239  938.390  292.744   82.082   -0.643   12.513 0.00000e+00
   79    17.33333   -97.46002 36.40569     217.720     558.427  941.990  293.191   80.897   -0.474   12.634 0.00000e+00
   80    17.35000   -97.45980 36.40841     184.485     524.434  945.785  293.544   79.420   -0.906   12.628 0.00000e+00
   81    17.36667   -97.45963 36.41113     136.324     475.417  951.222  293.992   77.628   -1.121   12.619 0.00000e+00
   82    17.38333   -97.45927 36.41365      85.470     423.128  957.049  294.478   75.841   -0.853   12.628 0.00000e+00
   83    17.40000   -97.45868 36.41589      47.424     381.996  961.596  294.858   74.326   -0.548   12.610 0.00000e+00
   84    17.41667   -97.45781 36.41785      26.412     357.905  964.231  295.226   73.274   -0.223   12.682 0.00000e+00
   85    17.43333   -97.45683 36.41933      18.134     347.054  965.395  295.514   72.638   -0.035   12.782 0.00000e+00
   86    17.45000   -97.45588 36.42052      19.324     346.079  965.519  295.645   72.472    0.079   12.854 0.00000e+00
   87    17.46667   -97.45519 36.42179      26.970     351.885  964.833  295.664   72.585    0.176   12.898 0.00000e+00
   88    17.48333   -97.45474 36.42326      41.741     365.235  963.327  295.517   72.987    0.291   12.873 0.00000e+00
   89    17.50000   -97.45436 36.42483      64.933     387.146  960.895  295.200   73.749    0.445   12.788 0.00000e+00
   90    17.51667   -97.45412 36.42641     101.502     422.538  957.006  294.771   75.022    0.798   12.721 0.00000e+00
   91    17.53333   -97.45409 36.42789     161.296     481.406  950.518  294.184   77.167    1.062   12.705 0.00000e+00
   92    17.55000   -97.45399 36.42938     223.833     542.953  943.756  293.609   79.412    0.849   12.706 0.00000e+00
   93    17.56667   -97.45332 36.43096     275.327     593.301  938.214  293.035   81.408    0.606   12.641 0.00000e+00
   94    17.58333   -97.45218 36.43256     314.061     630.943  934.116  292.610   83.111    0.534   12.622 0.00000e+00
   95    17.60000   -97.45076 36.43412     337.395     653.254  931.721  292.359   84.281    0.314   12.632 0.00000e+00
   96    17.61667   -97.44938 36.43574     345.687     660.478  930.936  292.258   84.840    0.138   12.646 0.00000e+00
   97    17.63333   -97.44814 36.43747     343.135     656.780  931.334  292.297   84.770   -0.319   12.661 0.00000e+00
   98    17.65000   -97.44713 36.43922     320.124     632.914  933.903  292.555   83.684   -0.529   12.668 0.00000e+00
   99    17.66667   -97.44640 36.44077     282.493     594.820  938.030  292.933   82.078   -0.823   12.666 0.00000e+00
  100    17.68333   -97.44603 36.44217     240.208     552.236  942.658  293.334   80.402   -0.663   12.660 0.00000e+00
  101    17.70000   -97.44600 36.44362     219.613     531.459  944.903  293.633   79.231   -0.028   12.680 0.00000e+00
  102    17.71667   -97.44623 36.44508     222.844     534.593  944.540  293.659   79.176    0.497   12.697 0.00000e+00
  103    17.73333   -97.44668 36.44643     247.282     559.074  941.856  293.441   80.062    0.870   12.702 0.00000e+00
  104    17.75000   -97.44724 36.44753     276.433     588.407  938.652  293.185   81.166    0.620   12.717 0.00000e+00
  105    17.76667   -97.44782 36.44858     279.101     591.267  938.267  293.190   81.184   -0.132   12.729 0.00000e+00
  106    17.78333   -97.44856 36.44983     262.243     574.521  940.141  293.307   80.467   -0.617   12.683 0.00000e+00
  107    17.80000   -97.44926 36.45126     252.024     564.265  941.250  293.433   79.812   -0.263   12.664 0.00000e+00
  108    17.81667   -97.44982 36.45279     254.911     566.966  940.967  293.422   79.861   -0.132   12.667 0.00000e+00
  109    17.83333   -97.45026 36.45438     257.841     569.602  940.669  293.395   79.969   -0.298   12.667 0.00000e+00
  110    17.85000   -97.45062 36.45609     249.149     560.525  941.644  293.507   79.598   -0.369   12.683 0.00000e+00
  111    17.86667   -97.45107 36.45793     233.610     544.520  943.340  293.668   78.985   -0.350   12.690 0.00000e+00
  112    17.88333   -97.45164 36.45998     225.110     535.434  944.331  293.773   78.602   -0.097   12.698 0.00000e+00
  113    17.90000   -97.45231 36.46231     243.051     552.617  942.499  293.605   79.202    0.548   12.686 0.00000e+00
  114    17.91667   -97.45301 36.46476     298.723     607.846  936.491  293.102   81.176    1.100   12.681 0.00000e+00
  115    17.93333   -97.45354 36.46732     370.893     679.867  928.688  292.454   83.770    1.557   12.672 0.00000e+00
  116    17.95000   -97.45387 36.47000     436.921     745.775  921.650  291.888   86.120    1.660   12.668 0.00000e+00
  117    17.96667   -97.45409 36.47266     482.903     791.136  916.825  291.498   87.725    1.046   12.657 0.00000e+00
  118    17.98333   -97.45428 36.47532     501.935     808.726  915.004  291.355   88.178    0.316   12.633 0.00000e+00
  119    18.00000   -97.45454 36.47798     494.007     799.418  916.017  291.470   87.447   -0.211   12.606 0.00000e+00
  120    18.01667   -97.45488 36.48064     472.844     776.965  918.419  291.759   85.822   -0.426   12.567 0.00000e+00
  121    18.03333   -97.45530 36.48319     444.707     747.533  921.520  292.076   84.169   -0.576   12.530 0.00000e+00
  122    18.05000   -97.45575 36.48558     410.216     711.778  925.334  292.436   82.502   -0.746   12.512 0.00000e+00
  123    18.06667   -97.45621 36.48776     369.953     670.301  929.812  292.853   80.604   -0.906   12.487 0.00000e+00
  124    18.08333   -97.45655 36.48980     317.386     617.106  935.519  293.376   78.262   -1.111   12.451 0.00000e+00
  125    18.10000   -97.45670 36.49170     249.771     549.151  942.899  294.042   75.421   -1.391   12.408 0.00000e+00
  126    18.11667   -97.45643 36.49361     169.057     468.060  951.717  294.982   72.118   -1.273   12.458 0.00000e+00
  127    18.13333   -97.45615 36.49573     112.469     411.032  957.972  295.635   69.788   -0.619   12.469 0.00000e+00
  128    18.15000   -97.45615 36.49789      97.954     396.242  959.582  295.836   68.992    0.257   12.458 0.00000e+00
  129    18.16667   -97.45615 36.49991     127.275     425.418  956.374  295.716   69.611    0.954   12.520 0.00000e+00
  130    18.18333   -97.45605 36.50187     183.809     481.785  950.205  295.156   71.342    1.411   12.478 0.00000e+00
  131    18.20000   -97.45604 36.50382     260.100     557.900  941.896  294.378   73.842    1.855   12.418 0.00000e+00
  132    18.21667   -97.45628 36.50571     349.144     647.369  932.128  293.459   77.210    1.859   12.393 0.00000e+00
  133    18.23333   -97.45663 36.50753     423.170     722.620  924.049  292.724   80.048    1.354   12.378 0.00000e+00
  134    18.25000   -97.45698 36.50937     466.636     767.239  919.282  292.305   81.595    0.920   12.355 0.00000e+00
  135    18.26667   -97.45742 36.51126     496.544     798.244  915.958  292.006   82.641    0.815   12.324 0.00000e+00
  136    18.28333   -97.45798 36.51319     531.474     834.195  912.134  291.663   83.876    0.921   12.292 0.00000e+00
  137    18.30000   -97.45850 36.51519     580.068     884.181  906.862  291.188   85.756    0.966   12.266 0.00000e+00
  138    18.31667   -97.45903 36.51731     631.764     937.494  901.226  290.659   88.081    0.950   12.259 0.00000e+00
  139    18.33333   -97.45940 36.51957     677.659     985.154  896.213  290.187   90.262    0.794   12.259 0.00000e+00
  140    18.35000   -97.45953 36.52188     707.531    1016.778  892.944  289.887   91.780    0.428   12.273 0.00000e+00
  141    18.36667   -97.45947 36.52419     720.165    1030.515  891.547  289.767   92.398    0.077   12.281 0.00000e+00
  142    18.38333   -97.45921 36.52650     719.426    1030.840  891.486  289.778   92.119   -0.157   12.253 0.00000e+00
  143    18.40000   -97.45885 36.52884     711.580    1024.048  892.207  289.861   91.364   -0.400   12.208 0.00000e+00
  144    18.41667   -97.45845 36.53120     695.336    1008.795  893.826  290.042   89.946   -0.561   12.136 0.00000e+00
  145    18.43333   -97.45808 36.53376     677.331     991.701  895.643  290.246   88.819   -0.556   12.117 0.00000e+00
  146    18.45000   -97.45777 36.53648     659.988     975.219  897.343  290.463   87.309   -0.830   12.054 0.00000e+00
  147    18.46667   -97.45760 36.53921     619.543     935.277  901.629  290.922   84.334   -1.282   11.931 0.00000e+00
  148    18.48333   -97.45768 36.54174     550.453     866.044  908.915  291.625   80.935   -1.562   11.875 0.00000e+00
  149    18.50000   -97.45764 36.54406     463.456     778.874  918.180  292.475   77.710   -1.574   11.907 0.00000e+00
  150    18.51667   -97.45741 36.54624     375.708     690.866  927.588  293.333   74.461   -1.421   11.916 0.00000e+00
  151    18.53333   -97.45708 36.54836     297.721     612.501  935.977  294.105   71.930   -1.269   11.969 0.00000e+00
  152    18.55000   -97.45674 36.55047     229.859     544.256  943.380  294.794   69.434   -1.134   11.962 0.00000e+00
  153    18.56667   -97.45631 36.55255     169.117     483.159  950.027  295.370   67.305   -1.056   11.930 0.00000e+00
  154    18.58333   -97.45580 36.55463     123.579     437.306  955.002  295.840   65.898   -0.493   11.960 0.00000e+00
  155    18.60000   -97.45512 36.55666     102.051     416.183  957.209  296.055   65.168   -0.099   11.957 0.00000e+00
  156    18.61667   -97.45425 36.55860      87.006     401.825  958.861  296.206   64.608   -0.052   11.943 0.00000e+00
  157    18.63333   -97.45312 36.56034      74.646     390.176  960.117  296.337   64.232   -0.029   11.954 0.00000e+00
  158    18.65000   -97.45174 36.56190      58.723     374.829  961.808  296.562   63.421   -0.408   11.945 0.00000e+00
  159    18.66667   -97.45014 36.56318      35.094     351.281  964.440  296.729   63.274   -0.422   12.006 0.00000e+00
  160    18.68333   -97.44849 36.56420      30.184     346.124  964.977  297.269   62.891    0.151   12.325 0.00000e+00
  161    18.70000   -97.44710 36.56523      56.396     372.170  962.095  297.227   63.594    0.905   12.469 0.00000e+00
  162    18.71667   -97.44601 36.56674     122.275     438.127  954.894  296.295   65.704    1.626   12.264 0.00000e+00
  163    18.73333   -97.44537 36.56872     231.941     548.182  942.796  295.177   69.192    2.708   12.214 0.00000e+00
  164    18.75000   -97.44492 36.57057     372.166     688.891  927.578  293.776   74.168    2.812   12.202 0.00000e+00
  165    18.76667   -97.44435 36.57212     505.860     823.062  913.317  292.487   79.152    2.555   12.203 0.00000e+00
  166    18.78333   -97.44367 36.57355     632.966     950.613  899.867  291.244   84.099    2.251   12.167 0.00000e+00
  167    18.80000   -97.44300 36.57498     758.399    1076.603  886.691  290.026   89.218    2.280   12.123 0.00000e+00
  168    18.81667   -97.44233 36.57661     879.284    1198.156  874.150  288.865   94.271    2.492   12.060 0.00000e+00
  169    18.83333   -97.44154 36.57843     996.955    1316.724  862.025  287.723   99.593    2.273   12.001 1.91903e-02
  170    18.85000   -97.44054 36.58057    1100.691    1421.226  851.543  287.240  100.000    1.875   11.839 2.28961e-01
  171    18.86667   -97.43915 36.58312    1179.030    1498.955  843.776  286.954  100.000    1.555   11.729 3.88740e-01
  172    18.88333   -97.43752 36.58588    1232.335    1551.513  838.575  286.720  100.000    1.266   11.624 4.31461e-01
  173    18.90000   -97.43581 36.58867    1258.780    1576.692  836.121  286.440  100.000    0.464   11.447 3.66603e-01
  174    18.91667   -97.43420 36.59146    1262.195    1578.667  835.964  286.375  100.000    0.062   11.400 3.00914e-01
  175    18.93333   -97.43264 36.59425    1246.460    1561.194  837.678  286.181   99.805   -0.501   11.190 5.17241e-02
  176    18.95000   -97.43114 36.59707    1209.095    1522.057  841.551  286.473   96.749   -0.864   11.006 0.00000e+00
  177    18.96667   -97.42966 36.59996    1152.141    1464.802  847.221  287.039   93.069   -1.269   10.914 0.00000e+00
  178    18.98333   -97.42826 36.60285    1077.329    1390.257  854.691  287.796   88.745   -1.552   10.837 0.00000e+00
