    0    16.01667   -97.53407 36.27551      29.467     387.227  960.783  293.241   83.747   -0.143   12.861 0.00000e+00
    1    16.03333   -97.53398 36.27770      22.530     380.010  961.589  293.445   83.132   -0.094   12.919 0.00000e+00
    2    16.05000   -97.53403 36.27980      20.203     377.313  961.923  293.556   82.792   -0.060   12.951 0.00000e+00
    3    16.06667   -97.53418 36.28185      20.220     376.483  961.973  293.626   82.547   -0.025   12.969 0.00000e+00
    4    16.08333   -97.53428 36.28377      24.717     380.102  961.606  293.667   82.363    0.037   12.978 0.00000e+00
    5    16.10000   -97.53419 36.28561      32.883     387.556  960.732  293.599   82.553    0.159   12.964 0.00000e+00
    6    16.11667   -97.53381 36.28748      45.278     399.460  959.432  293.466   82.974    0.292   12.941 0.00000e+00
    7    16.13333   -97.53316 36.28938      59.677     413.463  957.884  293.224   83.627    0.332   12.868 0.00000e+00
    8    16.15000   -97.53259 36.29140      68.609     421.824  956.946  293.135   83.942    0.250   12.858 0.00000e+00
    9    16.16667   -97.53210 36.29356      70.997     423.546  956.745  293.097   83.989    0.090   12.837 0.00000e+00
   10    16.18333   -97.53150 36.29582      69.666     421.555  957.006  293.127   83.877    0.057   12.840 0.00000e+00
   11    16.20000   -97.53076 36.29812      72.600     424.363  956.657  293.109   83.952    0.202   12.842 0.00000e+00
   12    16.21667   -97.53014 36.30041      93.152     444.933  954.412  292.914   84.832    0.411   12.849 0.00000e+00
   13    16.23333   -97.52988 36.30287     126.310     477.809  950.789  292.575   86.435    0.460   12.866 0.00000e+00
   14    16.25000   -97.52986 36.30554     151.773     502.432  948.155  292.328   87.645    0.045   12.881 0.00000e+00
   15    16.26667   -97.53013 36.30832     155.563     504.001  948.008  292.297   87.870   -0.468   12.891 0.00000e+00
   16    16.28333   -97.53062 36.31102     139.794     486.332  950.002  292.519   86.627   -0.496   12.860 0.00000e+00
   17    16.30000   -97.53099 36.31372     110.590     455.664  953.355  292.828   85.093   -0.859   12.834 0.00000e+00
   18    16.31667   -97.53114 36.31630      64.764     408.995  958.567  293.283   83.103   -0.855   12.825 0.00000e+00
   19    16.33333   -97.53114 36.31877      30.011     373.328  962.486  293.674   81.609   -0.478   12.852 0.00000e+00
   20    16.35000   -97.53107 36.32094      14.500     356.994  964.249  294.074   80.397   -0.158   12.957 0.00000e+00
   21    16.36667   -97.53088 36.32281       9.553     352.292  964.675  294.345   79.579   -0.041   13.037 0.00000e+00
   22    16.38333   -97.53061 36.32452       8.244     351.820  964.680  294.530   79.158    0.009   13.117 0.00000e+00
   23    16.40000   -97.53037 36.32610       9.672     354.037  964.475  294.634   79.193    0.047   13.211 0.00000e+00
   24    16.41667   -97.53026 36.32763      12.490     357.686  964.128  294.615   79.518    0.051   13.255 0.00000e+00
   25    16.43333   -97.53019 36.32922      16.288     362.377  963.641  294.598   79.681    0.038   13.274 0.00000e+00
   26    16.45000   -97.53004 36.33085      20.013     366.498  963.223  294.556   79.835    0.069   13.271 0.00000e+00
   27    16.46667   -97.52982 36.33251      25.987     372.304  962.578  294.446   80.141    0.115   13.240 0.00000e+00
   28    16.48333   -97.52959 36.33439      33.189     379.336  961.765  294.332   80.465    0.176   13.212 0.00000e+00
   29    16.50000   -97.52953 36.33651      43.867     389.964  960.603  294.244   80.745    0.221   13.201 0.00000e+00
   30    16.51667   -97.52963 36.33883      58.064     404.613  958.865  294.097   81.154    0.305   13.172 0.00000e+00
   31    16.53333   -97.52985 36.34129      75.092     423.588  956.768  293.926   81.759    0.410   13.159 0.00000e+00
   32    16.55000   -97.53024 36.34394      91.782     442.370  954.691  293.701   82.392    0.425   13.105 0.00000e+00
   33    16.56667   -97.53081 36.34671     113.468     465.747  952.216  293.532   83.106    0.764   13.115 0.00000e+00
   34    16.58333   -97.53156 36.34946     151.695     501.998  948.215  293.184   84.500    1.239   13.103 0.00000e+00
   35    16.60000   -97.53219 36.35226     219.389     567.058  941.145  292.625   86.806    1.865   13.096 0.00000e+00
   36    16.61667   -97.53197 36.35519     319.057     663.764  930.645  291.694   90.691    2.448   13.049 0.00000e+00
   37    16.63333   -97.53107 36.35783     425.176     766.167  919.534  290.771   94.834    2.495   13.027 0.00000e+00
   38    16.65000   -97.52913 36.36033     523.273     861.211  909.398  289.771   99.602    1.819   12.979 6.13410e-03
   39    16.66667   -97.52638 36.36300     611.063     944.825  900.573  289.237  100.000    1.682   12.735 1.25139e-01
   40    16.68333   -97.52322 36.36601     684.386    1013.836  893.194  288.776  100.000    1.326   12.464 2.12767e-01
   41    16.70000   -97.51989 36.36935     730.575    1056.956  888.640  288.489  100.000    0.888   12.299 2.46936e-01
   42    16.71667   -97.51654 36.37288     750.541    1075.960  886.519  288.325  100.000    0.422   12.198 2.26607e-01
   43    16.73333   -97.51306 36.37642     743.591    1072.427  886.864  288.271  100.000    0.084   12.150 1.63571e-01
   44    16.75000   -97.50954 36.37996     713.453    1046.013  889.732  288.385  100.000   -0.228   12.195 6.03214e-02
   45    16.76667   -97.50607 36.38333     681.527    1014.833  893.079  288.597   99.096   -0.308   12.194 1.80303e-03
   46    16.78333   -97.50256 36.38651     661.433     995.056  895.091  288.816   97.548   -0.208   12.147 0.00000e+00
   47    16.80000   -97.49881 36.38972     657.589     993.164  895.255  288.885   96.524    0.006   12.071 0.00000e+00
   48    16.81667   -97.49472 36.39302     675.334    1012.871  893.190  288.741   96.512    0.458   11.986 0.00000e+00
   49    16.83333   -97.49031 36.39640     700.763    1039.037  890.460  288.349   99.355    0.369   12.067 6.59745e-03
   50    16.85000   -97.48597 36.39998     703.844    1041.148  890.270  288.322   99.894   -0.235   12.114 2.83615e-02
   51    16.86667   -97.48203 36.40372     683.606    1019.739  892.584  288.509   98.947   -0.490   12.114 3.97086e-04
   52    16.88333   -97.47839 36.40746     654.456     987.776  895.968  288.845   96.862   -0.696   12.072 0.00000e+00
   53    16.90000   -97.47496 36.41096     606.261     938.171  901.197  289.348   94.044   -1.011   12.036 0.00000e+00
   54    16.91667   -97.47187 36.41416     565.209     897.816  905.398  289.714   92.286   -0.418   12.036 0.00000e+00
   55    16.93333   -97.46881 36.41718     547.437     882.002  907.135  289.845   91.750   -0.141   12.043 0.00000e+00
   56    16.95000   -97.46567 36.42002     545.413     878.888  907.580  289.866   91.982    0.006   12.084 0.00000e+00
   57    16.96667   -97.46240 36.42283     553.551     883.351  907.126  289.812   92.597    0.088   12.129 0.00000e+00
   58    16.98333   -97.45901 36.42593     568.502     893.662  905.997  289.685   93.583    0.147   12.174 0.00000e+00
   59    17.00000   -97.45564 36.42952     587.923     908.179  904.452  289.517   94.900    0.121   12.234 0.00000e+00
   60    17.01667   -97.45246 36.43351     601.091     917.706  903.390  289.421   95.345   -0.092   12.230 0.00000e+00
   61    17.03333   -97.44959 36.43782     607.297     921.308  903.029  289.403   95.247    0.121   12.209 0.00000e+00
   62    17.05000   -97.44710 36.44221     614.125     926.547  902.463  289.332   95.686    0.537   12.217 0.00000e+00
   63    17.06667   -97.44497 36.44647     611.997     923.235  902.792  289.351   95.650   -0.265   12.223 0.00000e+00
   64    17.08333   -97.44305 36.45047     581.069     892.550  906.102  289.715   93.365   -0.989   12.167 0.00000e+00
   65    17.10000   -97.44113 36.45429     541.351     852.242  910.359  290.145   90.889   -0.826   12.119 0.00000e+00
   66    17.11667   -97.43915 36.45803     502.802     812.974  914.561  290.528   89.224   -0.577   12.134 0.00000e+00
   67    17.13333   -97.43729 36.46169     468.794     778.792  918.217  290.852   87.839   -0.389   12.146 0.00000e+00
   68    17.15000   -97.43568 36.46523     443.299     752.647  921.060  291.098   86.888   -0.234   12.166 0.00000e+00
   69    17.16667   -97.43442 36.46866     425.411     733.720  923.086  291.259   86.435   -0.072   12.199 0.00000e+00
   70    17.18333   -97.43353 36.47201     411.892     719.382  924.631  291.364   86.279   -0.081   12.238 0.00000e+00
   71    17.20000   -97.43293 36.47530     405.305     711.238  925.462  291.430   85.810   -0.266   12.211 0.00000e+00
   72    17.21667   -97.43251 36.47858     393.814     698.608  926.762  291.550   85.701   -0.217   12.272 0.00000e+00
   73    17.23333   -97.43217 36.48187     390.091     693.148  927.427  291.618   85.730    0.089   12.319 0.00000e+00
   74    17.25000   -97.43187 36.48521     397.822     698.307  926.902  291.575   86.031    0.279   12.337 0.00000e+00
   75    17.26667   -97.43166 36.48858     411.859     709.712  925.680  291.464   86.530    0.243   12.337 0.00000e+00
   76    17.28333   -97.43149 36.49189     421.005     717.643  924.819  291.406   86.473   -0.017   12.296 0.00000e+00
   77    17.30000   -97.43133 36.49506     417.978     713.505  925.243  291.456   86.128   -0.187   12.280 0.00000e+00
   78    17.31667   -97.43117 36.49817     405.675     702.095  926.333  291.570   85.472   -0.310   12.260 0.00000e+00
   79    17.33333   -97.43102 36.50123     389.668     689.156  927.711  291.701   84.864   -0.240   12.256 0.00000e+00
   80    17.35000   -97.43088 36.50425     377.346     679.876  928.742  291.787   84.588   -0.176   12.268 0.00000e+00
   81    17.36667   -97.43071 36.50724     364.561     668.963  929.949  291.896   84.212   -0.239   12.282 0.00000e+00
   82    17.38333   -97.43061 36.51020     344.758     650.572  931.955  292.084   83.460   -0.368   12.291 0.00000e+00
   83    17.40000   -97.43053 36.51314     319.569     626.791  934.520  292.326   82.463   -0.488   12.297 0.00000e+00
   84    17.41667   -97.43047 36.51610     287.009     596.504  937.759  292.619   81.319   -0.639   12.309 0.00000e+00
   85    17.43333   -97.43039 36.51910     248.862     560.763  941.669  292.971   79.949   -0.758   12.319 0.00000e+00
   86    17.45000   -97.43039 36.52216     205.846     520.013  946.148  293.382   78.427   -0.818   12.340 0.00000e+00
   87    17.46667   -97.43055 36.52528     163.926     479.381  950.553  293.797   77.000   -0.781   12.375 0.00000e+00
   88    17.48333   -97.43087 36.52843     129.651     446.339  954.196  294.129   75.743   -0.536   12.379 0.00000e+00
   89    17.50000   -97.43138 36.53161     111.655     428.551  956.213  294.311   74.973   -0.071   12.366 0.00000e+00
   90    17.51667   -97.43190 36.53464     123.881     440.094  954.935  294.344   75.527    0.508   12.500 0.00000e+00
   91    17.53333   -97.43213 36.53735     170.994     486.686  949.835  294.115   77.251    1.009   12.673 0.00000e+00
   92    17.55000   -97.43198 36.54005     229.521     543.838  943.624  293.527   79.473    0.951   12.653 0.00000e+00
   93    17.56667   -97.43168 36.54279     286.779     599.151  937.586  292.895   81.705    0.998   12.585 0.00000e+00
   94    17.58333   -97.43130 36.54559     352.299     662.683  930.717  292.221   84.290    1.162   12.538 0.00000e+00
   95    17.60000   -97.43073 36.54845     428.062     738.760  922.392  291.486   87.655    1.278   12.560 0.00000e+00
   96    17.61667   -97.43003 36.55133     504.894     817.575  913.951  290.713   91.122    1.315   12.547 0.00000e+00
   97    17.63333   -97.42919 36.55427     580.726     895.632  905.630  289.954   94.880    1.337   12.563 0.00000e+00
   98    17.65000   -97.42825 36.55730     644.765     961.621  898.680  289.338   98.120    1.276   12.585 0.00000e+00
   99    17.66667   -97.42728 36.56033     685.995    1004.462  894.217  288.982   98.949    0.955   12.467 2.82541e-03
  100    17.68333   -97.42628 36.56340     707.760    1027.512  891.843  288.847   98.150    0.657   12.291 4.53148e-03
  101    17.70000   -97.42524 36.56655     717.113    1037.044  890.928  288.781   98.121    0.363   12.248 0.00000e+00
  102    17.71667   -97.42410 36.56983     722.637    1042.281  890.365  288.828   96.474    0.123   12.087 0.00000e+00
  103    17.73333   -97.42296 36.57325     728.705    1048.168  889.739  288.878   94.645   -0.019   11.904 0.00000e+00
  104    17.75000   -97.42191 36.57668     741.049    1061.028  888.383  288.822   93.751    0.305   11.768 0.00000e+00
  105    17.76667   -97.42097 36.58008     765.090    1085.617  885.827  288.606   94.728    0.416   11.760 0.00000e+00
  106    17.78333   -97.42018 36.58330     809.987    1129.818  881.223  288.238   95.882    0.736   11.684 0.00000e+00
  107    17.80000   -97.41936 36.58640     869.120    1188.457  875.119  287.639   99.230    0.672   11.712 5.89753e-03
  108    17.81667   -97.41821 36.58950     915.659    1235.124  870.318  287.288  100.000    0.038   11.616 1.99034e-02
  109    17.83333   -97.41678 36.59251     931.189    1251.372  868.636  287.184   99.624   -0.557   11.500 8.88480e-03
  110    17.85000   -97.41531 36.59525     926.037    1246.907  869.099  287.233   98.343   -0.914   11.383 0.00000e+00
  111    17.86667   -97.41379 36.59778     912.470    1233.808  870.409  287.380   96.158   -1.183   11.221 0.00000e+00
  112    17.88333   -97.41213 36.60009     892.003    1213.725  872.492  287.618   94.643   -0.769   11.189 0.00000e+00
  113    17.90000   -97.41034 36.60229     869.043    1191.514  874.745  287.840   93.203   -0.466   11.151 2.58710e-06
  114    17.91667   -97.40840 36.60454     847.929    1171.323  876.877  288.018   93.511   -0.318   11.289 0.00000e+00
  115    17.93333   -97.40639 36.60695     828.164    1152.750  878.791  288.182   93.147   -0.411   11.341 0.00000e+00
  116    17.95000   -97.40433 36.60952     800.961    1126.863  881.487  288.457   92.342   -0.659   11.410 0.00000e+00
  117    17.96667   -97.40233 36.61221     756.958    1083.792  886.004  288.924   89.814   -0.895   11.379 0.00000e+00
  118    17.98333   -97.40044 36.61502     706.863    1033.142  891.367  289.452   87.033   -0.849   11.338 0.00000e+00
  119    18.00000   -97.39852 36.61792     665.107     989.538  895.965  289.904   84.699   -0.719   11.300 0.00000e+00
  120    18.01667   -97.39638 36.62085     628.053     949.247  900.178  290.336   82.240   -0.694   11.226 0.00000e+00
  121    18.03333   -97.39412 36.62370     586.401     904.835  904.782  290.792   79.890   -0.674   11.169 0.00000e+00
  122    18.05000   -97.39194 36.62647     544.926     861.925  909.378  291.170   79.019   -0.502   11.258 0.00000e+00
  123    18.06667   -97.38995 36.62917     508.028     822.939  913.563  291.478   78.798   -0.424   11.395 0.00000e+00
  124    18.08333   -97.38823 36.63174     477.424     790.056  917.098  291.772   78.035   -0.444   11.452 0.00000e+00
  125    18.10000   -97.38680 36.63417     448.910     759.667  920.275  292.030   77.227   -0.649   11.479 0.00000e+00
  126    18.11667   -97.38562 36.63641     418.819     728.519  923.632  292.272   76.968   -0.880   11.574 0.00000e+00
  127    18.13333   -97.38477 36.63845     401.134     710.264  925.515  292.514   78.242   -0.547   11.922 0.00000e+00
  128    18.15000   -97.38406 36.64028     379.284     688.229  927.874  292.712   77.561   -0.684   11.935 0.00000e+00
  129    18.16667   -97.38330 36.64206     363.862     672.657  929.538  292.879   77.061   -0.746   11.961 0.00000e+00
  130    18.18333   -97.38261 36.64382     353.586     662.066  930.699  292.981   76.670   -0.489   11.962 0.00000e+00
  131    18.20000   -97.38205 36.64577     364.801     672.728  929.569  292.901   77.175   -0.129   11.995 0.00000e+00
  132    18.21667   -97.38165 36.64783     394.256     701.169  926.571  292.664   78.275    0.324   12.026 0.00000e+00
  133    18.23333   -97.38139 36.64995     445.811     751.331  921.216  292.195   80.226    0.775   12.037 0.00000e+00
  134    18.25000   -97.38124 36.65219     521.651     825.640  913.284  291.502   83.207    1.361   12.055 0.00000e+00
  135    18.26667   -97.38104 36.65450     618.256     920.650  903.205  290.605   87.148    1.718   12.061 0.00000e+00
  136    18.28333   -97.38077 36.65684     723.025    1024.658  892.266  289.606   91.907    1.722   12.080 0.00000e+00
  137    18.30000   -97.38041 36.65919     818.615    1119.765  882.392  288.691   96.425    1.446   12.084 0.00000e+00
  138    18.31667   -97.37985 36.66156     901.541    1202.147  873.863  287.956   99.523    1.298   12.009 9.53567e-03
  139    18.33333   -97.37908 36.66396     978.135    1278.273  866.025  287.486   99.930    1.183   11.801 8.15434e-02
  140    18.35000   -97.37811 36.66637    1040.983    1341.016  859.602  287.017  100.000    0.805   11.559 8.44006e-02
  141    18.36667   -97.37717 36.66883    1079.970    1379.906  855.690  286.823   99.422    0.452   11.380 1.30811e-01
  142    18.38333   -97.37659 36.67137    1098.300    1398.149  853.848  286.711   98.577    0.213   11.225 1.08681e-01
  143    18.40000   -97.37580 36.67402    1115.331    1415.288  852.099  286.453   99.437   -0.083   11.156 1.78197e-02
  144    18.41667   -97.37518 36.67690    1148.825    1449.116  848.675  286.378   99.820   -0.225   11.189 1.02632e-01
  145    18.43333   -97.37453 36.68009    1162.272    1463.075  847.229  286.370   99.662   -0.531   11.185 9.53360e-02
  146    18.45000   -97.37369 36.68333    1150.047    1451.062  848.464  286.400   98.967   -0.983   11.112 1.03685e-02
  147    18.46667   -97.37257 36.68638    1113.380    1414.450  852.170  286.710   96.006   -1.486   10.953 2.20400e-04
  148    18.48333   -97.37134 36.68901    1065.932    1366.991  856.946  287.188   92.748   -1.186   10.857 0.00000e+00
  149    18.50000   -97.37011 36.69136    1035.582    1336.928  860.072  287.524   90.418   -0.689   10.779 0.00000e+00
  150    18.51667   -97.36880 36.69366    1023.939    1325.740  861.160  287.614   90.300   -0.351   10.815 3.05487e-04
  151    18.53333   -97.36776 36.69607    1027.556    1329.911  860.725  287.508   91.366   -0.052   10.872 0.00000e+00
  152    18.55000   -97.36690 36.69862    1050.317    1353.735  858.265  287.141   94.842    0.503   11.051 3.16599e-04
  153    18.56667   -97.36607 36.70121    1082.629    1387.340  854.901  286.782   98.376    0.587   11.241 1.84720e-02
  154    18.58333   -97.36536 36.70386    1120.521    1426.574  850.939  286.509   99.780    0.418   11.252 5.36497e-02
  155    18.60000   -97.36469 36.70654    1150.539    1457.576  847.788  286.343  100.000    0.429   11.215 1.22407e-01
  156    18.61667   -97.36399 36.70937    1176.850    1484.780  845.043  286.250   99.927   -0.052   11.155 1.64694e-01
  157    18.63333   -97.36342 36.71220    1202.870    1511.819  842.334  286.272   95.381   -0.042   10.698 1.21394e-01
  158    18.65000   -97.36341 36.71513    1259.882    1569.123  836.610  285.983   93.860    0.839   10.400 1.58735e-01
  159    18.66667   -97.36388 36.71827    1366.526    1675.369  826.085  285.190   99.974    2.632   10.647 3.31206e-01
  160    18.68333   -97.36396 36.72142    1527.861    1836.648  810.336  284.380  100.000    2.895   10.307 6.40580e-01
  161    18.70000   -97.36317 36.72512    1647.142    1956.728  798.829  283.775  100.000    2.007   10.043 8.98013e-01
  162    18.71667   -97.36172 36.72912    1686.525    1996.529  795.083  283.500  100.000    1.667    9.906 8.60204e-01
  163    18.73333   -97.36014 36.73316    1685.842    1996.167  795.098  283.600  100.000   -0.344    9.975 8.34220e-01
  164    18.75000   -97.35851 36.73722    1642.585    1953.134  799.243  283.844  100.000   -1.184   10.086 6.18873e-01
  165    18.76667   -97.35699 36.74108    1609.607    1921.886  802.275  283.932  100.000   -0.569   10.095 3.88512e-01
  166    18.78333   -97.35537 36.74498    1611.278    1926.111  801.830  283.649   98.962    0.158    9.799 2.57227e-01
  167    18.80000   -97.35315 36.74894    1637.262    1953.471  799.239  283.333   97.666    0.047    9.498 1.93293e-01
  168    18.81667   -97.35054 36.75270    1645.284    1961.259  798.522  283.081   93.796   -0.521    8.976 1.80643e-02
  169    18.83333   -97.34764 36.75616    1643.743    1959.684  798.700  283.182   91.199   -0.088    8.785 0.00000e+00
  170    18.85000   -97.34465 36.75924    1653.161    1969.154  797.762  283.093   92.377   -0.094    8.857 0.00000e+00
  171    18.86667   -97.34166 36.76227    1622.814    1938.840  800.684  283.405   89.930   -0.975    8.772 0.00000e+00
  172    18.88333   -97.33878 36.76537    1564.953    1880.453  806.331  283.638   94.028   -0.851    9.251 1.61496e-02
  173    18.90000   -97.33611 36.76851    1507.855    1822.272  811.950  283.981   94.842   -1.361    9.482 0.00000e+00
  174    18.91667   -97.33370 36.77177    1437.192    1751.577  818.787  284.633   91.581   -1.535    9.482 0.00000e+00
  175    18.93333   -97.33163 36.77509    1356.439    1672.040  826.573  285.504   87.065   -1.573    9.461 0.00000e+00
  176    18.95000   -97.32964 36.77838    1277.703    1594.748  834.221  286.237   84.462   -1.129    9.544 0.00000e+00
  177    18.96667   -97.32764 36.78164    1224.134    1542.719  839.444  286.705   82.641   -0.817    9.570 0.00000e+00
  178    18.98333   -97.32568 36.78484    1184.547    1504.240  843.274  286.885   84.301   -0.549    9.832 0.00000e+00
