    0    16.01667   -97.45127 36.21465     103.248     472.178  951.155  292.021   89.590    0.162   12.874 0.00000e+00
    1    16.03333   -97.45244 36.21711     105.179     475.474  950.865  292.003   89.714   -0.012   12.881 0.00000e+00
    2    16.05000   -97.45338 36.21951     103.387     476.103  950.877  292.007   89.719   -0.030   12.885 0.00000e+00
    3    16.06667   -97.45405 36.22197     103.566     479.066  950.686  292.005   89.706    0.156   12.884 0.00000e+00
    4    16.08333   -97.45447 36.22455     111.040     488.246  949.723  291.929   90.050    0.176   12.885 0.00000e+00
    5    16.10000   -97.45482 36.22726     118.822     497.801  948.676  291.851   90.327    0.089   12.875 0.00000e+00
    6    16.11667   -97.45517 36.23000     124.097     504.717  947.966  291.801   90.525    0.144   12.872 0.00000e+00
    7    16.13333   -97.45556 36.23267     135.657     514.440  946.895  291.727   90.862    0.328   12.875 0.00000e+00
    8    16.15000   -97.45583 36.23521     149.868     526.492  945.530  291.651   91.138    0.127   12.871 0.00000e+00
    9    16.16667   -97.45596 36.23773     156.439     530.842  944.996  291.672   90.822   -0.070   12.850 0.00000e+00
   10    16.18333   -97.45609 36.24023     159.324     531.884  944.825  291.690   90.633    0.193   12.841 0.00000e+00
   11    16.20000   -97.45605 36.24280     172.015     542.932  943.608  291.605   90.977    0.406   12.837 0.00000e+00
   12    16.21667   -97.45575 36.24555     190.995     560.404  941.688  291.459   91.600    0.422   12.833 0.00000e+00
   13    16.23333   -97.45517 36.24844     211.227     579.619  939.543  291.276   92.432    0.331   12.829 0.00000e+00
   14    16.25000   -97.45441 36.25142     224.189     592.312  938.184  291.172   92.823    0.213   12.817 0.00000e+00
   15    16.26667   -97.45364 36.25443     228.241     596.229  937.887  291.169   92.769    0.046   12.812 0.00000e+00
   16    16.28333   -97.45293 36.25749     231.094     596.985  937.930  291.207   92.521   -0.090   12.808 0.00000e+00
   17    16.30000   -97.45219 36.26063     236.415     598.635  937.780  291.240   92.288   -0.070   12.804 0.00000e+00
   18    16.31667   -97.45133 36.26377     241.320     599.871  937.667  291.253   92.182   -0.109   12.801 0.00000e+00
   19    16.33333   -97.45045 36.26694     238.784     592.822  938.456  291.337   91.750   -0.174   12.799 0.00000e+00
   20    16.35000   -97.44966 36.27010     227.665     577.440  940.074  291.489   91.029   -0.248   12.798 0.00000e+00
   21    16.36667   -97.44910 36.27324     209.757     555.559  942.458  291.702   90.032   -0.319   12.798 0.00000e+00
   22    16.38333   -97.44884 36.27642     190.493     532.605  944.933  291.928   88.969   -0.257   12.794 0.00000e+00
   23    16.40000   -97.44891 36.27963     179.108     517.572  946.484  292.071   88.278   -0.097   12.789 0.00000e+00
   24    16.41667   -97.44914 36.28279     180.685     517.845  946.477  292.069   88.298    0.085   12.790 0.00000e+00
   25    16.43333   -97.44939 36.28588     190.260     526.757  945.590  291.990   88.677    0.097   12.794 0.00000e+00
   26    16.45000   -97.44946 36.28884     190.587     526.540  945.582  292.001   88.579   -0.113   12.788 0.00000e+00
   27    16.46667   -97.44948 36.29175     172.047     507.475  947.666  292.185   87.757   -0.517   12.789 0.00000e+00
   28    16.48333   -97.44969 36.29470     136.278     471.294  951.685  292.549   86.182   -0.705   12.796 0.00000e+00
   29    16.50000   -97.45023 36.29774     102.900     438.611  955.182  292.848   84.901   -0.443   12.796 0.00000e+00
   30    16.51667   -97.45079 36.30064     108.034     445.962  954.355  293.021   84.507    0.721   12.887 0.00000e+00
   31    16.53333   -97.45090 36.30304     179.169     518.661  946.323  292.404   87.398    1.618   12.932 0.00000e+00
   32    16.55000   -97.45043 36.30516     282.304     622.916  935.012  291.366   91.932    2.039   12.896 0.00000e+00
   33    16.56667   -97.44928 36.30698     391.838     732.553  923.125  290.313   96.814    1.804   12.866 0.00000e+00
   34    16.58333   -97.44745 36.30863     444.256     784.600  917.571  289.821   99.354    0.078   12.872 1.76514e-03
   35    16.60000   -97.44514 36.31081     428.483     767.933  919.406  290.070   97.215   -1.168   12.772 0.00000e+00
   36    16.61667   -97.44278 36.31333     378.232     716.057  924.949  290.645   93.618   -1.289   12.682 0.00000e+00
   37    16.63333   -97.44051 36.31598     320.893     657.253  931.315  291.259   90.314   -1.270   12.633 0.00000e+00
   38    16.65000   -97.43848 36.31863     262.853     598.291  937.697  291.831   87.642   -1.039   12.624 0.00000e+00
   39    16.66667   -97.43682 36.32123     218.935     553.965  942.567  292.269   85.679   -0.715   12.621 0.00000e+00
   40    16.68333   -97.43553 36.32375     186.371     519.363  946.413  292.618   84.127   -0.445   12.615 0.00000e+00
   41    16.70000   -97.43463 36.32619     161.703     492.401  949.362  292.891   83.011   -0.381   12.623 0.00000e+00
   42    16.71667   -97.43412 36.32855     137.929     466.513  952.223  293.152   81.927   -0.322   12.625 0.00000e+00
   43    16.73333   -97.43388 36.33088     113.666     440.366  955.054  293.409   81.033   -0.417   12.651 0.00000e+00
   44    16.75000   -97.43391 36.33326      86.297     411.375  958.304  293.693   80.019   -0.439   12.672 0.00000e+00
   45    16.76667   -97.43425 36.33570      61.722     385.244  961.198  293.947   79.123   -0.380   12.692 0.00000e+00
   46    16.78333   -97.43484 36.33824      44.464     366.668  963.266  294.153   78.539   -0.235   12.733 0.00000e+00
   47    16.80000   -97.43578 36.34083      35.980     356.624  964.357  294.302   78.129   -0.074   12.769 0.00000e+00
   48    16.81667   -97.43680 36.34327      36.474     355.350  964.487  294.390   78.008    0.048   12.818 0.00000e+00
   49    16.83333   -97.43762 36.34548      40.162     357.085  964.294  294.458   77.980    0.079   12.870 0.00000e+00
   50    16.85000   -97.43807 36.34740      50.336     366.119  963.211  294.499   78.109    0.229   12.938 0.00000e+00
   51    16.86667   -97.43829 36.34913      72.007     387.776  960.811  294.317   78.729    0.465   12.927 0.00000e+00
   52    16.88333   -97.43849 36.35074     105.911     421.651  957.025  293.958   79.981    0.612   12.895 0.00000e+00
   53    16.90000   -97.43864 36.35230     137.826     453.548  953.537  293.592   81.205    0.468   12.845 0.00000e+00
   54    16.91667   -97.43866 36.35384     163.311     479.001  950.702  293.321   82.292    0.441   12.837 0.00000e+00
   55    16.93333   -97.43860 36.35539     188.624     504.672  947.813  293.059   83.369    0.429   12.832 0.00000e+00
   56    16.95000   -97.43855 36.35698     211.768     528.965  945.142  292.822   84.286    0.279   12.819 0.00000e+00
   57    16.96667   -97.43861 36.35869     221.790     540.268  943.945  292.740   84.585   -0.142   12.815 0.00000e+00
   58    16.98333   -97.43871 36.36055     201.879     521.754  945.912  292.937   83.758   -0.677   12.820 0.00000e+00
   59    17.00000   -97.43850 36.36251     158.981     480.322  950.471  293.339   82.046   -0.845   12.816 0.00000e+00
   60    17.01667   -97.43793 36.36451     120.155     443.512  954.490  293.683   80.608   -0.556   12.810 0.00000e+00
   61    17.03333   -97.43725 36.36647      96.956     422.863  956.764  293.896   79.767   -0.321   12.815 0.00000e+00
   62    17.05000   -97.43659 36.36837      80.686     409.085  958.297  294.004   79.216   -0.257   12.791 0.00000e+00
   63    17.06667   -97.43597 36.37017      64.394     395.236  959.837  294.132   78.663   -0.269   12.782 0.00000e+00
   64    17.08333   -97.43542 36.37193      50.697     383.343  961.271  294.288   78.083   -0.159   12.793 0.00000e+00
   65    17.10000   -97.43493 36.37369      40.707     374.051  962.256  294.377   77.729   -0.179   12.791 0.00000e+00
   66    17.11667   -97.43456 36.37540      33.373     367.289  963.058  294.646   77.106   -0.091   12.891 0.00000e+00
   67    17.13333   -97.43434 36.37693      31.697     366.185  963.158  294.796   76.872   -0.034   12.971 0.00000e+00
   68    17.15000   -97.43422 36.37832      34.059     369.106  962.843  294.855   76.838    0.081   13.017 0.00000e+00
   69    17.16667   -97.43427 36.37970      44.065     379.704  961.638  294.781   77.184    0.271   13.032 0.00000e+00
   70    17.18333   -97.43442 36.38122      62.213     398.540  959.537  294.546   77.968    0.458   13.003 0.00000e+00
   71    17.20000   -97.43452 36.38291      89.312     426.426  956.477  294.236   79.049    0.654   12.974 0.00000e+00
   72    17.21667   -97.43462 36.38476     124.221     462.187  952.549  293.856   80.376    0.789   12.938 0.00000e+00
   73    17.23333   -97.43470 36.38676     163.868     502.760  948.058  293.433   81.917    0.975   12.904 0.00000e+00
   74    17.25000   -97.43475 36.38888     210.588     550.472  942.862  292.953   83.776    1.220   12.878 0.00000e+00
   75    17.26667   -97.43446 36.39104     255.214     596.041  937.933  292.480   85.596    0.827   12.841 0.00000e+00
   76    17.28333   -97.43385 36.39330     280.683     622.184  935.111  292.210   86.638    0.126   12.817 0.00000e+00
   77    17.30000   -97.43298 36.39574     285.676     627.540  934.606  292.175   86.513   -0.419   12.777 0.00000e+00
   78    17.31667   -97.43210 36.39835     272.596     612.129  936.339  292.340   85.568   -0.615   12.746 0.00000e+00
   79    17.33333   -97.43136 36.40097     253.088     589.102  938.781  292.546   84.535   -0.683   12.722 0.00000e+00
   80    17.35000   -97.43068 36.40356     229.925     562.854  941.615  292.860   83.285   -0.341   12.745 0.00000e+00
   81    17.36667   -97.43011 36.40612     213.974     543.761  943.732  293.059   82.631   -0.340   12.775 0.00000e+00
   82    17.38333   -97.42989 36.40864     205.334     531.577  945.072  293.203   81.972    0.026   12.769 0.00000e+00
   83    17.40000   -97.42989 36.41092     216.430     539.523  944.190  293.143   82.159    0.236   12.762 0.00000e+00
   84    17.41667   -97.42979 36.41284     227.885     548.285  943.273  293.050   82.446   -0.032   12.745 0.00000e+00
   85    17.43333   -97.42958 36.41462     221.664     540.711  944.021  293.133   82.100   -0.467   12.748 0.00000e+00
   86    17.45000   -97.42944 36.41648     190.057     508.338  947.495  293.510   80.633   -0.822   12.771 0.00000e+00
   87    17.46667   -97.42960 36.41851     150.150     467.650  951.956  293.918   79.007   -0.632   12.774 0.00000e+00
   88    17.48333   -97.43015 36.42064     129.118     445.826  954.335  294.132   78.109   -0.029   12.766 0.00000e+00
   89    17.50000   -97.43085 36.42279     136.699     453.156  953.450  294.084   78.303    0.391   12.771 0.00000e+00
   90    17.51667   -97.43147 36.42490     155.897     472.503  951.319  293.956   78.911    0.333   12.798 0.00000e+00
   91    17.53333   -97.43184 36.42692     170.288     486.890  949.780  293.860   79.254    0.231   12.798 0.00000e+00
   92    17.55000   -97.43203 36.42890     180.809     497.361  948.553  293.771   79.482    0.161   12.781 0.00000e+00
   93    17.56667   -97.43217 36.43081     186.757     503.241  947.892  293.724   79.456    0.065   12.748 0.00000e+00
   94    17.58333   -97.43224 36.43266     188.927     505.365  947.652  293.714   79.355    0.022   12.727 0.00000e+00
   95    17.60000   -97.43221 36.43444     188.113     504.570  947.738  293.733   79.218    0.001   12.719 0.00000e+00
   96    17.61667   -97.43205 36.43616     184.931     501.508  948.081  293.773   79.044   -0.032   12.718 0.00000e+00
   97    17.63333   -97.43174 36.43779     177.767     494.589  948.812  293.870   78.430   -0.169   12.686 0.00000e+00
   98    17.65000   -97.43127 36.43927     163.823     480.904  950.306  294.068   77.493   -0.208   12.669 0.00000e+00
   99    17.66667   -97.43055 36.44055     149.910     467.405  951.842  294.298   76.780   -0.042   12.712 0.00000e+00
  100    17.68333   -97.42973 36.44167     153.195     471.241  951.408  294.333   76.725    0.136   12.737 0.00000e+00
  101    17.70000   -97.42911 36.44274     176.051     494.507  948.846  294.257   77.460    0.705   12.833 0.00000e+00
  102    17.71667   -97.42873 36.44374     217.352     536.002  944.280  293.879   78.993    0.647   12.846 0.00000e+00
  103    17.73333   -97.42861 36.44466     245.918     564.561  941.163  293.634   80.000    0.203   12.855 0.00000e+00
  104    17.75000   -97.42886 36.44571     281.783     600.060  937.342  293.338   80.996    0.794   12.830 0.00000e+00
  105    17.76667   -97.42926 36.44685     362.845     680.519  928.602  292.551   84.107    1.417   12.802 0.00000e+00
  106    17.78333   -97.42956 36.44805     448.800     765.702  919.491  291.722   87.732    0.910   12.801 0.00000e+00
  107    17.80000   -97.42967 36.44935     494.479     810.663  914.712  291.314   89.424    0.142   12.782 0.00000e+00
  108    17.81667   -97.42979 36.45063     506.379     821.882  913.541  291.231   89.434    0.060   12.733 0.00000e+00
  109    17.83333   -97.43013 36.45193     524.598     839.204  911.652  291.055   88.891    0.558   12.541 0.00000e+00
  110    17.85000   -97.43029 36.45367     567.491     881.169  907.191  290.643   90.201    1.245   12.459 0.00000e+00
  111    17.86667   -97.43002 36.45586     627.175     939.695  901.070  290.100   92.486    1.397   12.424 0.00000e+00
  112    17.88333   -97.42946 36.45844     680.030     990.243  895.826  289.626   94.946    1.114   12.445 0.00000e+00
  113    17.90000   -97.42848 36.46123     712.627    1019.639  892.795  289.381   95.860    0.549   12.412 0.00000e+00
  114    17.91667   -97.42707 36.46393     730.123    1034.578  891.095  289.266   95.961    0.350   12.356 0.00000e+00
  115    17.93333   -97.42542 36.46634     751.751    1056.456  888.840  289.081   96.646    0.627   12.329 0.00000e+00
  116    17.95000   -97.42374 36.46859     786.344    1090.455  885.374  288.788   97.844    1.092   12.296 0.00000e+00
  117    17.96667   -97.42223 36.47092     810.288    1112.929  883.097  288.576   98.825    0.793   12.283 0.00000e+00
  118    17.98333   -97.42097 36.47344     813.500    1114.832  882.877  288.570   98.618    0.042   12.256 0.00000e+00
  119    18.00000   -97.41982 36.47622     803.324    1103.588  884.004  288.743   96.858   -0.521   12.156 0.00000e+00
  120    18.01667   -97.41864 36.47919     769.346    1068.517  887.679  289.193   93.298   -0.914   12.004 0.00000e+00
  121    18.03333   -97.41730 36.48220     714.196    1011.677  893.602  289.828   89.224   -1.035   11.878 0.00000e+00
  122    18.05000   -97.41585 36.48504     656.099     951.916  899.880  290.417   86.598   -0.865   11.886 0.00000e+00
  123    18.06667   -97.41434 36.48769     611.045     905.410  904.757  290.856   84.841   -0.521   11.910 0.00000e+00
  124    18.08333   -97.41283 36.49014     593.289     887.674  906.592  291.015   84.101   -0.257   11.902 0.00000e+00
  125    18.10000   -97.41145 36.49249     589.720     884.613  906.936  291.044   84.319   -0.338   11.950 0.00000e+00
  126    18.11667   -97.41035 36.49512     591.886     887.233  906.632  291.029   84.715   -0.109   11.999 0.00000e+00
  127    18.13333   -97.40961 36.49807     610.909     907.758  904.441  290.847   85.602    0.094   12.014 0.00000e+00
  128    18.15000   -97.40913 36.50122     638.788     938.170  901.252  290.541   87.298    0.394   12.059 0.00000e+00
  129    18.16667   -97.40868 36.50453     655.226     956.963  899.322  290.352   88.473    0.134   12.101 0.00000e+00
  130    18.18333   -97.40811 36.50788     651.375     954.165  899.676  290.370   88.823   -0.168   12.158 0.00000e+00
  131    18.20000   -97.40742 36.51091     632.574     935.853  901.586  290.594   87.444   -0.390   12.115 0.00000e+00
  132    18.21667   -97.40674 36.51364     609.989     913.375  904.025  290.865   85.721   -0.319   12.050 0.00000e+00
  133    18.23333   -97.40612 36.51615     601.434     903.925  904.996  291.002   84.456   -0.114   11.963 0.00000e+00
  134    18.25000   -97.40555 36.51853     607.513     909.256  904.465  290.966   84.543   -0.207   11.955 0.00000e+00
  135    18.26667   -97.40491 36.52077     617.597     918.753  903.412  290.943   83.774   -0.114   11.843 0.00000e+00
  136    18.28333   -97.40427 36.52282     633.497     934.555  901.658  290.761   85.109    0.060   11.917 0.00000e+00
  137    18.30000   -97.40371 36.52493     648.422     949.866  899.971  290.575   86.315    0.141   11.966 0.00000e+00
  138    18.31667   -97.40317 36.52719     656.950     959.200  898.941  290.478   86.845    0.152   11.979 0.00000e+00
  139    18.33333   -97.40269 36.52955     654.008     957.264  899.111  290.488   86.798   -0.184   11.978 0.00000e+00
  140    18.35000   -97.40232 36.53201     636.039     940.690  900.848  290.701   85.187   -0.434   11.893 0.00000e+00
  141    18.36667   -97.40204 36.53447     608.102     914.126  903.661  290.975   83.922   -0.589   11.885 0.00000e+00
  142    18.38333   -97.40179 36.53693     576.579     883.924  906.858  291.267   82.800   -0.718   11.903 0.00000e+00
  143    18.40000   -97.40152 36.53938     543.865     852.272  910.255  291.590   81.495   -0.587   11.912 0.00000e+00
  144    18.41667   -97.40121 36.54184     515.830     824.955  913.131  291.867   80.414   -0.448   11.924 0.00000e+00
  145    18.43333   -97.40073 36.54432     495.765     805.682  915.209  292.065   79.862   -0.348   11.964 0.00000e+00
  146    18.45000   -97.40002 36.54663     488.598     799.406  915.862  292.154   79.645   -0.232   11.990 0.00000e+00
  147    18.46667   -97.39912 36.54875     505.966     818.023  913.913  291.972   80.512    0.115   12.008 0.00000e+00
  148    18.48333   -97.39836 36.55082     524.360     837.605  911.767  291.781   81.122    0.140   11.983 0.00000e+00
  149    18.50000   -97.39799 36.55291     532.833     847.063  910.772  291.707   81.571    0.180   12.005 0.00000e+00
  150    18.51667   -97.39807 36.55515     533.065     848.017  910.714  291.716   81.777    0.149   12.044 0.00000e+00
  151    18.53333   -97.39836 36.55742     528.775     844.085  911.143  291.782   81.432    0.026   12.037 0.00000e+00
  152    18.55000   -97.39865 36.55955     525.035     840.696  911.491  291.831   81.067   -0.044   12.016 0.00000e+00
  153    18.56667   -97.39891 36.56157     523.905     839.932  911.599  291.850   80.890   -0.177   12.003 0.00000e+00
  154    18.58333   -97.39910 36.56349     522.926     839.441  911.602  291.896   81.042   -0.489   12.060 0.00000e+00
  155    18.60000   -97.39923 36.56552     527.559     845.194  911.012  291.853   81.097   -0.398   12.043 0.00000e+00
  156    18.61667   -97.39925 36.56777     550.066     869.055  908.465  291.676   82.207    0.258   12.107 0.00000e+00
  157    18.63333   -97.39899 36.57006     582.414     902.862  904.904  291.400   83.826    0.039   12.180 0.00000e+00
  158    18.65000   -97.39855 36.57211     596.737     918.466  903.255  291.254   84.500   -0.138   12.187 0.00000e+00
  159    18.66667   -97.39806 36.57386     595.401     917.998  903.276  291.301   83.828   -0.509   12.125 0.00000e+00
  160    18.68333   -97.39744 36.57560     567.629     891.183  906.112  291.598   82.268   -0.921   12.087 0.00000e+00
  161    18.70000   -97.39709 36.57764     526.340     850.893  910.363  291.991   80.551   -0.711   12.075 0.00000e+00
  162    18.71667   -97.39715 36.57990     490.928     816.325  914.048  292.328   79.033   -0.505   12.053 0.00000e+00
  163    18.73333   -97.39727 36.58227     463.969     789.561  916.911  292.605   77.722   -0.322   12.023 0.00000e+00
  164    18.75000   -97.39715 36.58468     450.209     776.040  918.357  292.734   77.254    0.055   12.029 0.00000e+00
  165    18.76667   -97.39683 36.58691     446.365     772.490  918.759  292.763   77.229    0.092   12.041 0.00000e+00
  166    18.78333   -97.39643 36.58902     442.981     769.497  919.056  292.798   77.045    0.157   12.036 0.00000e+00
  167    18.80000   -97.39601 36.59104     440.755     767.901  919.237  292.819   76.971    0.046   12.037 0.00000e+00
  168    18.81667   -97.39561 36.59293     432.193     759.939  920.065  292.884   76.840   -0.100   12.055 0.00000e+00
  169    18.83333   -97.39523 36.59478     421.533     749.846  921.181  292.971   76.645   -0.039   12.075 0.00000e+00
  170    18.85000   -97.39487 36.59663     421.632     750.493  921.142  292.973   76.592    0.158   12.069 0.00000e+00
  171    18.86667   -97.39446 36.59855     434.714     763.967  919.619  292.891   77.065    0.461   12.101 0.00000e+00
  172    18.88333   -97.39394 36.60057     461.960     791.669  916.679  292.684   78.241    0.595   12.167 0.00000e+00
  173    18.90000   -97.39339 36.60266     492.745     822.981  913.384  292.420   79.340    0.526   12.179 0.00000e+00
  174    18.91667   -97.39285 36.60476     514.025     844.794  911.107  292.191   80.394    0.315   12.195 0.00000e+00
  175    18.93333   -97.39240 36.60679     524.940     855.285  910.022  292.089   80.648    0.144   12.170 0.00000e+00
  176    18.95000   -97.39207 36.60870     523.156     852.901  910.272  292.125   79.915   -0.024   12.083 0.00000e+00
  177    18.96667   -97.39177 36.61053     510.425     839.619  911.617  292.264   78.817   -0.099   12.004 0.00000e+00
  178    18.98333   -97.39136 36.61243     486.206     814.948  914.229  292.525   77.410   -0.301   11.950 0.00000e+00
