    0    16.01667   -97.42895 36.26684      23.151     374.669  962.242  293.247   84.246    0.139   12.922 0.00000e+00
    1    16.03333   -97.42986 36.26888      30.398     380.978  961.490  293.272   84.104    0.309   12.931 0.00000e+00
    2    16.05000   -97.43051 36.27115      53.294     402.979  959.080  293.123   84.617    0.660   12.922 0.00000e+00
    3    16.06667   -97.43088 36.27370     102.219     450.061  953.895  292.668   86.433    1.276   12.898 0.00000e+00
    4    16.08333   -97.43120 36.27644     190.343     535.885  944.438  291.776   90.308    1.846   12.870 0.00000e+00
    5    16.10000   -97.43134 36.27921     288.167     631.707  933.926  290.827   94.639    1.779   12.844 0.00000e+00
    6    16.11667   -97.43057 36.28192     373.783     717.506  924.635  290.019   98.350    0.932   12.805 2.71660e-05
    7    16.13333   -97.42906 36.28476     416.081     761.301  919.910  289.631   99.954   -0.069   12.760 5.64617e-03
    8    16.15000   -97.42743 36.28804     407.142     753.554  920.798  289.713   99.428   -0.690   12.748 1.21141e-03
    9    16.16667   -97.42606 36.29167     372.338     717.403  924.775  290.086   97.316   -1.155   12.723 4.90193e-10
   10    16.18333   -97.42495 36.29540     319.251     662.133  930.754  290.661   94.041   -1.423   12.672 0.00000e+00
   11    16.20000   -97.42423 36.29910     258.095     595.131  938.225  291.362   90.403   -1.402   12.634 0.00000e+00
   12    16.21667   -97.42395 36.30265     198.429     527.706  945.726  292.017   87.398   -1.240   12.628 0.00000e+00
   13    16.23333   -97.42403 36.30600     148.416     472.530  951.548  292.513   85.260   -1.054   12.632 0.00000e+00
   14    16.25000   -97.42446 36.30912     113.707     438.508  955.310  292.784   84.347   -0.571   12.660 0.00000e+00
   15    16.26667   -97.42518 36.31213     108.761     434.481  955.768  292.784   84.475    0.051   12.673 0.00000e+00
   16    16.28333   -97.42593 36.31515     128.851     456.747  953.280  292.582   85.753    0.614   12.737 0.00000e+00
   17    16.30000   -97.42659 36.31824     163.558     494.256  949.104  292.240   87.513    0.714   12.778 0.00000e+00
   18    16.31667   -97.42719 36.32140     199.260     532.520  945.002  291.877   89.296    0.467   12.799 0.00000e+00
   19    16.33333   -97.42769 36.32452     221.106     552.897  942.775  291.664   90.166    0.034   12.782 0.00000e+00
   20    16.35000   -97.42817 36.32761     229.419     559.090  942.087  291.588   90.381   -0.141   12.760 0.00000e+00
   21    16.36667   -97.42870 36.33065     233.826     561.035  941.907  291.570   90.422   -0.108   12.754 0.00000e+00
   22    16.38333   -97.42921 36.33361     245.615     569.561  940.983  291.520   90.754    0.243   12.773 0.00000e+00
   23    16.40000   -97.42956 36.33640     274.126     595.141  938.202  291.297   91.883    0.448   12.789 0.00000e+00
   24    16.41667   -97.42950 36.33905     308.082     626.582  934.770  291.012   93.240    0.434   12.792 0.00000e+00
   25    16.43333   -97.42912 36.34167     336.419     653.360  931.827  290.769   94.339    0.313   12.784 0.00000e+00
   26    16.45000   -97.42862 36.34436     351.391     666.734  930.385  290.648   94.884    0.075   12.780 0.00000e+00
   27    16.46667   -97.42812 36.34715     346.317     660.223  931.068  290.716   94.536   -0.249   12.779 0.00000e+00
   28    16.48333   -97.42773 36.35003     317.962     631.060  934.218  290.995   93.188   -0.707   12.778 0.00000e+00
   29    16.50000   -97.42751 36.35300     266.890     579.250  939.853  291.501   90.828   -0.950   12.783 0.00000e+00
   30    16.51667   -97.42741 36.35601     207.867     520.875  946.083  292.067   88.255   -0.911   12.788 0.00000e+00
   31    16.53333   -97.42746 36.35896     161.770     478.392  950.730  292.499   86.311   -0.488   12.787 0.00000e+00
   32    16.55000   -97.42762 36.36185     138.599     458.730  952.904  292.718   85.336   -0.158   12.788 0.00000e+00
   33    16.56667   -97.42778 36.36472     129.785     453.025  953.590  292.810   84.940   -0.161   12.793 0.00000e+00
   34    16.58333   -97.42787 36.36758     115.885     441.857  954.861  292.956   84.276   -0.381   12.793 0.00000e+00
   35    16.60000   -97.42802 36.37046      90.391     419.188  957.345  293.207   83.138   -0.474   12.787 0.00000e+00
   36    16.61667   -97.42837 36.37341      66.167     397.293  959.786  293.469   82.102   -0.196   12.802 0.00000e+00
   37    16.63333   -97.42887 36.37641      58.558     391.594  960.386  293.591   81.684    0.076   12.826 0.00000e+00
   38    16.65000   -97.42944 36.37942      64.033     398.884  959.581  293.703   81.469    0.246   12.893 0.00000e+00
   39    16.66667   -97.42995 36.38235      80.754     416.896  957.580  293.651   81.846    0.424   12.938 0.00000e+00
   40    16.68333   -97.43028 36.38527     109.529     446.861  954.292  293.420   82.866    0.706   12.957 0.00000e+00
   41    16.70000   -97.43044 36.38800     168.620     507.057  947.631  292.894   85.162    1.206   12.976 0.00000e+00
   42    16.71667   -97.43024 36.39066     248.904     587.823  938.846  292.093   88.625    1.149   12.962 0.00000e+00
   43    16.73333   -97.42957 36.39331     323.539     662.497  930.776  291.356   91.564    0.742   12.895 0.00000e+00
   44    16.75000   -97.42854 36.39599     375.683     714.090  925.296  290.832   93.353    0.294   12.792 0.00000e+00
   45    16.76667   -97.42731 36.39889     411.768     747.119  921.809  290.531   93.839    0.155   12.663 0.00000e+00
   46    16.78333   -97.42587 36.40191     434.635     765.752  919.808  290.409   93.456    0.190   12.541 0.00000e+00
   47    16.80000   -97.42436 36.40492     440.413     767.117  919.687  290.437   92.803   -0.110   12.478 0.00000e+00
   48    16.81667   -97.42320 36.40802     433.705     755.892  920.894  290.561   92.185   -0.362   12.476 0.00000e+00
   49    16.83333   -97.42242 36.41095     424.779     743.427  922.159  290.678   92.532   -0.082   12.599 0.00000e+00
   50    16.85000   -97.42187 36.41360     421.582     737.670  922.705  290.770   92.150   -0.125   12.613 0.00000e+00
   51    16.86667   -97.42140 36.41612     411.072     726.184  923.907  290.941   90.970   -0.233   12.572 0.00000e+00
   52    16.88333   -97.42102 36.41864     392.010     706.299  926.059  291.146   89.974   -0.513   12.567 0.00000e+00
   53    16.90000   -97.42088 36.42102     362.717     676.338  929.248  291.483   87.555   -0.754   12.450 0.00000e+00
   54    16.91667   -97.42105 36.42318     336.210     650.381  931.981  291.709   86.485   -0.321   12.438 0.00000e+00
   55    16.93333   -97.42132 36.42513     335.633     650.804  931.954  291.703   87.139    0.264   12.528 0.00000e+00
   56    16.95000   -97.42149 36.42704     356.540     672.633  929.574  291.495   88.500    0.549   12.590 0.00000e+00
   57    16.96667   -97.42149 36.42903     385.692     702.687  926.355  291.207   90.288    0.543   12.656 0.00000e+00
   58    16.98333   -97.42121 36.43117     414.762     732.838  923.115  290.921   92.081    0.403   12.720 0.00000e+00
   59    17.00000   -97.42077 36.43342     432.466     751.933  921.063  290.742   93.105    0.203   12.744 0.00000e+00
   60    17.01667   -97.42032 36.43572     429.134     750.073  921.266  290.766   92.870   -0.150   12.728 0.00000e+00
   61    17.03333   -97.42001 36.43815     419.429     741.879  922.203  290.861   92.346   -0.043   12.721 0.00000e+00
   62    17.05000   -97.41978 36.44048     432.870     755.549  920.693  290.741   92.860    0.438   12.715 0.00000e+00
   63    17.06667   -97.41939 36.44260     469.261     791.929  916.863  290.413   94.378    0.759   12.709 0.00000e+00
   64    17.08333   -97.41866 36.44468     519.254     841.486  911.553  289.989   95.422    0.988   12.580 0.00000e+00
   65    17.10000   -97.41751 36.44678     575.833     897.222  905.649  289.447   98.196    1.165   12.586 0.00000e+00
   66    17.11667   -97.41597 36.44902     633.476     953.478  899.607  289.002  100.000    0.774   12.556 4.50778e-02
   67    17.13333   -97.41425 36.45143     678.451     998.369  894.799  288.802  100.000    0.514   12.463 1.47685e-01
   68    17.15000   -97.41255 36.45398     726.659    1048.245  889.545  288.564  100.000    0.633   12.347 2.40019e-01
   69    17.16667   -97.41074 36.45666     797.497    1117.656  882.636  288.311  100.000    1.044   12.242 3.74588e-01
   70    17.18333   -97.40855 36.45945     890.581    1205.018  873.604  288.053  100.000    1.266   12.165 5.94190e-01
   71    17.20000   -97.40586 36.46232     979.645    1287.472  865.100  287.761  100.000    1.079   12.055 7.98070e-01
   72    17.21667   -97.40279 36.46541    1042.332    1344.317  859.207  287.508  100.000    0.617   11.941 8.96957e-01
   73    17.23333   -97.39957 36.46885    1095.520    1393.068  854.270  287.047  100.000    0.295   11.656 6.86374e-01
   74    17.25000   -97.39622 36.47245    1165.456    1457.755  847.642  286.615  100.000    0.379   11.419 6.54360e-01
   75    17.26667   -97.39291 36.47567    1259.045    1549.935  838.427  285.961  100.000    0.702   11.060 5.94728e-01
   76    17.28333   -97.38981 36.47860    1359.849    1649.257  828.672  285.179  100.000    0.635   10.630 3.49457e-01
   77    17.30000   -97.38711 36.48177    1434.290    1722.970  821.307  284.780  100.000   -0.151   10.444 3.62774e-01
   78    17.31667   -97.38478 36.48512    1465.355    1755.469  818.107  284.516  100.000   -0.693   10.303 3.54918e-01
   79    17.33333   -97.38277 36.48865    1460.090    1752.135  818.416  284.449  100.000   -0.561   10.246 2.31283e-01
   80    17.35000   -97.38096 36.49231    1439.074    1733.587  820.219  284.530  100.000    0.140   10.281 1.85802e-01
   81    17.36667   -97.37898 36.49602    1424.579    1721.234  821.474  284.578  100.000   -0.035   10.302 2.41695e-01
   82    17.38333   -97.37654 36.49986    1403.720    1702.074  823.357  284.749  100.000   -0.554   10.396 3.04263e-01
   83    17.40000   -97.37355 36.50376    1387.960    1687.812  824.728  284.835  100.000   -0.409   10.439 3.30081e-01
   84    17.41667   -97.37027 36.50762    1400.940    1702.573  823.245  284.564  100.000    0.048   10.271 2.27041e-01
   85    17.43333   -97.36709 36.51146    1431.891    1735.754  820.030  284.253   99.991    0.091   10.079 1.45737e-01
   86    17.45000   -97.36412 36.51521    1457.315    1762.180  817.526  284.125   99.145   -0.044    9.939 1.28129e-01
   87    17.46667   -97.36119 36.51878    1466.041    1769.598  816.867  284.029   99.635   -0.398    9.932 1.01248e-01
   88    17.48333   -97.35819 36.52216    1453.879    1755.407  818.233  284.134   99.987   -0.686   10.021 1.14309e-01
   89    17.50000   -97.35522 36.52550    1428.761    1729.164  820.799  284.330  100.000   -0.785   10.142 1.29217e-01
   90    17.51667   -97.35237 36.52896    1397.896    1697.680  823.839  284.633   99.953   -0.874   10.285 1.93156e-01
   91    17.53333   -97.34956 36.53251    1360.240    1661.211  827.398  284.745   99.920   -1.458   10.314 8.92931e-02
   92    17.55000   -97.34657 36.53604    1304.521    1608.146  832.584  285.086   98.828   -1.388   10.370 2.45107e-02
   93    17.56667   -97.34340 36.53956    1248.189    1554.087  838.091  285.583   95.702   -1.113   10.309 0.00000e+00
   94    17.58333   -97.34010 36.54309    1206.327    1512.463  842.214  286.006   92.970   -0.773   10.248 0.00000e+00
   95    17.60000   -97.33660 36.54664    1176.791    1483.855  845.073  286.259   91.757   -0.465   10.249 0.00000e+00
   96    17.61667   -97.33292 36.55032    1155.178    1464.269  846.978  286.372   91.649   -0.293   10.290 0.00000e+00
   97    17.63333   -97.32909 36.55416    1137.341    1449.476  848.460  286.459   91.579   -0.241   10.323 0.00000e+00
   98    17.65000   -97.32526 36.55799    1127.706    1442.984  849.107  286.528   90.864   -0.056   10.281 0.00000e+00
   99    17.66667   -97.32151 36.56168    1127.195    1448.328  848.482  286.425   91.425    0.063   10.282 0.00000e+00
  100    17.68333   -97.31772 36.56516    1133.366    1458.890  847.562  286.246   92.611    0.150   10.305 0.00000e+00
  101    17.70000   -97.31390 36.56846    1136.836    1463.374  847.136  286.194   92.897    0.093   10.307 0.00000e+00
  102    17.71667   -97.31011 36.57165    1129.158    1455.743  848.019  286.199   93.840    0.026   10.404 0.00000e+00
  103    17.73333   -97.30638 36.57483    1116.393    1439.550  849.624  286.244   94.626   -0.076   10.502 0.00000e+00
  104    17.75000   -97.30264 36.57793    1089.810    1412.156  852.297  286.365   95.404   -0.274   10.639 5.36197e-04
  105    17.76667   -97.29881 36.58094    1052.234    1375.517  855.989  286.687   94.537   -0.358   10.721 0.00000e+00
  106    17.78333   -97.29489 36.58393    1011.846    1336.945  859.982  287.096   92.440   -0.419   10.718 0.00000e+00
  107    17.80000   -97.29099 36.58692     986.431    1308.212  863.064  287.550   88.919   -0.083   10.581 0.00000e+00
  108    17.81667   -97.28716 36.58991     993.802    1308.776  863.076  287.620   87.924    0.582   10.510 0.00000e+00
  109    17.83333   -97.28342 36.59283    1040.302    1347.893  859.121  287.211   90.269    1.052   10.555 0.00000e+00
  110    17.85000   -97.27982 36.59570    1101.535    1402.903  853.477  286.649   93.204    0.888   10.575 0.00000e+00
  111    17.86667   -97.27650 36.59853    1144.779    1442.532  849.406  286.236   95.375    0.376   10.583 0.00000e+00
  112    17.88333   -97.27341 36.60138    1158.006    1453.672  848.324  286.138   95.727   -0.185   10.567 0.00000e+00
  113    17.90000   -97.27049 36.60424    1141.243    1434.817  850.183  286.356   94.117   -0.706   10.516 0.00000e+00
  114    17.91667   -97.26765 36.60712    1100.783    1393.600  854.285  286.805   91.289   -0.996   10.454 0.00000e+00
  115    17.93333   -97.26480 36.61000    1057.836    1350.602  858.643  287.280   88.508   -0.800   10.403 0.00000e+00
  116    17.95000   -97.26198 36.61291    1034.361    1327.301  861.006  287.564   86.713   -0.250   10.353 0.00000e+00
  117    17.96667   -97.25921 36.61584    1045.249    1337.851  859.890  287.461   87.200    0.516   10.355 0.00000e+00
  118    17.98333   -97.25645 36.61884    1088.506    1381.031  855.525  286.979   90.057    1.041   10.416 0.00000e+00
  119    18.00000   -97.25371 36.62196    1141.876    1434.773  850.102  286.390   93.663    0.912   10.490 0.00000e+00
  120    18.01667   -97.25100 36.62519    1173.034    1466.233  846.955  286.016   96.262    0.350   10.558 0.00000e+00
  121    18.03333   -97.24838 36.62843    1170.972    1464.868  847.088  286.027   96.248   -0.279   10.562 0.00000e+00
  122    18.05000   -97.24579 36.63161    1139.958    1434.383  850.196  286.309   95.059   -0.686   10.588 0.00000e+00
  123    18.06667   -97.24320 36.63469    1096.155    1389.919  854.690  286.784   92.206   -0.833   10.540 0.00000e+00
  124    18.08333   -97.24051 36.63762    1051.952    1345.451  859.164  287.229   89.989   -0.713   10.534 0.00000e+00
  125    18.10000   -97.23775 36.64045    1023.367    1317.658  861.992  287.510   88.638   -0.304   10.533 0.00000e+00
  126    18.11667   -97.23492 36.64320    1021.642    1316.812  862.105  287.511   88.769    0.216   10.549 0.00000e+00
  127    18.13333   -97.23201 36.64590    1045.586    1341.394  859.593  287.249   90.217    0.545   10.570 0.00000e+00
  128    18.15000   -97.22903 36.64857    1081.306    1377.172  856.037  286.925   91.370    0.471   10.524 0.00000e+00
  129    18.16667   -97.22598 36.65128    1100.974    1396.339  854.090  286.609   93.244   -0.148   10.544 0.00000e+00
  130    18.18333   -97.22309 36.65417    1090.240    1385.747  855.137  286.690   93.130   -0.640   10.574 0.00000e+00
  131    18.20000   -97.22039 36.65723    1061.203    1357.569  857.939  286.982   91.698   -0.889   10.578 0.00000e+00
  132    18.21667   -97.21777 36.66037    1019.627    1317.439  862.059  287.380   90.101   -1.009   10.616 0.00000e+00
  133    18.23333   -97.21513 36.66353     972.132    1271.225  866.800  287.870   87.676   -1.222   10.607 0.00000e+00
  134    18.25000   -97.21253 36.66661     928.794    1228.616  871.161  288.349   84.949   -0.866   10.547 0.00000e+00
  135    18.26667   -97.20998 36.66958     911.476    1211.436  872.952  288.566   83.427   -0.212   10.483 0.00000e+00
  136    18.28333   -97.20739 36.67246     925.972    1226.062  871.455  288.416   84.443    0.645   10.527 0.00000e+00
  137    18.30000   -97.20490 36.67535     970.055    1270.490  866.915  287.949   86.851    1.194   10.559 0.00000e+00
  138    18.31667   -97.20264 36.67819    1030.897    1331.726  860.657  287.178   91.294    1.253   10.633 0.00000e+00
  139    18.33333   -97.20055 36.68101    1093.672    1394.968  854.258  286.392   97.141    0.913   10.827 0.00000e+00
  140    18.35000   -97.19853 36.68388    1133.881    1435.413  850.170  285.991   99.433    0.329   10.846 0.00000e+00
  141    18.36667   -97.19664 36.68689    1140.808    1442.564  849.465  285.897   99.968    0.000   10.846 1.56214e-02
  142    18.38333   -97.19499 36.69017    1131.869    1434.020  850.270  286.100   99.720   -0.092   10.955 1.11639e-01
  143    18.40000   -97.19350 36.69382    1114.675    1417.604  851.919  286.299   99.337   -0.571   11.035 1.14048e-01
  144    18.41667   -97.19218 36.69761    1091.552    1395.175  854.204  286.489   98.467   -0.597   11.046 3.74334e-02
  145    18.43333   -97.19076 36.70118    1077.015    1381.195  855.605  286.554   99.136   -0.229   11.150 1.97064e-03
  146    18.45000   -97.18900 36.70462    1063.869    1368.875  856.871  286.636   98.996   -0.304   11.178 3.84948e-05
  147    18.46667   -97.18690 36.70794    1031.402    1337.869  860.018  286.888   97.758   -0.587   11.181 0.00000e+00
  148    18.48333   -97.18469 36.71121     972.644    1280.329  865.865  287.423   95.023   -0.803   11.178 0.00000e+00
  149    18.50000   -97.18244 36.71450     896.338    1204.938  873.640  288.206   90.353   -0.997   11.083 0.00000e+00
  150    18.51667   -97.18029 36.71777     819.037    1128.289  881.492  288.963   86.156   -0.974   10.999 0.00000e+00
  151    18.53333   -97.17827 36.72095     754.890    1064.745  888.149  289.602   83.312   -0.891   10.999 0.00000e+00
  152    18.55000   -97.17639 36.72404     713.058    1023.493  892.470  290.035   81.341   -0.682   10.986 0.00000e+00
  153    18.56667   -97.17474 36.72705     693.367    1004.512  894.463  290.266   79.794   -0.322   10.913 0.00000e+00
  154    18.58333   -97.17338 36.73006     688.938    1000.909  894.808  290.289   80.042   -0.121   10.960 0.00000e+00
  155    18.60000   -97.17213 36.73312     697.404    1010.218  893.822  290.160   81.664    0.262   11.102 0.00000e+00
  156    18.61667   -97.17094 36.73628     725.389    1039.694  890.719  289.868   83.508    0.508   11.182 0.00000e+00
  157    18.63333   -97.16943 36.73952     761.971    1078.176  886.696  289.557   84.288    0.333   11.113 0.00000e+00
  158    18.65000   -97.16769 36.74258     779.598    1097.157  884.736  289.379   85.416    0.115   11.159 0.00000e+00
  159    18.66667   -97.16587 36.74542     781.393    1100.737  884.362  289.362   85.563   -0.093   11.171 0.00000e+00
  160    18.68333   -97.16414 36.74806     768.688    1090.033  885.438  289.470   85.096   -0.277   11.173 0.00000e+00
  161    18.70000   -97.16255 36.75058     743.424    1066.582  887.979  289.711   84.048   -0.347   11.176 0.00000e+00
  162    18.71667   -97.16109 36.75303     714.163    1038.274  891.042  289.988   82.839   -0.426   11.174 0.00000e+00
  163    18.73333   -97.15969 36.75545     684.684    1008.294  894.245  290.294   81.442   -0.451   11.162 0.00000e+00
  164    18.75000   -97.15839 36.75780     655.124     977.480  897.436  290.592   80.110   -0.433   11.150 0.00000e+00
  165    18.76667   -97.15717 36.76014     624.781     946.296  900.709  290.895   78.908   -0.524   11.155 0.00000e+00
  166    18.78333   -97.15591 36.76245     589.451     910.462  904.431  291.241   77.655   -0.519   11.176 0.00000e+00
  167    18.80000   -97.15471 36.76475     552.024     872.590  908.426  291.606   75.703   -0.501   11.100 0.00000e+00
  168    18.81667   -97.15356 36.76709     506.286     826.704  913.281  292.051   74.210   -0.675   11.131 0.00000e+00
  169    18.83333   -97.15247 36.76940     443.666     764.214  919.892  292.615   72.251   -1.230   11.147 0.00000e+00
  170    18.85000   -97.15134 36.77167     355.659     676.483  929.245  293.448   69.375   -1.661   11.162 0.00000e+00
  171    18.86667   -97.14957 36.77354     273.833     594.999  938.020  294.273   67.288   -1.116   11.289 0.00000e+00
  172    18.88333   -97.14747 36.77499     266.004     587.266  938.899  294.358   66.862    0.535   11.267 0.00000e+00
  173    18.90000   -97.14587 36.77659     314.956     636.365  933.609  293.908   68.970    1.218   11.366 0.00000e+00
  174    18.91667   -97.14481 36.77837     402.451     724.087  924.209  293.086   72.635    1.818   11.488 0.00000e+00
  175    18.93333   -97.14410 36.78043     531.663     853.636  910.425  291.841   78.053    2.352   11.590 0.00000e+00
  176    18.95000   -97.14352 36.78280     683.124    1005.562  894.414  290.371   84.650    2.529   11.656 0.00000e+00
  177    18.96667   -97.14291 36.78532     848.047    1171.033  877.275  288.787   92.152    2.827   11.688 0.00000e+00
  178    18.98333   -97.14223 36.78798    1004.239    1327.848  861.198  287.302  100.000    2.334   11.743 3.29182e-02
