    0    16.01667   -97.51170 36.26990      78.437     445.582  954.391  292.587   87.127    0.395   12.929 0.00000e+00
    1    16.03333   -97.51189 36.27245      98.063     465.734  952.257  292.406   87.797    0.511   12.910 0.00000e+00
    2    16.05000   -97.51204 36.27508     121.884     488.611  949.701  292.179   88.730    0.562   12.898 0.00000e+00
    3    16.06667   -97.51221 36.27785     144.374     510.094  947.401  291.958   89.700    0.521   12.890 0.00000e+00
    4    16.08333   -97.51227 36.28073     161.463     526.012  945.603  291.765   90.534    0.327   12.877 0.00000e+00
    5    16.10000   -97.51216 36.28360     168.707     531.856  944.950  291.695   90.791   -0.064   12.865 0.00000e+00
    6    16.11667   -97.51202 36.28632     158.734     520.549  946.219  291.788   90.120   -0.354   12.828 0.00000e+00
    7    16.13333   -97.51205 36.28882     138.219     498.721  948.637  292.000   89.003   -0.415   12.807 0.00000e+00
    8    16.15000   -97.51241 36.29108     118.297     477.251  951.003  292.203   87.963   -0.315   12.788 0.00000e+00
    9    16.16667   -97.51306 36.29319     103.626     461.227  952.752  292.361   87.257   -0.241   12.788 0.00000e+00
   10    16.18333   -97.51395 36.29517      93.257     449.775  954.009  292.491   86.692   -0.104   12.793 0.00000e+00
   11    16.20000   -97.51509 36.29714      92.888     448.354  954.215  292.535   86.535    0.132   12.802 0.00000e+00
   12    16.21667   -97.51626 36.29919     103.463     457.664  953.212  292.467   86.864    0.232   12.810 0.00000e+00
   13    16.23333   -97.51739 36.30136     120.941     474.367  951.388  292.329   87.517    0.404   12.819 0.00000e+00
   14    16.25000   -97.51839 36.30367     150.050     503.125  948.212  292.060   88.773    0.658   12.828 0.00000e+00
   15    16.26667   -97.51907 36.30620     192.658     545.403  943.525  291.644   90.671    0.829   12.827 0.00000e+00
   16    16.28333   -97.51931 36.30892     234.914     586.894  938.980  291.243   92.519    0.664   12.822 0.00000e+00
   17    16.30000   -97.51923 36.31177     263.545     614.553  935.967  290.971   93.741    0.344   12.811 0.00000e+00
   18    16.31667   -97.51904 36.31463     277.339     625.935  934.795  290.860   94.217    0.193   12.801 0.00000e+00
   19    16.33333   -97.51886 36.31743     281.072     625.636  934.792  290.858   94.178    0.100   12.794 0.00000e+00
   20    16.35000   -97.51876 36.32016     278.137     618.792  935.417  290.917   93.818    0.039   12.785 0.00000e+00
   21    16.36667   -97.51875 36.32285     268.345     606.717  936.612  291.033   93.191   -0.092   12.777 0.00000e+00
   22    16.38333   -97.51891 36.32544     254.028     592.124  938.231  291.185   92.429   -0.137   12.773 0.00000e+00
   23    16.40000   -97.51917 36.32799     236.176     574.104  940.262  291.367   91.567   -0.285   12.773 0.00000e+00
   24    16.41667   -97.51958 36.33057     211.878     550.433  942.756  291.586   90.541   -0.400   12.772 0.00000e+00
   25    16.43333   -97.52019 36.33321     187.462     528.772  945.104  291.801   89.507   -0.263   12.766 0.00000e+00
   26    16.45000   -97.52077 36.33598     175.353     519.250  946.168  291.904   89.008   -0.073   12.763 0.00000e+00
   27    16.46667   -97.52122 36.33892     174.562     520.358  946.102  292.044   88.482    0.163   12.801 0.00000e+00
   28    16.48333   -97.52149 36.34199     190.245     536.019  944.411  292.019   88.644    0.381   12.828 0.00000e+00
   29    16.50000   -97.52182 36.34513     212.830     558.862  941.972  291.831   89.469    0.389   12.828 0.00000e+00
   30    16.51667   -97.52229 36.34822     233.288     578.523  939.974  291.644   90.095    0.376   12.794 0.00000e+00
   31    16.53333   -97.52287 36.35114     254.706     597.963  937.850  291.470   90.963    0.285   12.804 0.00000e+00
   32    16.55000   -97.52358 36.35403     281.153     622.742  935.117  291.218   92.088    0.607   12.795 0.00000e+00
   33    16.56667   -97.52425 36.35701     325.777     665.104  930.539  290.808   94.038    0.814   12.793 0.00000e+00
   34    16.58333   -97.52464 36.36014     377.959     714.088  925.199  290.324   96.375    0.836   12.787 0.00000e+00
   35    16.60000   -97.52478 36.36337     435.025     767.541  919.384  289.807   98.966    0.975   12.785 1.52888e-04
   36    16.61667   -97.52464 36.36674     498.344     827.493  912.942  289.423  100.000    1.056   12.710 6.88676e-02
   37    16.63333   -97.52433 36.37030     563.244     888.965  906.353  289.156  100.000    1.141   12.586 1.92459e-01
   38    16.65000   -97.52402 36.37396     626.702     953.345  899.348  288.869  100.000    1.059   12.452 3.28658e-01
   39    16.66667   -97.52357 36.37767     684.707    1014.957  892.866  288.598  100.000    0.891   12.326 4.46681e-01
   40    16.68333   -97.52287 36.38144     726.512    1060.106  888.180  288.403  100.000    0.529   12.238 5.32705e-01
   41    16.70000   -97.52178 36.38538     735.550    1071.825  887.011  288.358  100.000   -0.274   12.218 5.54757e-01
   42    16.71667   -97.52028 36.38942     682.304    1021.001  892.340  288.565  100.000   -1.731   12.309 3.96953e-01
   43    16.73333   -97.51856 36.39354     545.112     886.036  906.568  289.168  100.000   -2.879   12.578 6.92059e-02
   44    16.75000   -97.51690 36.39775     384.073     727.214  923.611  290.620   92.911   -2.412   12.584 0.00000e+00
   45    16.76667   -97.51532 36.40207     297.311     642.391  932.754  291.538   87.946   -1.020   12.502 0.00000e+00
   46    16.78333   -97.51365 36.40628     293.024     639.496  933.120  291.754   85.699    0.525   12.345 0.00000e+00
   47    16.80000   -97.51189 36.41016     367.058     712.297  925.317  291.198   87.338    1.844   12.250 0.00000e+00
   48    16.81667   -97.50981 36.41371     495.892     838.612  911.833  290.003   93.014    2.433   12.270 0.00000e+00
   49    16.83333   -97.50737 36.41710     629.747     967.987  898.083  288.735   99.538    2.134   12.289 1.27007e-02
   50    16.85000   -97.50478 36.42043     731.830    1066.283  887.733  288.220  100.000    1.478   12.099 1.61198e-01
   51    16.86667   -97.50216 36.42376     799.176    1130.305  881.080  287.917  100.000    0.936   11.954 2.83650e-01
   52    16.88333   -97.49946 36.42713     836.505    1164.592  877.515  287.748  100.000    0.302   11.873 3.42425e-01
   53    16.90000   -97.49660 36.43053     841.117    1167.243  877.226  287.713  100.000   -0.468   11.850 3.31054e-01
   54    16.91667   -97.49354 36.43392     808.435    1132.472  880.863  287.836  100.000   -1.056   11.896 1.95787e-01
   55    16.93333   -97.49030 36.43728     752.679    1075.533  886.737  288.113   98.889   -1.450   11.878 2.55438e-06
   56    16.95000   -97.48691 36.44061     709.120    1031.132  891.461  288.790   93.130   -0.723   11.625 0.00000e+00
   57    16.96667   -97.48354 36.44378     710.456    1028.851  891.692  288.921   91.692    0.402   11.540 0.00000e+00
   58    16.98333   -97.48018 36.44684     751.078    1066.255  887.837  288.499   94.656    1.097   11.643 0.00000e+00
   59    17.00000   -97.47696 36.44985     808.219    1119.999  882.191  287.916   98.301    1.238   11.718 0.00000e+00
   60    17.01667   -97.47385 36.45291     860.311    1169.461  877.081  287.512  100.000    0.921   11.694 3.14539e-02
   61    17.03333   -97.47076 36.45599     889.987    1197.238  874.129  287.368  100.000    0.360   11.628 8.07900e-02
   62    17.05000   -97.46750 36.45908     884.249    1192.637  874.584  287.371  100.000   -0.377   11.624 5.07026e-02
   63    17.06667   -97.46413 36.46218     845.029    1154.491  878.534  287.677   98.692   -0.911   11.632 0.00000e+00
   64    17.08333   -97.46072 36.46537     792.114    1101.362  884.087  288.216   95.760   -0.927   11.614 0.00000e+00
   65    17.10000   -97.45729 36.46865     755.558    1064.091  887.914  288.573   94.029   -0.482   11.621 0.00000e+00
   66    17.11667   -97.45389 36.47198     750.045    1058.632  888.533  288.662   93.342    0.025   11.594 0.00000e+00
   67    17.13333   -97.45055 36.47537     774.486    1081.219  886.244  288.473   94.095    0.325   11.576 0.00000e+00
   68    17.15000   -97.44716 36.47881     800.598    1106.339  883.578  288.240   95.206    0.106   11.572 0.00000e+00
   69    17.16667   -97.44379 36.48228     800.871    1104.680  883.847  288.264   95.062   -0.324   11.569 0.00000e+00
   70    17.18333   -97.44061 36.48575     770.936    1071.525  887.279  288.570   93.616   -0.610   11.576 0.00000e+00
   71    17.20000   -97.43758 36.48921     728.216    1026.835  891.991  288.974   91.859   -0.607   11.597 0.00000e+00
   72    17.21667   -97.43468 36.49268     693.728     990.470  895.772  289.297   90.561   -0.383   11.623 0.00000e+00
   73    17.23333   -97.43191 36.49622     678.642     973.855  897.445  289.432   90.006   -0.050   11.631 0.00000e+00
   74    17.25000   -97.42924 36.49981     686.792     985.049  896.205  289.306   90.900    0.409   11.668 0.00000e+00
   75    17.26667   -97.42661 36.50352     725.111    1027.373  891.790  288.914   92.436    0.898   11.627 0.00000e+00
   76    17.28333   -97.42406 36.50734     786.903    1091.523  885.139  288.217   96.456    1.185   11.685 0.00000e+00
   77    17.30000   -97.42150 36.51125     847.442    1154.057  878.620  287.641   99.666    0.879   11.718 4.84714e-02
   78    17.31667   -97.41894 36.51522     881.525    1190.144  874.898  287.468  100.000    0.321   11.690 1.19263e-01
   79    17.33333   -97.41638 36.51921     883.803    1192.377  874.757  287.439  100.000   -0.431   11.674 8.43058e-02
   80    17.35000   -97.41370 36.52314     846.703    1153.129  878.865  287.705   98.916   -1.279   11.675 5.57307e-03
   81    17.36667   -97.41080 36.52685     771.322    1075.026  886.924  288.437   95.047   -1.815   11.656 0.00000e+00
   82    17.38333   -97.40784 36.53024     686.090     989.185  895.822  289.293   90.762   -1.562   11.645 0.00000e+00
   83    17.40000   -97.40498 36.53346     620.020     924.346  902.649  289.975   87.252   -0.984   11.606 0.00000e+00
   84    17.41667   -97.40224 36.53663     586.564     893.394  905.863  290.206   86.988   -0.408   11.701 0.00000e+00
   85    17.43333   -97.39986 36.53985     581.235     891.089  906.161  290.096   89.044   -0.064   11.891 0.00000e+00
   86    17.45000   -97.39793 36.54310     589.933     901.628  905.035  289.952   90.113   -0.040   11.938 0.00000e+00
   87    17.46667   -97.39635 36.54652     593.839     906.865  904.473  289.979   89.315   -0.305   11.860 0.00000e+00
   88    17.48333   -97.39484 36.55014     585.529     900.595  905.134  290.111   88.280   -0.525   11.813 0.00000e+00
   89    17.50000   -97.39333 36.55364     566.231     883.318  906.990  290.319   87.106   -0.561   11.787 0.00000e+00
   90    17.51667   -97.39204 36.55688     540.270     858.882  909.632  290.539   86.257   -0.350   11.803 0.00000e+00
   91    17.53333   -97.39100 36.55994     512.513     832.366  912.393  290.744   85.810   -0.443   11.860 0.00000e+00
   92    17.55000   -97.39016 36.56280     484.234     805.307  915.267  290.888   86.567   -0.572   12.037 0.00000e+00
   93    17.56667   -97.38944 36.56549     450.794     772.693  918.777  291.161   86.093   -0.607   12.133 0.00000e+00
   94    17.58333   -97.38888 36.56826     419.711     741.953  922.140  291.390   86.202   -0.797   12.280 0.00000e+00
   95    17.60000   -97.38818 36.57106     379.772     702.024  926.422  291.765   84.572   -0.724   12.280 0.00000e+00
   96    17.61667   -97.38725 36.57372     345.641     669.356  929.848  292.078   83.171   -0.652   12.272 0.00000e+00
   97    17.63333   -97.38623 36.57628     328.406     654.311  931.444  292.238   82.385   -0.388   12.258 0.00000e+00
   98    17.65000   -97.38522 36.57878     323.161     651.412  931.817  292.251   82.003   -0.147   12.206 0.00000e+00
   99    17.66667   -97.38422 36.58120     327.767     657.336  931.277  292.179   82.415    0.168   12.219 0.00000e+00
  100    17.68333   -97.38315 36.58354     349.786     679.704  928.822  291.978   83.194    0.568   12.212 0.00000e+00
  101    17.70000   -97.38197 36.58573     400.724     731.123  923.334  291.502   85.356    1.070   12.230 0.00000e+00
  102    17.71667   -97.38069 36.58785     480.187     811.163  914.765  290.810   88.930    1.351   12.311 0.00000e+00
  103    17.73333   -97.37946 36.58996     563.955     895.208  905.827  290.039   93.096    1.000   12.391 0.00000e+00
  104    17.75000   -97.37841 36.59208     617.483     948.484  900.180  289.521   96.189    0.290   12.462 0.00000e+00
  105    17.76667   -97.37757 36.59424     628.725     959.062  899.133  289.430   96.501   -0.390   12.445 0.00000e+00
  106    17.78333   -97.37685 36.59641     597.969     927.432  902.452  289.746   94.610   -0.918   12.405 0.00000e+00
  107    17.80000   -97.37626 36.59861     536.933     866.421  908.925  290.342   91.262   -1.045   12.342 0.00000e+00
  108    17.81667   -97.37581 36.60078     472.068     801.750  915.783  290.985   88.165   -0.991   12.327 0.00000e+00
  109    17.83333   -97.37553 36.60302     422.771     752.688  921.048  291.504   85.403   -0.666   12.269 0.00000e+00
  110    17.85000   -97.37527 36.60532     392.472     722.312  924.408  291.801   84.242   -0.404   12.287 0.00000e+00
  111    17.86667   -97.37502 36.60765     364.644     693.002  927.615  292.140   82.689   -0.540   12.278 0.00000e+00
  112    17.88333   -97.37495 36.60993     323.033     650.033  932.240  292.557   81.151   -0.812   12.308 0.00000e+00
  113    17.90000   -97.37523 36.61217     265.336     591.379  938.574  293.107   79.231   -1.077   12.354 0.00000e+00
  114    17.91667   -97.37568 36.61440     205.529     530.617  945.188  293.727   77.185   -0.778   12.422 0.00000e+00
  115    17.93333   -97.37576 36.61667     162.755     486.376  950.042  294.206   75.594   -0.615   12.469 0.00000e+00
  116    17.95000   -97.37571 36.61897     127.273     449.267  954.109  294.541   74.276   -0.543   12.454 0.00000e+00
  117    17.96667   -97.37540 36.62115     126.286     446.515  954.363  294.769   73.762    0.424   12.541 0.00000e+00
  118    17.98333   -97.37480 36.62315     172.633     491.498  949.419  294.535   74.763    1.374   12.594 0.00000e+00
  119    18.00000   -97.37415 36.62518     258.684     576.408  940.070  293.726   77.715    2.040   12.575 0.00000e+00
  120    18.01667   -97.37368 36.62719     381.988     698.739  926.867  292.508   82.628    2.438   12.567 0.00000e+00
  121    18.03333   -97.37343 36.62922     539.352     855.320  910.157  291.006   89.326    2.847   12.584 0.00000e+00
  122    18.05000   -97.37321 36.63131     712.582    1027.227  892.107  289.373   97.367    2.868   12.610 0.00000e+00
  123    18.06667   -97.37276 36.63342     879.617    1192.334  875.008  288.349  100.000    2.248   12.379 2.38458e-01
  124    18.08333   -97.37228 36.63542    1002.172    1312.958  862.640  287.483   99.821    1.280   11.833 2.53845e-01
  125    18.10000   -97.37173 36.63756    1082.549    1391.169  854.622  286.954  100.000    1.942   11.575 2.77199e-01
  126    18.11667   -97.37070 36.64017    1159.537    1465.833  847.045  286.575  100.000    2.165   11.397 3.82192e-01
  127    18.13333   -97.36938 36.64307    1232.191    1536.492  839.908  286.214  100.000    1.864   11.225 4.56591e-01
  128    18.15000   -97.36790 36.64607    1288.078    1590.871  834.463  285.871  100.000    1.622   11.047 4.66008e-01
  129    18.16667   -97.36617 36.64901    1324.907    1626.360  830.970  285.587  100.000    1.334   10.888 4.17979e-01
  130    18.18333   -97.36404 36.65200    1320.184    1620.362  831.583  285.381  100.000   -0.182   10.734 2.01157e-01
  131    18.20000   -97.36197 36.65491    1274.218    1573.399  836.209  285.476   99.876   -1.178   10.707 3.15588e-02
  132    18.21667   -97.35979 36.65779    1212.049    1511.139  842.434  285.911   97.371   -1.874   10.663 0.00000e+00
  133    18.23333   -97.35761 36.66074    1135.867    1434.802  850.076  286.644   93.434   -2.080   10.640 1.13982e-05
  134    18.25000   -97.35561 36.66354    1068.227    1366.868  857.064  287.257   91.333   -1.277   10.738 0.00000e+00
  135    18.26667   -97.35382 36.66631    1021.914    1320.399  861.714  287.657   89.864   -0.689   10.785 0.00000e+00
  136    18.28333   -97.35217 36.66927     989.099    1287.670  865.057  287.950   88.718   -0.552   10.810 0.00000e+00
  137    18.30000   -97.35057 36.67241     962.643    1261.029  867.791  288.192   87.719   -0.328   10.824 0.00000e+00
  138    18.31667   -97.34888 36.67556     949.736    1247.746  869.098  288.293   87.345   -0.093   10.832 0.00000e+00
  139    18.33333   -97.34711 36.67866     944.231    1242.160  869.689  288.289   87.871    0.035   10.887 0.00000e+00
  140    18.35000   -97.34535 36.68185     941.618    1240.074  869.887  288.248   88.753    0.133   10.964 0.00000e+00
  141    18.36667   -97.34366 36.68512     941.810    1241.097  869.811  288.138   90.586    0.250   11.113 0.00000e+00
  142    18.38333   -97.34204 36.68834     952.254    1252.603  868.604  287.918   93.163    0.563   11.282 0.00000e+00
  143    18.40000   -97.34054 36.69165     969.343    1271.808  866.644  287.611   95.808    0.199   11.399 1.37712e-05
  144    18.41667   -97.33917 36.69515     976.328    1280.793  865.702  287.494   96.823   -0.288   11.445 0.00000e+00
  145    18.43333   -97.33810 36.69878     960.832    1267.728  867.022  287.623   95.401   -0.937   11.355 0.00000e+00
  146    18.45000   -97.33707 36.70219     925.286    1234.932  870.368  287.963   93.123   -0.979   11.287 0.00000e+00
  147    18.46667   -97.33579 36.70527     886.180    1198.209  874.215  288.237   92.876   -0.903   11.408 0.00000e+00
  148    18.48333   -97.33413 36.70795     834.793    1147.583  879.408  288.666   91.587   -1.280   11.498 0.00000e+00
  149    18.50000   -97.33235 36.71027     769.487    1083.186  886.112  289.263   89.516   -1.505   11.590 0.00000e+00
  150    18.51667   -97.33077 36.71229     703.556    1018.293  892.886  289.903   86.955   -1.415   11.641 0.00000e+00
  151    18.53333   -97.32950 36.71419     666.509     981.282  896.880  290.203   86.834   -0.769   11.796 0.00000e+00
  152    18.55000   -97.32854 36.71615     642.667     955.876  899.594  290.391   86.425   -0.718   11.847 0.00000e+00
  153    18.56667   -97.32791 36.71819     648.639     959.965  899.184  290.442   87.557    0.339   12.047 0.00000e+00
  154    18.58333   -97.32734 36.72031     687.268     996.524  895.372  290.137   89.820    0.851   12.171 0.00000e+00
  155    18.60000   -97.32661 36.72257     746.799    1054.315  889.236  289.682   91.526    1.560   12.130 0.00000e+00
  156    18.61667   -97.32568 36.72496     850.305    1156.854  878.597  288.770   94.780    1.486   11.990 0.00000e+00
  157    18.63333   -97.32452 36.72716     926.559    1232.181  870.813  288.096   96.689    1.116   11.815 1.65299e-02
  158    18.65000   -97.32316 36.72913     973.261    1278.008  866.110  287.657   98.535    0.610   11.765 3.83529e-02
  159    18.66667   -97.32175 36.73101     994.211    1298.576  864.012  287.474   98.615    0.180   11.664 1.46028e-02
  160    18.68333   -97.32044 36.73282     991.499    1295.932  864.281  287.525   97.336   -0.217   11.547 0.00000e+00
  161    18.70000   -97.31931 36.73449     966.930    1271.512  866.756  287.779   95.402   -0.584   11.474 0.00000e+00
  162    18.71667   -97.31836 36.73592     926.016    1230.826  870.935  288.186   92.883   -0.896   11.415 0.00000e+00
  163    18.73333   -97.31757 36.73709     878.565    1183.615  875.794  288.673   90.203   -0.803   11.376 0.00000e+00
  164    18.75000   -97.31680 36.73814     839.946    1145.249  879.745  289.067   87.948   -0.588   11.326 0.00000e+00
  165    18.76667   -97.31597 36.73908     809.042    1114.605  882.892  289.360   86.693   -0.550   11.336 0.00000e+00
  166    18.78333   -97.31505 36.74001     776.375    1082.231  886.249  289.671   85.421   -0.720   11.352 0.00000e+00
  167    18.80000   -97.31413 36.74097     739.607    1045.786  890.052  290.005   84.309   -0.707   11.397 0.00000e+00
  168    18.81667   -97.31339 36.74210     701.935    1008.472  893.948  290.364   82.829   -0.666   11.406 0.00000e+00
  169    18.83333   -97.31281 36.74335     667.772     974.683  897.462  290.669   81.752   -0.518   11.434 0.00000e+00
  170    18.85000   -97.31235 36.74478     635.645     942.967  900.797  290.956   80.789   -0.488   11.464 0.00000e+00
  171    18.86667   -97.31192 36.74631     595.313     903.047  905.059  291.335   79.383   -0.609   11.484 0.00000e+00
  172    18.88333   -97.31154 36.74786     553.222     861.262  909.473  291.730   77.986   -0.640   11.511 0.00000e+00
  173    18.90000   -97.31116 36.74932     518.891     827.176  913.096  292.060   76.761   -0.367   11.523 0.00000e+00
  174    18.91667   -97.31088 36.75066     499.775     808.269  915.081  292.221   76.494    0.024   11.574 0.00000e+00
  175    18.93333   -97.31090 36.75183     485.449     794.111  916.531  292.421   76.649   -0.584   11.726 0.00000e+00
  176    18.95000   -97.31122 36.75314     450.515     759.351  920.272  292.733   75.806   -1.090   11.778 0.00000e+00
  177    18.96667   -97.31149 36.75469     394.451     703.516  926.241  293.260   73.701   -1.167   11.758 0.00000e+00
  178    18.98333   -97.31166 36.75631     339.319     648.736  932.118  293.799   71.635   -1.012   11.744 0.00000e+00
