    0    16.01667   -97.51151 36.25245      63.658     420.921  957.001  292.483   87.191   -0.300   12.820 0.00000e+00
    1    16.03333   -97.51240 36.25445      46.541     403.115  958.978  292.704   86.292   -0.139   12.838 0.00000e+00
    2    16.05000   -97.51378 36.25637      36.837     393.961  959.941  292.836   85.816   -0.066   12.860 0.00000e+00
    3    16.06667   -97.51539 36.25821      34.902     392.548  960.057  292.907   85.628    0.069   12.888 0.00000e+00
    4    16.08333   -97.51678 36.25985      41.263     399.041  959.337  292.917   85.746    0.157   12.923 0.00000e+00
    5    16.10000   -97.51784 36.26139      48.100     405.836  958.616  292.872   85.985    0.084   12.932 0.00000e+00
    6    16.11667   -97.51860 36.26295      57.562     415.422  957.500  292.836   86.193    0.214   12.950 0.00000e+00
    7    16.13333   -97.51902 36.26456      69.049     428.123  956.106  292.774   86.523    0.163   12.968 0.00000e+00
    8    16.15000   -97.51922 36.26619      76.331     437.389  955.086  292.719   86.778    0.008   12.975 0.00000e+00
    9    16.16667   -97.51934 36.26794      80.092     443.286  954.496  292.709   86.836   -0.076   12.984 0.00000e+00
   10    16.18333   -97.51946 36.26973      83.728     449.113  953.785  292.694   86.869   -0.008   12.987 0.00000e+00
   11    16.20000   -97.51952 36.27150      89.136     456.579  953.110  292.678   86.858    0.101   12.981 0.00000e+00
   12    16.21667   -97.51933 36.27319      99.620     466.836  952.042  292.626   86.815    0.062   12.947 0.00000e+00
   13    16.23333   -97.51898 36.27480     117.271     483.807  950.147  292.507   86.926    0.490   12.893 0.00000e+00
   14    16.25000   -97.51856 36.27641     141.670     507.483  947.547  292.271   87.876    0.896   12.877 0.00000e+00
   15    16.26667   -97.51819 36.27834     168.323     533.284  944.800  292.032   89.119    0.605   12.902 0.00000e+00
   16    16.28333   -97.51770 36.28052     193.826     557.789  942.110  291.821   89.921    0.323   12.883 0.00000e+00
   17    16.30000   -97.51711 36.28281     212.333     575.078  940.216  291.690   90.181    0.035   12.839 0.00000e+00
   18    16.31667   -97.51643 36.28514     217.504     579.067  939.763  291.681   89.764   -0.145   12.779 0.00000e+00
   19    16.33333   -97.51568 36.28759     222.469     582.848  939.317  291.655   89.707   -0.100   12.756 0.00000e+00
   20    16.35000   -97.51474 36.29018     232.111     591.345  938.374  291.598   89.811   -0.093   12.738 0.00000e+00
   21    16.36667   -97.51357 36.29288     239.117     596.921  937.782  291.563   89.874   -0.145   12.727 0.00000e+00
   22    16.38333   -97.51216 36.29573     244.023     599.899  937.521  291.556   89.844   -0.128   12.720 0.00000e+00
   23    16.40000   -97.51070 36.29879     245.740     597.624  937.812  291.587   89.739   -0.110   12.727 0.00000e+00
   24    16.41667   -97.50929 36.30194     252.412     599.507  937.529  291.574   89.762   -0.053   12.723 0.00000e+00
   25    16.43333   -97.50785 36.30516     261.128     603.919  937.002  291.525   90.025    0.024   12.729 0.00000e+00
   26    16.45000   -97.50658 36.30829     262.521     604.016  937.015  291.520   90.080    0.054   12.732 0.00000e+00
   27    16.46667   -97.50555 36.31126     267.874     607.833  936.639  291.479   90.292    0.277   12.734 0.00000e+00
   28    16.48333   -97.50471 36.31399     286.037     624.398  934.867  291.316   91.100    0.481   12.740 0.00000e+00
   29    16.50000   -97.50393 36.31653     321.884     659.297  931.053  290.967   92.777    0.786   12.743 0.00000e+00
   30    16.51667   -97.50321 36.31904     361.991     698.550  926.813  290.559   94.821    0.874   12.748 0.00000e+00
   31    16.53333   -97.50264 36.32156     396.094     731.713  923.278  290.241   96.343    0.762   12.742 0.00000e+00
   32    16.55000   -97.50223 36.32401     404.940     739.281  922.452  290.160   96.692    0.270   12.734 0.00000e+00
   33    16.56667   -97.50210 36.32644     387.976     721.284  924.381  290.334   95.744   -0.320   12.723 0.00000e+00
   34    16.58333   -97.50228 36.32872     364.672     697.098  926.891  290.583   94.392   -0.679   12.709 0.00000e+00
   35    16.60000   -97.50282 36.33084     330.309     663.172  930.455  290.940   92.572   -0.767   12.701 0.00000e+00
   36    16.61667   -97.50375 36.33289     320.994     656.251  931.203  291.028   92.089    0.317   12.696 0.00000e+00
   37    16.63333   -97.50489 36.33488     357.612     695.319  927.014  290.653   94.012    1.235   12.713 0.00000e+00
   38    16.65000   -97.50540 36.33680     415.517     755.427  920.493  290.067   97.003    0.894   12.727 0.00000e+00
   39    16.66667   -97.50533 36.33859     441.332     782.815  917.656  289.839   98.181   -0.052   12.734 1.11673e-08
   40    16.68333   -97.50494 36.34038     441.391     783.246  917.629  289.891   97.806   -0.347   12.727 0.00000e+00
   41    16.70000   -97.50436 36.34237     424.220     766.359  919.430  290.062   97.039   -0.409   12.742 0.00000e+00
   42    16.71667   -97.50359 36.34465     402.667     745.211  921.686  290.282   96.032   -0.793   12.757 0.00000e+00
   43    16.73333   -97.50269 36.34721     369.812     712.249  925.317  290.634   94.247   -1.104   12.753 0.00000e+00
   44    16.75000   -97.50185 36.34993     319.127     659.093  931.131  291.163   91.701   -1.108   12.752 0.00000e+00
   45    16.76667   -97.50123 36.35275     261.102     598.472  937.723  291.754   88.949   -1.061   12.750 0.00000e+00
   46    16.78333   -97.50072 36.35561     204.580     539.431  944.133  292.336   86.300   -1.039   12.745 0.00000e+00
   47    16.80000   -97.50032 36.35854     155.763     488.692  949.703  292.836   84.030   -0.883   12.729 0.00000e+00
   48    16.81667   -97.50006 36.36151     122.105     453.215  953.564  293.181   82.494   -0.579   12.717 0.00000e+00
   49    16.83333   -97.49983 36.36453     101.469     430.643  956.079  293.396   81.620   -0.333   12.719 0.00000e+00
   50    16.85000   -97.49963 36.36760      87.944     414.901  957.827  293.597   80.967   -0.244   12.753 0.00000e+00
   51    16.86667   -97.49939 36.37069      76.489     401.181  959.334  293.801   80.267   -0.219   12.784 0.00000e+00
   52    16.88333   -97.49921 36.37376      66.415     391.944  960.259  293.982   79.699   -0.244   12.825 0.00000e+00
   53    16.90000   -97.49909 36.37680      54.145     381.896  961.385  294.170   79.097   -0.224   12.862 0.00000e+00
   54    16.91667   -97.49902 36.37980      41.990     371.904  962.508  294.362   78.481   -0.220   12.900 0.00000e+00
   55    16.93333   -97.49905 36.38280      30.699     362.419  963.515  294.460   78.104   -0.132   12.902 0.00000e+00
   56    16.95000   -97.49911 36.38566      24.608     357.984  964.001  294.585   77.735   -0.053   12.935 0.00000e+00
   57    16.96667   -97.49922 36.38829      21.285     356.122  964.179  294.698   77.451   -0.040   12.976 0.00000e+00
   58    16.98333   -97.49933 36.39067      18.513     354.372  964.368  294.810   77.105   -0.055   13.005 0.00000e+00
   59    17.00000   -97.49940 36.39289      14.890     351.687  964.665  294.988   76.549   -0.049   13.050 0.00000e+00
   60    17.01667   -97.49950 36.39509      12.052     349.774  964.881  295.163   75.934   -0.040   13.083 0.00000e+00
   61    17.03333   -97.49966 36.39738       9.612     348.337  964.997  295.259   75.381   -0.043   13.062 0.00000e+00
   62    17.05000   -97.49992 36.39980       7.370     347.282  965.118  295.426   74.337   -0.041   13.013 0.00000e+00
   63    17.06667   -97.50045 36.40231       5.586     346.900  965.144  295.503   74.136   -0.012   13.039 0.00000e+00
   64    17.08333   -97.50122 36.40488       5.048     348.010  965.073  295.713   73.790    0.013   13.148 0.00000e+00
   65    17.10000   -97.50191 36.40719       6.172     348.376  965.107  295.878   73.671    0.031   13.260 0.00000e+00
   66    17.11667   -97.50244 36.40927       9.047     350.246  964.959  296.083   73.564    0.092   13.411 0.00000e+00
   67    17.13333   -97.50272 36.41101      19.741     360.048  963.912  295.865   74.207    0.356   13.363 0.00000e+00
   68    17.15000   -97.50282 36.41279      54.814     394.102  960.125  294.965   76.534    1.031   13.090 0.00000e+00
   69    17.16667   -97.50294 36.41483     124.741     462.680  952.593  293.966   79.763    1.433   12.927 0.00000e+00
   70    17.18333   -97.50308 36.41700     192.501     528.920  945.336  293.224   82.454    0.847   12.857 0.00000e+00
   71    17.20000   -97.50326 36.41920     213.672     548.541  943.151  292.927   83.115   -0.150   12.752 0.00000e+00
   72    17.21667   -97.50357 36.42154     190.305     523.566  945.858  293.130   81.911   -0.805   12.691 0.00000e+00
   73    17.23333   -97.50405 36.42390     143.204     474.922  951.221  293.609   79.900   -1.000   12.682 0.00000e+00
   74    17.25000   -97.50471 36.42622      95.390     425.667  956.628  294.089   77.979   -0.794   12.680 0.00000e+00
   75    17.26667   -97.50555 36.42845      65.137     394.127  960.105  294.429   76.772   -0.352   12.703 0.00000e+00
   76    17.28333   -97.50652 36.43057      52.403     380.822  961.512  294.650   76.033   -0.094   12.736 0.00000e+00
   77    17.30000   -97.50751 36.43255      46.947     376.222  962.022  294.875   75.307    0.001   12.785 0.00000e+00
   78    17.31667   -97.50842 36.43432      40.604     370.907  962.628  294.750   75.438   -0.309   12.700 0.00000e+00
   79    17.33333   -97.50918 36.43589      32.455     363.768  963.379  295.116   74.368   -0.121   12.796 0.00000e+00
   80    17.35000   -97.50971 36.43722      26.565     358.801  963.932  295.311   73.879   -0.172   12.858 0.00000e+00
   81    17.36667   -97.50999 36.43832      18.663     351.450  964.786  295.614   73.307   -0.126   12.987 0.00000e+00
   82    17.38333   -97.51007 36.43911      12.663     345.510  965.453  295.698   73.171   -0.124   13.020 0.00000e+00
   83    17.40000   -97.50997 36.43970       8.834     341.492  965.796  295.955   72.530   -0.044   13.107 0.00000e+00
   84    17.41667   -97.50981 36.44033       8.406     340.832  965.858  296.319   71.693    0.035   13.247 0.00000e+00
   85    17.43333   -97.50986 36.44114      11.266     343.568  965.570  296.540   71.395    0.083   13.376 0.00000e+00
   86    17.45000   -97.51009 36.44211      17.455     349.736  964.943  296.435   71.758    0.154   13.366 0.00000e+00
   87    17.46667   -97.51041 36.44329      31.228     363.484  963.448  296.118   72.647    0.358   13.293 0.00000e+00
   88    17.48333   -97.51071 36.44478      65.001     397.126  959.713  295.610   74.127    0.883   13.199 0.00000e+00
   89    17.50000   -97.51105 36.44657     130.186     461.983  952.627  294.857   76.619    1.327   13.122 0.00000e+00
   90    17.51667   -97.51144 36.44863     196.071     526.530  945.562  294.039   79.295    0.493   13.006 0.00000e+00
   91    17.53333   -97.51167 36.45097     211.205     539.869  944.092  293.639   79.589   -0.899   12.754 0.00000e+00
   92    17.55000   -97.51170 36.45351     179.695     506.287  947.701  294.046   76.800   -1.427   12.574 0.00000e+00
   93    17.56667   -97.51136 36.45601     131.568     456.656  953.047  294.522   74.900   -1.108   12.558 0.00000e+00
   94    17.58333   -97.51072 36.45831      97.645     422.181  956.835  294.917   73.705   -0.743   12.613 0.00000e+00
   95    17.60000   -97.51009 36.46038      73.165     397.243  959.604  295.168   73.248   -0.497   12.694 0.00000e+00
   96    17.61667   -97.50963 36.46215      58.350     381.989  961.228  295.318   72.752   -0.349   12.703 0.00000e+00
   97    17.63333   -97.50937 36.46368      50.114     373.255  962.241  295.453   71.962   -0.077   12.657 0.00000e+00
   98    17.65000   -97.50918 36.46513      53.000     375.500  961.940  295.527   71.735    0.189   12.678 0.00000e+00
   99    17.66667   -97.50877 36.46670      66.354     388.169  960.540  295.494   71.969    0.313   12.712 0.00000e+00
  100    17.68333   -97.50848 36.46867      78.713     399.813  959.214  295.409   72.360    0.327   12.732 0.00000e+00
  101    17.70000   -97.50824 36.47097      97.826     418.181  957.171  295.260   73.015    0.600   12.758 0.00000e+00
  102    17.71667   -97.50790 36.47347     134.134     453.636  953.279  294.909   74.191    1.050   12.738 0.00000e+00
  103    17.73333   -97.50766 36.47597     197.430     515.984  946.470  294.250   76.394    1.790   12.683 0.00000e+00
  104    17.75000   -97.50734 36.47832     298.072     615.748  935.634  293.260   80.025    2.420   12.638 0.00000e+00
  105    17.76667   -97.50685 36.48082     419.701     736.155  922.734  292.114   84.721    2.518   12.626 0.00000e+00
  106    17.78333   -97.50625 36.48345     548.300     862.721  909.288  290.897   90.196    2.217   12.631 0.00000e+00
  107    17.80000   -97.50550 36.48611     655.450     967.674  898.213  289.889   94.936    1.466   12.622 0.00000e+00
  108    17.81667   -97.50473 36.48869     722.763    1032.900  891.332  289.241   97.221    0.546   12.496 0.00000e+00
  109    17.83333   -97.50400 36.49129     762.438    1071.635  887.271  288.896   97.278    0.152   12.284 0.00000e+00
  110    17.85000   -97.50333 36.49395     781.919    1090.144  885.292  288.821   95.145   -0.009   11.984 0.00000e+00
  111    17.86667   -97.50279 36.49638     797.354    1104.720  883.732  288.750   94.234    0.356   11.836 0.00000e+00
  112    17.88333   -97.50230 36.49856     837.928    1145.178  879.572  288.330   96.475    1.214   11.849 0.00000e+00
  113    17.90000   -97.50157 36.50074     914.837    1222.002  871.657  287.679   99.972    1.641   11.878 4.77262e-02
  114    17.91667   -97.50021 36.50315    1002.926    1309.314  862.828  287.307  100.000    1.281   11.735 2.23286e-01
  115    17.93333   -97.49825 36.50579    1069.809    1374.115  856.261  287.105  100.000    0.661   11.671 3.82304e-01
  116    17.95000   -97.49596 36.50853    1101.929    1404.112  853.239  286.929  100.000   -0.000   11.579 3.62912e-01
  117    17.96667   -97.49367 36.51118    1100.357    1401.587  853.428  286.657   99.628   -0.683   11.310 1.21766e-01
  118    17.98333   -97.49162 36.51370    1061.552    1362.738  857.308  286.968   95.833   -1.108   11.053 0.00000e+00
  119    18.00000   -97.48965 36.51621     995.483    1297.849  863.847  287.659   91.788   -1.190   10.990 0.00000e+00
  120    18.01667   -97.48769 36.51879     929.065    1232.687  870.535  288.299   88.058   -0.782   10.906 0.00000e+00
  121    18.03333   -97.48569 36.52133     883.488    1187.982  875.237  288.638   87.357   -0.323   10.999 0.00000e+00
  122    18.05000   -97.48373 36.52379     866.171    1170.414  877.013  288.748   87.433    0.068   11.065 0.00000e+00
  123    18.06667   -97.48184 36.52620     869.787    1174.052  876.599  288.717   87.579    0.268   11.066 0.00000e+00
  124    18.08333   -97.48003 36.52858     885.308    1189.955  874.997  288.586   88.062    0.307   11.054 0.00000e+00
  125    18.10000   -97.47827 36.53095     900.986    1206.736  873.236  288.415   89.170    0.214   11.093 0.00000e+00
  126    18.11667   -97.47660 36.53327     911.671    1220.070  871.799  288.286   89.655    0.244   11.079 0.00000e+00
  127    18.13333   -97.47505 36.53556     918.868    1230.061  870.724  288.188   90.111    0.253   11.078 0.00000e+00
  128    18.15000   -97.47368 36.53777     923.571    1237.269  869.975  288.117   90.136    0.155   11.040 0.00000e+00
  129    18.16667   -97.47240 36.53991     929.734    1245.669  869.140  288.056   89.919    0.198   10.981 0.00000e+00
  130    18.18333   -97.47112 36.54195     934.268    1252.389  868.490  287.961   90.562    0.127   10.999 0.00000e+00
  131    18.20000   -97.46977 36.54386     933.452    1253.414  868.454  287.904   91.374    0.034   11.057 0.00000e+00
  132    18.21667   -97.46833 36.54563     934.588    1255.319  868.370  287.866   91.930    0.212   11.098 0.00000e+00
  133    18.23333   -97.46675 36.54723     944.751    1264.961  867.453  287.678   94.772    0.457   11.314 0.00000e+00
  134    18.25000   -97.46499 36.54875     951.054    1269.996  866.931  287.725   96.910    0.158   11.612 4.02773e-02
  135    18.26667   -97.46308 36.55030     934.961    1252.324  868.786  287.856   98.035   -0.303   11.822 2.88169e-03
  136    18.28333   -97.46109 36.55203     894.412    1210.144  873.027  288.240   95.661   -0.614   11.769 3.14004e-04
  137    18.30000   -97.45897 36.55394     842.164    1156.774  878.479  288.733   93.243   -0.604   11.769 0.00000e+00
  138    18.31667   -97.45683 36.55600     797.568    1111.793  883.102  289.160   90.889   -0.495   11.730 0.00000e+00
  139    18.33333   -97.45477 36.55825     763.703    1078.427  886.570  289.474   89.393   -0.466   11.726 0.00000e+00
  140    18.35000   -97.45280 36.56059     739.084    1054.712  889.027  289.709   87.960   -0.318   11.681 0.00000e+00
  141    18.36667   -97.45094 36.56293     726.401    1042.735  890.310  289.833   87.103   -0.148   11.643 0.00000e+00
  142    18.38333   -97.44929 36.56531     715.192    1031.259  891.532  289.966   86.038   -0.029   11.582 0.00000e+00
  143    18.40000   -97.44783 36.56773     709.175    1025.186  892.146  290.046   85.299    0.071   11.534 0.00000e+00
  144    18.41667   -97.44650 36.57022     700.802    1017.158  892.894  290.107   85.305    0.112   11.569 0.00000e+00
  145    18.43333   -97.44519 36.57274     698.789    1015.632  893.085  290.163   85.092    0.149   11.580 0.00000e+00
  146    18.45000   -97.44387 36.57517     704.882    1022.466  892.303  290.108   85.214    0.252   11.566 0.00000e+00
  147    18.46667   -97.44254 36.57747     720.385    1039.179  890.576  289.974   85.125    0.350   11.478 0.00000e+00
  148    18.48333   -97.44110 36.57968     739.735    1060.007  888.425  289.777   87.243    0.342   11.644 0.00000e+00
  149    18.50000   -97.43955 36.58192     761.416    1081.905  886.233  289.603   88.804    0.543   11.750 0.00000e+00
  150    18.51667   -97.43826 36.58426     790.006    1109.853  883.328  289.362   89.285    0.631   11.671 0.00000e+00
  151    18.53333   -97.43724 36.58676     825.915    1144.567  879.767  289.059   90.121    0.648   11.599 0.00000e+00
  152    18.55000   -97.43634 36.58937     862.743    1180.031  876.095  288.757   90.998    0.417   11.535 0.00000e+00
  153    18.56667   -97.43553 36.59205     888.591    1204.480  873.633  288.566   91.427    0.171   11.480 0.00000e+00
  154    18.58333   -97.43474 36.59469     899.420    1213.726  872.725  288.529   90.920   -0.103   11.401 0.00000e+00
  155    18.60000   -97.43398 36.59723     894.531    1207.358  873.329  288.630   89.900   -0.318   11.339 0.00000e+00
  156    18.61667   -97.43327 36.59974     877.950    1190.028  875.106  288.799   88.958   -0.450   11.320 0.00000e+00
  157    18.63333   -97.43261 36.60223     854.339    1165.859  877.588  289.010   88.667   -0.478   11.405 0.00000e+00
  158    18.65000   -97.43204 36.60474     826.421    1137.546  880.498  289.254   88.309   -0.542   11.500 0.00000e+00
  159    18.66667   -97.43153 36.60728     790.944    1101.811  884.209  289.582   87.342   -0.653   11.568 0.00000e+00
  160    18.68333   -97.43111 36.60970     752.459    1063.047  888.192  289.922   86.681   -0.662   11.680 0.00000e+00
  161    18.70000   -97.43077 36.61194     715.632    1025.905  892.048  290.275   85.409   -0.681   11.720 0.00000e+00
  162    18.71667   -97.43051 36.61413     678.135     988.307  895.963  290.644   83.670   -0.644   11.703 0.00000e+00
  163    18.73333   -97.43031 36.61635     642.942     953.462  899.536  290.966   82.504   -0.497   11.732 0.00000e+00
  164    18.75000   -97.43006 36.61863     616.483     927.360  902.345  291.229   81.296   -0.344   11.718 0.00000e+00
  165    18.76667   -97.42973 36.62092     598.482     909.745  904.171  291.405   80.430   -0.247   11.699 0.00000e+00
  166    18.78333   -97.42927 36.62321     585.413     897.209  905.487  291.541   79.538   -0.246   11.653 0.00000e+00
  167    18.80000   -97.42860 36.62551     571.130     883.722  906.877  291.676   78.876   -0.355   11.637 0.00000e+00
  168    18.81667   -97.42778 36.62783     547.800     861.465  909.235  291.916   77.465   -0.608   11.573 0.00000e+00
  169    18.83333   -97.42688 36.63017     504.031     819.080  913.715  292.358   75.232   -1.046   11.499 0.00000e+00
  170    18.85000   -97.42600 36.63245     436.238     752.433  920.815  293.029   72.343   -1.358   11.444 0.00000e+00
  171    18.86667   -97.42532 36.63462     349.543     666.486  930.076  293.880   68.990   -1.545   11.393 0.00000e+00
  172    18.88333   -97.42508 36.63666     252.362     569.648  940.508  294.868   65.947   -1.751   11.449 0.00000e+00
  173    18.90000   -97.42484 36.63871     149.118     466.120  951.862  295.916   62.990   -1.805   11.524 0.00000e+00
  174    18.91667   -97.42423 36.64074      59.298     374.355  961.920  296.945   60.341   -1.035   11.632 0.00000e+00
  175    18.93333   -97.42286 36.64266      20.179     333.918  966.323  297.831   58.921   -0.335   11.931 0.00000e+00
  176    18.95000   -97.42157 36.64473      10.556     323.022  967.510  298.366   58.123   -0.075   12.141 0.00000e+00
  177    18.96667   -97.42078 36.64677      11.951     322.936  967.582  298.844   57.587    0.097   12.380 0.00000e+00
  178    18.98333   -97.42049 36.64826      28.865     338.397  965.904  298.639   58.004    0.570   12.338 0.00000e+00
