    0    16.01667   -97.51842 36.29048      72.041     430.680  956.063  292.640   86.666    0.201   12.881 0.00000e+00
    1    16.03333   -97.51904 36.29320      76.654     434.454  955.641  292.589   86.831   -0.082   12.870 0.00000e+00
    2    16.05000   -97.51972 36.29590      65.425     422.468  956.981  292.689   86.304   -0.390   12.854 0.00000e+00
    3    16.06667   -97.52013 36.29852      40.424     396.559  959.875  292.936   85.187   -0.437   12.847 0.00000e+00
    4    16.08333   -97.52046 36.30103      22.510     377.691  962.008  293.238   84.033   -0.190   12.886 0.00000e+00
    5    16.10000   -97.52093 36.30330      14.612     368.947  962.949  293.389   83.394   -0.102   12.896 0.00000e+00
    6    16.11667   -97.52163 36.30543      11.310     364.652  963.408  293.491   82.949   -0.041   12.903 0.00000e+00
    7    16.13333   -97.52254 36.30750      10.096     361.909  963.624  293.630   82.316   -0.003   12.913 0.00000e+00
    8    16.15000   -97.52354 36.30949      10.565     360.528  963.793  293.800   81.759    0.007   12.960 0.00000e+00
    9    16.16667   -97.52451 36.31141      11.325     359.181  963.936  293.872   81.590    0.003   12.989 0.00000e+00
   10    16.18333   -97.52541 36.31329      11.704     357.274  964.136  293.930   81.386   -0.020   13.001 0.00000e+00
   11    16.20000   -97.52630 36.31505      12.425     355.963  964.314  294.008   81.237   -0.012   13.038 0.00000e+00
   12    16.21667   -97.52727 36.31667      14.332     356.523  964.240  294.063   81.209    0.046   13.079 0.00000e+00
   13    16.23333   -97.52827 36.31810      18.947     360.592  963.863  294.061   81.301    0.054   13.097 0.00000e+00
   14    16.25000   -97.52918 36.31966      22.717     364.293  963.518  293.997   81.501    0.006   13.082 0.00000e+00
   15    16.26667   -97.53001 36.32133      25.811     367.451  963.136  293.944   81.619   -0.018   13.063 0.00000e+00
   16    16.28333   -97.53079 36.32298      27.523     370.297  962.763  293.941   81.700   -0.007   13.079 0.00000e+00
   17    16.30000   -97.53163 36.32462      28.877     373.258  962.403  293.919   81.795    0.010   13.081 0.00000e+00
   18    16.31667   -97.53259 36.32623      31.114     377.147  961.986  293.920   81.848    0.054   13.096 0.00000e+00
   19    16.33333   -97.53361 36.32785      32.522     380.262  961.615  293.908   81.911   -0.042   13.101 0.00000e+00
   20    16.35000   -97.53464 36.32949      27.390     376.862  962.006  294.045   81.469   -0.151   13.137 0.00000e+00
   21    16.36667   -97.53592 36.33127      29.153     379.797  961.680  294.122   81.096    0.376   13.144 0.00000e+00
   22    16.38333   -97.53653 36.33302      81.047     431.960  955.935  293.689   82.770    1.629   13.138 0.00000e+00
   23    16.40000   -97.53587 36.33490     177.366     527.998  945.375  292.731   86.708    1.642   13.109 0.00000e+00
   24    16.41667   -97.53416 36.33741     246.511     595.967  937.920  291.965   89.721    0.673   13.030 0.00000e+00
   25    16.43333   -97.53209 36.34050     264.077     613.314  935.946  291.758   90.376    0.252   12.982 0.00000e+00
   26    16.45000   -97.53032 36.34396     287.287     637.914  933.252  291.420   91.596    0.713   12.917 0.00000e+00
   27    16.46667   -97.52880 36.34749     325.581     677.167  929.127  290.957   93.641    0.813   12.880 0.00000e+00
   28    16.48333   -97.52742 36.35088     357.896     706.227  926.030  290.635   95.155    0.770   12.867 0.00000e+00
   29    16.50000   -97.52618 36.35400     382.280     726.977  923.849  290.398   96.050    0.572   12.824 0.00000e+00
   30    16.51667   -97.52502 36.35685     406.924     747.227  921.657  290.207   96.829    0.427   12.802 0.00000e+00
   31    16.53333   -97.52386 36.35951     429.966     766.189  919.629  290.045   97.401    0.243   12.773 0.00000e+00
   32    16.55000   -97.52278 36.36196     445.418     778.310  918.226  289.939   97.483    0.172   12.717 0.00000e+00
   33    16.56667   -97.52180 36.36424     450.839     781.219  917.936  289.901   97.319    0.087   12.668 0.00000e+00
   34    16.58333   -97.52090 36.36633     441.840     770.400  919.060  290.016   96.374   -0.350   12.622 0.00000e+00
   35    16.60000   -97.52027 36.36827     417.374     744.502  921.795  290.317   94.423   -0.634   12.570 0.00000e+00
   36    16.61667   -97.51991 36.37009     391.528     717.415  924.734  290.619   92.747   -0.368   12.546 0.00000e+00
   37    16.63333   -97.51964 36.37189     383.095     708.347  925.565  290.721   92.229   -0.001   12.546 0.00000e+00
   38    16.65000   -97.51935 36.37379     391.387     718.308  924.473  290.632   92.678    0.349   12.551 0.00000e+00
   39    16.66667   -97.51909 36.37589     416.267     745.205  921.571  290.379   93.928    0.597   12.556 0.00000e+00
   40    16.68333   -97.51889 36.37817     463.141     794.312  916.314  289.917   96.274    0.783   12.568 0.00000e+00
   41    16.70000   -97.51865 36.38069     517.629     850.995  910.291  289.382   99.095    0.774   12.582 6.33327e-04
   42    16.71667   -97.51826 36.38350     549.753     884.696  906.733  289.132  100.000    0.242   12.561 2.90887e-02
   43    16.73333   -97.51777 36.38658     540.186     876.756  907.618  289.187  100.000   -0.511   12.577 1.58414e-02
   44    16.75000   -97.51721 36.38981     500.199     838.530  911.672  289.541   98.222   -0.892   12.580 0.00000e+00
   45    16.76667   -97.51673 36.39310     450.111     790.449  916.828  290.068   94.995   -0.804   12.514 0.00000e+00
   46    16.78333   -97.51654 36.39651     403.496     745.979  921.558  290.518   92.541   -0.597   12.481 0.00000e+00
   47    16.80000   -97.51653 36.40007     355.467     699.608  926.551  290.967   90.387   -0.863   12.476 0.00000e+00
   48    16.81667   -97.51654 36.40364     281.976     627.736  934.330  291.674   87.194   -1.513   12.481 0.00000e+00
   49    16.83333   -97.51637 36.40704     189.628     535.884  944.422  292.610   83.046   -1.349   12.473 0.00000e+00
   50    16.85000   -97.51602 36.41033     123.435     469.401  951.757  293.284   80.295   -0.733   12.482 0.00000e+00
   51    16.86667   -97.51565 36.41365      95.669     440.943  954.969  293.609   78.904   -0.225   12.475 0.00000e+00
   52    16.88333   -97.51530 36.41700      99.315     441.663  954.883  293.624   78.907    0.412   12.488 0.00000e+00
   53    16.90000   -97.51491 36.42026     133.035     472.292  951.565  293.441   80.158    1.008   12.587 0.00000e+00
   54    16.91667   -97.51431 36.42336     190.957     527.396  945.506  292.969   82.296    1.397   12.627 0.00000e+00
   55    16.93333   -97.51349 36.42624     262.188     596.144  938.005  292.294   85.078    1.406   12.614 0.00000e+00
   56    16.95000   -97.51242 36.42895     346.965     678.367  928.974  291.473   88.544    1.501   12.587 0.00000e+00
   57    16.96667   -97.51101 36.43167     435.963     766.615  919.416  290.601   92.405    1.384   12.558 0.00000e+00
   58    16.98333   -97.50932 36.43458     511.004     841.948  911.379  289.874   95.723    1.027   12.529 0.00000e+00
   59    17.00000   -97.50764 36.43767     555.100     885.825  906.758  289.449   97.781    0.410   12.518 0.00000e+00
   60    17.01667   -97.50623 36.44092     565.161     894.845  905.805  289.364   98.155   -0.074   12.511 0.00000e+00
   61    17.03333   -97.50522 36.44437     552.864     881.880  907.147  289.489   97.503   -0.229   12.510 1.68790e-06
   62    17.05000   -97.50448 36.44801     531.765     859.917  909.515  289.704   96.401   -0.163   12.507 0.00000e+00
   63    17.06667   -97.50381 36.45171     509.175     835.533  912.091  289.946   95.173   -0.338   12.504 0.00000e+00
   64    17.08333   -97.50296 36.45535     472.725     797.477  916.162  290.298   93.563   -1.038   12.517 0.00000e+00
   65    17.10000   -97.50198 36.45899     405.559     728.136  923.687  290.968   90.347   -1.825   12.510 0.00000e+00
   66    17.11667   -97.50099 36.46255     318.690     638.741  933.346  291.932   85.267   -1.673   12.419 0.00000e+00
   67    17.13333   -97.50003 36.46587     242.110     561.286  941.739  292.711   81.829   -1.163   12.404 0.00000e+00
   68    17.15000   -97.49910 36.46906     182.294     501.183  948.329  293.327   79.369   -0.821   12.416 0.00000e+00
   69    17.16667   -97.49829 36.47214     141.432     459.958  952.874  293.686   78.016   -0.826   12.422 0.00000e+00
   70    17.18333   -97.49765 36.47509     124.901     442.481  954.802  293.879   77.810   -0.211   12.513 0.00000e+00
   71    17.20000   -97.49700 36.47795     127.195     444.049  954.624  293.932   78.080    0.109   12.600 0.00000e+00
   72    17.21667   -97.49644 36.48062     139.508     455.779  953.283  293.835   78.922    0.421   12.677 0.00000e+00
   73    17.23333   -97.49592 36.48313     164.734     480.322  950.543  293.610   79.909    0.540   12.694 0.00000e+00
   74    17.25000   -97.49535 36.48567     187.534     502.598  948.088  293.407   80.781    0.215   12.704 0.00000e+00
   75    17.26667   -97.49483 36.48824     188.727     503.315  948.042  293.397   80.847   -0.238   12.707 0.00000e+00
   76    17.28333   -97.49475 36.49078     168.676     481.681  950.455  293.590   80.005   -0.569   12.695 0.00000e+00
   77    17.30000   -97.49521 36.49323     137.696     448.922  954.031  293.889   78.644   -0.686   12.665 0.00000e+00
   78    17.31667   -97.49603 36.49562     111.767     421.160  957.064  294.140   77.452   -0.445   12.629 0.00000e+00
   79    17.33333   -97.49713 36.49803      94.042     401.711  959.219  294.321   76.624   -0.290   12.606 0.00000e+00
   80    17.35000   -97.49857 36.50043      78.939     385.552  961.020  294.490   76.051   -0.194   12.620 0.00000e+00
   81    17.36667   -97.50056 36.50294      63.412     370.009  962.714  294.711   75.564   -0.096   12.689 0.00000e+00
   82    17.38333   -97.50302 36.50558      73.384     380.879  961.542  294.692   75.986    0.603   12.760 0.00000e+00
   83    17.40000   -97.50488 36.50815     141.857     448.129  954.153  294.134   78.457    1.649   12.827 0.00000e+00
   84    17.41667   -97.50577 36.51066     240.959     545.469  943.468  293.253   82.268    1.402   12.877 0.00000e+00
   85    17.43333   -97.50570 36.51311     301.652     604.302  936.987  292.624   84.645    0.637   12.826 0.00000e+00
   86    17.45000   -97.50494 36.51574     333.551     636.220  933.462  292.225   85.665    0.269   12.707 0.00000e+00
   87    17.46667   -97.50371 36.51869     347.316     650.568  931.876  292.069   85.924   -0.050   12.643 0.00000e+00
   88    17.48333   -97.50229 36.52163     327.648     631.759  933.909  292.249   85.022   -0.326   12.625 0.00000e+00
   89    17.50000   -97.50100 36.52425     281.260     586.812  938.820  292.679   83.114   -0.730   12.613 0.00000e+00
   90    17.51667   -97.49989 36.52680     218.817     525.565  945.470  293.248   80.691   -0.889   12.599 0.00000e+00
   91    17.53333   -97.49908 36.52945     160.384     468.193  951.754  293.811   78.452   -0.778   12.603 0.00000e+00
   92    17.55000   -97.49870 36.53226     115.372     424.141  956.671  294.254   76.717   -0.545   12.603 0.00000e+00
   93    17.56667   -97.49885 36.53524      93.347     403.233  958.921  294.489   75.851    0.015   12.613 0.00000e+00
   94    17.58333   -97.49933 36.53831     104.240     415.351  957.555  294.517   76.110    0.517   12.697 0.00000e+00
   95    17.60000   -97.49992 36.54141     125.017     437.418  955.138  294.361   77.012    0.115   12.756 0.00000e+00
   96    17.61667   -97.50072 36.54412     120.518     433.921  955.553  294.447   77.164   -0.434   12.844 0.00000e+00
   97    17.63333   -97.50191 36.54673     108.859     423.031  956.677  294.580   76.501    0.216   12.824 0.00000e+00
   98    17.65000   -97.50310 36.54927     150.747     465.946  951.987  294.306   77.995    1.299   12.918 0.00000e+00
   99    17.66667   -97.50325 36.55171     221.798     538.139  944.050  293.525   80.090    0.959   12.743 0.00000e+00
  100    17.68333   -97.50286 36.55414     261.359     579.024  939.579  293.114   80.665    0.250   12.570 0.00000e+00
  101    17.70000   -97.50249 36.55657     269.078     587.708  938.662  293.051   80.629   -0.126   12.527 0.00000e+00
  102    17.71667   -97.50222 36.55906     253.057     572.387  940.294  293.203   79.558   -0.531   12.457 0.00000e+00
  103    17.73333   -97.50209 36.56141     219.489     539.438  943.854  293.527   77.855   -0.664   12.392 0.00000e+00
  104    17.75000   -97.50203 36.56344     186.663     507.157  947.308  293.818   76.652   -0.496   12.378 0.00000e+00
  105    17.76667   -97.50191 36.56509     165.949     487.070  949.608  293.969   76.072   -0.164   12.370 0.00000e+00
  106    17.78333   -97.50169 36.56648     163.378     485.107  949.775  293.983   76.486    0.174   12.446 0.00000e+00
  107    17.80000   -97.50136 36.56785     169.265     491.656  949.049  293.928   77.114    0.208   12.515 0.00000e+00
  108    17.81667   -97.50098 36.56941     171.927     495.063  948.685  293.903   77.564   -0.113   12.573 0.00000e+00
  109    17.83333   -97.50065 36.57123     150.952     474.878  950.901  294.100   76.717   -0.656   12.559 0.00000e+00
  110    17.85000   -97.50092 36.57335     106.721     430.612  955.816  294.538   74.868   -0.854   12.529 0.00000e+00
  111    17.86667   -97.50197 36.57570      71.054     394.418  959.802  294.928   73.420   -0.485   12.534 0.00000e+00
  112    17.88333   -97.50338 36.57797      53.085     375.991  961.813  295.173   72.723   -0.178   12.577 0.00000e+00
  113    17.90000   -97.50511 36.58003      42.455     364.914  963.061  295.536   71.847   -0.047   12.690 0.00000e+00
  114    17.91667   -97.50719 36.58183      37.856     359.851  963.552  295.694   71.419   -0.043   12.731 0.00000e+00
  115    17.93333   -97.50916 36.58336      45.961     367.855  962.740  295.840   71.270    0.324   12.830 0.00000e+00
  116    17.95000   -97.51073 36.58475      79.669     401.793  959.006  295.534   72.524    0.767   12.863 0.00000e+00
  117    17.96667   -97.51196 36.58643     123.135     445.856  954.149  295.054   73.692    0.672   12.754 0.00000e+00
  118    17.98333   -97.51299 36.58852     153.978     477.284  950.772  294.698   74.410    0.457   12.644 0.00000e+00
  119    18.00000   -97.51405 36.59085     171.911     495.367  948.804  294.511   74.713    0.347   12.575 0.00000e+00
  120    18.01667   -97.51535 36.59332     181.467     505.670  947.676  294.382   74.925   -0.124   12.525 0.00000e+00
  121    18.03333   -97.51649 36.59600     174.075     499.568  948.386  294.440   74.580   -0.486   12.503 0.00000e+00
  122    18.05000   -97.51720 36.59878     153.965     479.837  950.590  294.650   73.701   -0.408   12.488 0.00000e+00
  123    18.06667   -97.51741 36.60146     144.813     470.275  951.649  294.738   73.254   -0.084   12.467 0.00000e+00
  124    18.08333   -97.51733 36.60394     145.748     470.552  951.632  294.709   73.310    0.013   12.454 0.00000e+00
  125    18.10000   -97.51717 36.60615     149.702     473.118  951.355  294.655   73.539    0.022   12.455 0.00000e+00
  126    18.11667   -97.51695 36.60825     154.784     476.289  951.014  294.629   73.603    0.032   12.450 0.00000e+00
  127    18.13333   -97.51673 36.61024     157.300     477.060  950.884  294.610   73.577   -0.084   12.432 0.00000e+00
  128    18.15000   -97.51663 36.61212     166.436     484.693  949.996  294.571   73.849    0.238   12.461 0.00000e+00
  129    18.16667   -97.51670 36.61388     203.845     520.736  946.075  294.282   75.119    0.735   12.502 0.00000e+00
  130    18.18333   -97.51677 36.61564     252.081     567.578  940.966  293.806   76.749    0.748   12.469 0.00000e+00
  131    18.20000   -97.51678 36.61742     294.802     608.887  936.480  293.388   78.280    0.660   12.450 0.00000e+00
  132    18.21667   -97.51678 36.61922     331.435     644.077  932.674  293.047   79.545    0.499   12.435 0.00000e+00
  133    18.23333   -97.51672 36.62105     355.446     666.627  930.205  292.841   80.328    0.265   12.430 0.00000e+00
  134    18.25000   -97.51663 36.62295     364.217     674.588  929.292  292.768   80.564    0.031   12.422 0.00000e+00
  135    18.26667   -97.51658 36.62500     359.040     668.982  929.909  292.818   80.264   -0.057   12.406 0.00000e+00
  136    18.28333   -97.51656 36.62724     348.144     657.618  931.132  292.913   79.881   -0.090   12.404 0.00000e+00
  137    18.30000   -97.51656 36.62962     338.108     647.084  932.285  293.009   79.555    0.037   12.413 0.00000e+00
  138    18.31667   -97.51662 36.63204     334.144     642.422  932.800  293.066   79.456    0.198   12.435 0.00000e+00
  139    18.33333   -97.51680 36.63438     338.195     645.790  932.425  293.041   79.514    0.313   12.429 0.00000e+00
  140    18.35000   -97.51714 36.63650     348.143     655.141  931.394  292.975   79.661    0.346   12.415 0.00000e+00
  141    18.36667   -97.51743 36.63839     359.809     666.334  930.174  292.886   79.905    0.375   12.399 0.00000e+00
  142    18.38333   -97.51765 36.64017     370.667     677.021  929.014  292.810   79.809    0.255   12.342 0.00000e+00
  143    18.40000   -97.51778 36.64188     379.356     685.584  928.097  292.756   79.618    0.135   12.283 0.00000e+00
  144    18.41667   -97.51779 36.64352     377.935     684.014  928.257  292.785   79.322   -0.043   12.257 0.00000e+00
  145    18.43333   -97.51773 36.64510     365.497     671.413  929.637  292.922   78.578   -0.268   12.228 0.00000e+00
  146    18.45000   -97.51759 36.64664     343.266     649.067  931.990  293.150   77.483   -0.446   12.200 0.00000e+00
  147    18.46667   -97.51743 36.64818     315.244     621.101  935.030  293.431   76.296   -0.553   12.186 0.00000e+00
  148    18.48333   -97.51725 36.64969     284.454     590.422  938.314  293.735   75.024   -0.534   12.169 0.00000e+00
  149    18.50000   -97.51707 36.65119     255.032     561.096  941.518  294.034   73.707   -0.480   12.138 0.00000e+00
  150    18.51667   -97.51688 36.65270     229.453     535.605  944.288  294.296   72.533   -0.396   12.105 0.00000e+00
  151    18.53333   -97.51665 36.65425     210.387     516.611  946.393  294.509   71.558   -0.249   12.074 0.00000e+00
  152    18.55000   -97.51627 36.65597     197.449     503.445  947.788  294.722   70.581   -0.262   12.049 0.00000e+00
  153    18.56667   -97.51563 36.65787     174.039     479.550  950.384  295.130   68.925   -0.723   12.033 0.00000e+00
  154    18.58333   -97.51500 36.65980     126.262     431.388  955.646  295.680   66.772   -1.094   11.992 0.00000e+00
  155    18.60000   -97.51466 36.66148      74.914     379.780  961.326  296.191   65.176   -0.814   12.006 0.00000e+00
  156    18.61667   -97.51455 36.66277      42.507     347.207  964.882  296.522   64.477   -0.384   12.075 0.00000e+00
  157    18.63333   -97.51455 36.66378      28.278     333.014  966.411  296.979   63.516   -0.128   12.212 0.00000e+00
  158    18.65000   -97.51450 36.66465      22.072     327.004  967.090  297.373   62.579   -0.057   12.315 0.00000e+00
  159    18.66667   -97.51419 36.66539      21.226     326.372  967.100  297.543   62.063    0.055   12.339 0.00000e+00
  160    18.68333   -97.51366 36.66604      31.465     336.776  966.030  297.541   61.879    0.355   12.315 0.00000e+00
  161    18.70000   -97.51332 36.66693      72.588     378.089  961.452  296.976   63.054    1.198   12.184 0.00000e+00
  162    18.71667   -97.51332 36.66833     168.291     474.078  950.950  295.811   66.590    2.146   12.116 0.00000e+00
  163    18.73333   -97.51370 36.66993     299.876     606.058  936.569  294.470   71.063    2.488   12.088 0.00000e+00
  164    18.75000   -97.51454 36.67125     401.274     707.904  925.672  293.455   74.599    1.189   12.055 0.00000e+00
  165    18.76667   -97.51543 36.67231     438.353     745.186  921.680  293.063   75.916    0.389   12.023 0.00000e+00
  166    18.78333   -97.51633 36.67337     425.266     732.042  923.104  293.163   75.325   -0.440   11.985 0.00000e+00
  167    18.80000   -97.51699 36.67461     380.662     687.202  927.920  293.580   73.656   -0.723   11.966 0.00000e+00
  168    18.81667   -97.51736 36.67599     336.795     642.990  932.697  293.943   72.600   -0.643   12.002 0.00000e+00
  169    18.83333   -97.51749 36.67747     298.138     603.904  936.878  294.273   71.542   -0.610   12.018 0.00000e+00
  170    18.85000   -97.51749 36.67890     250.037     555.361  942.112  294.749   70.008   -1.061   12.044 0.00000e+00
  171    18.86667   -97.51746 36.68050     193.663     498.790  948.219  295.293   68.099   -0.840   12.037 0.00000e+00
  172    18.88333   -97.51736 36.68241     170.127     475.693  950.741  295.574   66.808   -0.071   11.983 0.00000e+00
  173    18.90000   -97.51743 36.68455     178.835     484.914  949.724  295.562   66.388    0.445   11.911 0.00000e+00
  174    18.91667   -97.51753 36.68671     199.673     506.265  947.377  295.368   66.811    0.647   11.875 0.00000e+00
  175    18.93333   -97.51757 36.68860     228.934     536.063  944.120  295.069   67.441    0.722   11.809 0.00000e+00
  176    18.95000   -97.51756 36.69020     267.004     574.929  939.886  294.671   68.630    0.837   11.778 0.00000e+00
  177    18.96667   -97.51762 36.69161     310.183     618.823  935.131  294.249   70.123    0.743   11.784 0.00000e+00
  178    18.98333   -97.51775 36.69278     347.121     656.349  931.107  293.946   71.440    0.736   11.832 0.00000e+00
