    0    16.01667   -97.45264 36.21558      76.759     445.230  954.225  292.333   88.334   -0.366   12.903 0.00000e+00
    1    16.03333   -97.45361 36.21783      60.608     431.538  955.831  292.473   87.679   -0.328   12.899 0.00000e+00
    2    16.05000   -97.45434 36.22012      50.854     424.628  956.687  292.563   87.255   -0.149   12.898 0.00000e+00
    3    16.06667   -97.45479 36.22253      45.302     421.422  957.111  292.645   86.915   -0.004   12.907 0.00000e+00
    4    16.08333   -97.45512 36.22502      44.584     422.334  957.018  292.678   86.777    0.015   12.915 0.00000e+00
    5    16.10000   -97.45544 36.22753      45.457     424.840  956.728  292.677   86.797    0.001   12.922 0.00000e+00
    6    16.11667   -97.45581 36.22993      45.696     426.524  956.613  292.713   86.708    0.050   12.939 0.00000e+00
    7    16.13333   -97.45626 36.23216      48.253     427.516  956.513  292.736   86.661    0.059   12.952 0.00000e+00
    8    16.15000   -97.45676 36.23427      48.482     425.738  956.678  292.775   86.536   -0.052   12.963 0.00000e+00
    9    16.16667   -97.45734 36.23626      44.893     419.967  957.287  292.865   86.223   -0.035   12.981 0.00000e+00
   10    16.18333   -97.45789 36.23819      40.992     413.697  957.917  292.951   85.876   -0.110   12.990 0.00000e+00
   11    16.20000   -97.45844 36.24010      36.087     406.970  958.670  293.070   85.361   -0.060   12.998 0.00000e+00
   12    16.21667   -97.45905 36.24205      35.381     404.463  958.901  293.162   85.098    0.134   13.030 0.00000e+00
   13    16.23333   -97.45957 36.24382      46.686     414.086  957.870  293.176   85.147    0.292   13.063 0.00000e+00
   14    16.25000   -97.46012 36.24562      65.277     430.980  955.998  293.070   85.420    0.481   13.044 0.00000e+00
   15    16.26667   -97.46066 36.24786      99.475     462.932  952.439  292.845   85.971    0.792   12.993 0.00000e+00
   16    16.28333   -97.46124 36.25044     148.557     509.139  947.392  292.409   87.654    0.545   12.959 0.00000e+00
   17    16.30000   -97.46176 36.25309     156.884     514.873  946.852  292.366   87.680   -0.523   12.936 0.00000e+00
   18    16.31667   -97.46216 36.25583     106.165     461.709  952.699  292.932   84.959   -1.370   12.907 0.00000e+00
   19    16.33333   -97.46240 36.25865      46.190     400.204  959.505  293.555   82.165   -0.706   12.885 0.00000e+00
   20    16.35000   -97.46260 36.26144      23.348     375.688  962.242  293.948   80.744   -0.224   12.938 0.00000e+00
   21    16.36667   -97.46295 36.26389      18.345     369.219  963.021  294.102   80.254   -0.001   12.973 0.00000e+00
   22    16.38333   -97.46330 36.26616      21.333     370.447  962.899  294.217   79.905    0.119   13.011 0.00000e+00
   23    16.40000   -97.46332 36.26837      28.440     375.594  962.326  294.237   79.804    0.120   13.019 0.00000e+00
   24    16.41667   -97.46308 36.27067      36.547     381.483  961.641  294.169   79.904    0.113   12.990 0.00000e+00
   25    16.43333   -97.46274 36.27307      43.426     386.845  960.991  294.104   79.808    0.091   12.930 0.00000e+00
   26    16.45000   -97.46233 36.27555      46.779     389.169  960.737  294.093   79.624    0.023   12.895 0.00000e+00
   27    16.46667   -97.46180 36.27807      50.087     391.266  960.512  294.104   79.406    0.038   12.871 0.00000e+00
   28    16.48333   -97.46120 36.28061      53.808     394.478  960.005  294.056   79.453    0.062   12.848 0.00000e+00
   29    16.50000   -97.46054 36.28321      56.755     399.612  959.502  294.039   79.554    0.130   12.857 0.00000e+00
   30    16.51667   -97.45995 36.28583      63.631     408.548  958.528  293.950   80.036    0.210   12.877 0.00000e+00
   31    16.53333   -97.45944 36.28844      78.330     424.757  956.862  293.792   80.711    0.380   12.881 0.00000e+00
   32    16.55000   -97.45906 36.29119     101.834     446.970  954.457  293.531   81.805    0.492   12.878 0.00000e+00
   33    16.56667   -97.45874 36.29399     127.136     470.770  951.794  293.251   82.973    0.512   12.872 0.00000e+00
   34    16.58333   -97.45847 36.29683     150.353     492.798  949.280  293.008   83.994    0.616   12.868 0.00000e+00
   35    16.60000   -97.45827 36.29969     171.097     514.152  946.928  292.791   84.872    0.658   12.858 0.00000e+00
   36    16.61667   -97.45815 36.30265     185.119     529.050  945.280  292.622   85.400    0.465   12.825 0.00000e+00
   37    16.63333   -97.45795 36.30577     186.338     531.255  944.986  292.582   85.339    0.040   12.787 0.00000e+00
   38    16.65000   -97.45760 36.30896     183.175     529.221  945.205  292.598   85.137   -0.242   12.767 0.00000e+00
   39    16.66667   -97.45708 36.31208     180.220     527.137  945.521  292.623   85.005   -0.358   12.763 0.00000e+00
   40    16.68333   -97.45651 36.31505     179.900     525.421  945.819  292.658   84.802   -0.162   12.756 0.00000e+00
   41    16.70000   -97.45596 36.31788     185.991     528.612  945.496  292.629   84.932    0.063   12.757 0.00000e+00
   42    16.71667   -97.45538 36.32061     197.259     537.008  944.550  292.544   85.292    0.219   12.756 0.00000e+00
   43    16.73333   -97.45474 36.32324     210.913     547.587  943.387  292.439   85.758    0.333   12.757 0.00000e+00
   44    16.75000   -97.45403 36.32583     227.106     560.724  941.932  292.315   86.121    0.256   12.731 0.00000e+00
   45    16.76667   -97.45328 36.32848     235.004     565.755  941.313  292.268   86.221    0.130   12.717 0.00000e+00
   46    16.78333   -97.45248 36.33121     228.179     556.197  942.337  292.364   85.752   -0.122   12.710 0.00000e+00
   47    16.80000   -97.45163 36.33406     202.827     528.347  945.309  292.630   84.459   -0.611   12.689 0.00000e+00
   48    16.81667   -97.45074 36.33699     157.787     481.045  950.524  293.092   82.509   -0.943   12.690 0.00000e+00
   49    16.83333   -97.44988 36.33996     107.496     428.789  956.277  293.601   80.378   -0.869   12.684 0.00000e+00
   50    16.85000   -97.44907 36.34293      72.535     391.682  960.430  293.969   78.920   -0.518   12.687 0.00000e+00
   51    16.86667   -97.44824 36.34583      54.323     370.918  962.774  294.291   77.891   -0.221   12.743 0.00000e+00
   52    16.88333   -97.44760 36.34863      42.958     358.581  964.034  294.573   77.193   -0.213   12.835 0.00000e+00
   53    16.90000   -97.44736 36.35131      36.791     352.261  964.728  294.652   76.930   -0.165   12.844 0.00000e+00
   54    16.91667   -97.44726 36.35358      46.445     361.792  963.681  294.737   77.037    0.257   12.944 0.00000e+00
   55    16.93333   -97.44693 36.35566      76.639     392.331  960.198  294.376   78.377    0.569   12.925 0.00000e+00
   56    16.95000   -97.44640 36.35776     127.653     444.798  954.388  293.865   80.411    1.124   12.925 0.00000e+00
   57    16.96667   -97.44572 36.35980     196.394     515.156  946.646  293.142   83.377    1.104   12.916 0.00000e+00
   58    16.98333   -97.44504 36.36185     265.783     586.320  938.831  292.453   86.328    1.015   12.916 0.00000e+00
   59    17.00000   -97.44441 36.36393     315.539     637.863  933.265  291.949   88.487    0.569   12.903 0.00000e+00
   60    17.01667   -97.44378 36.36608     344.187     668.312  929.928  291.651   89.745    0.242   12.888 0.00000e+00
   61    17.03333   -97.44322 36.36829     357.579     683.631  928.305  291.493   90.145    0.135   12.840 0.00000e+00
   62    17.05000   -97.44276 36.37056     367.630     695.800  926.964  291.381   90.625    0.318   12.836 0.00000e+00
   63    17.06667   -97.44237 36.37285     381.821     711.603  925.292  291.238   91.212    0.375   12.825 0.00000e+00
   64    17.08333   -97.44192 36.37513     394.730     725.594  923.750  291.081   91.868    0.282   12.811 0.00000e+00
   65    17.10000   -97.44137 36.37741     404.327     736.354  922.578  290.968   92.295    0.131   12.795 0.00000e+00
   66    17.11667   -97.44067 36.37965     410.132     743.400  921.829  290.905   92.483   -0.131   12.781 0.00000e+00
   67    17.13333   -97.43991 36.38194     399.525     734.769  922.788  291.004   91.868   -0.362   12.763 0.00000e+00
   68    17.15000   -97.43924 36.38429     377.093     714.279  925.033  291.195   91.003   -0.614   12.765 0.00000e+00
   69    17.16667   -97.43872 36.38669     354.595     693.504  927.281  291.389   90.075   -0.420   12.760 0.00000e+00
   70    17.18333   -97.43821 36.38907     338.227     678.657  928.888  291.527   89.456   -0.452   12.761 0.00000e+00
   71    17.20000   -97.43760 36.39143     321.562     663.404  930.569  291.675   88.793   -0.338   12.762 0.00000e+00
   72    17.21667   -97.43696 36.39376     299.927     643.143  932.730  291.867   87.905   -0.556   12.759 0.00000e+00
   73    17.23333   -97.43639 36.39613     275.070     619.444  935.461  292.113   86.804   -0.414   12.758 0.00000e+00
   74    17.25000   -97.43594 36.39856     261.910     603.718  937.267  292.278   86.071   -0.133   12.758 0.00000e+00
   75    17.26667   -97.43561 36.40110     259.598     597.398  937.970  292.342   85.805    0.038   12.760 0.00000e+00
   76    17.28333   -97.43522 36.40376     258.362     592.101  938.534  292.405   85.559    0.020   12.766 0.00000e+00
   77    17.30000   -97.43478 36.40651     250.355     580.329  939.769  292.533   84.997   -0.210   12.768 0.00000e+00
   78    17.31667   -97.43436 36.40937     227.946     554.266  942.634  292.802   83.851   -0.563   12.771 0.00000e+00
   79    17.33333   -97.43395 36.41230     191.985     514.482  946.969  293.202   82.202   -0.872   12.778 0.00000e+00
   80    17.35000   -97.43358 36.41526     144.021     464.044  952.441  293.683   80.240   -0.942   12.779 0.00000e+00
   81    17.36667   -97.43334 36.41819      97.835     416.279  957.701  294.140   78.388   -0.778   12.773 0.00000e+00
   82    17.38333   -97.43321 36.42102      62.137     379.118  961.755  294.484   77.024   -0.495   12.767 0.00000e+00
   83    17.40000   -97.43328 36.42378      37.209     353.637  964.528  294.910   75.777   -0.353   12.858 0.00000e+00
   84    17.41667   -97.43350 36.42652      21.559     337.655  966.271  295.436   74.472   -0.225   13.030 0.00000e+00
   85    17.43333   -97.43367 36.42907      14.791     330.496  967.011  295.684   73.827   -0.088   13.105 0.00000e+00
   86    17.45000   -97.43379 36.43146      12.738     328.168  967.235  295.943   73.157   -0.025   13.191 0.00000e+00
   87    17.46667   -97.43384 36.43367      13.299     328.598  967.170  296.127   72.669    0.030   13.252 0.00000e+00
   88    17.48333   -97.43376 36.43568      16.663     331.913  966.789  296.252   72.372    0.130   13.305 0.00000e+00
   89    17.50000   -97.43363 36.43759      27.208     342.490  965.639  296.144   72.597    0.338   13.274 0.00000e+00
   90    17.51667   -97.43345 36.43951      49.458     364.640  963.153  295.766   73.557    0.647   13.176 0.00000e+00
   91    17.53333   -97.43330 36.44148      86.479     401.391  959.100  295.207   75.153    0.960   13.062 0.00000e+00
   92    17.55000   -97.43337 36.44348     140.713     455.160  953.185  294.507   77.420    1.236   12.967 0.00000e+00
   93    17.56667   -97.43375 36.44548     209.104     522.810  945.758  293.772   80.115    1.292   12.922 0.00000e+00
   94    17.58333   -97.43431 36.44737     277.707     590.352  938.387  293.138   82.755    1.178   12.931 0.00000e+00
   95    17.60000   -97.43501 36.44906     311.619     622.942  934.868  292.755   84.003    0.080   12.863 0.00000e+00
   96    17.61667   -97.43568 36.45062     300.323     610.538  936.201  292.904   83.056    0.034   12.820 0.00000e+00
   97    17.63333   -97.43615 36.45211     290.186     599.611  937.420  293.027   81.921   -0.108   12.725 0.00000e+00
   98    17.65000   -97.43651 36.45352     271.989     580.768  939.487  293.194   81.065   -0.337   12.696 0.00000e+00
   99    17.66667   -97.43671 36.45509     247.978     556.422  942.110  293.399   80.248   -0.382   12.695 0.00000e+00
  100    17.68333   -97.43678 36.45685     220.336     529.084  945.105  293.650   79.274   -0.495   12.698 0.00000e+00
  101    17.70000   -97.43681 36.45878     187.456     496.639  948.675  293.970   78.001   -0.650   12.697 0.00000e+00
  102    17.71667   -97.43685 36.46093     146.266     455.924  953.200  294.387   76.254   -0.726   12.677 0.00000e+00
  103    17.73333   -97.43696 36.46333     101.316     411.468  958.083  294.871   74.443   -0.645   12.687 0.00000e+00
  104    17.75000   -97.43724 36.46593      59.768     369.636  962.670  295.426   72.459   -0.559   12.717 0.00000e+00
  105    17.76667   -97.43782 36.46857      33.538     342.921  965.595  295.789   71.079   -0.195   12.717 0.00000e+00
  106    17.78333   -97.43864 36.47100      25.993     334.636  966.486  296.122   70.190   -0.032   12.806 0.00000e+00
  107    17.80000   -97.43958 36.47331      23.180     330.509  966.954  296.390   69.571   -0.026   12.896 0.00000e+00
  108    17.81667   -97.44047 36.47547      26.350     332.544  966.787  296.471   69.300    0.115   12.912 0.00000e+00
  109    17.83333   -97.44084 36.47759      39.324     344.595  965.547  296.518   69.224    0.329   12.952 0.00000e+00
  110    17.85000   -97.44068 36.47954      79.533     383.866  961.154  296.157   70.127    1.289   12.894 0.00000e+00
  111    17.86667   -97.44028 36.48164     186.421     489.393  949.560  294.816   73.675    2.416   12.626 0.00000e+00
  112    17.88333   -97.43974 36.48392     343.543     645.021  932.608  293.199   79.681    3.385   12.577 0.00000e+00
  113    17.90000   -97.43911 36.48613     528.705     828.870  912.852  291.356   87.359    3.019   12.546 0.00000e+00
  114    17.91667   -97.43833 36.48861     674.582     973.481  897.620  289.937   94.119    2.364   12.560 0.00000e+00
  115    17.93333   -97.43697 36.49124     775.570    1073.217  887.190  288.971   98.293    1.645   12.474 0.00000e+00
  116    17.95000   -97.43519 36.49371     836.282    1132.620  880.990  288.501   98.655    1.182   12.232 1.64813e-02
  117    17.96667   -97.43318 36.49612     874.475    1169.721  877.106  288.277   98.734    0.755   12.119 5.61544e-02
  118    17.98333   -97.43110 36.49862     889.721    1186.606  875.284  288.114   99.445    0.361   12.103 4.49682e-02
  119    18.00000   -97.42893 36.50125     883.501    1183.283  875.598  288.075   99.756    0.013   12.106 7.38625e-03
  120    18.01667   -97.42670 36.50401     860.631    1163.432  877.692  288.257   98.620   -0.362   12.081 0.00000e+00
  121    18.03333   -97.42447 36.50683     822.162    1126.578  881.511  288.650   96.042   -0.708   12.015 0.00000e+00
  122    18.05000   -97.42229 36.50960     775.848    1081.552  886.191  289.151   92.761   -0.852   11.922 0.00000e+00
  123    18.06667   -97.42028 36.51226     732.182    1039.468  890.573  289.623   89.606   -0.708   11.813 0.00000e+00
  124    18.08333   -97.41859 36.51480     699.463    1007.961  893.926  289.984   87.171   -0.391   11.716 0.00000e+00
  125    18.10000   -97.41718 36.51723     681.329     990.054  895.856  290.177   85.934   -0.121   11.668 0.00000e+00
  126    18.11667   -97.41600 36.51958     680.600     988.992  895.981  290.196   85.527    0.139   11.625 0.00000e+00
  127    18.13333   -97.41499 36.52188     695.169    1002.768  894.627  290.052   86.318    0.388   11.644 0.00000e+00
  128    18.15000   -97.41408 36.52430     723.327    1029.797  891.797  289.783   87.796    0.604   11.677 0.00000e+00
  129    18.16667   -97.41314 36.52689     764.364    1069.562  887.666  289.422   90.546    0.853   11.823 0.00000e+00
  130    18.18333   -97.41217 36.52965     812.481    1116.322  882.749  288.998   92.752    0.806   11.851 0.00000e+00
  131    18.20000   -97.41109 36.53260     851.620    1155.135  878.660  288.633   94.472    0.500   11.845 0.00000e+00
  132    18.21667   -97.40974 36.53576     865.897    1169.952  877.091  288.485   95.399   -0.066   11.868 0.00000e+00
  133    18.23333   -97.40818 36.53903     844.097    1149.483  879.143  288.694   94.147   -0.698   11.844 0.00000e+00
  134    18.25000   -97.40652 36.54220     793.110    1100.142  884.289  289.219   90.644   -1.001   11.727 0.00000e+00
  135    18.26667   -97.40497 36.54520     734.193    1042.492  890.285  289.795   87.511   -0.994   11.669 0.00000e+00
  136    18.28333   -97.40349 36.54811     683.079     992.574  895.485  290.301   84.901   -0.811   11.625 0.00000e+00
  137    18.30000   -97.40204 36.55101     644.997     956.115  899.278  290.701   82.430   -0.561   11.529 0.00000e+00
  138    18.31667   -97.40059 36.55387     621.240     934.245  901.596  290.948   80.964   -0.229   11.473 0.00000e+00
  139    18.33333   -97.39912 36.55667     613.858     928.578  902.207  291.035   80.204    0.031   11.421 0.00000e+00
  140    18.35000   -97.39763 36.55941     615.299     931.410  901.947  291.028   79.987    0.121   11.388 0.00000e+00
  141    18.36667   -97.39613 36.56211     619.000     936.239  901.423  290.993   79.921    0.092   11.360 0.00000e+00
  142    18.38333   -97.39465 36.56478     617.815     936.702  901.329  290.992   79.896   -0.016   11.357 0.00000e+00
  143    18.40000   -97.39325 36.56741     610.510     931.366  901.945  291.062   79.378   -0.214   11.325 0.00000e+00
  144    18.41667   -97.39199 36.57000     590.210     912.323  903.946  291.267   78.461   -0.396   11.316 0.00000e+00
  145    18.43333   -97.39085 36.57260     559.730     882.843  907.071  291.554   77.019   -0.527   11.273 0.00000e+00
  146    18.45000   -97.38985 36.57518     517.479     842.292  911.365  291.947   75.467   -1.103   11.270 0.00000e+00
  147    18.46667   -97.38887 36.57767     457.550     784.213  917.505  292.502   73.978   -1.179   11.363 0.00000e+00
  148    18.48333   -97.38789 36.58014     398.589     727.139  923.615  293.055   72.318   -1.144   11.423 0.00000e+00
  149    18.50000   -97.38690 36.58247     346.528     675.391  929.190  293.564   71.083   -0.909   11.521 0.00000e+00
  150    18.51667   -97.38590 36.58466     304.129     633.256  933.677  293.982   69.768   -0.676   11.549 0.00000e+00
  151    18.53333   -97.38498 36.58673     270.015     599.457  937.335  294.292   69.287   -0.499   11.647 0.00000e+00
  152    18.55000   -97.38412 36.58869     238.928     568.756  940.685  294.564   68.758   -0.483   11.712 0.00000e+00
  153    18.56667   -97.38326 36.59058     199.527     529.764  944.913  294.957   67.699   -0.594   11.763 0.00000e+00
  154    18.58333   -97.38223 36.59245     150.563     481.051  950.192  295.429   66.392   -0.776   11.809 0.00000e+00
  155    18.60000   -97.38074 36.59421     102.770     433.303  955.463  295.919   64.909   -0.552   11.832 0.00000e+00
  156    18.61667   -97.37874 36.59584      85.085     415.330  957.533  296.046   64.592    0.119   11.841 0.00000e+00
  157    18.63333   -97.37688 36.59745     119.339     448.899  953.825  295.935   65.642    1.251   11.998 0.00000e+00
  158    18.65000   -97.37554 36.59915     205.687     534.768  944.482  295.216   68.637    2.118   12.123 0.00000e+00
  159    18.66667   -97.37489 36.60105     337.215     666.163  930.293  293.959   73.283    2.715   12.159 0.00000e+00
  160    18.68333   -97.37489 36.60336     497.487     826.858  913.131  292.414   79.231    2.781   12.161 0.00000e+00
  161    18.70000   -97.37524 36.60585     627.743     957.368  899.435  291.155   84.490    2.293   12.160 0.00000e+00
  162    18.71667   -97.37560 36.60847     724.987    1053.494  889.456  290.174   88.935    1.907   12.161 0.00000e+00
  163    18.73333   -97.37583 36.61114     810.964    1138.191  880.622  289.313   92.650    1.768   12.110 0.00000e+00
  164    18.75000   -97.37605 36.61386     890.670    1216.485  872.574  288.575   95.537    1.536   12.018 0.00000e+00
  165    18.76667   -97.37602 36.61653     966.494    1290.468  865.007  287.871   98.641    1.633   11.958 0.00000e+00
  166    18.78333   -97.37587 36.61924    1051.787    1373.743  856.571  287.309  100.000    1.961   11.823 9.38515e-02
  167    18.80000   -97.37556 36.62216    1155.849    1475.710  846.275  286.816  100.000    2.413   11.589 2.83709e-01
  168    18.81667   -97.37508 36.62542    1281.771    1600.157  833.842  286.186  100.000    2.671   11.287 4.91779e-01
  169    18.83333   -97.37438 36.62902    1398.546    1715.282  822.515  285.558  100.000    2.393   10.980 6.47222e-01
  170    18.85000   -97.37343 36.63292    1486.151    1799.776  814.325  285.130  100.000    2.017   10.782 7.12923e-01
  171    18.86667   -97.37227 36.63708    1543.172    1852.659  809.163  284.794  100.000    1.559   10.612 6.73993e-01
  172    18.88333   -97.37061 36.64134    1567.253    1873.000  807.176  284.406  100.000    1.163   10.367 4.73046e-01
  173    18.90000   -97.36835 36.64557    1578.262    1881.342  806.342  283.990  100.000    1.098   10.088 2.37496e-01
  174    18.91667   -97.36562 36.64965    1605.854    1906.997  803.863  283.628  100.000    1.132    9.877 1.42136e-01
  175    18.93333   -97.36286 36.65376    1655.213    1954.726  799.244  283.425  100.000    0.798    9.806 2.55119e-01
  176    18.95000   -97.36046 36.65814    1707.325    2006.556  794.259  283.477  100.000    0.567    9.902 5.42041e-01
  177    18.96667   -97.35835 36.66299    1731.006    2030.260  792.023  283.318  100.000   -0.451    9.825 4.59008e-01
  178    18.98333   -97.35620 36.66810    1696.638    1995.542  795.294  283.187   99.928   -1.700    9.671 1.09153e-01
