    0    16.01667   -97.52708 36.22968      42.276     379.040  961.520  293.132   84.646   -0.134   12.901 0.00000e+00
    1    16.03333   -97.52883 36.23191      35.468     372.195  962.359  293.373   83.757    0.379   12.948 0.00000e+00
    2    16.05000   -97.53041 36.23433      56.026     393.923  960.035  293.221   84.378    0.465   12.952 0.00000e+00
    3    16.06667   -97.53138 36.23697      69.759     408.909  958.398  293.086   84.826    0.068   12.933 0.00000e+00
    4    16.08333   -97.53204 36.23977      70.162     411.257  958.124  293.076   84.769   -0.058   12.920 0.00000e+00
    5    16.10000   -97.53276 36.24280      67.047     411.284  958.164  293.099   84.642   -0.077   12.918 0.00000e+00
    6    16.11667   -97.53362 36.24587      61.349     409.305  958.390  293.142   84.483   -0.137   12.926 0.00000e+00
    7    16.13333   -97.53474 36.24883      51.782     402.773  959.171  293.249   84.071   -0.175   12.938 0.00000e+00
    8    16.15000   -97.53624 36.25159      41.520     394.435  960.030  293.367   83.628   -0.132   12.954 0.00000e+00
    9    16.16667   -97.53797 36.25430      40.042     392.408  960.060  293.419   83.522    0.077   12.979 0.00000e+00
   10    16.18333   -97.53948 36.25724      51.155     402.589  958.913  293.388   83.804    0.439   13.013 0.00000e+00
   11    16.20000   -97.54073 36.26062      86.380     437.519  955.008  293.046   85.182    1.184   13.001 0.00000e+00
   12    16.21667   -97.54145 36.26406     146.783     498.412  948.313  292.422   87.781    0.909   12.975 0.00000e+00
   13    16.23333   -97.54156 36.26728     185.742     538.781  943.966  292.010   89.559    0.520   12.960 0.00000e+00
   14    16.25000   -97.54150 36.27040     202.977     557.513  941.902  291.796   90.481    0.295   12.946 0.00000e+00
   15    16.26667   -97.54149 36.27355     213.235     568.423  940.745  291.674   90.980    0.307   12.933 0.00000e+00
   16    16.28333   -97.54152 36.27671     226.318     581.594  939.358  291.544   91.517    0.269   12.922 0.00000e+00
   17    16.30000   -97.54150 36.27996     234.602     589.918  938.506  291.472   91.742    0.145   12.907 0.00000e+00
   18    16.31667   -97.54163 36.28337     235.590     589.356  938.553  291.480   91.558    0.041   12.887 0.00000e+00
   19    16.33333   -97.54199 36.28691     234.266     586.278  938.910  291.516   91.130   -0.110   12.851 0.00000e+00
   20    16.35000   -97.54259 36.29062     219.726     570.294  940.645  291.674   90.135   -0.363   12.814 0.00000e+00
   21    16.36667   -97.54383 36.29442     204.375     553.881  942.441  291.828   89.299    0.172   12.795 0.00000e+00
   22    16.38333   -97.54549 36.29794     242.505     592.994  938.082  291.426   91.143    1.437   12.791 0.00000e+00
   23    16.40000   -97.54636 36.30114     331.868     685.399  928.071  290.524   95.472    1.676   12.790 0.00000e+00
   24    16.41667   -97.54598 36.30424     412.248     768.116  919.188  289.754   99.254    1.241   12.782 4.76573e-04
   25    16.43333   -97.54443 36.30740     483.386     839.578  911.579  289.343  100.000    0.871   12.664 7.56354e-02
   26    16.45000   -97.54189 36.31047     503.789     858.237  909.579  289.259  100.000   -0.569   12.624 8.53798e-02
   27    16.46667   -97.53961 36.31357     441.117     793.430  916.627  289.727   98.423   -1.469   12.688 1.96096e-04
   28    16.48333   -97.53834 36.31672     348.174     697.478  926.866  290.642   93.903   -1.466   12.691 0.00000e+00
   29    16.50000   -97.53795 36.31992     266.055     613.370  936.049  291.463   90.020   -1.124   12.691 0.00000e+00
   30    16.51667   -97.53814 36.32317     203.156     550.395  942.782  292.070   87.239   -1.064   12.687 0.00000e+00
   31    16.53333   -97.53880 36.32650     149.634     498.774  948.421  292.539   85.318   -1.050   12.703 0.00000e+00
   32    16.55000   -97.53976 36.32975     110.751     461.588  952.529  292.877   83.952   -0.426   12.712 0.00000e+00
   33    16.56667   -97.54059 36.33285     105.902     457.421  953.016  292.980   83.811    0.332   12.766 0.00000e+00
   34    16.58333   -97.54122 36.33552     148.229     500.392  948.303  292.719   85.207    1.063   12.832 0.00000e+00
   35    16.60000   -97.54159 36.33789     196.337     549.115  943.000  292.227   87.284    0.456   12.817 0.00000e+00
   36    16.61667   -97.54145 36.34008     213.625     566.588  941.033  292.056   87.820    0.103   12.785 0.00000e+00
   37    16.63333   -97.54089 36.34208     219.545     572.552  940.396  292.021   87.555   -0.236   12.727 0.00000e+00
   38    16.65000   -97.54011 36.34389     214.266     567.414  940.928  292.093   86.966   -0.409   12.691 0.00000e+00
   39    16.66667   -97.53931 36.34546     215.283     568.724  940.781  292.072   86.994    0.127   12.681 0.00000e+00
   40    16.68333   -97.53833 36.34698     226.277     579.552  939.743  292.044   87.475    0.271   12.742 0.00000e+00
   41    16.70000   -97.53724 36.34865     206.418     558.044  942.112  292.286   86.650   -0.530   12.784 0.00000e+00
   42    16.71667   -97.53622 36.35061     160.484     509.784  947.367  292.750   84.525   -1.185   12.767 0.00000e+00
   43    16.73333   -97.53553 36.35274     103.453     450.297  953.880  293.332   82.025   -1.194   12.760 0.00000e+00
   44    16.75000   -97.53524 36.35499      59.994     404.186  959.001  293.773   80.206   -0.522   12.756 0.00000e+00
   45    16.76667   -97.53517 36.35737      46.915     387.332  960.874  293.997   79.421   -0.046   12.784 0.00000e+00
   46    16.78333   -97.53503 36.35976      55.959     392.489  960.251  294.086   79.209    0.360   12.829 0.00000e+00
   47    16.80000   -97.53477 36.36216      83.148     415.836  957.687  293.859   80.137    0.689   12.831 0.00000e+00
   48    16.81667   -97.53445 36.36459     125.634     455.481  953.261  293.513   81.506    1.114   12.833 0.00000e+00
   49    16.83333   -97.53425 36.36692     167.910     495.911  948.842  293.124   82.900    0.826   12.799 0.00000e+00
   50    16.85000   -97.53407 36.36934     190.946     516.951  946.545  292.930   83.550    0.581   12.774 0.00000e+00
   51    16.86667   -97.53383 36.37183     206.058     530.473  944.937  292.781   83.917    0.337   12.733 0.00000e+00
   52    16.88333   -97.53372 36.37445     210.762     537.393  944.113  292.701   84.115    0.146   12.710 0.00000e+00
   53    16.90000   -97.53388 36.37718     201.461     530.716  944.855  292.769   83.769   -0.269   12.702 0.00000e+00
   54    16.91667   -97.53423 36.38003     161.365     493.223  948.993  293.161   81.966   -1.186   12.681 0.00000e+00
   55    16.93333   -97.53441 36.38276      96.789     429.804  955.991  293.811   79.098   -1.111   12.651 0.00000e+00
   56    16.95000   -97.53429 36.38514      52.469     386.422  960.758  294.228   77.479   -0.491   12.653 0.00000e+00
   57    16.96667   -97.53413 36.38726      34.710     369.573  962.607  294.397   76.951   -0.123   12.674 0.00000e+00
   58    16.98333   -97.53415 36.38918      30.829     366.464  962.902  294.516   76.673    0.035   12.718 0.00000e+00
   59    17.00000   -97.53438 36.39097      33.766     369.980  962.557  294.564   76.605    0.106   12.750 0.00000e+00
   60    17.01667   -97.53470 36.39273      39.731     376.434  961.792  294.572   76.625    0.120   12.769 0.00000e+00
   61    17.03333   -97.53500 36.39454      45.437     382.599  961.095  294.572   76.645    0.086   12.782 0.00000e+00
   62    17.05000   -97.53539 36.39645      47.451     385.122  960.828  294.590   76.597    0.029   12.792 0.00000e+00
   63    17.06667   -97.53583 36.39846      46.356     385.026  960.860  294.618   76.518    0.010   12.801 0.00000e+00
   64    17.08333   -97.53631 36.40047      45.545     385.404  960.834  294.657   76.414    0.042   12.814 0.00000e+00
   65    17.10000   -97.53676 36.40243      50.538     391.809  960.139  294.632   76.588    0.123   12.833 0.00000e+00
   66    17.11667   -97.53706 36.40435      56.090     398.720  959.396  294.557   76.853    0.082   12.828 0.00000e+00
   67    17.13333   -97.53716 36.40625      56.294     399.823  959.316  294.553   76.898   -0.014   12.833 0.00000e+00
   68    17.15000   -97.53706 36.40804      54.453     398.592  959.423  294.612   76.794   -0.005   12.861 0.00000e+00
   69    17.16667   -97.53690 36.40971      55.847     400.565  959.154  294.655   76.771    0.100   12.896 0.00000e+00
   70    17.18333   -97.53677 36.41126      67.489     412.755  957.830  294.596   77.087    0.322   12.920 0.00000e+00
   71    17.20000   -97.53674 36.41278      95.225     441.026  954.725  294.345   78.062    0.645   12.923 0.00000e+00
   72    17.21667   -97.53680 36.41434     142.442     488.787  949.453  293.877   79.840    0.999   12.910 0.00000e+00
   73    17.23333   -97.53685 36.41600     204.846     551.781  942.590  293.257   82.262    1.344   12.892 0.00000e+00
   74    17.25000   -97.53690 36.41785     280.172     627.746  934.305  292.527   85.450    1.529   12.907 0.00000e+00
   75    17.26667   -97.53683 36.41995     348.743     697.060  926.864  291.845   88.429    1.665   12.899 0.00000e+00
   76    17.28333   -97.53622 36.42213     447.828     797.091  916.128  290.881   92.872    2.207   12.895 0.00000e+00
   77    17.30000   -97.53517 36.42427     555.321     905.798  904.588  289.772   98.031    1.840   12.844 0.00000e+00
   78    17.31667   -97.53375 36.42638     652.207    1003.461  894.268  289.033  100.000    1.658   12.656 9.97734e-02
   79    17.33333   -97.53169 36.42853     742.457    1093.851  884.860  288.523  100.000    1.840   12.379 2.54385e-01
   80    17.35000   -97.52890 36.43070     834.932    1184.889  875.555  288.105  100.000    1.520   12.178 4.36504e-01
   81    17.36667   -97.52589 36.43299     904.138    1248.975  869.003  287.705  100.000    1.039   11.951 4.22150e-01
   82    17.38333   -97.52319 36.43544     971.058    1311.828  862.500  287.095  100.000    0.785   11.578 2.53695e-01
   83    17.40000   -97.52063 36.43809    1049.515    1388.038  854.732  286.527  100.000    1.012   11.258 1.99556e-01
   84    17.41667   -97.51819 36.44076    1139.780    1476.273  845.814  285.999  100.000    1.412   10.990 2.21105e-01
   85    17.43333   -97.51573 36.44333    1229.011    1563.625  837.081  285.485  100.000    1.858   10.735 2.75946e-01
   86    17.45000   -97.51310 36.44581    1308.802    1641.688  829.374  285.034  100.000    1.625   10.517 3.68498e-01
   87    17.46667   -97.51042 36.44833    1352.840    1683.149  825.343  284.793  100.000    1.190   10.401 4.10070e-01
   88    17.48333   -97.50754 36.45084    1359.562    1687.175  824.914  284.784  100.000    0.540   10.400 4.03085e-01
   89    17.50000   -97.50456 36.45342    1344.142    1669.878  826.617  284.870  100.000   -0.048   10.438 3.20393e-01
   90    17.51667   -97.50147 36.45605    1315.403    1639.328  829.693  284.971  100.000   -0.415   10.469 1.83812e-01
   91    17.53333   -97.49831 36.45877    1284.375    1605.153  833.107  285.109   99.781   -0.648   10.480 5.02324e-02
   92    17.55000   -97.49515 36.46159    1260.875    1577.684  835.857  285.340   97.598   -0.648   10.374 0.00000e+00
   93    17.56667   -97.49193 36.46443    1252.768    1566.213  836.893  285.489   95.514   -0.368   10.240 0.00000e+00
   94    17.58333   -97.48871 36.46726    1265.270    1576.846  835.833  285.421   95.151    0.189   10.168 0.00000e+00
   95    17.60000   -97.48555 36.47003    1296.518    1605.996  832.982  285.159   96.365    0.665   10.156 0.00000e+00
   96    17.61667   -97.48242 36.47279    1335.074    1642.072  829.401  284.801   98.417    0.735   10.172 0.00000e+00
   97    17.63333   -97.47926 36.47560    1366.733    1671.108  826.549  284.544   99.412    0.423   10.136 2.17939e-03
   98    17.65000   -97.47604 36.47846    1376.349    1679.650  825.618  284.477   99.184   -0.119   10.079 0.00000e+00
   99    17.66667   -97.47262 36.48131    1361.450    1664.056  827.186  284.678   97.533   -0.623   10.026 0.00000e+00
  100    17.68333   -97.46893 36.48414    1330.129    1631.346  830.433  285.091   94.999   -0.847    9.997 0.00000e+00
  101    17.70000   -97.46508 36.48696    1297.921    1598.316  833.682  285.544   92.142   -0.735    9.953 0.00000e+00
  102    17.71667   -97.46114 36.48985    1273.182    1572.981  836.188  285.908   89.472   -0.483    9.870 0.00000e+00
  103    17.73333   -97.45728 36.49289    1257.078    1556.271  837.882  286.110   88.360   -0.043    9.858 0.00000e+00
  104    17.75000   -97.45345 36.49604    1253.724    1551.927  838.331  286.046   89.365    0.259    9.922 0.00000e+00
  105    17.76667   -97.44972 36.49929    1261.391    1559.027  837.595  285.697   92.479    0.105   10.044 0.00000e+00
  106    17.78333   -97.44601 36.50262    1274.213    1573.397  836.119  285.373   95.908    0.146   10.213 1.41507e-03
  107    17.80000   -97.44223 36.50606    1290.564    1592.505  834.227  285.130   98.422    0.257   10.337 2.43597e-02
  108    17.81667   -97.43840 36.50962    1308.203    1613.121  832.152  284.966  100.000    0.418   10.417 3.36033e-02
  109    17.83333   -97.43449 36.51325    1316.652    1624.380  831.069  284.937   99.971    0.413   10.406 6.47382e-02
  110    17.85000   -97.43056 36.51686    1306.804    1616.914  831.813  284.924  100.000    0.057   10.395 2.82715e-02
  111    17.86667   -97.42662 36.52039    1279.279    1591.830  834.327  285.124   98.569   -0.403   10.347 0.00000e+00
  112    17.88333   -97.42274 36.52396    1254.110    1566.465  836.965  285.484   95.441   -0.485   10.228 0.00000e+00
  113    17.90000   -97.41901 36.52768    1237.411    1547.178  838.913  285.780   92.802   -0.500   10.118 0.00000e+00
  114    17.91667   -97.41551 36.53149    1224.888    1531.415  840.508  286.016   91.018   -0.348   10.060 0.00000e+00
  115    17.93333   -97.41220 36.53528    1207.465    1511.723  842.422  286.179   90.382   -0.343   10.074 0.00000e+00
  116    17.95000   -97.40894 36.53901    1169.443    1474.545  846.039  286.504   88.947   -0.683   10.085 0.00000e+00
  117    17.96667   -97.40572 36.54271    1109.151    1416.544  851.936  287.004   87.247   -0.890   10.151 0.00000e+00
  118    17.98333   -97.40260 36.54641    1049.271    1358.499  857.775  287.597   84.396   -0.527   10.137 0.00000e+00
  119    18.00000   -97.39940 36.54997     997.984    1310.307  862.658  287.949   83.410   -0.606   10.191 0.00000e+00
  120    18.01667   -97.39609 36.55339     957.286    1272.825  866.446  288.175   84.566   -0.660   10.439 0.00000e+00
  121    18.03333   -97.39288 36.55674     931.440    1249.587  868.822  288.216   86.416   -0.533   10.667 0.00000e+00
  122    18.05000   -97.38970 36.56008     925.273    1245.968  869.194  288.213   86.820   -0.263   10.710 0.00000e+00
  123    18.06667   -97.38646 36.56348     943.346    1267.083  867.083  288.038   87.240    0.337   10.666 0.00000e+00
  124    18.08333   -97.38311 36.56695     981.556    1305.628  863.198  287.665   88.740    0.735   10.637 0.00000e+00
  125    18.10000   -97.37975 36.57056    1020.154    1344.643  859.146  287.264   90.873    0.768   10.662 0.00000e+00
  126    18.11667   -97.37648 36.57436    1052.020    1379.534  855.587  286.908   92.849    0.645   10.688 0.00000e+00
  127    18.13333   -97.37338 36.57834    1073.482    1404.595  853.076  286.666   93.633    0.326   10.641 0.00000e+00
  128    18.15000   -97.37042 36.58250    1066.712    1398.485  853.790  286.659   93.925   -0.065   10.660 0.00000e+00
  129    18.16667   -97.36768 36.58689    1041.719    1372.236  856.445  286.916   92.811   -0.308   10.679 0.00000e+00
  130    18.18333   -97.36502 36.59142    1009.880    1339.025  859.874  287.254   91.066   -0.626   10.669 0.00000e+00
  131    18.20000   -97.36246 36.59597     977.094    1303.526  863.455  287.605   89.242   -0.306   10.653 0.00000e+00
  132    18.21667   -97.36000 36.60036     968.850    1292.692  864.588  287.699   88.888    0.320   10.662 0.00000e+00
  133    18.23333   -97.35751 36.60435     998.776    1319.536  861.901  287.472   89.820    0.992   10.649 0.00000e+00
  134    18.25000   -97.35492 36.60793    1059.480    1377.599  855.986  286.888   93.746    1.556   10.773 0.00000e+00
  135    18.26667   -97.35217 36.61130    1138.712    1452.685  848.561  286.122   99.167    1.807   10.932 4.34452e-03
  136    18.28333   -97.34933 36.61462    1218.865    1526.941  841.064  285.748  100.000    1.532   10.871 1.39054e-01
  137    18.30000   -97.34641 36.61795    1283.494    1586.831  835.094  285.473  100.000    0.964   10.752 2.53937e-01
  138    18.31667   -97.34341 36.62125    1322.246    1622.366  831.433  285.293  100.000    0.133   10.673 3.06830e-01
  139    18.33333   -97.34039 36.62443    1330.297    1629.957  830.702  285.157  100.000   -0.412   10.587 1.81919e-01
  140    18.35000   -97.33745 36.62738    1320.097    1618.416  831.936  285.153  100.000   -0.327   10.567 8.61221e-02
  141    18.36667   -97.33427 36.63004    1289.128    1585.966  835.056  285.522   99.484   -1.029   10.712 1.61636e-01
  142    18.38333   -97.33115 36.63287    1178.430    1474.943  846.093  286.346   96.990   -2.360   10.883 6.30149e-02
  143    18.40000   -97.32956 36.63663    1094.667    1390.999  854.576  286.996   93.560    0.543   10.846 1.35362e-02
  144    18.41667   -97.32880 36.64052    1194.954    1491.388  844.437  286.624   99.580    3.621   11.402 4.59408e-01
  145    18.43333   -97.32757 36.64342    1380.882    1677.507  825.987  285.702  100.000    2.395   11.038 7.98471e-01
  146    18.45000   -97.32513 36.64577    1498.278    1795.175  814.439  284.294   99.000    0.444   10.076 2.72790e-01
  147    18.46667   -97.32220 36.64841    1537.378    1834.037  810.671  284.172   99.117   -1.529   10.052 2.01040e-01
  148    18.48333   -97.31931 36.65115    1512.202    1808.058  813.222  284.440   91.667   -0.802    9.434 1.19382e-02
  149    18.50000   -97.31699 36.65429    1504.028    1798.847  814.163  284.777   85.800    0.348    9.021 0.00000e+00
  150    18.51667   -97.31509 36.65773    1526.551    1821.623  811.999  284.561   86.670    0.525    9.007 0.00000e+00
  151    18.53333   -97.31346 36.66132    1540.620    1836.014  810.568  284.382   88.489    0.167    9.102 0.00000e+00
  152    18.55000   -97.31174 36.66496    1543.053    1838.609  810.307  284.395   88.104   -0.135    9.074 0.00000e+00
  153    18.56667   -97.30962 36.66861    1544.138    1841.165  810.028  284.414   88.207   -0.020    9.099 0.00000e+00
  154    18.58333   -97.30730 36.67239    1557.466    1857.526  808.323  284.195   89.956    0.446    9.164 0.00000e+00
  155    18.60000   -97.30499 36.67630    1589.319    1893.953  804.871  283.774   92.825    0.704    9.233 0.00000e+00
  156    18.61667   -97.30257 36.68021    1626.081    1934.195  801.018  283.406   94.772    0.569    9.241 0.00000e+00
  157    18.63333   -97.29982 36.68414    1657.378    1967.238  797.926  283.287   92.731    0.273    9.005 0.00000e+00
  158    18.65000   -97.29669 36.68807    1669.887    1980.842  796.612  283.189   92.339   -0.102    8.923 0.00000e+00
  159    18.66667   -97.29326 36.69199    1656.927    1968.632  797.815  283.288   92.105   -0.389    8.946 0.00000e+00
  160    18.68333   -97.28963 36.69584    1633.010    1945.203  800.090  283.551   90.004   -0.447    8.872 0.00000e+00
  161    18.70000   -97.28607 36.69974    1614.696    1927.040  801.816  283.757   88.488   -0.218    8.826 0.00000e+00
  162    18.71667   -97.28268 36.70371    1611.119    1923.920  802.124  283.746   89.436    0.108    8.910 0.00000e+00
  163    18.73333   -97.27945 36.70771    1623.049    1933.486  801.277  283.576   91.104    0.366    8.983 0.00000e+00
  164    18.75000   -97.27623 36.71172    1644.016    1950.223  799.728  283.411   91.795    0.380    8.969 0.00000e+00
  165    18.76667   -97.27302 36.71571    1661.767    1964.388  798.310  283.283   92.090    0.171    8.936 0.00000e+00
  166    18.78333   -97.26974 36.71973    1665.211    1965.903  798.153  283.310   91.205   -0.095    8.868 0.00000e+00
  167    18.80000   -97.26649 36.72375    1653.764    1954.917  799.100  283.432   90.354   -0.220    8.848 0.00000e+00
  168    18.81667   -97.26332 36.72779    1642.054    1945.935  799.972  283.474   90.503   -0.021    8.877 0.00000e+00
  169    18.83333   -97.26017 36.73174    1646.253    1952.860  799.370  283.349   91.895    0.303    8.945 0.00000e+00
  170    18.85000   -97.25696 36.73561    1668.859    1976.193  797.165  283.081   93.919    0.456    9.004 0.00000e+00
  171    18.86667   -97.25372 36.73942    1698.523    2005.285  794.422  282.797   95.381    0.400    9.002 0.00000e+00
  172    18.88333   -97.25054 36.74316    1729.311    2033.417  791.783  282.588   95.662    0.235    8.931 0.00000e+00
  173    18.90000   -97.24766 36.74702    1753.289    2054.841  789.743  282.296   96.654   -0.146    8.870 3.03952e-02
  174    18.91667   -97.24502 36.75101    1762.147    2063.401  788.874  282.428   98.469   -0.121    9.128 2.03078e-01
  175    18.93333   -97.24245 36.75502    1764.153    2066.126  788.605  282.511   99.366   -0.198    9.266 2.97125e-01
  176    18.95000   -97.23964 36.75903    1770.794    2073.560  787.902  282.438   99.877   -0.288    9.276 2.68260e-01
  177    18.96667   -97.23642 36.76307    1783.369    2087.190  786.665  282.496   99.642   -0.091    9.305 3.33673e-01
  178    18.98333   -97.23321 36.76707    1780.199    2083.621  787.029  282.325   99.937   -0.011    9.221 2.14029e-01
