    0    16.01667   -97.50738 36.27169       3.783     367.984  963.037  293.690   81.371   -0.015   12.821 0.00000e+00
    1    16.03333   -97.50767 36.27354       3.505     367.443  963.000  293.823   81.033   -0.001   12.874 0.00000e+00
    2    16.05000   -97.50816 36.27525       3.765     367.626  963.025  293.886   81.242    0.002   12.958 0.00000e+00
    3    16.06667   -97.50891 36.27680       3.425     367.466  963.041  293.974   81.248    0.004   13.029 0.00000e+00
    4    16.08333   -97.50987 36.27819       4.276     368.737  962.920  293.949   81.615    0.014   13.069 0.00000e+00
    5    16.10000   -97.51099 36.27950       5.128     369.969  962.767  293.933   81.887    0.037   13.102 0.00000e+00
    6    16.11667   -97.51209 36.28074       6.726     371.284  962.612  293.866   82.304    0.055   13.116 0.00000e+00
    7    16.13333   -97.51309 36.28189       9.929     373.799  962.329  293.829   82.644    0.088   13.144 0.00000e+00
    8    16.15000   -97.51405 36.28287      16.402     379.606  961.711  293.745   82.755    0.179   13.102 0.00000e+00
    9    16.16667   -97.51496 36.28386      29.386     391.914  960.384  293.561   83.360    0.292   13.065 0.00000e+00
   10    16.18333   -97.51582 36.28515      44.243     405.916  958.827  293.386   84.051    0.291   13.052 0.00000e+00
   11    16.20000   -97.51671 36.28671      59.855     420.487  957.185  293.191   84.807    0.398   13.032 0.00000e+00
   12    16.21667   -97.51756 36.28841      84.444     443.964  954.578  292.897   85.961    0.623   13.004 0.00000e+00
   13    16.23333   -97.51829 36.29023     119.554     478.286  950.802  292.496   87.564    0.619   12.969 0.00000e+00
   14    16.25000   -97.51891 36.29220     148.833     506.925  947.634  292.183   88.865    0.500   12.949 0.00000e+00
   15    16.26667   -97.51957 36.29426     170.109     527.587  945.381  291.936   89.803    0.336   12.915 0.00000e+00
   16    16.28333   -97.52022 36.29636     195.080     551.934  942.710  291.679   90.901    0.470   12.899 0.00000e+00
   17    16.30000   -97.52071 36.29860     218.670     574.639  940.198  291.438   91.929    0.276   12.882 0.00000e+00
   18    16.31667   -97.52111 36.30095     236.459     591.548  938.365  291.292   92.546    0.171   12.874 0.00000e+00
   19    16.33333   -97.52142 36.30342     235.411     589.577  938.560  291.319   92.229   -0.290   12.849 0.00000e+00
   20    16.35000   -97.52189 36.30585     215.784     568.817  940.768  291.516   91.250   -0.501   12.842 0.00000e+00
   21    16.36667   -97.52252 36.30818     190.639     542.036  943.661  291.775   90.069   -0.373   12.845 0.00000e+00
   22    16.38333   -97.52308 36.31049     167.125     516.729  946.468  292.051   88.859   -0.609   12.857 0.00000e+00
   23    16.40000   -97.52357 36.31279     124.660     472.296  951.376  292.534   86.832   -0.827   12.884 0.00000e+00
   24    16.41667   -97.52407 36.31504      81.505     426.728  956.457  292.999   84.849   -0.823   12.893 0.00000e+00
   25    16.43333   -97.52460 36.31715      47.054     390.094  960.579  293.372   83.258   -0.576   12.893 0.00000e+00
   26    16.45000   -97.52524 36.31918      25.013     366.260  963.273  293.748   81.783   -0.346   12.929 0.00000e+00
   27    16.46667   -97.52608 36.32087      11.129     351.180  964.869  294.125   80.208   -0.126   12.960 0.00000e+00
   28    16.48333   -97.52722 36.32263       5.157     345.473  965.329  294.544   77.952   -0.079   12.920 0.00000e+00
   29    16.50000   -97.52837 36.32462       2.770     344.830  965.363  294.866   76.891   -0.021   13.000 0.00000e+00
   30    16.51667   -97.52919 36.32645       2.486     346.201  965.221  295.117   76.599    0.004   13.155 0.00000e+00
   31    16.53333   -97.52934 36.32809       3.155     347.984  965.037  295.175   76.689   -0.006   13.220 0.00000e+00
   32    16.55000   -97.52919 36.32964       3.287     348.891  964.962  295.214   76.615   -0.014   13.240 0.00000e+00
   33    16.56667   -97.52896 36.33108       3.376     349.088  964.935  295.348   76.295    0.006   13.295 0.00000e+00
   34    16.58333   -97.52874 36.33248       3.429     348.986  964.915  295.443   75.846   -0.003   13.294 0.00000e+00
   35    16.60000   -97.52860 36.33389       3.192     348.653  964.956  295.464   75.449   -0.013   13.241 0.00000e+00
   36    16.61667   -97.52856 36.33529       3.104     348.557  964.943  295.481   75.168   -0.015   13.206 0.00000e+00
   37    16.63333   -97.52862 36.33664       2.816     348.300  964.964  295.361   75.442   -0.015   13.156 0.00000e+00
   38    16.65000   -97.52876 36.33791       2.996     348.585  964.900  295.251   75.743   -0.016   13.120 0.00000e+00
   39    16.66667   -97.52892 36.33909       2.213     348.454  964.886  295.322   75.618    0.005   13.156 0.00000e+00
   40    16.68333   -97.52913 36.34024       2.275     349.533  964.740  295.381   75.363    0.011   13.162 0.00000e+00
   41    16.70000   -97.52936 36.34135       2.895     351.158  964.591  295.415   75.052    0.010   13.137 0.00000e+00
   42    16.71667   -97.52968 36.34239       3.621     352.833  964.390  295.414   74.987    0.004   13.127 0.00000e+00
   43    16.73333   -97.53009 36.34328       4.644     354.693  964.205  295.277   75.389    0.007   13.089 0.00000e+00
   44    16.75000   -97.53025 36.34399       7.018     357.642  963.915  295.267   75.710    0.090   13.142 0.00000e+00
   45    16.76667   -97.53010 36.34468      14.523     365.598  963.116  295.176   76.378    0.159   13.194 0.00000e+00
   46    16.78333   -97.52980 36.34552      25.425     377.026  961.873  295.084   76.832    0.205   13.214 0.00000e+00
   47    16.80000   -97.52946 36.34658      40.115     392.079  960.299  294.887   77.524    0.282   13.194 0.00000e+00
   48    16.81667   -97.52923 36.34798      62.812     414.148  957.910  294.615   78.457    0.359   13.163 0.00000e+00
   49    16.83333   -97.52920 36.34970      96.680     446.608  954.301  294.271   79.699    0.672   13.139 0.00000e+00
   50    16.85000   -97.52936 36.35172     143.244     491.578  949.344  293.833   81.439    1.075   13.134 0.00000e+00
   51    16.86667   -97.52959 36.35394     197.197     543.739  943.632  293.289   83.556    1.423   13.106 0.00000e+00
   52    16.88333   -97.52994 36.35634     256.832     600.461  937.469  292.737   85.813    1.904   13.090 0.00000e+00
   53    16.90000   -97.53030 36.35890     312.410     652.045  931.862  292.138   88.116    1.496   13.022 0.00000e+00
   54    16.91667   -97.53052 36.36143     360.379     696.097  927.081  291.689   89.961    1.263   12.991 0.00000e+00
   55    16.93333   -97.53059 36.36397     402.657     734.789  922.889  291.306   91.481    1.374   12.953 0.00000e+00
   56    16.95000   -97.53058 36.36667     438.570     767.868  919.357  290.934   92.887    1.409   12.895 0.00000e+00
   57    16.96667   -97.53041 36.36945     467.746     794.130  916.546  290.609   94.127    0.981   12.839 0.00000e+00
   58    16.98333   -97.53001 36.37236     481.025     805.690  915.175  290.422   94.691    0.458   12.782 0.00000e+00
   59    17.00000   -97.52927 36.37548     493.082     820.705  913.521  290.263   94.995    0.416   12.717 0.00000e+00
   60    17.01667   -97.52843 36.37876     510.285     841.072  911.320  290.043   95.920    0.341   12.693 0.00000e+00
   61    17.03333   -97.52748 36.38213     534.915     868.692  908.431  289.771   97.267    0.496   12.689 0.00000e+00
   62    17.05000   -97.52647 36.38554     562.484     899.062  905.215  289.513   97.967    0.271   12.615 0.00000e+00
   63    17.06667   -97.52549 36.38895     576.400     915.452  903.546  289.415   97.939   -0.091   12.556 0.00000e+00
   64    17.08333   -97.52447 36.39228     567.952     908.874  904.216  289.519   96.998   -0.408   12.509 0.00000e+00
   65    17.10000   -97.52325 36.39552     547.188     889.919  906.213  289.724   95.674   -0.378   12.474 0.00000e+00
   66    17.11667   -97.52196 36.39878     526.592     870.408  908.303  289.884   95.167   -0.255   12.507 0.00000e+00
   67    17.13333   -97.52061 36.40205     516.096     860.912  909.306  289.990   94.428   -0.164   12.480 0.00000e+00
   68    17.15000   -97.51912 36.40522     512.164     858.215  909.620  290.044   93.940   -0.125   12.454 0.00000e+00
   69    17.16667   -97.51752 36.40820     508.944     855.196  909.938  290.107   93.376   -0.145   12.426 0.00000e+00
   70    17.18333   -97.51588 36.41092     503.228     849.113  910.597  290.172   93.065   -0.166   12.426 0.00000e+00
   71    17.20000   -97.51437 36.41341     491.559     836.523  912.058  290.287   92.866   -0.211   12.471 0.00000e+00
   72    17.21667   -97.51302 36.41576     478.134     820.410  913.820  290.386   92.973   -0.299   12.540 0.00000e+00
   73    17.23333   -97.51183 36.41804     456.995     796.302  916.384  290.584   92.257   -0.413   12.566 0.00000e+00
   74    17.25000   -97.51077 36.42044     425.396     761.604  920.090  290.886   90.938   -0.785   12.575 0.00000e+00
   75    17.26667   -97.50986 36.42305     388.989     722.765  924.242  291.261   89.160   -0.790   12.570 0.00000e+00
   76    17.28333   -97.50914 36.42575     362.491     694.402  927.273  291.524   87.929   -0.653   12.563 0.00000e+00
   77    17.30000   -97.50858 36.42839     345.141     675.190  929.354  291.714   87.325   -0.548   12.599 0.00000e+00
   78    17.31667   -97.50816 36.43095     340.228     669.348  929.888  291.788   87.089   -0.264   12.616 0.00000e+00
   79    17.33333   -97.50790 36.43343     346.088     675.817  929.174  291.752   87.323    0.012   12.631 0.00000e+00
   80    17.35000   -97.50774 36.43570     360.755     691.019  927.585  291.616   88.019    0.211   12.645 0.00000e+00
   81    17.36667   -97.50760 36.43775     384.042     714.743  925.083  291.405   89.069    0.382   12.661 0.00000e+00
   82    17.38333   -97.50734 36.43966     411.555     742.143  922.104  291.172   90.330    0.544   12.693 0.00000e+00
   83    17.40000   -97.50701 36.44138     435.986     766.216  919.540  290.959   91.492    0.324   12.719 0.00000e+00
   84    17.41667   -97.50648 36.44294     459.322     789.109  917.007  290.725   92.575    0.296   12.715 0.00000e+00
   85    17.43333   -97.50558 36.44444     486.468     815.705  914.218  290.498   93.724    0.394   12.727 0.00000e+00
   86    17.45000   -97.50455 36.44592     524.728     853.433  910.218  290.178   95.160    0.647   12.716 0.00000e+00
   87    17.46667   -97.50342 36.44747     571.716     899.631  905.327  289.796   96.443    1.347   12.645 0.00000e+00
   88    17.48333   -97.50201 36.44915     609.413     936.099  901.468  289.438   98.434    1.414   12.667 0.00000e+00
   89    17.50000   -97.50056 36.45111     629.598     955.002  899.548  289.295   98.735    0.576   12.617 0.00000e+00
   90    17.51667   -97.49896 36.45327     624.336     948.432  900.227  289.492   96.168   -0.301   12.437 0.00000e+00
   91    17.53333   -97.49723 36.45565     593.335     915.814  903.686  289.899   93.234   -0.879   12.328 0.00000e+00
   92    17.55000   -97.49550 36.45825     543.676     863.397  909.283  290.487   89.599   -1.232   12.224 0.00000e+00
   93    17.56667   -97.49391 36.46102     485.000     801.478  915.889  291.142   86.045   -1.361   12.150 0.00000e+00
   94    17.58333   -97.49249 36.46386     428.569     742.340  922.124  291.746   83.171   -1.201   12.119 0.00000e+00
   95    17.60000   -97.49127 36.46671     383.397     696.604  926.992  292.196   80.889   -0.766   12.061 0.00000e+00
   96    17.61667   -97.49017 36.46956     356.417     669.080  929.968  292.502   79.565   -0.396   12.056 0.00000e+00
   97    17.63333   -97.48914 36.47231     341.138     653.067  931.774  292.666   79.022   -0.417   12.073 0.00000e+00
   98    17.65000   -97.48808 36.47498     323.248     633.886  933.842  292.801   78.443   -0.681   12.060 0.00000e+00
   99    17.66667   -97.48713 36.47764     293.097     602.409  937.268  293.106   77.547   -0.999   12.108 0.00000e+00
  100    17.68333   -97.48652 36.48056     258.339     566.654  941.059  293.467   76.457   -0.673   12.160 0.00000e+00
  101    17.70000   -97.48624 36.48372     248.841     557.275  942.125  293.473   76.803    0.094   12.206 0.00000e+00
  102    17.71667   -97.48613 36.48689     278.735     587.454  938.833  293.223   78.338    0.877   12.300 0.00000e+00
  103    17.73333   -97.48614 36.48992     335.334     643.872  932.729  292.776   80.782    1.308   12.416 0.00000e+00
  104    17.75000   -97.48615 36.49276     404.643     712.529  925.293  292.152   83.789    1.483   12.483 0.00000e+00
  105    17.76667   -97.48590 36.49540     484.895     792.140  916.759  291.438   87.304    1.766   12.549 0.00000e+00
  106    17.78333   -97.48508 36.49783     577.317     883.433  907.129  290.681   91.393    2.087   12.655 0.00000e+00
  107    17.80000   -97.48344 36.50012     655.419     960.039  898.974  289.984   94.812    1.423   12.671 0.00000e+00
  108    17.81667   -97.48132 36.50244     693.456     996.969  895.027  289.608   95.927    0.734   12.571 0.00000e+00
  109    17.83333   -97.47910 36.50488     691.845     994.638  895.260  289.624   94.511   -0.058   12.395 0.00000e+00
  110    17.85000   -97.47722 36.50750     673.430     975.091  897.370  289.845   92.510   -0.173   12.276 0.00000e+00
  111    17.86667   -97.47572 36.51027     668.645     968.766  898.030  289.908   91.944    0.195   12.241 0.00000e+00
  112    17.88333   -97.47450 36.51311     688.111     986.882  896.079  289.733   92.615    0.447   12.220 0.00000e+00
  113    17.90000   -97.47337 36.51603     713.785    1014.286  893.086  289.469   93.714    0.357   12.198 0.00000e+00
  114    17.91667   -97.47231 36.51887     729.955    1033.180  891.103  289.297   94.466    0.127   12.188 0.00000e+00
  115    17.93333   -97.47140 36.52150     740.234    1046.552  889.670  289.165   95.206    0.077   12.200 0.00000e+00
  116    17.95000   -97.47054 36.52404     756.707    1065.079  887.795  288.984   96.113    0.230   12.199 0.00000e+00
  117    17.96667   -97.46976 36.52670     777.436    1087.553  885.464  288.748   97.448    0.196   12.214 0.00000e+00
  118    17.98333   -97.46912 36.52954     804.789    1116.557  882.474  288.455   99.163    0.455   12.237 1.45591e-03
  119    18.00000   -97.46853 36.53245     848.866    1162.450  877.717  288.165  100.000    1.108   12.188 5.32200e-02
  120    18.01667   -97.46775 36.53517     916.323    1231.652  870.599  287.888  100.000    1.419   12.077 1.88232e-01
  121    18.03333   -97.46655 36.53764    1000.332    1317.267  861.869  287.509  100.000    1.521   11.905 3.37678e-01
  122    18.05000   -97.46471 36.53988    1076.276    1394.136  854.151  287.020  100.000    1.387   11.636 3.91882e-01
  123    18.06667   -97.46252 36.54185    1124.881    1442.686  849.300  286.646  100.000    1.390   11.419 3.64169e-01
  124    18.08333   -97.46046 36.54352    1147.439    1464.372  847.172  286.332  100.000    0.712   11.216 2.35437e-01
  125    18.10000   -97.45852 36.54501    1155.696    1471.504  846.440  286.166  100.000   -0.011   11.103 1.34925e-01
  126    18.11667   -97.45675 36.54638    1159.237    1474.062  846.182  286.186   99.638   -0.340   11.062 1.05326e-01
  127    18.13333   -97.45505 36.54781    1150.982    1464.906  847.115  286.142  100.000   -0.703   11.077 2.34499e-02
  128    18.15000   -97.45317 36.54956    1113.022    1426.134  851.005  286.428   99.463   -1.383   11.155 1.48512e-02
  129    18.16667   -97.45116 36.55158    1051.354    1364.202  857.197  286.876   98.477   -1.759   11.291 0.00000e+00
  130    18.18333   -97.44901 36.55344     987.165    1300.273  863.706  287.483   94.675   -1.689   11.209 0.00000e+00
  131    18.20000   -97.44650 36.55502     936.264    1250.001  868.820  288.099   90.072   -1.161   11.034 0.00000e+00
  132    18.21667   -97.44363 36.55671     883.522    1197.568  874.282  288.589   88.380   -0.995   11.105 0.00000e+00
  133    18.23333   -97.44083 36.55861     831.046    1145.147  879.640  288.990   88.052   -0.920   11.285 0.00000e+00
  134    18.25000   -97.43820 36.56071     776.475    1091.173  885.220  289.454   86.657   -1.101   11.370 0.00000e+00
  135    18.26667   -97.43582 36.56295     712.562    1028.647  891.705  290.006   85.270   -1.277   11.506 0.00000e+00
  136    18.28333   -97.43380 36.56546     651.821     970.225  897.780  290.521   83.885   -1.011   11.618 0.00000e+00
  137    18.30000   -97.43227 36.56826     610.715     931.037  901.923  290.883   82.375   -0.419   11.621 0.00000e+00
  138    18.31667   -97.43124 36.57130     597.715     919.534  903.170  291.015   82.378    0.331   11.703 0.00000e+00
  139    18.33333   -97.43055 36.57439     618.603     941.353  900.905  290.788   83.616    0.929   11.738 0.00000e+00
  140    18.35000   -97.43001 36.57725     670.533     994.037  895.382  290.201   86.858    1.024   11.818 0.00000e+00
  141    18.36667   -97.42943 36.57986     719.264    1043.267  890.289  289.745   89.477    0.668   11.892 0.00000e+00
  142    18.38333   -97.42887 36.58241     757.277    1080.149  886.480  289.398   91.464    0.535   11.940 0.00000e+00
  143    18.40000   -97.42838 36.58500     796.939    1118.489  882.543  289.045   93.185    0.656   11.945 0.00000e+00
  144    18.41667   -97.42792 36.58739     849.859    1170.219  877.170  288.560   96.046    0.951   12.006 0.00000e+00
  145    18.43333   -97.42744 36.58947     906.442    1225.517  871.477  288.028   98.879    0.891   12.020 4.80757e-03
  146    18.45000   -97.42677 36.59118     948.502    1266.393  867.253  287.751   99.769    0.380   11.970 3.69227e-02
  147    18.46667   -97.42599 36.59265     954.562    1271.707  866.665  287.653   99.818   -0.282   11.908 2.00089e-03
  148    18.48333   -97.42516 36.59418     937.269    1253.941  868.506  287.883   96.967   -0.845   11.717 0.00000e+00
  149    18.50000   -97.42431 36.59591     904.372    1220.773  871.861  288.275   93.923   -0.989   11.597 0.00000e+00
  150    18.51667   -97.42361 36.59779     850.577    1167.106  877.320  288.812   91.037   -1.068   11.565 0.00000e+00
  151    18.53333   -97.42305 36.59977     783.295    1100.005  884.302  289.474   87.706   -1.211   11.535 0.00000e+00
  152    18.55000   -97.42268 36.60175     711.586    1028.258  891.793  290.177   84.419   -1.208   11.516 0.00000e+00
  153    18.56667   -97.42256 36.60371     645.190     961.641  898.769  290.828   81.526   -1.077   11.501 0.00000e+00
  154    18.58333   -97.42268 36.60567     583.093     899.118  905.319  291.418   79.313   -1.053   11.531 0.00000e+00
  155    18.60000   -97.42297 36.60770     518.121     833.485  912.271  292.039   77.120   -1.095   11.571 0.00000e+00
  156    18.61667   -97.42337 36.60975     451.712     766.336  919.427  292.686   74.679   -0.984   11.579 0.00000e+00
  157    18.63333   -97.42376 36.61177     391.924     705.843  925.849  293.264   72.604   -0.797   11.591 0.00000e+00
  158    18.65000   -97.42394 36.61371     338.745     652.229  931.624  293.783   70.678   -0.741   11.582 0.00000e+00
  159    18.66667   -97.42391 36.61561     293.746     607.459  936.459  294.218   69.104   -0.591   11.574 0.00000e+00
  160    18.68333   -97.42372 36.61750     263.590     577.640  939.635  294.505   68.065   -0.341   11.565 0.00000e+00
  161    18.70000   -97.42345 36.61935     249.337     563.759  941.168  294.655   67.415   -0.109   11.542 0.00000e+00
  162    18.71667   -97.42318 36.62114     248.289     563.098  941.202  294.652   67.548    0.012   11.562 0.00000e+00
  163    18.73333   -97.42291 36.62283     249.463     564.995  940.960  294.626   67.708   -0.058   11.575 0.00000e+00
  164    18.75000   -97.42274 36.62440     244.019     560.425  941.443  294.684   67.790   -0.339   11.624 0.00000e+00
  165    18.76667   -97.42254 36.62600     220.479     537.781  943.865  294.978   67.189   -0.695   11.702 0.00000e+00
  166    18.78333   -97.42193 36.62773     178.753     497.408  948.220  295.412   66.026   -0.726   11.756 0.00000e+00
  167    18.80000   -97.42081 36.62964     139.391     460.021  952.387  295.795   64.890   -0.605   11.777 0.00000e+00
  168    18.81667   -97.41953 36.63162     106.555     428.171  955.901  296.095   63.960   -0.304   11.780 0.00000e+00
  169    18.83333   -97.41820 36.63358      81.672     403.346  958.736  296.303   63.184   -0.226   11.752 0.00000e+00
  170    18.85000   -97.41685 36.63557      57.966     379.090  961.412  296.584   62.323   -0.332   11.758 0.00000e+00
  171    18.86667   -97.41549 36.63768      42.371     362.326  963.298  297.000   61.489   -0.078   11.876 0.00000e+00
  172    18.88333   -97.41425 36.63986      38.419     356.461  963.960  297.408   60.642   -0.050   11.998 0.00000e+00
  173    18.90000   -97.41303 36.64217      23.454     339.357  965.818  297.591   59.740   -0.362   11.929 0.00000e+00
  174    18.91667   -97.41178 36.64440      20.878     334.850  966.252  298.173   58.685    0.224   12.133 0.00000e+00
  175    18.93333   -97.41080 36.64633      47.482     360.010  963.482  297.979   59.167    0.966   12.125 0.00000e+00
  176    18.95000   -97.41019 36.64824     115.618     426.838  956.137  296.989   61.617    1.635   11.983 0.00000e+00
  177    18.96667   -97.40982 36.65042     203.711     513.328  946.723  296.006   64.384    1.642   11.909 0.00000e+00
  178    18.98333   -97.40954 36.65275     294.125     601.950  937.158  295.124   67.250    1.768   11.904 0.00000e+00
