    0    16.01667   -97.58838 36.21855      46.326     382.312  961.304  293.499   83.191    0.439   12.976 0.00000e+00
    1    16.03333   -97.58845 36.22083      87.339     424.079  956.693  293.152   84.304    1.026   12.930 0.00000e+00
    2    16.05000   -97.58786 36.22307     157.401     493.996  949.000  292.411   87.481    1.450   12.913 0.00000e+00
    3    16.06667   -97.58686 36.22536     226.510     562.179  941.546  291.784   90.263    0.971   12.909 0.00000e+00
    4    16.08333   -97.58554 36.22790     261.361     595.576  937.897  291.434   91.707    0.065   12.879 0.00000e+00
    5    16.10000   -97.58405 36.23072     259.975     592.445  938.251  291.473   91.151   -0.612   12.828 0.00000e+00
    6    16.11667   -97.58267 36.23394     236.798     567.826  940.925  291.717   89.885   -0.719   12.810 0.00000e+00
    7    16.13333   -97.58168 36.23742     205.374     535.412  944.416  291.998   88.583   -0.799   12.802 0.00000e+00
    8    16.15000   -97.58125 36.24105     169.088     499.780  948.248  292.313   87.212   -1.010   12.805 0.00000e+00
    9    16.16667   -97.58137 36.24472     142.064     473.996  951.055  292.502   86.503   -0.174   12.814 0.00000e+00
   10    16.18333   -97.58167 36.24826     172.479     505.698  947.573  292.226   87.960    1.153   12.853 0.00000e+00
   11    16.20000   -97.58144 36.25164     235.410     570.113  940.510  291.630   90.809    0.916   12.876 0.00000e+00
   12    16.21667   -97.58067 36.25482     266.606     602.824  936.999  291.314   92.258    0.269   12.871 0.00000e+00
   13    16.23333   -97.57988 36.25777     280.952     617.977  935.368  291.154   92.935    0.083   12.857 0.00000e+00
   14    16.25000   -97.57912 36.26040     297.965     635.512  933.446  291.023   93.586    0.226   12.867 0.00000e+00
   15    16.26667   -97.57824 36.26280     311.783     649.709  931.938  290.930   94.134    0.365   12.886 0.00000e+00
   16    16.28333   -97.57729 36.26524     325.558     664.022  930.332  290.824   94.653    0.459   12.894 0.00000e+00
   17    16.30000   -97.57619 36.26780     342.529     681.710  928.415  290.660   95.374    0.447   12.883 0.00000e+00
   18    16.31667   -97.57487 36.27049     355.212     695.239  926.933  290.545   95.821    0.189   12.870 0.00000e+00
   19    16.33333   -97.57343 36.27324     354.942     696.041  926.857  290.559   95.557    0.002   12.847 0.00000e+00
   20    16.35000   -97.57188 36.27599     344.777     687.044  927.814  290.662   94.862   -0.081   12.824 0.00000e+00
   21    16.36667   -97.57033 36.27865     330.569     673.990  929.246  290.804   94.022   -0.125   12.806 0.00000e+00
   22    16.38333   -97.56886 36.28116     316.759     661.639  930.561  290.941   93.195   -0.113   12.786 0.00000e+00
   23    16.40000   -97.56758 36.28343     298.220     644.537  932.431  291.143   92.259   -0.158   12.795 0.00000e+00
   24    16.41667   -97.56637 36.28540     276.156     623.547  934.770  291.404   91.284   -0.532   12.839 0.00000e+00
   25    16.43333   -97.56491 36.28741     247.296     595.595  937.759  291.691   89.858   -1.166   12.829 0.00000e+00
   26    16.45000   -97.56339 36.28957     206.559     555.806  942.078  292.132   87.505   -1.122   12.786 0.00000e+00
   27    16.46667   -97.56195 36.29178     166.914     517.413  946.292  292.539   85.573   -0.686   12.770 0.00000e+00
   28    16.48333   -97.56065 36.29392     141.204     492.996  949.001  292.790   84.490   -0.243   12.772 0.00000e+00
   29    16.50000   -97.55948 36.29605     131.490     484.431  949.952  292.866   84.217   -0.020   12.779 0.00000e+00
   30    16.51667   -97.55832 36.29821     135.673     489.933  949.352  292.831   84.367    0.042   12.781 0.00000e+00
   31    16.53333   -97.55711 36.30043     147.807     503.547  947.863  292.735   84.703    0.024   12.775 0.00000e+00
   32    16.55000   -97.55588 36.30260     158.166     515.356  946.579  292.733   84.871    0.008   12.816 0.00000e+00
   33    16.56667   -97.55461 36.30481     156.490     515.125  946.626  292.827   84.753   -0.151   12.873 0.00000e+00
   34    16.58333   -97.55344 36.30707     138.756     497.453  948.585  293.012   83.994   -0.326   12.880 0.00000e+00
   35    16.60000   -97.55268 36.30948     108.982     467.379  951.907  293.256   82.714   -0.229   12.834 0.00000e+00
   36    16.61667   -97.55243 36.31199     108.076     466.230  952.036  293.281   82.634    0.368   12.840 0.00000e+00
   37    16.63333   -97.55228 36.31443     147.052     504.156  947.964  293.014   84.063    1.064   12.901 0.00000e+00
   38    16.65000   -97.55190 36.31661     203.762     558.888  941.989  292.560   86.176    1.026   12.936 0.00000e+00
   39    16.66667   -97.55132 36.31845     245.641     599.006  937.613  292.151   87.601    0.567   12.876 0.00000e+00
   40    16.68333   -97.55081 36.32007     266.241     617.955  935.569  291.960   88.382    0.339   12.864 0.00000e+00
   41    16.70000   -97.55039 36.32158     278.943     629.304  934.209  291.819   88.946    0.157   12.851 0.00000e+00
   42    16.71667   -97.54980 36.32323     279.927     630.418  934.056  291.763   88.995   -0.161   12.814 0.00000e+00
   43    16.73333   -97.54897 36.32513     260.445     611.445  936.113  291.939   88.043   -0.359   12.790 0.00000e+00
   44    16.75000   -97.54800 36.32747     235.931     587.499  938.740  292.172   86.752   -0.350   12.753 0.00000e+00
   45    16.76667   -97.54697 36.33012     227.718     579.791  939.632  292.242   86.234    0.078   12.721 0.00000e+00
   46    16.78333   -97.54594 36.33282     253.621     605.883  936.697  292.017   87.282    0.918   12.735 0.00000e+00
   47    16.80000   -97.54483 36.33538     311.629     664.513  930.360  291.507   89.764    1.559   12.768 0.00000e+00
   48    16.81667   -97.54337 36.33788     387.029     740.438  922.227  290.817   92.933    1.378   12.766 0.00000e+00
   49    16.83333   -97.54167 36.34038     453.180     806.216  915.195  290.216   95.701    0.872   12.750 0.00000e+00
   50    16.85000   -97.53976 36.34301     498.667     851.656  910.303  289.829   97.530    0.434   12.744 0.00000e+00
   51    16.86667   -97.53760 36.34579     518.513     872.107  908.130  289.693   97.931    0.013   12.716 5.03363e-04
   52    16.88333   -97.53531 36.34869     512.047     863.549  909.164  289.818   96.967   -0.376   12.678 0.00000e+00
   53    16.90000   -97.53302 36.35170     483.772     831.941  912.485  290.127   95.329   -0.681   12.666 0.00000e+00
   54    16.91667   -97.53085 36.35476     445.652     791.144  916.888  290.521   93.422   -0.763   12.667 0.00000e+00
   55    16.93333   -97.52870 36.35781     408.095     749.854  921.418  290.916   91.573   -0.834   12.669 0.00000e+00
   56    16.95000   -97.52659 36.36084     372.756     709.449  925.766  291.294   90.009   -0.774   12.694 0.00000e+00
   57    16.96667   -97.52446 36.36385     343.296     675.167  929.373  291.589   88.708   -0.569   12.697 0.00000e+00
   58    16.98333   -97.52235 36.36680     325.738     654.316  931.615  291.769   87.827   -0.272   12.684 0.00000e+00
   59    17.00000   -97.52038 36.36972     325.185     651.371  931.889  291.807   87.587    0.188   12.676 0.00000e+00
   60    17.01667   -97.51851 36.37269     338.333     664.012  930.385  291.655   88.035    0.352   12.640 0.00000e+00
   61    17.03333   -97.51672 36.37580     350.465     679.041  928.737  291.507   88.970    0.194   12.678 0.00000e+00
   62    17.05000   -97.51506 36.37890     355.481     687.250  927.847  291.427   89.662    0.154   12.724 0.00000e+00
   63    17.06667   -97.51350 36.38194     366.294     700.102  926.546  291.304   90.312    0.230   12.735 0.00000e+00
   64    17.08333   -97.51194 36.38488     379.905     714.733  924.990  291.175   90.907    0.156   12.736 0.00000e+00
   65    17.10000   -97.51046 36.38767     391.705     727.260  923.646  291.052   91.380    0.005   12.721 0.00000e+00
   66    17.11667   -97.50900 36.39037     401.252     737.996  922.481  290.944   91.909   -0.136   12.723 0.00000e+00
   67    17.13333   -97.50748 36.39305     408.084     746.018  921.627  290.877   92.449   -0.098   12.756 0.00000e+00
   68    17.15000   -97.50601 36.39578     408.283     747.209  921.531  290.883   92.499   -0.093   12.769 0.00000e+00
   69    17.16667   -97.50468 36.39856     400.966     741.058  922.147  290.950   92.208   -0.168   12.774 0.00000e+00
   70    17.18333   -97.50354 36.40138     389.372     730.974  923.235  291.056   91.748   -0.182   12.781 0.00000e+00
   71    17.20000   -97.50253 36.40422     378.149     721.404  924.353  291.165   91.206   -0.114   12.779 0.00000e+00
   72    17.21667   -97.50159 36.40702     373.672     715.823  925.016  291.237   90.737    0.007   12.762 0.00000e+00
   73    17.23333   -97.50059 36.40974     373.448     713.487  925.261  291.280   90.201    0.035   12.718 0.00000e+00
   74    17.25000   -97.49944 36.41233     371.630     709.565  925.672  291.337   89.596   -0.023   12.672 0.00000e+00
   75    17.26667   -97.49818 36.41483     364.124     699.680  926.794  291.457   88.589   -0.140   12.610 0.00000e+00
   76    17.28333   -97.49694 36.41725     350.523     683.491  928.537  291.620   87.692   -0.229   12.588 0.00000e+00
   77    17.30000   -97.49579 36.41967     334.046     664.411  930.586  291.804   86.807   -0.239   12.579 0.00000e+00
   78    17.31667   -97.49477 36.42209     315.257     643.300  932.823  292.022   85.721   -0.312   12.563 0.00000e+00
   79    17.33333   -97.49395 36.42451     294.287     621.155  935.218  292.247   84.709   -0.423   12.559 0.00000e+00
   80    17.35000   -97.49334 36.42689     272.479     598.225  937.705  292.536   83.863   -0.374   12.628 0.00000e+00
   81    17.36667   -97.49301 36.42934     249.883     574.574  940.313  292.910   82.757   -0.565   12.721 0.00000e+00
   82    17.38333   -97.49295 36.43196     213.557     537.622  944.299  293.339   81.188   -0.915   12.766 0.00000e+00
   83    17.40000   -97.49286 36.43473     172.397     495.966  948.828  293.777   79.540   -0.805   12.790 0.00000e+00
   84    17.41667   -97.49272 36.43752     141.299     464.411  952.236  294.071   78.324   -0.318   12.781 0.00000e+00
   85    17.43333   -97.49255 36.44024     133.430     456.367  953.128  294.132   77.937    0.200   12.754 0.00000e+00
   86    17.45000   -97.49245 36.44288     142.681     465.506  952.155  294.087   78.101    0.519   12.759 0.00000e+00
   87    17.46667   -97.49240 36.44537     162.906     485.629  949.939  293.959   78.658    0.751   12.778 0.00000e+00
   88    17.48333   -97.49236 36.44777     191.315     513.631  946.943  293.701   79.588    0.833   12.763 0.00000e+00
   89    17.50000   -97.49224 36.45020     221.014     542.500  943.831  293.447   80.617    0.748   12.768 0.00000e+00
   90    17.51667   -97.49214 36.45269     239.508     560.147  941.869  293.293   81.194    0.586   12.763 0.00000e+00
   91    17.53333   -97.49212 36.45520     243.089     562.762  941.665  293.249   81.276    0.372   12.744 0.00000e+00
   92    17.55000   -97.49213 36.45771     231.453     549.287  943.101  293.340   80.776    0.124   12.718 0.00000e+00
   93    17.56667   -97.49206 36.46020     210.422     526.291  945.565  293.541   79.738   -0.209   12.680 0.00000e+00
   94    17.58333   -97.49197 36.46273     185.700     499.598  948.460  293.798   78.263   -0.382   12.607 0.00000e+00
   95    17.60000   -97.49202 36.46533     160.508     474.080  951.200  294.064   77.018   -0.329   12.576 0.00000e+00
   96    17.61667   -97.49216 36.46796     141.398     455.293  953.272  294.288   76.102   -0.267   12.573 0.00000e+00
   97    17.63333   -97.49229 36.47064     120.685     434.900  955.528  294.515   75.264   -0.387   12.581 0.00000e+00
   98    17.65000   -97.49229 36.47335      92.692     406.887  958.604  294.811   74.034   -0.540   12.564 0.00000e+00
   99    17.66667   -97.49217 36.47611      60.459     374.366  962.225  295.152   72.613   -0.605   12.536 0.00000e+00
  100    17.68333   -97.49208 36.47893      31.760     345.382  965.472  295.499   71.263   -0.407   12.526 0.00000e+00
  101    17.70000   -97.49222 36.48162      16.657     330.251  967.102  295.928   69.888   -0.191   12.592 0.00000e+00
  102    17.71667   -97.49262 36.48408       9.291     323.135  967.826  296.277   68.672   -0.115   12.630 0.00000e+00
  103    17.73333   -97.49331 36.48642       5.184     319.464  968.155  296.598   67.361   -0.067   12.630 0.00000e+00
  104    17.75000   -97.49436 36.48862       2.666     317.125  968.344  296.693   66.764   -0.048   12.589 0.00000e+00
  105    17.76667   -97.49588 36.49070       1.725     314.471  968.536  296.703   66.572   -0.023   12.558 0.00000e+00
  106    17.78333   -97.49766 36.49258       1.979     312.685  968.681  296.953   65.718    0.006   12.586 0.00000e+00
  107    17.80000   -97.49924 36.49424       3.689     312.866  968.685  297.221   65.706    0.031   12.790 0.00000e+00
  108    17.81667   -97.50055 36.49576       6.856     314.866  968.495  297.439   65.770    0.080   12.975 0.00000e+00
  109    17.83333   -97.50129 36.49713      19.199     326.560  967.293  297.335   66.612    0.476   13.075 0.00000e+00
  110    17.85000   -97.50128 36.49838      73.018     380.271  961.401  296.476   69.109    1.651   12.953 0.00000e+00
  111    17.86667   -97.50055 36.49986     184.030     491.105  949.194  294.993   73.616    2.223   12.760 0.00000e+00
  112    17.88333   -97.49912 36.50150     307.925     614.296  935.884  293.774   77.938    1.834   12.706 0.00000e+00
  113    17.90000   -97.49744 36.50321     361.987     666.936  930.236  293.138   79.726    0.394   12.568 0.00000e+00
  114    17.91667   -97.49603 36.50517     355.618     658.628  931.098  293.168   79.486   -0.204   12.542 0.00000e+00
  115    17.93333   -97.49501 36.50763     334.092     636.041  933.495  293.357   78.826   -0.388   12.553 0.00000e+00
  116    17.95000   -97.49442 36.51033     306.003     607.392  936.510  293.592   77.840   -0.579   12.538 0.00000e+00
  117    17.96667   -97.49417 36.51311     281.906     583.008  939.146  293.810   76.956   -0.327   12.530 0.00000e+00
  118    17.98333   -97.49417 36.51602     292.473     594.748  937.859  293.642   77.528    0.821   12.508 0.00000e+00
  119    18.00000   -97.49401 36.51899     363.162     666.851  930.025  293.068   79.835    2.060   12.533 0.00000e+00
  120    18.01667   -97.49342 36.52176     465.491     770.477  918.958  292.155   83.559    2.376   12.537 0.00000e+00
  121    18.03333   -97.49245 36.52438     549.868     855.423  909.945  291.279   87.131    1.261   12.493 0.00000e+00
  122    18.05000   -97.49110 36.52679     592.322     898.283  905.369  290.824   88.407    0.187   12.377 0.00000e+00
  123    18.06667   -97.48961 36.52890     598.072     904.265  904.710  290.765   88.230   -0.425   12.315 0.00000e+00
  124    18.08333   -97.48811 36.53084     581.973     888.542  906.413  290.915   87.388   -0.481   12.292 0.00000e+00
  125    18.10000   -97.48690 36.53271     560.665     867.998  908.581  291.081   86.625   -0.461   12.284 0.00000e+00
  126    18.11667   -97.48608 36.53450     551.231     859.381  909.552  291.143   86.410   -0.197   12.288 0.00000e+00
  127    18.13333   -97.48561 36.53624     562.089     871.116  908.240  291.086   86.877    0.463   12.328 0.00000e+00
  128    18.15000   -97.48544 36.53801     582.002     891.927  906.037  290.951   87.674    0.506   12.365 0.00000e+00
  129    18.16667   -97.48545 36.53979     590.792     901.595  905.021  290.919   88.003    0.310   12.400 0.00000e+00
  130    18.18333   -97.48551 36.54163     587.446     899.144  905.258  290.974   87.774   -0.077   12.408 0.00000e+00
  131    18.20000   -97.48553 36.54356     570.449     883.097  906.930  291.140   86.613   -0.427   12.351 0.00000e+00
  132    18.21667   -97.48548 36.54546     543.548     857.134  909.734  291.410   84.761   -0.663   12.257 0.00000e+00
  133    18.23333   -97.48543 36.54726     514.367     828.975  912.670  291.678   83.107   -0.717   12.184 0.00000e+00
  134    18.25000   -97.48540 36.54896     488.256     804.070  915.332  291.918   81.766   -0.590   12.135 0.00000e+00
  135    18.26667   -97.48538 36.55063     461.710     778.711  918.060  292.164   80.613   -0.562   12.114 0.00000e+00
  136    18.28333   -97.48532 36.55231     427.851     746.045  921.509  292.477   79.363   -0.721   12.118 0.00000e+00
  137    18.30000   -97.48514 36.55396     380.330     699.700  926.512  292.928   77.548   -0.892   12.114 0.00000e+00
  138    18.31667   -97.48473 36.55544     320.130     640.637  932.834  293.488   75.422   -1.156   12.118 0.00000e+00
  139    18.33333   -97.48377 36.55682     259.496     581.161  939.229  294.101   73.608   -1.355   12.202 0.00000e+00
  140    18.35000   -97.48224 36.55814     224.632     547.359  942.910  294.463   72.539   -0.231   12.250 0.00000e+00
  141    18.36667   -97.48109 36.55955     229.163     552.897  942.338  294.449   72.748   -0.048   12.282 0.00000e+00
  142    18.38333   -97.48040 36.56100     232.998     557.704  941.815  294.420   72.935   -0.114   12.298 0.00000e+00
  143    18.40000   -97.48003 36.56244     221.946     547.598  942.941  294.570   72.474   -0.294   12.320 0.00000e+00
  144    18.41667   -97.47974 36.56369     216.788     542.766  943.561  294.728   72.020    0.198   12.355 0.00000e+00
  145    18.43333   -97.47930 36.56497     246.762     572.242  940.398  294.513   72.912    0.722   12.385 0.00000e+00
  146    18.45000   -97.47885 36.56632     302.565     627.199  934.496  293.994   74.806    1.202   12.382 0.00000e+00
  147    18.46667   -97.47860 36.56784     383.329     707.040  925.877  293.253   77.671    1.453   12.391 0.00000e+00
  148    18.48333   -97.47844 36.56950     453.984     776.695  918.499  292.579   80.357    1.143   12.389 0.00000e+00
  149    18.50000   -97.47812 36.57133     500.048     821.497  913.702  292.148   82.006    0.682   12.370 0.00000e+00
  150    18.51667   -97.47763 36.57333     521.140     841.314  911.609  291.973   82.757    0.356   12.375 0.00000e+00
  151    18.53333   -97.47688 36.57542     531.896     850.697  910.580  291.922   82.807    0.349   12.357 0.00000e+00
  152    18.55000   -97.47594 36.57743     543.114     860.421  909.556  291.779   83.037    0.460   12.294 0.00000e+00
  153    18.56667   -97.47499 36.57910     563.753     879.626  907.547  291.575   83.615    0.624   12.248 0.00000e+00
  154    18.58333   -97.47406 36.58046     587.159     901.773  905.205  291.357   84.263    0.682   12.205 0.00000e+00
  155    18.60000   -97.47311 36.58161     613.195     926.827  902.538  291.092   85.249    0.378   12.179 0.00000e+00
  156    18.61667   -97.47215 36.58258     664.737     977.597  897.171  290.629   86.995    1.031   12.140 0.00000e+00
  157    18.63333   -97.47137 36.58348     740.051    1052.390  889.332  289.924   90.187    1.512   12.139 0.00000e+00
  158    18.65000   -97.47088 36.58464     818.797    1130.897  881.221  289.164   93.878    1.265   12.145 0.00000e+00
  159    18.66667   -97.47056 36.58610     869.598    1181.623  875.980  288.685   96.007    0.555   12.115 0.00000e+00
  160    18.68333   -97.47040 36.58777     881.599    1193.649  874.774  288.644   94.979   -0.644   11.971 0.00000e+00
  161    18.70000   -97.47033 36.58960     867.803    1179.434  876.202  288.961   90.248   -0.874   11.590 0.00000e+00
  162    18.71667   -97.47043 36.59154     841.489    1152.413  879.018  289.285   87.666   -0.566   11.459 0.00000e+00
  163    18.73333   -97.47050 36.59360     804.471    1114.637  882.890  289.615   86.719   -0.672   11.527 0.00000e+00
  164    18.75000   -97.47031 36.59578     756.494    1065.826  887.967  290.096   84.538   -0.851   11.522 0.00000e+00
  165    18.76667   -97.46989 36.59803     703.263    1011.588  893.680  290.640   82.033   -0.970   11.501 0.00000e+00
  166    18.78333   -97.46938 36.60027     646.046     953.221  899.746  291.177   80.240   -0.993   11.561 0.00000e+00
  167    18.80000   -97.46873 36.60246     592.209     898.235  905.497  291.655   79.336   -0.990   11.707 0.00000e+00
  168    18.81667   -97.46803 36.60461     535.096     840.092  911.650  292.215   77.249   -1.041   11.728 0.00000e+00
  169    18.83333   -97.46731 36.60663     477.577     781.961  917.828  292.775   75.260   -1.140   11.755 0.00000e+00
  170    18.85000   -97.46654 36.60856     413.546     717.485  924.665  293.409   72.734   -1.192   11.733 0.00000e+00
  171    18.86667   -97.46573 36.61040     346.046     649.593  931.956  294.084   70.205   -1.356   11.718 0.00000e+00
  172    18.88333   -97.46490 36.61220     267.160     570.360  940.479  294.843   67.676   -1.780   11.732 0.00000e+00
  173    18.90000   -97.46423 36.61417     174.162     477.163  950.564  295.780   64.566   -1.627   11.730 0.00000e+00
  174    18.91667   -97.46407 36.61639     112.282     415.282  957.326  296.367   62.671   -0.800   11.719 0.00000e+00
  175    18.93333   -97.46439 36.61892     106.125     409.125  957.978  296.586   62.064    0.398   11.754 0.00000e+00
  176    18.95000   -97.46475 36.62156     159.876     462.876  952.106  296.173   63.458    1.252   11.791 0.00000e+00
  177    18.96667   -97.46473 36.62402     248.628     551.628  942.480  295.328   66.002    1.468   11.764 0.00000e+00
  178    18.98333   -97.46429 36.62641     328.381     631.381  933.827  294.518   68.249    1.105   11.678 0.00000e+00
