    0    16.01667   -97.55457 36.25144      73.931     416.524  957.555  292.570   86.422    0.062   12.769 0.00000e+00
    1    16.03333   -97.55598 36.25436      75.574     419.667  957.217  292.532   86.600    0.056   12.769 0.00000e+00
    2    16.05000   -97.55724 36.25740      72.769     417.116  957.489  292.572   86.492   -0.028   12.781 0.00000e+00
    3    16.06667   -97.55837 36.26053      69.140     412.780  957.953  292.638   86.296   -0.073   12.799 0.00000e+00
    4    16.08333   -97.55949 36.26378      66.395     408.870  958.302  292.696   86.122   -0.040   12.815 0.00000e+00
    5    16.10000   -97.56052 36.26714      67.175     410.058  958.187  292.727   86.081    0.074   12.835 0.00000e+00
    6    16.11667   -97.56144 36.27055      73.100     416.672  957.460  292.717   86.198    0.164   12.855 0.00000e+00
    7    16.13333   -97.56225 36.27362      97.310     441.860  954.655  292.623   86.813    0.598   12.909 0.00000e+00
    8    16.15000   -97.56311 36.27642     138.933     484.426  949.922  292.205   88.665    0.723   12.906 0.00000e+00
    9    16.16667   -97.56406 36.27897     182.952     529.178  945.026  291.768   90.369    0.310   12.864 0.00000e+00
   10    16.18333   -97.56476 36.28152     184.251     531.001  944.858  291.790   90.036   -0.404   12.837 0.00000e+00
   11    16.20000   -97.56530 36.28420     151.558     498.863  948.425  292.171   87.935   -0.814   12.793 0.00000e+00
   12    16.21667   -97.56564 36.28689     103.670     451.693  953.585  292.625   85.935   -0.743   12.794 0.00000e+00
   13    16.23333   -97.56595 36.28953      63.708     412.550  957.918  293.011   84.309   -0.458   12.801 0.00000e+00
   14    16.25000   -97.56642 36.29215      42.011     391.657  960.189  293.292   83.295   -0.164   12.840 0.00000e+00
   15    16.26667   -97.56723 36.29484      35.226     385.517  960.900  293.487   82.754    0.025   12.903 0.00000e+00
   16    16.28333   -97.56810 36.29746      39.287     390.431  960.312  293.560   82.575    0.144   12.942 0.00000e+00
   17    16.30000   -97.56882 36.29988      54.954     407.843  958.398  293.456   83.168    0.460   12.977 0.00000e+00
   18    16.31667   -97.56920 36.30214      99.697     454.351  953.242  293.051   84.796    1.212   12.971 0.00000e+00
   19    16.33333   -97.56906 36.30451     193.623     550.244  942.717  292.104   88.801    2.303   12.944 0.00000e+00
   20    16.35000   -97.56846 36.30700     334.395     692.548  927.255  290.732   94.971    2.568   12.904 0.00000e+00
   21    16.36667   -97.56712 36.30991     464.847     824.194  913.134  289.604  100.000    1.955   12.854 5.42525e-02
   22    16.38333   -97.56488 36.31333     586.549     946.177  900.244  289.020  100.000    1.739   12.560 2.46712e-01
   23    16.40000   -97.56176 36.31699     694.621    1051.194  889.169  288.528  100.000    1.476   12.322 4.87386e-01
   24    16.41667   -97.55817 36.32070     768.399    1121.856  881.833  288.200  100.000    0.840   12.165 6.54022e-01
   25    16.43333   -97.55482 36.32438     798.463    1151.337  878.709  288.054  100.000    0.307   12.095 7.21213e-01
   26    16.45000   -97.55181 36.32785     800.320    1153.761  878.434  287.987  100.000    0.189   12.045 6.33680e-01
   27    16.46667   -97.54916 36.33113     782.041    1135.108  880.450  287.974  100.000    0.219   12.008 4.38231e-01
   28    16.48333   -97.54660 36.33427     741.471    1094.100  884.633  288.053  100.000    0.376   12.011 2.04391e-01
   29    16.50000   -97.54410 36.33741     697.592    1051.036  889.226  288.301   98.795    0.226   11.978 8.13793e-02
   30    16.51667   -97.54187 36.34075     674.576    1027.673  891.683  288.415   98.229    0.509   11.965 1.44513e-02
   31    16.53333   -97.53966 36.34439     686.421    1039.634  890.357  288.418   96.933    1.007   11.827 6.07511e-03
   32    16.55000   -97.53722 36.34827     734.524    1086.609  885.625  288.073   97.966    1.736   11.752 4.52272e-03
   33    16.56667   -97.53437 36.35241     810.806    1158.128  878.128  287.529   99.853    2.251   11.661 3.02459e-02
   34    16.58333   -97.53116 36.35665     918.098    1260.870  867.563  287.062  100.000    2.377   11.484 2.49509e-01
   35    16.60000   -97.52747 36.36065    1037.602    1375.115  856.018  286.572  100.000    2.334   11.274 5.20720e-01
   36    16.61667   -97.52345 36.36440    1145.081    1476.010  845.771  286.133  100.000    1.778   11.087 7.60319e-01
   37    16.63333   -97.51937 36.36789    1212.838    1540.031  839.339  285.889  100.000    1.009   10.996 9.62555e-01
   38    16.65000   -97.51530 36.37114    1227.302    1551.604  838.098  285.831  100.000    0.112   10.971 9.92313e-01
   39    16.66667   -97.51125 36.37428    1188.689    1514.827  841.631  285.972  100.000   -0.924   11.026 9.23813e-01
   40    16.68333   -97.50713 36.37752    1118.526    1448.306  848.331  286.287  100.000   -1.429   11.168 7.94668e-01
   41    16.70000   -97.50298 36.38094    1057.470    1389.632  854.337  286.544  100.000   -0.731   11.277 6.30751e-01
   42    16.71667   -97.49866 36.38470    1052.683    1385.468  854.712  286.486  100.000    0.681   11.228 4.72390e-01
   43    16.73333   -97.49433 36.38865    1115.367    1451.188  848.132  286.217  100.000    1.745   11.118 6.08810e-01
   44    16.75000   -97.49013 36.39258    1211.173    1547.341  838.504  285.763  100.000    1.842   10.915 7.90846e-01
   45    16.76667   -97.48610 36.39635    1297.695    1635.529  829.763  285.328  100.000    1.301   10.719 9.18743e-01
   46    16.78333   -97.48209 36.39994    1353.365    1691.324  824.337  284.882  100.000    0.454   10.474 7.78761e-01
   47    16.80000   -97.47797 36.40339    1376.060    1712.214  822.344  284.548   98.671   -0.020   10.115 4.31977e-01
   48    16.81667   -97.47379 36.40675    1376.395    1710.276  822.460  284.452   96.207   -0.203    9.798 1.63049e-01
   49    16.83333   -97.46948 36.41002    1365.195    1699.418  823.427  284.707   92.893   -0.171    9.611 1.43949e-01
   50    16.85000   -97.46517 36.41316    1349.565    1686.739  824.705  284.557   96.010   -0.127    9.820 5.98857e-02
   51    16.86667   -97.46096 36.41626    1333.247    1669.302  826.648  284.524   99.760   -0.077   10.156 1.18307e-01
   52    16.88333   -97.45700 36.41943    1314.946    1643.904  829.173  284.688   99.954   -0.168   10.257 1.11841e-01
   53    16.90000   -97.45344 36.42270    1293.500    1616.313  831.856  284.821   99.799   -0.278   10.298 5.67067e-02
   54    16.91667   -97.45027 36.42599    1265.617    1585.076  834.947  284.980   98.856   -0.760   10.271 1.37293e-02
   55    16.93333   -97.44733 36.42933    1231.508    1548.465  838.573  285.247   97.715   -0.857   10.289 8.79714e-04
   56    16.95000   -97.44447 36.43269    1195.340    1510.060  842.415  285.619   95.990   -0.833   10.311 0.00000e+00
   57    16.96667   -97.44153 36.43609    1167.114    1480.274  845.363  285.903   95.059   -0.539   10.368 1.77802e-03
   58    16.98333   -97.43839 36.43958    1158.612    1471.091  846.251  285.975   95.128    0.041   10.414 0.00000e+00
   59    17.00000   -97.43501 36.44313    1186.223    1499.237  843.343  285.695   96.662    0.767   10.424 7.50796e-04
   60    17.01667   -97.43164 36.44657    1246.094    1561.557  837.158  285.136   99.297    1.176   10.397 1.56866e-02
   61    17.03333   -97.42842 36.44984    1308.965    1626.013  830.823  284.741  100.000    1.016   10.296 1.03056e-01
   62    17.05000   -97.42529 36.45299    1348.268    1664.816  827.029  284.572  100.000    0.508   10.228 2.00860e-01
   63    17.06667   -97.42218 36.45611    1353.142    1667.700  826.810  284.574  100.000   -0.068   10.232 2.28110e-01
   64    17.08333   -97.41889 36.45934    1325.582    1637.857  829.694  284.764  100.000   -0.580   10.326 2.42269e-01
   65    17.10000   -97.41525 36.46281    1285.357    1595.134  833.902  284.993  100.000   -0.543   10.432 1.70824e-01
   66    17.11667   -97.41134 36.46654    1279.376    1587.577  834.712  285.036  100.000    0.379   10.451 1.35592e-01
   67    17.13333   -97.40737 36.47021    1330.631    1632.585  830.375  284.836  100.000    1.016   10.364 2.19401e-01
   68    17.15000   -97.40347 36.47354    1382.117    1677.886  825.815  284.598  100.000    0.513   10.261 3.05125e-01
   69    17.16667   -97.39949 36.47659    1399.812    1693.162  824.333  284.525  100.000    0.140   10.230 3.51574e-01
   70    17.18333   -97.39542 36.47948    1395.951    1685.807  825.050  284.695  100.000    0.074   10.338 4.58162e-01
   71    17.20000   -97.39109 36.48245    1358.543    1647.819  828.650  285.319  100.000   -1.111   10.730 8.24860e-01
   72    17.21667   -97.38681 36.48583    1265.289    1555.412  837.787  285.598   99.766   -1.797   10.762 3.46949e-01
   73    17.23333   -97.38267 36.48965    1171.342    1464.000  846.943  285.986   98.624   -1.020   10.796 4.03834e-02
   74    17.25000   -97.37870 36.49356    1140.286    1435.713  849.847  286.141   97.824    0.422   10.781 0.00000e+00
   75    17.26667   -97.37511 36.49732    1167.497    1464.448  846.976  285.819   98.996    1.161   10.717 1.63078e-03
   76    17.28333   -97.37186 36.50090    1210.238    1508.517  842.554  285.533  100.000    1.119   10.697 9.79397e-02
   77    17.30000   -97.36882 36.50441    1241.937    1541.623  839.241  285.400  100.000    0.712   10.647 1.91013e-01
   78    17.31667   -97.36588 36.50796    1254.864    1556.616  837.749  285.313  100.000    0.271   10.603 1.97926e-01
   79    17.33333   -97.36287 36.51158    1249.699    1553.681  838.019  285.264  100.000   -0.116   10.553 1.05526e-01
   80    17.35000   -97.35963 36.51524    1234.943    1538.090  839.725  285.397   98.446   -0.209   10.455 5.95726e-02
   81    17.36667   -97.35603 36.51894    1225.742    1526.022  840.873  285.498   97.205   -0.085   10.378 2.34809e-02
   82    17.38333   -97.35219 36.52260    1237.459    1536.302  839.815  285.434   96.894    0.209   10.314 0.00000e+00
   83    17.40000   -97.34846 36.52616    1271.567    1570.058  836.431  285.192   97.527    0.396   10.258 7.76506e-04
   84    17.41667   -97.34500 36.52959    1307.437    1606.372  832.800  284.910   98.700    0.219   10.233 5.67801e-03
   85    17.43333   -97.34167 36.53293    1321.966    1622.904  831.169  284.788   99.054   -0.151   10.207 5.32536e-03
   86    17.45000   -97.33842 36.53622    1309.699    1611.668  832.335  284.881   98.399   -0.452   10.188 1.48595e-03
   87    17.46667   -97.33520 36.53954    1277.258    1580.279  835.345  285.145   97.109   -0.707   10.196 0.00000e+00
   88    17.48333   -97.33189 36.54293    1235.478    1540.935  839.285  285.509   95.240   -0.630   10.195 0.00000e+00
   89    17.50000   -97.32852 36.54638    1207.807    1514.763  841.863  285.736   94.512   -0.178   10.238 0.00000e+00
   90    17.51667   -97.32523 36.54976    1213.159    1523.440  840.990  285.637   95.298    0.606   10.267 0.00000e+00
   91    17.53333   -97.32211 36.55303    1257.945    1571.246  836.250  285.180   97.227    1.449   10.220 5.66661e-05
   92    17.55000   -97.31924 36.55621    1327.379    1644.099  828.956  284.571  100.000    1.582   10.195 4.65249e-02
   93    17.56667   -97.31653 36.55945    1389.055    1711.191  822.385  284.215  100.000    1.223   10.044 1.56617e-01
   94    17.58333   -97.31383 36.56278    1420.504    1747.667  818.895  284.033  100.000    0.432    9.966 2.18403e-01
   95    17.60000   -97.31101 36.56617    1418.078    1746.265  819.135  284.068  100.000   -0.242    9.986 2.24443e-01
   96    17.61667   -97.30807 36.56958    1390.540    1717.667  821.911  284.216  100.000   -0.723   10.051 1.66686e-01
   97    17.63333   -97.30495 36.57306    1345.215    1670.310  826.601  284.461  100.000   -0.941   10.149 4.56176e-02
   98    17.65000   -97.30151 36.57660    1293.883    1617.320  831.772  284.963   97.357   -0.831   10.142 3.76648e-04
   99    17.66667   -97.29779 36.58018    1264.427    1588.485  834.580  285.333   94.707   -0.324   10.078 0.00000e+00
  100    17.68333   -97.29391 36.58374    1273.111    1598.177  833.773  285.291   94.466    0.286   10.034 0.00000e+00
  101    17.70000   -97.29014 36.58727    1306.266    1627.042  831.022  285.035   95.505    0.503   10.006 0.00000e+00
  102    17.71667   -97.28654 36.59079    1338.345    1651.595  828.686  284.806   96.591    0.371    9.996 0.00000e+00
  103    17.73333   -97.28308 36.59434    1353.075    1658.750  827.948  284.722   97.073    0.122    9.999 0.00000e+00
  104    17.75000   -97.27970 36.59797    1345.473    1645.108  829.235  284.839   96.525   -0.178   10.004 0.00000e+00
  105    17.76667   -97.27634 36.60164    1312.190    1608.422  832.793  285.173   94.943   -0.478   10.017 0.00000e+00
  106    17.78333   -97.27290 36.60534    1264.561    1558.341  837.745  285.647   92.664   -0.528   10.029 0.00000e+00
  107    17.80000   -97.26929 36.60900    1223.649    1516.637  841.874  286.037   90.866   -0.169   10.041 0.00000e+00
  108    17.81667   -97.26546 36.61262    1217.328    1510.286  842.507  286.074   90.903    0.596   10.062 0.00000e+00
  109    17.83333   -97.26163 36.61611    1260.975    1553.639  838.239  285.632   93.354    1.268   10.087 0.00000e+00
  110    17.85000   -97.25809 36.61951    1330.712    1623.158  831.300  284.955   96.863    1.198   10.091 0.00000e+00
  111    17.86667   -97.25476 36.62281    1386.374    1679.161  825.794  284.430   99.585    0.629   10.086 1.59979e-03
  112    17.88333   -97.25143 36.62605    1409.174    1702.365  823.502  284.266  100.000   -0.033   10.064 1.44038e-02
  113    17.90000   -97.24800 36.62920    1397.730    1691.803  824.515  284.361   99.538   -0.531   10.050 1.53888e-04
  114    17.91667   -97.24439 36.63229    1368.526    1662.889  827.398  284.656   97.816   -0.547   10.038 0.00000e+00
  115    17.93333   -97.24061 36.63541    1343.281    1636.788  829.953  284.919   96.293   -0.360   10.024 0.00000e+00
  116    17.95000   -97.23672 36.63862    1329.287    1623.292  831.252  285.051   95.525   -0.123   10.016 0.00000e+00
  117    17.96667   -97.23281 36.64193    1333.117    1627.972  830.805  285.014   95.653    0.213   10.011 0.00000e+00
  118    17.98333   -97.22913 36.64526    1357.522    1653.186  828.333  284.772   96.880    0.521   10.007 0.00000e+00
  119    18.00000   -97.22575 36.64857    1390.442    1685.865  825.175  284.447   98.719    0.539   10.017 0.00000e+00
  120    18.01667   -97.22248 36.65186    1413.732    1709.019  822.865  284.224   99.951    0.264   10.020 5.38824e-03
  121    18.03333   -97.21928 36.65513    1417.834    1714.024  822.333  284.190  100.000   -0.103   10.016 5.83759e-03
  122    18.05000   -97.21601 36.65839    1403.411    1701.345  823.589  284.315   99.289   -0.303   10.006 7.20875e-04
  123    18.06667   -97.21268 36.66162    1385.441    1684.874  825.235  284.485   98.298   -0.211    9.999 0.00000e+00
  124    18.08333   -97.20929 36.66486    1378.940    1678.751  825.915  284.553   97.939    0.012   10.000 0.00000e+00
  125    18.10000   -97.20588 36.66810    1381.195    1680.913  825.652  284.522   98.200    0.019   10.009 0.00000e+00
  126    18.11667   -97.20244 36.67138    1382.514    1682.546  825.458  284.511   98.156   -0.014    9.999 0.00000e+00
  127    18.13333   -97.19901 36.67474    1381.017    1681.856  825.565  284.514   98.183    0.075   10.003 0.00000e+00
  128    18.15000   -97.19569 36.67819    1380.639    1682.292  825.560  284.486   98.438    0.189   10.010 0.00000e+00
  129    18.16667   -97.19251 36.68166    1380.746    1683.051  825.458  284.462   98.427    0.137    9.994 0.00000e+00
  130    18.18333   -97.18945 36.68509    1379.925    1682.924  825.479  284.464   98.327    0.055    9.985 0.00000e+00
  131    18.20000   -97.18640 36.68842    1382.272    1686.222  825.166  284.436   98.365    0.077    9.974 0.00000e+00
  132    18.21667   -97.18334 36.69164    1393.179    1697.712  824.043  284.354   98.576    0.222    9.955 0.00000e+00
  133    18.23333   -97.18025 36.69477    1410.229    1715.558  822.273  284.191   99.350    0.281    9.946 6.49236e-04
  134    18.25000   -97.17718 36.69785    1423.688    1729.814  820.866  284.069   99.868    0.134    9.933 4.20953e-03
  135    18.26667   -97.17406 36.70090    1427.789    1734.056  820.462  284.030   99.957   -0.049    9.921 2.97392e-03
  136    18.28333   -97.17085 36.70389    1425.766    1731.889  820.653  284.048   99.812   -0.070    9.917 1.19720e-03
  137    18.30000   -97.16763 36.70687    1424.498    1730.713  820.812  284.067   99.632   -0.045    9.909 6.34370e-04
  138    18.31667   -97.16454 36.70988    1421.219    1727.800  821.097  284.089   99.557   -0.111    9.913 0.00000e+00
  139    18.33333   -97.16164 36.71292    1411.812    1718.816  822.007  284.178   99.087   -0.174    9.914 0.00000e+00
  140    18.35000   -97.15895 36.71600    1398.862    1707.600  823.075  284.267   98.831   -0.026    9.934 2.32107e-03
  141    18.36667   -97.15646 36.71912    1398.291    1708.811  822.969  284.553   99.838    0.076   10.230 1.08573e-01
  142    18.38333   -97.15398 36.72224    1409.508    1721.661  821.683  284.701   98.842    0.067   10.244 1.86608e-01
  143    18.40000   -97.15158 36.72531    1430.177    1743.561  819.612  284.463   98.197    0.067   10.043 9.47884e-02
  144    18.41667   -97.14934 36.72837    1458.589    1772.041  816.891  284.107   99.468    0.078    9.967 0.00000e+00
  145    18.43333   -97.14722 36.73149    1494.245    1807.181  813.486  283.868   99.232    0.483    9.827 3.27925e-02
  146    18.45000   -97.14523 36.73466    1539.026    1851.107  809.225  283.484  100.000    0.735    9.721 3.86510e-02
  147    18.46667   -97.14327 36.73788    1585.193    1896.266  804.817  283.218  100.000    0.924    9.601 1.09968e-01
  148    18.48333   -97.14124 36.74111    1621.053    1931.489  801.400  282.969  100.000    0.586    9.482 1.29938e-01
  149    18.50000   -97.13909 36.74434    1631.691    1942.506  800.302  282.868  100.000    0.119    9.430 1.10856e-01
  150    18.51667   -97.13682 36.74751    1618.197    1930.387  801.475  282.899  100.000   -0.265    9.430 4.41490e-02
  151    18.53333   -97.13436 36.75066    1593.730    1906.123  803.857  283.086   99.443   -0.394    9.456 1.52033e-02
  152    18.55000   -97.13174 36.75391    1564.189    1876.534  806.712  283.364   98.143   -0.439    9.475 2.09402e-04
  153    18.56667   -97.12909 36.75725    1541.102    1853.323  808.956  283.653   95.848   -0.294    9.409 0.00000e+00
  154    18.58333   -97.12653 36.76061    1532.068    1845.840  809.606  283.732   94.977   -0.054    9.365 0.00000e+00
  155    18.60000   -97.12419 36.76396    1536.822    1852.991  808.910  283.682   94.858    0.212    9.330 0.00000e+00
  156    18.61667   -97.12205 36.76731    1554.845    1874.071  806.860  283.483   95.619    0.496    9.304 0.00000e+00
  157    18.63333   -97.12002 36.77073    1579.627    1901.752  804.346  283.206   97.104    0.566    9.303 0.00000e+00
  158    18.65000   -97.11795 36.77422    1606.391    1927.769  801.919  282.958   98.328    0.349    9.293 0.00000e+00
  159    18.66667   -97.11583 36.77776    1619.474    1939.895  800.702  282.838   98.955   -0.088    9.291 0.00000e+00
  160    18.68333   -97.11351 36.78133    1606.407    1926.609  801.964  283.004   98.025   -0.513    9.293 0.00000e+00
  161    18.70000   -97.11110 36.78504    1555.346    1874.106  807.068  283.516   95.249   -1.280    9.286 0.00000e+00
  162    18.71667   -97.10889 36.78904    1457.518    1774.659  816.706  284.395   91.542   -1.945    9.354 0.00000e+00
  163    18.73333   -97.10735 36.79317    1351.752    1668.342  827.215  285.464   85.963   -1.487    9.309 0.00000e+00
  164    18.75000   -97.10622 36.79709    1278.248    1594.114  834.598  286.185   82.429   -0.770    9.278 0.00000e+00
  165    18.76667   -97.10516 36.80070    1240.924    1555.284  838.464  286.581   80.458   -0.276    9.252 0.00000e+00
  166    18.78333   -97.10404 36.80399    1242.645    1555.693  838.356  286.619   79.926    0.394    9.215 0.00000e+00
  167    18.80000   -97.10278 36.80706    1285.669    1598.969  833.965  286.179   81.960    1.100    9.229 0.00000e+00
  168    18.81667   -97.10146 36.81002    1363.213    1677.910  826.121  285.361   86.174    1.557    9.281 0.00000e+00
  169    18.83333   -97.10019 36.81298    1456.480    1772.657  816.837  284.404   91.419    1.738    9.345 0.00000e+00
  170    18.85000   -97.09906 36.81594    1546.657    1864.366  807.922  283.499   96.633    1.659    9.400 0.00000e+00
  171    18.86667   -97.09792 36.81894    1624.418    1943.699  800.295  282.813  100.000    1.162    9.396 2.90264e-02
  172    18.88333   -97.09657 36.82194    1665.703    1986.456  796.234  282.626  100.000    0.359    9.327 1.07575e-01
  173    18.90000   -97.09493 36.82489    1660.518    1981.256  796.739  282.682  100.000   -0.417    9.356 9.89980e-02
  174    18.91667   -97.09300 36.82782    1618.612    1939.823  800.630  282.946   99.369   -1.130    9.399 1.17444e-02
  175    18.93333   -97.09091 36.83077    1555.258    1878.097  806.539  283.552   95.820   -1.446    9.371 0.00000e+00
  176    18.95000   -97.08890 36.83377    1489.927    1815.126  812.648  284.208   92.062   -1.399    9.337 0.00000e+00
  177    18.96667   -97.08697 36.83682    1438.088    1765.886  817.503  284.694   89.773   -1.013    9.348 0.00000e+00
  178    18.98333   -97.08510 36.83991    1402.633    1731.494  820.951  285.000   88.644   -0.477    9.380 0.00000e+00
