    0    16.01667   -97.50484 36.22355      41.982     391.986  960.196  292.896   85.626   -0.207   12.877 0.00000e+00
    1    16.03333   -97.50528 36.22616      35.914     386.438  960.757  293.041   85.197    0.005   12.921 0.00000e+00
    2    16.05000   -97.50582 36.22878      40.008     390.637  960.280  293.101   85.152    0.139   12.970 0.00000e+00
    3    16.06667   -97.50623 36.23116      49.394     399.803  959.297  293.109   85.362    0.197   13.021 0.00000e+00
    4    16.08333   -97.50652 36.23338      63.118     413.464  957.808  293.012   85.857    0.264   13.038 0.00000e+00
    5    16.10000   -97.50656 36.23567      82.210     432.833  955.718  292.824   86.642    0.411   13.032 0.00000e+00
    6    16.11667   -97.50629 36.23816     105.072     456.232  953.091  292.568   87.623    0.353   13.006 0.00000e+00
    7    16.13333   -97.50571 36.24088     118.923     473.631  951.081  292.375   88.293    0.062   12.975 0.00000e+00
    8    16.15000   -97.50510 36.24374     118.334     477.685  950.557  292.314   88.418   -0.185   12.950 0.00000e+00
    9    16.16667   -97.50465 36.24665     107.210     471.331  951.315  292.367   88.105   -0.296   12.937 0.00000e+00
   10    16.18333   -97.50444 36.24951      93.526     458.658  952.742  292.484   87.561   -0.287   12.933 0.00000e+00
   11    16.20000   -97.50446 36.25227      85.697     451.275  953.538  292.582   87.157   -0.106   12.941 0.00000e+00
   12    16.21667   -97.50450 36.25496      93.892     459.873  952.625  292.564   87.334    0.285   12.965 0.00000e+00
   13    16.23333   -97.50415 36.25756     122.980     489.261  949.466  292.362   88.348    0.735   12.995 0.00000e+00
   14    16.25000   -97.50331 36.26022     168.446     535.016  944.509  291.933   90.132    0.977   12.971 0.00000e+00
   15    16.26667   -97.50211 36.26303     227.058     593.545  938.096  291.361   92.555    1.184   12.936 0.00000e+00
   16    16.28333   -97.50065 36.26598     291.544     657.052  931.185  290.736   95.444    1.212   12.916 0.00000e+00
   17    16.30000   -97.49902 36.26904     348.585     713.382  925.084  290.187   98.069    0.929   12.900 0.00000e+00
   18    16.31667   -97.49730 36.27214     390.296     754.734  920.666  289.795   99.951    0.550   12.884 5.80190e-03
   19    16.33333   -97.49552 36.27528     420.585     783.689  917.594  289.646  100.000    0.504   12.827 4.37672e-02
   20    16.35000   -97.49352 36.27837     444.776     806.214  915.112  289.534  100.000    0.324   12.770 7.74375e-02
   21    16.36667   -97.49113 36.28158     440.473     801.701  915.556  289.538  100.000   -0.386   12.760 4.28903e-02
   22    16.38333   -97.48862 36.28506     391.248     752.715  920.788  289.997   97.352   -1.364   12.711 0.00000e+00
   23    16.40000   -97.48645 36.28885     306.244     666.960  930.244  290.896   92.580   -1.530   12.670 0.00000e+00
   24    16.41667   -97.48483 36.29282     226.053     582.091  939.450  291.728   88.639   -1.455   12.661 0.00000e+00
   25    16.43333   -97.48357 36.29670     155.261     508.004  947.450  292.426   85.550   -1.274   12.661 0.00000e+00
   26    16.45000   -97.48247 36.30038      94.771     446.718  954.228  292.989   83.193   -0.855   12.663 0.00000e+00
   27    16.46667   -97.48124 36.30388      58.963     410.215  958.265  293.345   81.698   -0.374   12.662 0.00000e+00
   28    16.48333   -97.47984 36.30709      43.882     394.218  960.048  293.708   80.485   -0.132   12.735 0.00000e+00
   29    16.50000   -97.47829 36.30985      37.421     387.137  960.887  293.895   79.846   -0.011   12.770 0.00000e+00
   30    16.51667   -97.47675 36.31226      41.255     389.877  960.639  293.941   79.702    0.158   12.787 0.00000e+00
   31    16.53333   -97.47540 36.31433      54.675     401.411  959.385  293.846   80.233    0.286   12.813 0.00000e+00
   32    16.55000   -97.47433 36.31613      83.282     428.050  956.457  293.598   81.563    0.732   12.866 0.00000e+00
   33    16.56667   -97.47353 36.31796     139.635     482.407  950.464  293.005   83.713    1.244   12.806 0.00000e+00
   34    16.58333   -97.47272 36.31994     217.397     557.957  942.184  292.267   86.835    1.380   12.794 0.00000e+00
   35    16.60000   -97.47174 36.32199     278.125     616.260  935.835  291.704   89.343    0.807   12.792 0.00000e+00
   36    16.61667   -97.47063 36.32403     300.507     635.781  933.707  291.503   90.147   -0.035   12.773 0.00000e+00
   37    16.63333   -97.46953 36.32612     291.131     623.612  934.917  291.606   89.321   -0.490   12.722 0.00000e+00
   38    16.65000   -97.46850 36.32831     265.438     595.844  937.901  291.876   87.916   -0.579   12.696 0.00000e+00
   39    16.66667   -97.46754 36.33060     239.786     568.444  940.892  292.151   86.676   -0.362   12.696 0.00000e+00
   40    16.68333   -97.46664 36.33299     221.607     548.323  943.145  292.357   85.831   -0.046   12.706 0.00000e+00
   41    16.70000   -97.46579 36.33548     215.563     539.485  944.165  292.459   85.398    0.218   12.709 0.00000e+00
   42    16.71667   -97.46500 36.33809     218.385     538.938  944.133  292.461   85.360    0.369   12.705 0.00000e+00
   43    16.73333   -97.46426 36.34084     222.853     544.443  943.490  292.403   85.553    0.266   12.696 0.00000e+00
   44    16.75000   -97.46363 36.34371     221.876     545.457  943.375  292.393   85.542    0.193   12.688 0.00000e+00
   45    16.76667   -97.46311 36.34663     216.831     542.293  943.831  292.437   85.307    0.170   12.682 0.00000e+00
   46    16.78333   -97.46275 36.34961     215.086     539.994  944.105  292.465   85.166    0.358   12.680 0.00000e+00
   47    16.80000   -97.46252 36.35262     221.556     545.706  943.469  292.417   85.394    0.498   12.684 0.00000e+00
   48    16.81667   -97.46232 36.35569     233.931     556.870  942.326  292.315   85.839    0.411   12.684 0.00000e+00
   49    16.83333   -97.46209 36.35872     242.568     562.766  941.659  292.254   86.069    0.139   12.678 0.00000e+00
   50    16.85000   -97.46198 36.36169     235.168     552.757  942.685  292.373   85.436   -0.317   12.666 0.00000e+00
   51    16.86667   -97.46215 36.36468     196.676     514.598  946.653  292.779   83.693   -1.058   12.674 0.00000e+00
   52    16.88333   -97.46261 36.36769     130.012     452.141  953.516  293.416   81.016   -1.211   12.675 0.00000e+00
   53    16.90000   -97.46309 36.37065      77.457     403.487  958.876  293.894   79.085   -0.700   12.675 0.00000e+00
   54    16.91667   -97.46365 36.37355      53.042     381.184  961.359  294.131   78.181   -0.257   12.683 0.00000e+00
   55    16.93333   -97.46423 36.37642      44.015     373.399  962.265  294.301   77.684   -0.105   12.724 0.00000e+00
   56    16.95000   -97.46478 36.37925      41.622     372.153  962.411  294.430   77.382   -0.066   12.774 0.00000e+00
   57    16.96667   -97.46527 36.38203      38.222     369.628  962.734  294.573   77.003   -0.097   12.821 0.00000e+00
   58    16.98333   -97.46581 36.38477      32.989     365.480  963.201  294.747   76.515   -0.104   12.871 0.00000e+00
   59    17.00000   -97.46643 36.38737      27.117     361.047  963.719  294.925   76.030   -0.109   12.924 0.00000e+00
   60    17.01667   -97.46722 36.38980      19.938     355.108  964.382  295.173   75.368   -0.096   13.000 0.00000e+00
   61    17.03333   -97.46820 36.39208      14.739     350.723  964.837  295.277   75.086   -0.110   13.028 0.00000e+00
   62    17.05000   -97.46947 36.39420       9.773     346.468  965.262  295.325   74.766   -0.105   13.005 0.00000e+00
   63    17.06667   -97.47110 36.39626       6.417     344.005  965.526  295.319   74.453   -0.069   12.942 0.00000e+00
   64    17.08333   -97.47305 36.39811       7.431     345.371  965.339  295.513   73.995    0.088   13.020 0.00000e+00
   65    17.10000   -97.47440 36.39951      22.158     359.857  963.841  295.473   74.712    0.490   13.134 0.00000e+00
   66    17.11667   -97.47436 36.40097      84.613     421.468  957.027  294.759   77.498    1.622   13.131 0.00000e+00
   67    17.13333   -97.47325 36.40358     178.177     513.354  946.928  293.700   81.351    1.801   13.046 0.00000e+00
   68    17.15000   -97.47197 36.40656     264.617     598.575  937.597  292.729   84.816    1.816   12.929 0.00000e+00
   69    17.16667   -97.47063 36.40955     342.397     676.135  929.132  291.859   88.213    1.649   12.847 0.00000e+00
   70    17.18333   -97.46925 36.41241     399.147     733.458  922.920  291.245   90.801    1.377   12.807 0.00000e+00
   71    17.20000   -97.46788 36.41525     431.660     766.638  919.444  290.910   92.272    1.014   12.788 0.00000e+00
   72    17.21667   -97.46655 36.41808     443.315     777.798  918.338  290.808   92.729    0.533   12.784 0.00000e+00
   73    17.23333   -97.46527 36.42091     436.019     768.845  919.394  290.909   92.271   -0.008   12.789 0.00000e+00
   74    17.25000   -97.46414 36.42371     415.111     745.189  921.899  291.143   91.157   -0.400   12.788 0.00000e+00
   75    17.26667   -97.46318 36.42645     386.074     713.535  925.293  291.453   89.601   -0.516   12.772 0.00000e+00
   76    17.28333   -97.46248 36.42911     352.825     677.946  929.084  291.802   87.750   -0.381   12.734 0.00000e+00
   77    17.30000   -97.46213 36.43174     328.124     651.103  931.978  292.077   86.257   -0.148   12.697 0.00000e+00
   78    17.31667   -97.46210 36.43434     322.109     643.089  932.880  292.181   85.516    0.062   12.658 0.00000e+00
   79    17.33333   -97.46210 36.43692     333.811     652.799  931.792  292.105   85.505    0.193   12.611 0.00000e+00
   80    17.35000   -97.46204 36.43954     353.829     671.130  929.780  291.943   85.974    0.219   12.578 0.00000e+00
   81    17.36667   -97.46191 36.44223     371.807     687.797  927.973  291.792   86.537    0.141   12.566 0.00000e+00
   82    17.38333   -97.46173 36.44499     383.295     697.964  926.888  291.697   86.959   -0.034   12.566 0.00000e+00
   83    17.40000   -97.46159 36.44781     384.812     698.381  926.798  291.691   87.058   -0.261   12.577 0.00000e+00
   84    17.41667   -97.46156 36.45076     379.141     691.984  927.491  291.751   86.918   -0.368   12.595 0.00000e+00
   85    17.43333   -97.46159 36.45378     373.140     685.216  928.179  291.802   86.735   -0.302   12.599 0.00000e+00
   86    17.45000   -97.46164 36.45684     370.517     681.865  928.566  291.851   86.511   -0.234   12.601 0.00000e+00
   87    17.46667   -97.46163 36.45997     368.389     679.047  928.960  291.906   86.275   -0.220   12.605 0.00000e+00
   88    17.48333   -97.46162 36.46322     366.094     676.001  929.253  291.958   86.084    0.100   12.614 0.00000e+00
   89    17.50000   -97.46163 36.46664     376.278     685.046  928.186  291.865   86.431    0.480   12.605 0.00000e+00
   90    17.51667   -97.46148 36.47009     398.342     705.923  925.987  291.654   87.434    0.608   12.613 0.00000e+00
   91    17.53333   -97.46113 36.47349     411.352     718.170  924.644  291.544   87.869    0.119   12.606 0.00000e+00
   92    17.55000   -97.46063 36.47677     401.943     708.289  925.732  291.660   87.078   -0.483   12.570 0.00000e+00
   93    17.56667   -97.46000 36.47985     364.324     670.004  929.957  292.065   85.087   -0.990   12.543 0.00000e+00
   94    17.58333   -97.45940 36.48286     316.468     620.142  935.346  292.565   82.923   -0.873   12.541 0.00000e+00
   95    17.60000   -97.45901 36.48579     285.230     586.918  938.921  292.920   81.312   -0.367   12.526 0.00000e+00
   96    17.61667   -97.45869 36.48861     282.903     582.900  939.350  293.076   80.731    0.017   12.553 0.00000e+00
   97    17.63333   -97.45805 36.49111     310.739     610.281  936.293  292.955   81.552    0.639   12.626 0.00000e+00
   98    17.65000   -97.45701 36.49352     352.637     651.698  931.807  292.623   82.647    0.773   12.593 0.00000e+00
   99    17.66667   -97.45586 36.49608     388.512     686.980  928.022  292.291   83.677    0.699   12.538 0.00000e+00
  100    17.68333   -97.45491 36.49880     414.619     712.655  925.268  292.042   84.633    0.711   12.521 0.00000e+00
  101    17.70000   -97.45435 36.50139     430.567     728.243  923.591  291.875   85.204    0.582   12.496 0.00000e+00
  102    17.71667   -97.45415 36.50381     441.081     738.431  922.487  291.774   85.214    0.360   12.433 0.00000e+00
  103    17.73333   -97.45414 36.50611     456.460     754.504  920.691  291.612   85.654    0.417   12.395 0.00000e+00
  104    17.75000   -97.45423 36.50830     481.946     781.728  917.760  291.340   86.729    0.614   12.375 0.00000e+00
  105    17.76667   -97.45435 36.51037     521.083     822.459  913.435  290.924   88.771    0.767   12.396 0.00000e+00
  106    17.78333   -97.45444 36.51236     563.032     865.912  908.763  290.515   90.752    0.854   12.411 0.00000e+00
  107    17.80000   -97.45448 36.51425     604.603     908.903  904.245  290.172   91.701    0.811   12.331 0.00000e+00
  108    17.81667   -97.45439 36.51619     643.154     948.905  900.006  289.798   93.583    0.480   12.345 0.00000e+00
  109    17.83333   -97.45422 36.51818     657.965     965.230  898.325  289.670   94.151    0.014   12.342 0.00000e+00
  110    17.85000   -97.45404 36.52018     653.164     961.935  898.640  289.746   93.580   -0.403   12.322 0.00000e+00
  111    17.86667   -97.45410 36.52231     617.858     927.962  902.265  290.115   91.715   -1.380   12.316 0.00000e+00
  112    17.88333   -97.45435 36.52437     536.768     847.633  910.790  290.900   88.393   -1.650   12.361 0.00000e+00
  113    17.90000   -97.45458 36.52650     458.031     769.689  919.121  291.672   84.733   -1.167   12.329 0.00000e+00
  114    17.91667   -97.45489 36.52865     395.652     708.129  925.703  292.301   82.046   -0.975   12.333 0.00000e+00
  115    17.93333   -97.45546 36.53077     330.129     643.267  932.705  292.965   79.610   -1.190   12.381 0.00000e+00
  116    17.95000   -97.45615 36.53286     264.868     578.510  939.692  293.629   77.526   -0.979   12.473 0.00000e+00
  117    17.96667   -97.45657 36.53491     219.507     533.769  944.586  294.088   75.863   -0.443   12.494 0.00000e+00
  118    17.98333   -97.45659 36.53693     202.689     517.489  946.376  294.269   75.298   -0.034   12.518 0.00000e+00
  119    18.00000   -97.45644 36.53891     197.658     512.692  946.912  294.320   75.154    0.255   12.526 0.00000e+00
  120    18.01667   -97.45624 36.54090     202.190     517.026  946.451  294.273   75.360    0.427   12.530 0.00000e+00
  121    18.03333   -97.45612 36.54296     208.669     523.345  945.763  294.220   75.565    0.247   12.531 0.00000e+00
  122    18.05000   -97.45607 36.54496     211.939     526.504  945.392  294.190   75.437    0.116   12.492 0.00000e+00
  123    18.06667   -97.45602 36.54685     213.314     527.760  945.239  294.178   75.233    0.122   12.451 0.00000e+00
  124    18.08333   -97.45585 36.54866     215.176     529.396  945.090  294.168   75.101    0.147   12.424 0.00000e+00
  125    18.10000   -97.45545 36.55045     214.939     528.864  945.135  294.186   74.944    0.142   12.411 0.00000e+00
  126    18.11667   -97.45483 36.55218     211.043     524.638  945.645  294.230   74.779    0.055   12.411 0.00000e+00
  127    18.13333   -97.45399 36.55397     198.957     512.208  946.900  294.326   74.490   -0.306   12.420 0.00000e+00
  128    18.15000   -97.45299 36.55560     194.338     507.690  947.329  294.378   74.434   -0.165   12.445 0.00000e+00
  129    18.16667   -97.45213 36.55711     210.629     524.648  945.494  294.293   74.875    0.366   12.477 0.00000e+00
  130    18.18333   -97.45161 36.55876     238.045     552.774  942.441  294.067   75.621    0.545   12.466 0.00000e+00
  131    18.20000   -97.45149 36.56049     260.308     575.761  939.962  293.884   76.196    0.425   12.453 0.00000e+00
  132    18.21667   -97.45151 36.56227     265.627     581.847  939.366  293.850   76.204    0.020   12.435 0.00000e+00
  133    18.23333   -97.45152 36.56406     257.882     574.438  940.106  293.927   75.887   -0.239   12.433 0.00000e+00
  134    18.25000   -97.45142 36.56596     244.888     561.140  941.545  294.072   75.309   -0.438   12.431 0.00000e+00
  135    18.26667   -97.45127 36.56776     215.198     531.173  944.771  294.375   74.196   -0.717   12.437 0.00000e+00
  136    18.28333   -97.45089 36.56928     176.625     492.419  948.997  294.756   72.730   -0.506   12.426 0.00000e+00
  137    18.30000   -97.45020 36.57057     148.534     464.297  952.036  295.027   71.705   -0.271   12.418 0.00000e+00
  138    18.31667   -97.44920 36.57176     132.323     448.124  953.855  295.196   71.076   -0.146   12.414 0.00000e+00
  139    18.33333   -97.44796 36.57285     124.385     440.264  954.708  295.278   70.718   -0.080   12.403 0.00000e+00
  140    18.35000   -97.44661 36.57390     118.925     435.081  955.242  295.340   70.425   -0.159   12.392 0.00000e+00
  141    18.36667   -97.44510 36.57484     110.805     427.593  956.045  295.452   70.019   -0.228   12.395 0.00000e+00
  142    18.38333   -97.44332 36.57566     104.457     422.458  956.579  295.576   69.719   -0.051   12.429 0.00000e+00
  143    18.40000   -97.44115 36.57644     108.625     428.426  955.887  295.685   69.645    0.341   12.509 0.00000e+00
  144    18.41667   -97.43874 36.57728     133.084     455.045  952.945  295.507   70.289    0.560   12.526 0.00000e+00
  145    18.43333   -97.43654 36.57833     176.805     500.923  948.021  295.063   71.564    0.970   12.474 0.00000e+00
  146    18.45000   -97.43474 36.57968     265.167     589.774  938.457  294.206   74.170    1.861   12.387 0.00000e+00
  147    18.46667   -97.43310 36.58139     387.272     710.974  925.438  293.023   78.935    2.141   12.419 0.00000e+00
  148    18.48333   -97.43150 36.58345     494.728     816.991  914.137  292.027   82.215    1.509   12.301 0.00000e+00
  149    18.50000   -97.43008 36.58574     579.891     900.891  905.227  291.292   84.663    1.515   12.213 0.00000e+00
  150    18.51667   -97.42885 36.58815     667.739     987.594  896.123  290.555   87.370    1.397   12.150 0.00000e+00
  151    18.53333   -97.42789 36.59076     752.856    1070.861  887.425  289.770   90.674    1.073   12.110 0.00000e+00
  152    18.55000   -97.42711 36.59348     812.676    1128.786  881.399  289.181   93.125    0.541   12.059 0.00000e+00
  153    18.56667   -97.42638 36.59615     834.350    1149.060  879.247  289.020   93.174   -0.016   11.970 0.00000e+00
  154    18.58333   -97.42585 36.59872     845.786    1160.434  878.033  288.931   93.678    0.090   11.982 0.00000e+00
  155    18.60000   -97.42551 36.60108     858.914    1173.672  876.705  288.821   94.039    0.244   11.961 0.00000e+00
  156    18.61667   -97.42519 36.60326     863.548    1178.370  876.212  288.777   94.047    0.045   11.935 0.00000e+00
  157    18.63333   -97.42482 36.60539     853.350    1168.146  877.306  288.858   93.572   -0.313   11.922 0.00000e+00
  158    18.65000   -97.42446 36.60745     820.405    1134.938  880.742  289.174   92.168   -0.672   11.938 0.00000e+00
  159    18.66667   -97.42409 36.60950     775.076    1089.334  885.472  289.639   90.478   -0.661   12.010 0.00000e+00
  160    18.68333   -97.42377 36.61156     728.672    1042.644  890.308  290.135   88.323   -0.574   12.036 0.00000e+00
  161    18.70000   -97.42345 36.61357     676.714     990.477  895.723  290.645   85.834   -0.843   12.010 0.00000e+00
  162    18.71667   -97.42319 36.61552     613.156     927.288  902.300  291.242   83.068   -1.108   11.984 0.00000e+00
  163    18.73333   -97.42293 36.61738     542.460     856.966  909.742  291.913   80.273   -1.202   11.983 0.00000e+00
  164    18.75000   -97.42266 36.61915     473.724     788.606  916.996  292.578   77.599   -1.204   11.982 0.00000e+00
  165    18.76667   -97.42236 36.62087     405.347     720.598  924.225  293.237   74.975   -1.199   11.971 0.00000e+00
  166    18.78333   -97.42207 36.62254     333.113     649.045  931.898  293.932   72.015   -1.139   11.907 0.00000e+00
  167    18.80000   -97.42181 36.62396     266.502     583.345  938.929  294.563   69.522   -0.967   11.864 0.00000e+00
  168    18.81667   -97.42148 36.62514     224.207     541.894  943.445  294.974   68.065   -0.582   11.857 0.00000e+00
  169    18.83333   -97.42108 36.62618     211.061     529.606  944.797  295.159   67.655   -0.169   11.904 0.00000e+00
  170    18.85000   -97.42083 36.62720     227.812     547.127  942.869  295.074   68.236    0.499   11.967 0.00000e+00
  171    18.86667   -97.42086 36.62822     267.010     586.871  938.542  294.718   69.720    0.969   12.017 0.00000e+00
  172    18.88333   -97.42104 36.62913     302.670     622.870  934.672  294.327   71.153    0.569   12.021 0.00000e+00
  173    18.90000   -97.42109 36.62996     305.107     625.615  934.433  294.295   70.937   -0.547   11.964 0.00000e+00
  174    18.91667   -97.42085 36.63081     268.904     589.642  938.342  294.651   68.401   -0.896   11.744 0.00000e+00
  175    18.93333   -97.42014 36.63186     246.797     567.906  940.721  294.922   67.494   -0.003   11.754 0.00000e+00
  176    18.95000   -97.41929 36.63291     273.796     595.200  937.808  294.829   67.962    0.763   11.805 0.00000e+00
  177    18.96667   -97.41830 36.63387     346.975     668.510  929.920  294.123   70.450    1.102   11.813 0.00000e+00
  178    18.98333   -97.41726 36.63484     436.328     757.741  920.426  293.230   73.646    1.358   11.802 0.00000e+00
