    0    16.01667   -97.52862 36.24992      50.042     395.773  959.843  293.251   83.811   -0.002   12.891 0.00000e+00
    1    16.03333   -97.52869 36.25300      48.152     396.705  959.714  293.455   83.263    0.068   12.973 0.00000e+00
    2    16.05000   -97.52877 36.25600      48.791     400.146  959.300  293.587   82.936    0.090   13.035 0.00000e+00
    3    16.06667   -97.52887 36.25904      51.489     405.829  958.646  293.578   83.008    0.035   13.047 0.00000e+00
    4    16.08333   -97.52892 36.26212      49.301     406.646  958.549  293.568   83.043   -0.061   13.046 0.00000e+00
    5    16.10000   -97.52882 36.26517      46.808     406.025  958.657  293.598   82.974    0.023   13.059 0.00000e+00
    6    16.11667   -97.52860 36.26803      52.684     413.011  957.883  293.585   83.184    0.316   13.092 0.00000e+00
    7    16.13333   -97.52855 36.27065      76.209     437.523  955.146  293.309   84.436    0.552   13.099 0.00000e+00
    8    16.15000   -97.52874 36.27319     110.529     471.755  951.425  292.813   86.284    0.500   13.028 0.00000e+00
    9    16.16667   -97.52898 36.27579     139.292     499.770  948.370  292.461   87.512    0.327   12.967 0.00000e+00
   10    16.18333   -97.52911 36.27835     160.548     520.377  946.107  292.268   88.308    0.305   12.958 0.00000e+00
   11    16.20000   -97.52914 36.28067     178.581     537.855  944.177  292.110   88.979    0.218   12.954 0.00000e+00
   12    16.21667   -97.52924 36.28262     192.065     550.750  942.760  292.006   89.407    0.430   12.950 0.00000e+00
   13    16.23333   -97.52946 36.28449     225.390     583.439  939.186  291.734   90.536    0.886   12.940 0.00000e+00
   14    16.25000   -97.52957 36.28665     274.273     631.634  933.933  291.284   92.620    0.806   12.939 0.00000e+00
   15    16.26667   -97.52960 36.28925     303.164     659.608  930.866  291.003   93.852    0.333   12.922 0.00000e+00
   16    16.28333   -97.52946 36.29240     309.335     664.362  930.389  290.929   93.868   -0.036   12.871 0.00000e+00
   17    16.30000   -97.52924 36.29597     299.923     653.389  931.565  291.017   93.208   -0.311   12.836 0.00000e+00
   18    16.31667   -97.52907 36.29986     279.836     632.419  933.802  291.205   92.170   -0.356   12.814 0.00000e+00
   19    16.33333   -97.52872 36.30402     262.697     614.593  935.723  291.378   91.181   -0.070   12.790 0.00000e+00
   20    16.35000   -97.52824 36.30825     269.019     617.609  935.504  291.384   90.878    0.502   12.755 0.00000e+00
   21    16.36667   -97.52769 36.31226     303.479     648.050  932.169  291.098   92.188    0.735   12.752 0.00000e+00
   22    16.38333   -97.52691 36.31606     350.224     692.831  927.332  290.674   94.269    0.683   12.760 0.00000e+00
   23    16.40000   -97.52615 36.31987     399.372     740.032  922.282  290.229   96.432    0.734   12.758 0.00000e+00
   24    16.41667   -97.52524 36.32379     456.672     796.846  916.123  289.678   99.242    0.673   12.761 9.07009e-04
   25    16.43333   -97.52383 36.32767     505.970     846.764  910.823  289.365  100.000    0.301   12.693 5.52696e-02
   26    16.45000   -97.52191 36.33132     546.007     886.805  906.496  289.167  100.000    0.215   12.592 8.23745e-02
   27    16.46667   -97.51962 36.33477     583.105     925.625  902.311  288.953  100.000    0.506   12.479 1.46865e-01
   28    16.48333   -97.51702 36.33802     611.044     955.660  899.200  288.793  100.000    0.358   12.394 2.08961e-01
   29    16.50000   -97.51448 36.34115     625.059     968.942  897.848  288.716  100.000    0.490   12.352 2.38785e-01
   30    16.51667   -97.51205 36.34433     629.738     972.880  897.414  288.700  100.000    0.407   12.345 2.51058e-01
   31    16.53333   -97.50941 36.34775     610.021     951.967  899.705  288.782  100.000   -0.432   12.378 1.79789e-01
   32    16.55000   -97.50673 36.35118     564.701     903.453  904.826  288.993  100.000   -1.126   12.477 5.67786e-02
   33    16.56667   -97.50426 36.35438     519.997     856.265  909.849  289.413   97.639   -0.981   12.429 0.00000e+00
   34    16.58333   -97.50204 36.35725     499.786     833.935  912.218  289.769   94.649   -0.333   12.294 0.00000e+00
   35    16.60000   -97.49987 36.35989     511.541     843.576  911.203  289.798   93.601    0.522   12.195 0.00000e+00
   36    16.61667   -97.49751 36.36246     548.721     879.164  907.404  289.510   94.673    1.041   12.159 0.00000e+00
   37    16.63333   -97.49500 36.36529     581.608     910.178  904.182  289.139   97.289    0.781   12.244 0.00000e+00
   38    16.65000   -97.49260 36.36835     601.919     927.752  902.329  288.920   98.926    0.343   12.301 6.95327e-04
   39    16.66667   -97.49028 36.37151     612.992     936.234  901.305  288.813   99.708    0.085   12.327 7.07662e-03
   40    16.68333   -97.48792 36.37472     614.970     939.959  900.860  288.773   99.971   -0.151   12.334 5.01583e-03
   41    16.70000   -97.48550 36.37801     600.940     929.236  901.903  288.870   99.435   -0.413   12.331 2.08818e-03
   42    16.71667   -97.48323 36.38137     565.135     896.764  905.424  289.191   97.783   -0.675   12.331 0.00000e+00
   43    16.73333   -97.48120 36.38479     516.341     850.366  910.330  289.645   95.455   -0.868   12.326 0.00000e+00
   44    16.75000   -97.47948 36.38823     463.125     800.009  915.741  290.140   93.020   -0.978   12.325 0.00000e+00
   45    16.76667   -97.47814 36.39166     419.108     758.102  920.345  290.574   90.853   -0.816   12.313 0.00000e+00
   46    16.78333   -97.47711 36.39492     399.808     739.817  922.347  290.760   90.044   -0.206   12.322 0.00000e+00
   47    16.80000   -97.47625 36.39781     409.551     749.049  921.439  290.688   90.821   -0.026   12.384 0.00000e+00
   48    16.81667   -97.47534 36.40039     424.739     762.244  919.972  290.553   91.468   -0.134   12.385 0.00000e+00
   49    16.83333   -97.47437 36.40284     430.688     766.494  919.522  290.497   91.809   -0.130   12.393 0.00000e+00
   50    16.85000   -97.47315 36.40546     433.941     768.249  919.251  290.498   91.938    0.081   12.415 0.00000e+00
   51    16.86667   -97.47174 36.40828     447.529     781.176  917.825  290.402   92.281    0.253   12.405 0.00000e+00
   52    16.88333   -97.47012 36.41123     475.672     809.490  914.702  290.159   93.557    0.250   12.425 0.00000e+00
   53    16.90000   -97.46834 36.41424     510.317     845.181  910.975  289.870   95.620    0.456   12.518 0.00000e+00
   54    16.91667   -97.46629 36.41729     551.231     886.032  906.756  289.507   97.711    0.647   12.556 0.00000e+00
   55    16.93333   -97.46394 36.42049     594.604     927.141  902.460  289.138   99.408    0.763   12.534 1.14343e-03
   56    16.95000   -97.46121 36.42399     638.163     966.373  898.257  288.853  100.000    0.856   12.445 2.64442e-02
   57    16.96667   -97.45834 36.42783     677.114    1000.467  894.667  288.661  100.000    1.040   12.343 5.16392e-02
   58    16.98333   -97.45566 36.43186     719.582    1038.645  890.660  288.450  100.000    0.896   12.231 6.93952e-02
   59    17.00000   -97.45317 36.43558     753.911    1070.042  887.363  288.317  100.000    0.396   12.181 1.31089e-01
   60    17.01667   -97.45091 36.43881     770.109    1084.326  885.895  288.244  100.000    0.083   12.144 1.67172e-01
   61    17.03333   -97.44895 36.44177     768.974    1082.115  886.131  288.192  100.000   -0.074   12.087 9.25793e-02
   62    17.05000   -97.44702 36.44475     761.028    1073.109  887.075  288.210   99.987   -0.200   12.081 3.70668e-02
   63    17.06667   -97.44490 36.44769     747.574    1058.911  888.522  288.323   99.298   -0.441   12.067 1.02056e-02
   64    17.08333   -97.44267 36.45055     721.276    1032.661  891.315  288.614   97.142   -0.637   11.991 1.48575e-04
   65    17.10000   -97.44042 36.45341     682.824     993.395  895.474  289.087   93.738   -0.635   11.874 0.00000e+00
   66    17.11667   -97.43822 36.45624     642.684     952.008  899.762  289.535   91.043   -0.466   11.812 0.00000e+00
   67    17.13333   -97.43610 36.45901     606.084     915.145  903.674  289.904   89.202   -0.222   11.799 0.00000e+00
   68    17.15000   -97.43398 36.46161     575.600     884.274  907.060  290.129   88.861    0.025   11.879 0.00000e+00
   69    17.16667   -97.43185 36.46401     552.538     859.329  909.680  290.242   89.380   -0.074   12.000 0.00000e+00
   70    17.18333   -97.42972 36.46642     535.236     840.669  911.626  290.426   88.466   -0.222   11.992 0.00000e+00
   71    17.20000   -97.42770 36.46904     525.496     830.200  912.771  290.536   87.933   -0.092   11.988 0.00000e+00
   72    17.21667   -97.42587 36.47187     529.386     833.415  912.415  290.494   88.172   -0.022   11.993 0.00000e+00
   73    17.23333   -97.42423 36.47481     543.007     846.277  911.085  290.389   88.872    0.216   12.026 0.00000e+00
   74    17.25000   -97.42271 36.47787     569.966     872.048  908.413  290.148   90.447    0.503   12.088 0.00000e+00
   75    17.26667   -97.42125 36.48101     609.660     909.511  904.448  289.804   92.291    0.788   12.118 0.00000e+00
   76    17.28333   -97.41968 36.48423     657.287     953.970  899.692  289.414   93.938    0.767   12.095 0.00000e+00
   77    17.30000   -97.41775 36.48759     697.289     991.714  895.658  289.170   94.188    0.340   11.992 2.09715e-04
   78    17.31667   -97.41537 36.49126     717.825    1012.347  893.436  288.999   94.421   -0.260   11.919 0.00000e+00
   79    17.33333   -97.41268 36.49507     724.289    1019.751  892.629  288.955   94.056   -0.320   11.851 0.00000e+00
   80    17.35000   -97.40987 36.49892     725.727    1023.482  892.266  289.011   92.785   -0.248   11.737 0.00000e+00
   81    17.36667   -97.40712 36.50275     724.219    1023.205  892.390  288.985   93.026   -0.163   11.746 0.00000e+00
   82    17.38333   -97.40454 36.50654     716.787    1015.034  893.234  289.007   93.432   -0.245   11.803 0.00000e+00
   83    17.40000   -97.40215 36.51026     699.939     997.677  895.019  289.136   93.363   -0.416   11.869 0.00000e+00
   84    17.41667   -97.39990 36.51392     673.620     972.069  897.665  289.353   92.725   -0.509   11.919 0.00000e+00
   85    17.43333   -97.39771 36.51746     642.363     942.137  900.811  289.633   91.521   -0.630   11.935 0.00000e+00
   86    17.45000   -97.39558 36.52089     604.922     907.044  904.455  289.966   89.919   -0.756   11.930 0.00000e+00
   87    17.46667   -97.39362 36.52423     558.656     864.865  908.920  290.377   87.931   -0.858   11.917 0.00000e+00
   88    17.48333   -97.39180 36.52748     510.280     820.277  913.690  290.810   85.964   -0.847   11.914 0.00000e+00
   89    17.50000   -97.39011 36.53063     466.494     779.325  918.108  291.210   84.145   -0.648   11.904 0.00000e+00
   90    17.51667   -97.38844 36.53365     434.413     749.320  921.303  291.488   83.025   -0.408   11.913 0.00000e+00
   91    17.53333   -97.38681 36.53658     414.464     731.905  923.125  291.625   82.744   -0.204   11.952 0.00000e+00
   92    17.55000   -97.38519 36.53954     407.533     726.098  923.935  291.652   83.535    0.047   12.076 0.00000e+00
   93    17.56667   -97.38344 36.54259     412.187     729.849  923.458  291.557   84.835    0.059   12.197 0.00000e+00
   94    17.58333   -97.38158 36.54567     412.289     729.572  923.446  291.558   85.028   -0.138   12.225 0.00000e+00
   95    17.60000   -97.37978 36.54884     387.130     706.017  925.957  291.766   84.121   -0.773   12.221 0.00000e+00
   96    17.61667   -97.37798 36.55203     336.750     657.617  931.262  292.265   82.537   -0.763   12.304 0.00000e+00
   97    17.63333   -97.37620 36.55523     293.658     615.056  935.890  292.702   80.742   -0.467   12.309 0.00000e+00
   98    17.65000   -97.37445 36.55840     261.682     583.203  939.364  293.000   79.283   -0.558   12.269 0.00000e+00
   99    17.66667   -97.37278 36.56147     215.287     537.539  944.280  293.447   77.606   -0.957   12.285 0.00000e+00
  100    17.68333   -97.37097 36.56454     167.564     491.002  949.328  293.878   76.306   -0.607   12.341 0.00000e+00
  101    17.70000   -97.36903 36.56747     150.970     476.535  950.845  293.917   75.730   -0.042   12.259 0.00000e+00
  102    17.71667   -97.36709 36.56998     194.886     523.174  945.755  293.764   77.248    1.304   12.453 0.00000e+00
  103    17.73333   -97.36549 36.57228     287.495     618.194  935.438  292.964   80.804    1.993   12.529 0.00000e+00
  104    17.75000   -97.36440 36.57448     391.616     723.417  924.125  291.919   85.134    1.853   12.513 0.00000e+00
  105    17.76667   -97.36345 36.57666     498.619     831.368  912.595  290.840   90.354    1.644   12.561 0.00000e+00
  106    17.78333   -97.36224 36.57889     595.596     929.200  902.216  289.869   95.284    1.496   12.596 0.00000e+00
  107    17.80000   -97.36044 36.58106     670.990    1004.238  894.398  289.189   99.166    1.071   12.659 9.09592e-05
  108    17.81667   -97.35805 36.58310     709.189    1041.380  890.423  288.927  100.000    0.181   12.609 2.04315e-02
  109    17.83333   -97.35551 36.58492     709.407    1041.627  890.344  288.914   99.726   -0.322   12.565 1.33442e-02
  110    17.85000   -97.35301 36.58680     690.165    1023.374  892.342  289.073   98.853   -0.430   12.554 2.84574e-03
  111    17.86667   -97.35046 36.58889     686.598    1017.901  893.056  289.148   98.035   -0.088   12.500 1.02053e-06
  112    17.88333   -97.34782 36.59116     711.001    1038.178  890.951  288.987   97.772    0.339   12.368 0.00000e+00
  113    17.90000   -97.34525 36.59359     752.154    1074.859  887.169  288.672   98.530    0.882   12.265 0.00000e+00
  114    17.91667   -97.34264 36.59621     810.396    1127.933  881.724  288.269   98.534    1.224   12.024 7.51495e-04
  115    17.93333   -97.33993 36.59901     878.973    1190.347  875.159  287.759   99.728    1.142   11.862 8.86648e-03
  116    17.95000   -97.33723 36.60192     940.510    1247.976  869.156  287.392   99.814    0.845   11.673 4.09046e-02
  117    17.96667   -97.33453 36.60487     989.869    1295.666  864.297  287.062  100.000    0.538   11.527 4.61993e-02
  118    17.98333   -97.33178 36.60788    1011.904    1314.508  862.358  286.950  100.000   -0.190   11.471 5.25815e-02
  119    18.00000   -97.32911 36.61092     989.921    1289.584  864.907  287.111   99.576   -0.962   11.490 0.00000e+00
  120    18.01667   -97.32681 36.61387     934.535    1232.278  870.694  287.695   96.029   -1.266   11.434 0.00000e+00
  121    18.03333   -97.32490 36.61660     874.178    1171.033  877.001  288.316   92.445   -1.234   11.377 0.00000e+00
  122    18.05000   -97.32317 36.61907     820.763    1116.817  882.653  288.850   89.405   -1.248   11.316 0.00000e+00
  123    18.06667   -97.32156 36.62148     766.327    1061.645  888.355  289.344   87.075   -1.218   11.304 0.00000e+00
  124    18.08333   -97.32011 36.62383     711.999    1007.068  894.063  289.824   85.260   -1.131   11.341 0.00000e+00
  125    18.10000   -97.31886 36.62614     660.977     955.980  899.460  290.302   83.417   -0.886   11.371 0.00000e+00
  126    18.11667   -97.31776 36.62843     614.514     909.508  904.331  290.711   82.348   -0.501   11.460 0.00000e+00
  127    18.13333   -97.31688 36.63078     579.277     874.366  908.067  290.995   81.681   -0.295   11.526 0.00000e+00
  128    18.15000   -97.31612 36.63326     558.705     854.092  910.159  291.140   81.421   -0.160   11.568 0.00000e+00
  129    18.16667   -97.31544 36.63587     558.069     853.769  910.155  291.159   81.473    0.005   11.590 0.00000e+00
  130    18.18333   -97.31473 36.63862     576.636     872.621  908.247  291.029   82.008    0.325   11.595 0.00000e+00
  131    18.20000   -97.31379 36.64140     608.711     904.560  904.886  290.759   82.635    0.638   11.528 0.00000e+00
  132    18.21667   -97.31261 36.64427     661.023     956.532  899.405  290.253   85.244    0.692   11.585 0.00000e+00
  133    18.23333   -97.31123 36.64710     699.863     995.041  895.330  289.840   88.408    0.469   11.755 0.00000e+00
  134    18.25000   -97.30991 36.64979     730.162    1025.325  892.167  289.526   90.406    0.516   11.823 0.00000e+00
  135    18.26667   -97.30855 36.65247     759.526    1054.697  889.100  289.235   91.787    0.572   11.823 0.00000e+00
  136    18.28333   -97.30712 36.65517     782.781    1077.833  886.664  288.996   93.059    0.352   11.836 0.00000e+00
  137    18.30000   -97.30566 36.65794     795.351    1091.056  885.260  288.858   93.831    0.078   11.847 0.00000e+00
  138    18.31667   -97.30421 36.66073     793.620    1090.009  885.434  288.871   93.790   -0.199   11.849 0.00000e+00
  139    18.33333   -97.30291 36.66335     780.799    1077.839  886.682  288.981   93.333   -0.226   11.859 0.00000e+00
  140    18.35000   -97.30186 36.66563     773.514    1072.002  887.266  289.040   92.938    0.037   11.846 0.00000e+00
  141    18.36667   -97.30094 36.66775     771.345    1071.226  887.318  289.030   93.388    0.055   11.895 0.00000e+00
  142    18.38333   -97.30016 36.66977     765.767    1066.946  887.763  289.062   93.797   -0.074   11.965 0.00000e+00
  143    18.40000   -97.29940 36.67178     765.188    1067.705  887.721  289.132   93.825    0.007   12.024 0.00000e+00
  144    18.41667   -97.29845 36.67384     794.133    1098.354  884.545  289.037   93.474    0.805   11.949 0.00000e+00
  145    18.43333   -97.29682 36.67612     835.336    1141.654  880.007  288.600   95.997    0.927   11.992 0.00000e+00
  146    18.45000   -97.29489 36.67868     834.047    1142.820  879.939  288.567   95.842    0.120   11.948 0.00000e+00
  147    18.46667   -97.29315 36.68131     802.577    1112.434  883.187  288.879   93.702   -0.319   11.875 0.00000e+00
  148    18.48333   -97.29174 36.68390     767.906    1077.837  886.799  289.302   90.122   -0.408   11.688 0.00000e+00
  149    18.50000   -97.29069 36.68636     764.792    1074.960  887.125  289.332   90.625    0.425   11.772 0.00000e+00
  150    18.51667   -97.28978 36.68880     809.917    1120.441  882.362  288.884   94.735    1.458   12.021 0.00000e+00
  151    18.53333   -97.28867 36.69141     882.323    1193.335  874.811  288.196   98.206    1.395   12.023 3.06297e-03
  152    18.55000   -97.28712 36.69436     946.454    1257.990  868.127  287.768   98.684    0.468   11.841 5.49888e-02
  153    18.56667   -97.28542 36.69747     958.479    1270.475  866.860  287.812   94.586   -1.041   11.399 3.63220e-02
  154    18.58333   -97.28417 36.70024     912.293    1224.572  871.619  288.219   92.353   -1.718   11.365 0.00000e+00
  155    18.60000   -97.28398 36.70264     818.375    1131.010  881.180  289.103   88.704   -2.187   11.431 0.00000e+00
  156    18.61667   -97.28456 36.70455     724.404    1037.314  890.948  289.946   86.188   -1.185   11.595 0.00000e+00
  157    18.63333   -97.28523 36.70616     697.416    1009.354  893.978  290.178   86.081    0.330   11.714 0.00000e+00
  158    18.65000   -97.28564 36.70792     726.597    1036.827  891.132  289.835   88.536    0.938   11.825 0.00000e+00
  159    18.66667   -97.28569 36.70995     779.036    1087.314  885.847  289.319   91.192    0.936   11.853 0.00000e+00
  160    18.68333   -97.28535 36.71229     828.524    1134.558  880.930  288.832   93.906    0.713   11.896 0.00000e+00
  161    18.70000   -97.28454 36.71487     863.751    1167.941  877.460  288.504   95.655    0.427   11.910 0.00000e+00
  162    18.71667   -97.28329 36.71759     872.924    1175.535  876.661  288.422   96.253   -0.078   11.932 0.00000e+00
  163    18.73333   -97.28173 36.72036     841.729    1142.442  880.105  288.726   95.086   -0.856   11.974 0.00000e+00
  164    18.75000   -97.28030 36.72308     768.317    1068.084  887.738  289.405   92.180   -1.435   12.022 0.00000e+00
  165    18.76667   -97.27910 36.72552     676.842     976.894  897.268  290.356   86.976   -1.679   11.927 0.00000e+00
  166    18.78333   -97.27793 36.72768     587.222     887.696  906.672  291.282   81.978   -1.546   11.799 0.00000e+00
  167    18.80000   -97.27673 36.72973     511.570     812.639  914.598  292.051   78.345   -1.062   11.734 0.00000e+00
  168    18.81667   -97.27560 36.73178     455.683     757.445  920.463  292.613   75.896   -0.526   11.701 0.00000e+00
  169    18.83333   -97.27469 36.73386     416.984     719.479  924.587  292.931   75.362   -0.400   11.799 0.00000e+00
  170    18.85000   -97.27390 36.73593     386.058     689.305  927.795  293.197   74.711   -0.294   11.852 0.00000e+00
  171    18.86667   -97.27311 36.73797     355.904     659.984  930.902  293.457   74.014   -0.437   11.894 0.00000e+00
  172    18.88333   -97.27228 36.74002     315.400     621.013  935.087  293.857   72.855   -0.768   11.949 0.00000e+00
  173    18.90000   -97.27156 36.74207     260.119     567.422  940.912  294.433   70.951   -1.066   11.985 0.00000e+00
  174    18.91667   -97.27107 36.74414     192.100     501.033  948.112  295.098   68.581   -1.255   11.979 0.00000e+00
  175    18.93333   -97.27086 36.74625     120.625     431.120  955.790  295.790   66.266   -1.185   11.980 0.00000e+00
  176    18.95000   -97.27115 36.74838      58.818     369.605  962.623  296.382   64.370   -0.889   11.980 0.00000e+00
  177    18.96667   -97.27216 36.75042      22.441     333.233  966.591  296.854   63.315   -0.324   12.078 0.00000e+00
  178    18.98333   -97.27393 36.75212      13.983     325.157  967.478  297.419   62.060    0.003   12.242 0.00000e+00
