    0    16.01667   -97.53922 36.23572      32.010     374.448  962.295  293.429   83.627    0.097   12.974 0.00000e+00
    1    16.03333   -97.54115 36.23763      53.578     397.267  959.678  293.219   84.530    0.846   12.978 0.00000e+00
    2    16.05000   -97.54272 36.23975     114.599     459.672  952.699  292.608   87.216    1.453   12.983 0.00000e+00
    3    16.06667   -97.54354 36.24256     180.826     527.413  945.230  291.903   90.267    1.194   12.957 0.00000e+00
    4    16.08333   -97.54379 36.24596     227.645     575.715  939.878  291.407   92.459    0.545   12.935 0.00000e+00
    5    16.10000   -97.54385 36.24974     246.156     593.961  937.916  291.210   93.107   -0.070   12.891 0.00000e+00
    6    16.11667   -97.54393 36.25359     239.361     586.349  938.739  291.283   92.666   -0.411   12.879 0.00000e+00
    7    16.13333   -97.54407 36.25737     211.508     558.895  941.702  291.538   91.475   -0.660   12.879 0.00000e+00
    8    16.15000   -97.54430 36.26107     174.816     523.323  945.660  291.874   89.916   -0.569   12.877 0.00000e+00
    9    16.16667   -97.54466 36.26462     150.211     500.059  948.196  292.090   88.846   -0.285   12.863 0.00000e+00
   10    16.18333   -97.54524 36.26805     140.808     492.352  949.033  292.159   88.421    0.102   12.846 0.00000e+00
   11    16.20000   -97.54595 36.27138     144.437     497.440  948.438  292.099   88.656    0.251   12.839 0.00000e+00
   12    16.21667   -97.54666 36.27461     152.630     505.865  947.560  292.020   88.996    0.161   12.837 0.00000e+00
   13    16.23333   -97.54736 36.27780     155.828     509.167  947.198  292.000   89.055    0.100   12.834 0.00000e+00
   14    16.25000   -97.54819 36.28092     156.260     509.375  947.248  291.993   89.043    0.068   12.826 0.00000e+00
   15    16.26667   -97.54908 36.28400     159.995     512.230  946.926  291.963   89.153    0.032   12.822 0.00000e+00
   16    16.28333   -97.54993 36.28704     164.699     516.461  946.538  291.929   89.263    0.037   12.816 0.00000e+00
   17    16.30000   -97.55079 36.29001     170.492     522.418  945.863  291.883   89.437    0.175   12.812 0.00000e+00
   18    16.31667   -97.55159 36.29296     178.312     530.908  944.948  291.802   89.825    0.200   12.814 0.00000e+00
   19    16.33333   -97.55239 36.29586     189.085     542.510  943.667  291.682   90.444    0.425   12.823 0.00000e+00
   20    16.35000   -97.55311 36.29877     209.190     564.339  941.259  291.471   91.524    0.607   12.837 0.00000e+00
   21    16.36667   -97.55367 36.30170     230.897     587.800  938.686  291.256   92.538    0.529   12.840 0.00000e+00
   22    16.38333   -97.55412 36.30459     245.929     604.529  936.865  291.101   93.310    0.359   12.845 0.00000e+00
   23    16.40000   -97.55450 36.30742     254.579     613.181  935.943  291.035   93.670    0.252   12.854 0.00000e+00
   24    16.41667   -97.55476 36.31020     257.500     615.804  935.675  291.030   93.718    0.040   12.859 0.00000e+00
   25    16.43333   -97.55487 36.31296     244.842     602.852  937.131  291.186   92.926   -0.297   12.858 0.00000e+00
   26    16.45000   -97.55503 36.31580     208.951     565.122  941.287  291.581   91.021   -0.765   12.855 0.00000e+00
   27    16.46667   -97.55560 36.31875     153.354     507.447  947.577  292.183   88.198   -1.079   12.852 0.00000e+00
   28    16.48333   -97.55674 36.32163     116.541     469.097  951.735  292.616   86.124   -0.710   12.840 0.00000e+00
   29    16.50000   -97.55809 36.32445      96.400     450.355  953.778  292.792   85.340   -0.064   12.836 0.00000e+00
   30    16.51667   -97.55946 36.32724     103.519     458.978  952.835  292.689   85.829    0.400   12.840 0.00000e+00
   31    16.53333   -97.56063 36.32992     121.508     478.150  950.824  292.505   86.695    0.200   12.848 0.00000e+00
   32    16.55000   -97.56143 36.33246     129.397     484.348  950.206  292.470   86.919   -0.050   12.861 0.00000e+00
   33    16.56667   -97.56193 36.33487     123.539     476.341  951.053  292.580   86.515   -0.436   12.878 0.00000e+00
   34    16.58333   -97.56229 36.33720     111.781     462.497  952.565  292.845   85.246   -0.198   12.881 0.00000e+00
   35    16.60000   -97.56261 36.33962     110.045     459.262  952.887  292.941   84.842    0.156   12.894 0.00000e+00
   36    16.61667   -97.56287 36.34225     124.071     472.254  951.433  292.831   85.285    0.377   12.892 0.00000e+00
   37    16.63333   -97.56306 36.34502     149.010     496.007  948.799  292.620   86.046    0.476   12.871 0.00000e+00
   38    16.65000   -97.56296 36.34799     174.223     518.401  946.415  292.446   86.594    0.380   12.845 0.00000e+00
   39    16.66667   -97.56253 36.35127     186.997     525.934  945.555  292.430   86.298    0.004   12.800 0.00000e+00
   40    16.68333   -97.56199 36.35469     173.706     507.322  947.522  292.633   85.157   -0.849   12.766 0.00000e+00
   41    16.70000   -97.56195 36.35790     130.199     461.279  952.574  293.103   82.990   -1.064   12.745 0.00000e+00
   42    16.71667   -97.56282 36.36066      82.255     411.654  958.136  293.570   81.148   -0.927   12.756 0.00000e+00
   43    16.73333   -97.56441 36.36306      55.603     384.369  961.078  293.813   80.213   -0.112   12.761 0.00000e+00
   44    16.75000   -97.56609 36.36544      64.977     395.642  959.764  293.710   80.792    0.240   12.789 0.00000e+00
   45    16.76667   -97.56744 36.36790      84.309     417.359  957.362  293.574   81.534    0.228   12.830 0.00000e+00
   46    16.78333   -97.56857 36.37040     106.615     442.093  954.616  293.401   82.418    0.379   12.867 0.00000e+00
   47    16.80000   -97.56937 36.37288     150.442     487.545  949.654  293.042   84.076    1.018   12.902 0.00000e+00
   48    16.81667   -97.56965 36.37536     224.333     562.180  941.489  292.326   87.172    1.410   12.901 0.00000e+00
   49    16.83333   -97.56946 36.37785     316.789     655.191  931.366  291.429   91.128    1.712   12.885 0.00000e+00
   50    16.85000   -97.56880 36.38032     420.657     759.737  920.043  290.394   95.844    1.789   12.846 0.00000e+00
   51    16.86667   -97.56765 36.38270     523.356     863.880  908.947  289.459  100.000    1.593   12.794 3.72271e-02
   52    16.88333   -97.56603 36.38494     612.687     954.183  899.413  289.048  100.000    1.322   12.596 2.24707e-01
   53    16.90000   -97.56406 36.38710     679.582    1021.481  892.350  288.753  100.000    0.974   12.457 3.66512e-01
   54    16.91667   -97.56172 36.38922     725.006    1066.255  887.699  288.562  100.000    0.821   12.370 4.64864e-01
   55    16.93333   -97.55904 36.39139     752.681    1092.730  884.894  288.461  100.000    0.514   12.330 5.37745e-01
   56    16.95000   -97.55623 36.39378     755.954    1096.064  884.507  288.455  100.000    0.275   12.330 5.40825e-01
   57    16.96667   -97.55337 36.39640     739.880    1081.562  885.965  288.528  100.000    0.219   12.368 4.98115e-01
   58    16.98333   -97.55045 36.39921     707.817    1051.051  889.199  288.650  100.000    0.030   12.421 3.29156e-01
   59    17.00000   -97.54748 36.40219     665.082    1009.068  893.622  288.777   99.844   -0.212   12.422 5.76401e-02
   60    17.01667   -97.54454 36.40526     620.229     964.321  898.355  289.157   97.269   -0.433   12.336 1.03224e-04
   61    17.03333   -97.54173 36.40829     587.132     931.700  901.760  289.544   94.186   -0.496   12.200 0.00000e+00
   62    17.05000   -97.53905 36.41125     571.227     916.547  903.391  289.769   92.151   -0.299   12.087 0.00000e+00
   63    17.06667   -97.53650 36.41410     574.885     921.159  902.850  289.770   91.554    0.103   12.017 0.00000e+00
   64    17.08333   -97.53404 36.41690     597.354     944.897  900.441  289.584   92.040    0.550   11.970 0.00000e+00
   65    17.10000   -97.53165 36.41971     632.923     981.766  896.504  289.223   93.711    0.840   11.960 0.00000e+00
   66    17.11667   -97.52924 36.42254     668.538    1018.526  892.726  288.824   96.085    0.876   12.003 0.00000e+00
   67    17.13333   -97.52682 36.42544     695.081    1043.624  890.257  288.510   98.401    0.665   12.079 0.00000e+00
   68    17.15000   -97.52436 36.42842     703.200    1047.641  889.885  288.414   99.440    0.171   12.136 6.79132e-04
   69    17.16667   -97.52191 36.43144     683.753    1023.457  892.388  288.623   98.595   -0.433   12.162 0.00000e+00
   70    17.18333   -97.51948 36.43445     633.743     970.829  897.800  289.121   96.000   -0.971   12.155 0.00000e+00
   71    17.20000   -97.51710 36.43739     561.476     897.958  905.472  289.851   92.185   -1.253   12.128 0.00000e+00
   72    17.21667   -97.51472 36.44020     487.209     822.320  913.570  290.630   88.226   -1.265   12.090 0.00000e+00
   73    17.23333   -97.51231 36.44291     420.485     753.817  920.891  291.337   84.730   -1.101   12.047 0.00000e+00
   74    17.25000   -97.50994 36.44554     371.380     702.964  926.341  291.854   82.302   -0.695   12.019 0.00000e+00
   75    17.26667   -97.50766 36.44806     351.824     681.228  928.715  292.050   81.610   -0.072   12.035 0.00000e+00
   76    17.28333   -97.50536 36.45036     362.037     689.365  927.814  291.935   82.371    0.400   12.071 0.00000e+00
   77    17.30000   -97.50285 36.45249     381.511     707.343  925.874  291.734   83.538    0.204   12.113 0.00000e+00
   78    17.31667   -97.50017 36.45475     383.797     707.855  925.852  291.737   84.371   -0.154   12.236 0.00000e+00
   79    17.33333   -97.49760 36.45734     378.560     699.989  926.726  291.801   84.903   -0.262   12.352 0.00000e+00
   80    17.35000   -97.49534 36.46038     369.044     686.967  928.120  291.913   84.249   -0.337   12.325 0.00000e+00
   81    17.36667   -97.49343 36.46373     345.475     659.847  930.975  292.166   82.993   -0.612   12.298 0.00000e+00
   82    17.38333   -97.49196 36.46725     310.501     624.203  934.825  292.496   82.050   -0.583   12.362 0.00000e+00
   83    17.40000   -97.49084 36.47084     274.174     587.379  938.857  292.851   80.855   -0.615   12.403 0.00000e+00
   84    17.41667   -97.49005 36.47428     233.624     545.978  943.391  293.236   79.569   -0.762   12.443 0.00000e+00
   85    17.43333   -97.48952 36.47752     192.126     503.585  948.019  293.615   78.433   -0.685   12.496 0.00000e+00
   86    17.45000   -97.48920 36.48068     156.813     467.611  951.962  293.892   77.508   -0.622   12.512 0.00000e+00
   87    17.46667   -97.48904 36.48393     132.969     443.756  954.602  294.084   76.973   -0.318   12.540 0.00000e+00
   88    17.48333   -97.48897 36.48732     127.335     438.211  955.168  294.148   76.693    0.099   12.536 0.00000e+00
   89    17.50000   -97.48883 36.49073     133.907     443.818  954.581  294.145   76.683    0.143   12.540 0.00000e+00
   90    17.51667   -97.48855 36.49415     146.759     455.235  953.279  294.096   76.449    0.041   12.481 0.00000e+00
   91    17.53333   -97.48805 36.49756     172.613     479.394  950.664  293.961   77.381    0.638   12.563 0.00000e+00
   92    17.55000   -97.48752 36.50087     217.751     521.958  945.997  293.602   79.060    1.211   12.613 0.00000e+00
   93    17.56667   -97.48708 36.50381     272.683     574.655  940.216  293.102   81.049    1.133   12.611 0.00000e+00
   94    17.58333   -97.48669 36.50645     330.336     631.369  934.033  292.572   83.211    1.094   12.608 0.00000e+00
   95    17.60000   -97.48622 36.50883     401.775     702.789  926.261  291.890   86.228    1.239   12.622 0.00000e+00
   96    17.61667   -97.48561 36.51087     472.956     773.889  918.685  291.206   89.336    1.165   12.627 0.00000e+00
   97    17.63333   -97.48480 36.51256     516.995     817.695  913.989  290.782   91.359    0.584   12.635 0.00000e+00
   98    17.65000   -97.48387 36.51413     523.760     824.479  913.256  290.714   91.621   -0.245   12.627 0.00000e+00
   99    17.66667   -97.48277 36.51582     497.461     798.536  916.011  290.966   90.129   -0.785   12.584 0.00000e+00
  100    17.68333   -97.48157 36.51761     445.256     746.574  921.579  291.502   87.330   -1.209   12.538 0.00000e+00
  101    17.70000   -97.48038 36.51954     367.561     669.047  929.958  292.323   83.634   -1.795   12.531 0.00000e+00
  102    17.71667   -97.47968 36.52164     271.400     573.156  940.356  293.302   79.488   -1.747   12.522 0.00000e+00
  103    17.73333   -97.47962 36.52366     192.165     494.694  948.853  294.053   76.433   -1.158   12.504 0.00000e+00
  104    17.75000   -97.47989 36.52562     163.159     466.596  951.929  294.353   75.238   -0.136   12.499 0.00000e+00
  105    17.76667   -97.48009 36.52752     191.348     495.603  948.716  294.150   76.227    0.741   12.547 0.00000e+00
  106    17.78333   -97.47992 36.52939     243.811     548.760  942.908  293.662   78.250    0.857   12.572 0.00000e+00
  107    17.80000   -97.47937 36.53124     281.713     587.635  938.685  293.272   79.752    0.519   12.563 0.00000e+00
  108    17.81667   -97.47859 36.53318     297.556     604.871  936.775  293.127   80.296    0.053   12.560 0.00000e+00
  109    17.83333   -97.47780 36.53527     302.494     611.521  935.951  293.057   80.399   -0.093   12.532 0.00000e+00
  110    17.85000   -97.47704 36.53745     302.244     613.245  935.788  293.076   79.937    0.043   12.477 0.00000e+00
  111    17.86667   -97.47643 36.53959     310.637     623.460  934.640  293.008   79.667    0.226   12.397 0.00000e+00
  112    17.88333   -97.47601 36.54189     336.092     650.614  931.713  292.759   80.669    0.219   12.399 0.00000e+00
  113    17.90000   -97.47547 36.54431     369.025     685.395  927.950  292.481   81.892   -0.130   12.419 0.00000e+00
  114    17.91667   -97.47449 36.54688     376.591     695.109  926.919  292.401   81.866   -0.586   12.367 0.00000e+00
  115    17.93333   -97.47344 36.54937     361.971     681.969  928.440  292.517   81.019   -0.887   12.308 0.00000e+00
  116    17.95000   -97.47243 36.55165     330.402     651.390  931.748  292.801   79.809   -0.889   12.298 0.00000e+00
  117    17.96667   -97.47157 36.55374     294.722     616.348  935.555  293.133   78.558   -0.823   12.309 0.00000e+00
  118    17.98333   -97.47084 36.55571     262.281     584.151  939.129  293.462   77.349   -0.639   12.324 0.00000e+00
  119    18.00000   -97.47023 36.55760     239.429     561.150  941.666  293.712   76.464   -0.409   12.340 0.00000e+00
  120    18.01667   -97.46975 36.55931     231.946     553.368  942.513  293.884   76.154    0.039   12.411 0.00000e+00
  121    18.03333   -97.46924 36.56100     218.927     539.904  944.004  294.020   75.556   -0.342   12.399 0.00000e+00
  122    18.05000   -97.46860 36.56274     199.493     519.917  946.192  294.215   74.611   -0.767   12.364 0.00000e+00
  123    18.06667   -97.46788 36.56480     177.706     496.724  948.756  294.448   73.330   -0.919   12.295 0.00000e+00
  124    18.08333   -97.46672 36.56722     175.605     492.562  949.154  294.572   72.310    0.208   12.212 0.00000e+00
  125    18.10000   -97.46538 36.56977     229.048     544.058  943.527  294.209   73.857    1.478   12.270 0.00000e+00
  126    18.11667   -97.46412 36.57222     319.453     632.926  933.865  293.352   77.453    2.200   12.325 0.00000e+00
  127    18.13333   -97.46317 36.57465     419.422     731.718  923.204  292.329   81.626    1.984   12.324 0.00000e+00
  128    18.15000   -97.46246 36.57712     502.727     813.961  914.414  291.517   85.006    1.767   12.312 0.00000e+00
  129    18.16667   -97.46188 36.57959     555.617     865.851  908.888  291.002   87.134    1.381   12.290 0.00000e+00
  130    18.18333   -97.46128 36.58202     574.062     883.386  907.057  290.839   88.066    0.644   12.318 0.00000e+00
  131    18.20000   -97.46066 36.58444     567.135     875.529  907.877  290.915   87.803    0.009   12.329 0.00000e+00
  132    18.21667   -97.46004 36.58694     540.070     847.547  910.870  291.206   86.436   -0.368   12.323 0.00000e+00
  133    18.23333   -97.45946 36.58953     499.404     806.173  915.222  291.634   84.015   -0.746   12.248 0.00000e+00
  134    18.25000   -97.45889 36.59222     444.799     751.136  921.072  292.188   81.440   -0.941   12.216 0.00000e+00
  135    18.26667   -97.45840 36.59505     379.777     685.725  928.085  292.846   78.555   -1.084   12.187 0.00000e+00
  136    18.28333   -97.45809 36.59805     317.244     623.039  934.793  293.478   75.743   -0.875   12.136 0.00000e+00
  137    18.30000   -97.45792 36.60114     270.039     575.973  939.865  293.955   73.772   -0.487   12.111 0.00000e+00
  138    18.31667   -97.45782 36.60416     250.867     556.930  941.945  294.151   72.986   -0.052   12.101 0.00000e+00
  139    18.33333   -97.45763 36.60703     253.050     558.811  941.731  294.126   73.203    0.168   12.122 0.00000e+00
  140    18.35000   -97.45724 36.60967     260.464     565.803  940.977  294.063   73.125    0.135   12.071 0.00000e+00
  141    18.36667   -97.45677 36.61219     258.231     563.154  941.287  294.113   72.770   -0.026   12.046 0.00000e+00
  142    18.38333   -97.45622 36.61464     242.334     547.068  943.061  294.270   72.152   -0.236   12.038 0.00000e+00
  143    18.40000   -97.45557 36.61705     204.329     509.092  947.204  294.672   70.933   -0.575   12.080 0.00000e+00
  144    18.41667   -97.45474 36.61948     151.220     456.011  952.945  295.157   69.171   -0.896   12.064 0.00000e+00
  145    18.43333   -97.45377 36.62183      99.806     404.601  958.616  295.714   67.376   -0.945   12.088 0.00000e+00
  146    18.45000   -97.45285 36.62410      61.087     365.791  962.922  296.041   66.190   -0.554   12.061 0.00000e+00
  147    18.46667   -97.45210 36.62635      53.450     357.997  963.775  296.407   65.626    0.092   12.219 0.00000e+00
  148    18.48333   -97.45153 36.62862      65.733     370.076  962.428  296.430   66.010    0.346   12.325 0.00000e+00
  149    18.50000   -97.45093 36.63087      78.011     382.255  961.075  296.267   66.515    0.161   12.313 0.00000e+00
  150    18.51667   -97.45027 36.63307      71.358     375.682  961.803  296.297   66.321   -0.194   12.290 0.00000e+00
  151    18.53333   -97.44966 36.63523      52.503     356.898  963.895  296.482   65.787   -0.281   12.303 0.00000e+00
  152    18.55000   -97.44938 36.63736      40.337     344.772  965.190  296.762   65.268   -0.067   12.399 0.00000e+00
  153    18.56667   -97.44940 36.63940      44.506     348.833  964.762  296.956   65.146    0.337   12.529 0.00000e+00
  154    18.58333   -97.44937 36.64117      83.947     388.087  960.421  296.733   66.094    1.172   12.597 0.00000e+00
  155    18.60000   -97.44923 36.64283     156.801     460.770  952.410  295.974   68.370    1.523   12.546 0.00000e+00
  156    18.61667   -97.44910 36.64452     250.421     554.200  942.262  294.997   71.382    1.688   12.468 0.00000e+00
  157    18.63333   -97.44892 36.64609     339.583     643.167  932.706  294.102   74.586    1.173   12.453 0.00000e+00
  158    18.65000   -97.44867 36.64756     396.000     699.331  926.670  293.504   76.239    0.740   12.344 0.00000e+00
  159    18.66667   -97.44869 36.64912     432.040     735.083  922.862  293.121   76.957    0.563   12.216 0.00000e+00
  160    18.68333   -97.44905 36.65075     457.903     760.720  920.098  292.948   77.468    0.728   12.202 0.00000e+00
  161    18.70000   -97.44984 36.65240     509.264     811.946  914.629  292.439   79.075    1.411   12.136 0.00000e+00
  162    18.71667   -97.45065 36.65384     592.169     894.791  905.875  291.630   82.321    2.240   12.123 0.00000e+00
  163    18.73333   -97.45091 36.65528     708.195    1010.708  893.672  290.440   86.930    2.814   12.033 0.00000e+00
  164    18.75000   -97.45030 36.65717     814.191    1116.470  882.680  289.359   91.602    2.463   11.980 0.00000e+00
  165    18.76667   -97.44919 36.65948     888.256    1190.105  875.098  288.621   95.306    1.059   11.990 0.00000e+00
  166    18.78333   -97.44786 36.66184     906.138    1207.402  873.321  288.495   95.170   -0.448   11.899 0.00000e+00
  167    18.80000   -97.44655 36.66382     880.779    1181.605  875.912  288.782   92.868   -1.065   11.793 0.00000e+00
  168    18.81667   -97.44546 36.66543     838.724    1139.685  880.228  289.212   90.474   -0.880   11.754 0.00000e+00
  169    18.83333   -97.44467 36.66677     800.300    1101.556  884.168  289.607   88.290   -0.432   11.713 0.00000e+00
  170    18.85000   -97.44410 36.66806     785.920    1087.546  885.643  289.774   87.153    0.006   11.667 0.00000e+00
  171    18.86667   -97.44359 36.66938     779.453    1081.493  886.258  289.844   86.680    0.002   11.647 0.00000e+00
  172    18.88333   -97.44308 36.67086     771.789    1074.301  887.049  289.945   85.767   -0.123   11.589 0.00000e+00
  173    18.90000   -97.44263 36.67237     759.519    1062.481  888.277  290.098   84.548   -0.304   11.521 0.00000e+00
  174    18.91667   -97.44218 36.67383     748.341    1051.666  889.369  290.240   83.386   -0.293   11.451 0.00000e+00
  175    18.93333   -97.44173 36.67525     730.621    1034.257  891.210  290.432   82.460   -0.538   11.440 0.00000e+00
  176    18.95000   -97.44143 36.67694     713.401    1017.421  892.960  290.661   82.436   -0.342   11.582 0.00000e+00
  177    18.96667   -97.44126 36.67896     716.412    1020.893  892.641  290.646   82.980    0.036   11.652 0.00000e+00
  178    18.98333   -97.44093 36.68107     729.810    1035.134  891.120  290.492   83.819    0.194   11.674 0.00000e+00
