    0    16.01667   -97.40546 36.24172      22.274     379.560  961.851  293.554   82.659   -0.030   12.929 0.00000e+00
    1    16.03333   -97.40604 36.24480      21.450     376.452  962.205  293.687   82.144   -0.016   12.951 0.00000e+00
    2    16.05000   -97.40663 36.24792      20.370     373.333  962.548  293.793   81.706   -0.010   12.963 0.00000e+00
    3    16.06667   -97.40722 36.25100      18.432     370.158  962.938  293.878   81.397   -0.016   12.977 0.00000e+00
    4    16.08333   -97.40782 36.25397      17.071     368.069  963.210  293.953   81.221    0.004   13.006 0.00000e+00
    5    16.10000   -97.40837 36.25682      16.346     367.049  963.274  294.017   81.004   -0.007   13.022 0.00000e+00
    6    16.11667   -97.40893 36.25956      16.000     366.314  963.370  294.054   80.766   -0.022   13.012 0.00000e+00
    7    16.13333   -97.40949 36.26215      15.547     365.331  963.479  294.040   80.642   -0.016   12.980 0.00000e+00
    8    16.15000   -97.41003 36.26460      14.448     362.975  963.733  294.041   80.598    0.010   12.970 0.00000e+00
    9    16.16667   -97.41043 36.26691      14.412     361.015  963.965  294.033   80.656    0.053   12.970 0.00000e+00
   10    16.18333   -97.41070 36.26918      17.069     361.651  963.850  294.058   80.696    0.150   12.997 0.00000e+00
   11    16.20000   -97.41064 36.27122      22.418     365.234  963.420  294.026   81.002    0.085   13.027 0.00000e+00
   12    16.21667   -97.41032 36.27314      24.988     367.627  963.150  293.897   81.383   -0.087   12.987 0.00000e+00
   13    16.23333   -97.40983 36.27505      23.917     366.683  963.332  293.919   81.237   -0.023   12.980 0.00000e+00
   14    16.25000   -97.40925 36.27689      25.541     367.932  963.240  293.997   80.933    0.088   12.995 0.00000e+00
   15    16.26667   -97.40864 36.27884      31.803     373.260  962.719  294.024   80.884    0.158   13.016 0.00000e+00
   16    16.28333   -97.40807 36.28089      41.427     381.216  961.873  294.022   80.959    0.244   13.038 0.00000e+00
   17    16.30000   -97.40757 36.28312      54.983     392.710  960.578  293.930   81.292    0.265   13.034 0.00000e+00
   18    16.31667   -97.40714 36.28554      69.685     405.366  959.175  293.775   81.875    0.213   13.021 0.00000e+00
   19    16.33333   -97.40675 36.28809      80.473     414.166  958.175  293.614   82.351    0.014   12.980 0.00000e+00
   20    16.35000   -97.40634 36.29078      74.868     406.623  958.998  293.606   82.237   -0.234   12.944 0.00000e+00
   21    16.36667   -97.40553 36.29346      56.831     386.237  961.255  293.767   81.469   -0.355   12.922 0.00000e+00
   22    16.38333   -97.40414 36.29593      43.237     369.881  963.056  293.978   80.645   -0.145   12.936 0.00000e+00
   23    16.40000   -97.40251 36.29816      50.900     374.347  962.495  294.056   80.578    0.480   12.995 0.00000e+00
   24    16.41667   -97.40132 36.30029     102.035     423.032  957.098  293.814   81.915    1.554   13.088 0.00000e+00
   25    16.43333   -97.40047 36.30273     185.570     504.227  948.140  293.024   85.132    1.673   13.071 0.00000e+00
   26    16.45000   -97.39961 36.30540     267.890     584.484  939.286  292.140   88.620    1.465   12.994 0.00000e+00
   27    16.46667   -97.39872 36.30819     331.065     647.169  932.472  291.477   91.324    1.251   12.936 0.00000e+00
   28    16.48333   -97.39789 36.31102     379.895     695.404  927.250  291.001   93.233    1.095   12.887 0.00000e+00
   29    16.50000   -97.39712 36.31388     417.732     732.965  923.131  290.633   94.675    0.970   12.841 0.00000e+00
   30    16.51667   -97.39617 36.31683     453.762     770.470  919.072  290.247   96.634    1.061   12.844 0.00000e+00
   31    16.53333   -97.39502 36.31998     497.942     816.006  914.261  289.787   98.709    1.099   12.807 9.75124e-05
   32    16.55000   -97.39369 36.32340     549.280     866.824  908.954  289.367  100.000    1.104   12.717 1.17529e-02
   33    16.56667   -97.39211 36.32700     593.511     908.964  904.400  289.110  100.000    0.559   12.574 2.86189e-02
   34    16.58333   -97.39023 36.33060     614.447     927.818  902.462  289.000   99.907   -0.164   12.486 2.44965e-02
   35    16.60000   -97.38824 36.33418     610.076     919.892  903.240  289.054   99.431   -0.614   12.459 6.11736e-03
   36    16.61667   -97.38628 36.33770     591.323     898.668  905.437  289.264   97.944   -0.634   12.409 3.79855e-05
   37    16.63333   -97.38436 36.34111     569.619     877.854  907.566  289.480   96.532   -0.578   12.372 0.00000e+00
   38    16.65000   -97.38239 36.34441     551.809     861.919  909.257  289.648   95.547   -0.549   12.356 0.00000e+00
   39    16.66667   -97.38039 36.34764     533.018     845.982  910.881  289.812   94.596   -0.541   12.339 0.00000e+00
   40    16.68333   -97.37845 36.35086     511.210     829.022  912.703  289.984   93.721   -0.543   12.336 0.00000e+00
   41    16.70000   -97.37660 36.35406     488.926     811.100  914.687  290.181   92.583   -0.341   12.313 0.00000e+00
   42    16.71667   -97.37483 36.35727     479.071     802.646  915.719  290.292   91.881   -0.059   12.293 0.00000e+00
   43    16.73333   -97.37304 36.36048     480.927     804.720  915.499  290.280   91.817    0.128   12.278 0.00000e+00
   44    16.75000   -97.37112 36.36371     491.693     815.603  914.298  290.171   92.343    0.144   12.279 0.00000e+00
   45    16.76667   -97.36910 36.36694     504.085     828.895  912.870  290.039   92.974    0.209   12.278 0.00000e+00
   46    16.78333   -97.36703 36.37019     517.429     843.423  911.287  289.894   93.629    0.289   12.272 0.00000e+00
   47    16.80000   -97.36503 36.37347     532.159     859.303  909.600  289.741   94.272    0.298   12.259 0.00000e+00
   48    16.81667   -97.36308 36.37680     545.385     874.040  908.011  289.594   94.936    0.231   12.251 0.00000e+00
   49    16.83333   -97.36127 36.38022     557.452     888.124  906.608  289.483   95.299    0.256   12.229 0.00000e+00
   50    16.85000   -97.35963 36.38375     580.779     909.040  904.422  289.287   96.144    0.555   12.213 0.00000e+00
   51    16.86667   -97.35801 36.38740     616.825     942.736  900.801  288.924   98.693    0.847   12.296 1.08120e-02
   52    16.88333   -97.35620 36.39115     662.111     985.274  896.330  288.722   99.802    0.958   12.335 8.72539e-02
   53    16.90000   -97.35407 36.39498     704.256    1024.514  892.218  288.550  100.000    0.727   12.297 1.66130e-01
   54    16.91667   -97.35163 36.39883     729.789    1047.602  889.778  288.457  100.000    0.427   12.258 2.30402e-01
   55    16.93333   -97.34895 36.40265     739.049    1054.631  889.079  288.418  100.000    0.335   12.237 2.50841e-01
   56    16.95000   -97.34610 36.40648     746.523    1059.710  888.555  288.339  100.000    0.465   12.182 1.92002e-01
   57    16.96667   -97.34290 36.41036     766.585    1077.295  886.674  288.210  100.000    0.804   12.106 1.69544e-01
   58    16.98333   -97.33936 36.41431     804.459    1112.898  882.985  287.999  100.000    1.153   11.991 1.85433e-01
   59    17.00000   -97.33578 36.41813     861.192    1165.160  877.662  287.730  100.000    1.557   11.857 2.60665e-01
   60    17.01667   -97.33225 36.42178     932.767    1232.359  870.619  287.393  100.000    1.740   11.694 3.65805e-01
   61    17.03333   -97.32865 36.42532     999.836    1297.769  863.939  287.074  100.000    1.549   11.542 4.50502e-01
   62    17.05000   -97.32498 36.42883    1040.763    1336.892  859.957  286.856  100.000    0.939   11.433 4.58259e-01
   63    17.06667   -97.32130 36.43227    1043.622    1337.942  859.856  286.836  100.000    0.471   11.419 4.42940e-01
   64    17.08333   -97.31757 36.43565    1020.292    1313.473  862.299  286.927  100.000   -0.012   11.454 3.32834e-01
   65    17.10000   -97.31384 36.43895     986.465    1278.811  865.898  287.023   99.991   -0.290   11.458 1.17547e-01
   66    17.11667   -97.31006 36.44221     970.387    1260.054  867.898  287.106   99.069   -0.146   11.388 1.22960e-02
   67    17.13333   -97.30628 36.44543     988.247    1275.269  866.259  287.017   98.376    0.267   11.264 1.74634e-03
   68    17.15000   -97.30254 36.44864    1037.524    1323.152  861.438  286.691   98.557    0.586   11.109 1.09771e-02
   69    17.16667   -97.29881 36.45187    1099.942    1382.768  855.341  286.243   99.882    0.653   11.011 2.39064e-02
   70    17.18333   -97.29504 36.45514    1144.966    1426.109  850.907  285.965  100.000    0.105   10.899 6.05886e-02
   71    17.20000   -97.29124 36.45848    1149.886    1431.811  850.303  285.905  100.000   -0.718   10.847 3.39084e-02
   72    17.21667   -97.28751 36.46185    1107.586    1391.478  854.357  286.231   98.329   -1.435   10.843 0.00000e+00
   73    17.23333   -97.28390 36.46526    1033.679    1319.467  861.733  286.990   93.937   -1.691   10.794 0.00000e+00
   74    17.25000   -97.28030 36.46866     952.431    1239.797  869.866  287.765   90.249   -1.353   10.805 0.00000e+00
   75    17.26667   -97.27662 36.47204     895.579    1184.236  875.633  288.272   88.322   -0.478   10.856 0.00000e+00
   76    17.28333   -97.27286 36.47541     885.293    1173.963  876.692  288.319   88.739    0.559   10.927 0.00000e+00
   77    17.30000   -97.26905 36.47881     924.520    1213.187  872.577  287.917   91.042    1.351   10.974 0.00000e+00
   78    17.31667   -97.26524 36.48220     997.915    1288.477  864.911  287.143   95.377    1.627   11.029 0.00000e+00
   79    17.33333   -97.26138 36.48560    1072.093    1364.762  857.105  286.347   99.879    1.181   11.063 1.12814e-02
   80    17.35000   -97.25738 36.48897    1112.358    1407.894  852.676  286.127  100.000    0.441   10.993 9.05716e-02
   81    17.36667   -97.25323 36.49237    1108.505    1407.328  852.823  286.133  100.000   -0.345   10.996 7.12139e-02
   82    17.38333   -97.24905 36.49577    1064.179    1362.429  857.411  286.427   99.328   -1.014   11.056 2.00753e-03
   83    17.40000   -97.24485 36.49919     995.294    1290.182  864.853  287.128   95.758   -1.203   11.063 0.00000e+00
   84    17.41667   -97.24060 36.50264     932.116    1224.875  871.464  287.752   92.680   -0.883   11.066 0.00000e+00
   85    17.43333   -97.23627 36.50612     901.549    1194.784  874.434  288.051   91.077   -0.262   11.051 0.00000e+00
   86    17.45000   -97.23198 36.50959     908.651    1206.831  873.182  287.924   91.797    0.353   11.062 0.00000e+00
   87    17.46667   -97.22782 36.51302     948.242    1250.690  868.835  287.538   93.548    0.752   11.049 0.00000e+00
   88    17.48333   -97.22371 36.51641    1001.959    1302.465  863.651  287.047   96.063    0.813   11.055 0.00000e+00
   89    17.50000   -97.21962 36.51977    1043.183    1339.602  859.883  286.676   98.039    0.361   11.060 0.00000e+00
   90    17.51667   -97.21544 36.52310    1042.108    1335.726  860.165  286.702   97.848   -0.557   11.053 0.00000e+00
   91    17.53333   -97.21117 36.52641     986.471    1280.839  865.700  287.234   95.064   -1.275   11.048 0.00000e+00
   92    17.55000   -97.20691 36.52974     901.391    1197.613  874.260  288.027   91.451   -1.324   11.080 0.00000e+00
   93    17.56667   -97.20269 36.53320     841.311    1138.219  880.403  288.589   88.930   -0.416   11.096 0.00000e+00
   94    17.58333   -97.19869 36.53679     854.343    1153.317  878.834  288.449   89.596    0.997   11.099 0.00000e+00
   95    17.60000   -97.19489 36.54047     942.687    1244.082  869.518  287.546   94.230    1.823   11.127 0.00000e+00
   96    17.61667   -97.19109 36.54408    1043.861    1347.959  858.842  286.538   99.336    1.302   11.119 0.00000e+00
   97    17.63333   -97.18719 36.54755    1099.681    1407.204  852.920  286.184  100.000    0.471   11.031 8.17703e-02
   98    17.65000   -97.18307 36.55083    1100.152    1406.601  853.051  286.201  100.000   -0.351   11.035 9.65391e-02
   99    17.66667   -97.17883 36.55421    1016.023    1320.436  861.743  286.774   99.319   -2.096   11.252 2.08850e-02
  100    17.68333   -97.17540 36.55789     879.805    1184.593  875.637  288.048   92.191   -2.373   11.168 0.00000e+00
  101    17.70000   -97.17239 36.56153     767.599    1073.495  887.218  289.199   86.131   -1.646   11.092 0.00000e+00
  102    17.71667   -97.16937 36.56506     702.571    1009.447  893.834  289.840   83.122   -0.580   11.071 0.00000e+00
  103    17.73333   -97.16624 36.56846     695.492    1004.773  894.380  289.828   83.631    0.812   11.123 0.00000e+00
  104    17.75000   -97.16295 36.57175     744.604    1055.340  889.066  289.204   87.512    1.276   11.249 0.00000e+00
  105    17.76667   -97.15945 36.57503     806.258    1116.397  882.877  288.638   89.968    0.863   11.230 0.00000e+00
  106    17.78333   -97.15591 36.57827     862.355    1169.381  877.397  288.197   91.282    0.680   11.142 0.00000e+00
  107    17.80000   -97.15231 36.58144     909.884    1213.378  872.882  287.780   93.221    0.685   11.133 0.00000e+00
  108    17.81667   -97.14862 36.58459     942.712    1243.413  869.736  287.457   94.884    0.453   11.136 0.00000e+00
  109    17.83333   -97.14484 36.58764     947.458    1246.264  869.442  287.368   95.624   -0.141   11.162 0.00000e+00
  110    17.85000   -97.14114 36.59046     926.748    1223.063  871.870  287.580   94.784   -0.456   11.186 0.00000e+00
  111    17.86667   -97.13763 36.59309     901.576    1195.251  874.729  287.853   93.504   -0.610   11.196 0.00000e+00
  112    17.88333   -97.13422 36.59566     870.030    1161.206  878.267  288.219   91.459   -0.810   11.169 0.00000e+00
  113    17.90000   -97.13074 36.59830     830.742    1119.581  882.552  288.680   88.784   -0.835   11.116 0.00000e+00
  114    17.91667   -97.12729 36.60108     792.570    1080.336  886.611  289.113   86.353   -0.589   11.067 0.00000e+00
  115    17.93333   -97.12394 36.60396     765.254    1052.079  889.599  289.400   85.082   -0.296   11.070 0.00000e+00
  116    17.95000   -97.12089 36.60689     757.452    1043.778  890.353  289.463   84.927    0.153   11.085 0.00000e+00
  117    17.96667   -97.11809 36.60989     772.915    1061.646  888.436  289.198   87.122    0.624   11.203 0.00000e+00
  118    17.98333   -97.11537 36.61304     794.501    1087.041  885.827  288.856   89.612    0.725   11.306 0.00000e+00
  119    18.00000   -97.11266 36.61638     811.348    1104.262  884.094  288.641   91.155    0.342   11.364 0.00000e+00
  120    18.01667   -97.10987 36.61984     803.265    1095.442  885.011  288.707   91.108   -0.379   11.395 0.00000e+00
  121    18.03333   -97.10716 36.62326     763.224    1053.522  889.445  289.070   89.938   -0.800   11.457 0.00000e+00
  122    18.05000   -97.10462 36.62659     706.759     994.337  895.640  289.568   88.476   -0.934   11.557 0.00000e+00
  123    18.06667   -97.10229 36.62984     648.761     933.844  902.012  290.072   87.062   -0.860   11.662 0.00000e+00
  124    18.08333   -97.10004 36.63300     594.852     879.524  907.687  290.536   85.472   -0.840   11.719 0.00000e+00
  125    18.10000   -97.09782 36.63596     545.381     830.463  912.896  291.004   83.515   -0.841   11.729 0.00000e+00
  126    18.11667   -97.09564 36.63865     500.073     786.190  917.545  291.462   81.280   -0.819   11.691 0.00000e+00
  127    18.13333   -97.09357 36.64125     471.222     759.942  920.320  291.695   80.916   -0.544   11.776 0.00000e+00
  128    18.15000   -97.09146 36.64391     465.977     757.491  920.600  291.708   81.069   -0.476   11.804 0.00000e+00
  129    18.16667   -97.08936 36.64672     466.383     760.212  920.360  291.682   81.363   -0.297   11.830 0.00000e+00
  130    18.18333   -97.08751 36.64974     463.429     758.054  920.630  291.681   81.767    0.027   11.885 0.00000e+00
  131    18.20000   -97.08606 36.65298     460.393     755.304  920.888  291.639   82.934    0.309   12.019 0.00000e+00
  132    18.21667   -97.08493 36.65639     456.964     751.859  921.319  291.626   83.664    0.273   12.109 0.00000e+00
  133    18.23333   -97.08394 36.65997     452.823     747.876  921.713  291.650   83.706    0.119   12.129 0.00000e+00
  134    18.25000   -97.08294 36.66361     441.675     737.178  922.855  291.773   82.927   -0.643   12.095 0.00000e+00
  135    18.26667   -97.08206 36.66724     391.703     688.363  928.123  292.269   80.644   -1.289   12.066 0.00000e+00
  136    18.28333   -97.08137 36.67075     340.799     638.340  933.547  292.780   78.828   -1.187   12.107 0.00000e+00
  137    18.30000   -97.08070 36.67418     300.993     600.642  937.582  293.136   77.901   -0.792   12.182 0.00000e+00
  138    18.31667   -97.08006 36.67760     264.468     566.780  941.251  293.449   77.116   -0.703   12.249 0.00000e+00
  139    18.33333   -97.07940 36.68107     215.991     520.152  946.433  293.911   75.621   -0.871   12.294 0.00000e+00
  140    18.35000   -97.07865 36.68445     158.536     462.189  952.850  294.477   73.400   -0.894   12.275 0.00000e+00
  141    18.36667   -97.07780 36.68767     120.763     423.407  957.116  294.890   71.863   -0.405   12.274 0.00000e+00
  142    18.38333   -97.07685 36.69088     108.953     412.895  958.243  294.952   71.644   -0.038   12.269 0.00000e+00
  143    18.40000   -97.07568 36.69402     131.379     436.808  955.552  295.109   70.862    0.853   12.288 0.00000e+00
  144    18.41667   -97.07430 36.69724     183.254     489.860  949.724  294.904   71.333    1.140   12.290 0.00000e+00
  145    18.43333   -97.07300 36.70041     231.274     539.268  944.277  294.347   73.329    0.890   12.277 0.00000e+00
  146    18.45000   -97.07207 36.70352     277.119     587.370  939.028  293.784   75.461    0.815   12.268 0.00000e+00
  147    18.46667   -97.07142 36.70641     358.211     668.636  930.426  293.031   78.340    1.839   12.264 0.00000e+00
  148    18.48333   -97.07097 36.70892     526.342     834.662  912.630  291.608   83.626    3.554   12.206 0.00000e+00
  149    18.50000   -97.07018 36.71104     755.476    1061.626  888.747  289.407   93.757    3.667   12.216 0.00000e+00
  150    18.51667   -97.06856 36.71303     948.666    1252.599  868.874  287.818  100.000    2.187   12.046 1.15709e-01
  151    18.53333   -97.06644 36.71502    1070.669    1375.383  856.265  287.107  100.000    1.509   11.673 3.12587e-01
  152    18.55000   -97.06393 36.71734    1150.086    1457.144  847.990  286.618  100.000    1.199   11.417 3.90842e-01
  153    18.56667   -97.06120 36.72007    1196.900    1507.893  842.807  286.386  100.000    0.838   11.315 4.68002e-01
  154    18.58333   -97.05845 36.72303    1215.342    1532.511  840.385  286.207  100.000    0.344   11.214 4.64002e-01
  155    18.60000   -97.05574 36.72610    1208.781    1530.383  840.615  286.035   99.872   -0.250   11.051 2.68116e-01
  156    18.61667   -97.05322 36.72923    1176.203    1501.666  843.510  286.052   99.839   -0.793   11.021 5.12587e-02
  157    18.63333   -97.05083 36.73233    1125.593    1453.974  848.363  286.490   96.379   -0.951   10.888 0.00000e+00
  158    18.65000   -97.04865 36.73538    1068.406    1398.838  853.946  287.074   91.719   -0.967   10.694 0.00000e+00
  159    18.66667   -97.04662 36.73841    1015.310    1347.020  859.311  287.652   87.827   -0.799   10.567 0.00000e+00
  160    18.68333   -97.04478 36.74149     977.689    1307.143  863.615  288.059   85.631   -0.379   10.526 0.00000e+00
  161    18.70000   -97.04321 36.74461     965.664    1290.312  865.319  288.193   85.078    0.158   10.529 0.00000e+00
  162    18.71667   -97.04184 36.74777     981.034    1301.204  864.112  288.051   85.776    0.683   10.532 0.00000e+00
  163    18.73333   -97.04054 36.75100    1022.293    1340.006  859.977  287.646   87.633    1.037   10.531 0.00000e+00
  164    18.75000   -97.03918 36.75428    1081.065    1399.149  853.849  287.046   90.479    1.179   10.532 0.00000e+00
  165    18.76667   -97.03770 36.75758    1143.566    1465.184  847.179  286.399   93.553    1.036   10.520 0.00000e+00
  166    18.78333   -97.03608 36.76088    1198.273    1523.969  841.323  285.843   96.227    0.674   10.504 0.00000e+00
  167    18.80000   -97.03432 36.76421    1231.460    1560.145  837.789  285.498   97.903    0.129   10.491 0.00000e+00
  168    18.81667   -97.03233 36.76756    1234.813    1564.585  837.341  285.426   98.606   -0.280   10.522 8.96172e-03
  169    18.83333   -97.03011 36.77086    1207.864    1539.432  839.820  285.719   98.835   -0.525   10.721 6.39957e-02
  170    18.85000   -97.02763 36.77412    1157.606    1490.895  844.739  286.142   98.590   -0.943   10.932 6.10716e-02
  171    18.86667   -97.02528 36.77741    1088.775    1422.332  851.676  286.659   96.537   -1.461   10.984 3.01831e-03
  172    18.88333   -97.02316 36.78069    1009.609    1343.819  859.507  287.426   91.906   -1.743   10.894 0.00000e+00
  173    18.90000   -97.02121 36.78388     930.516    1267.410  867.294  288.242   87.448   -1.310   10.832 0.00000e+00
  174    18.91667   -97.01932 36.78696     866.916    1206.443  873.542  288.866   84.373   -0.897   10.802 0.00000e+00
  175    18.93333   -97.01746 36.78999     823.617    1165.367  877.808  289.247   82.900   -0.422   10.824 0.00000e+00
  176    18.95000   -97.01553 36.79301     802.291    1146.139  879.798  289.402   82.397   -0.030   10.842 0.00000e+00
  177    18.96667   -97.01366 36.79606     799.729    1145.832  879.832  289.385   82.445    0.359   10.836 0.00000e+00
  178    18.98333   -97.01176 36.79914     810.595    1159.407  878.392  289.243   82.758    0.444   10.796 0.00000e+00
