    0    16.01667   -97.53123 36.27013     124.418     483.999  950.026  292.196   88.525    0.688   12.877 0.00000e+00
    1    16.03333   -97.53117 36.27238     158.141     518.094  946.321  291.881   89.857    0.700   12.864 0.00000e+00
    2    16.05000   -97.53113 36.27460     185.976     545.519  943.299  291.608   90.982    0.609   12.844 0.00000e+00
    3    16.06667   -97.53114 36.27686     199.790     558.894  941.877  291.465   91.482    0.251   12.818 0.00000e+00
    4    16.08333   -97.53134 36.27915     204.010     562.584  941.437  291.424   91.640    0.177   12.813 0.00000e+00
    5    16.10000   -97.53185 36.28150     205.811     563.443  941.373  291.450   91.430    0.115   12.806 0.00000e+00
    6    16.11667   -97.53252 36.28394     221.650     578.027  939.765  291.340   91.896    0.355   12.804 0.00000e+00
    7    16.13333   -97.53313 36.28637     243.658     598.724  937.482  291.163   92.671    0.324   12.799 0.00000e+00
    8    16.15000   -97.53362 36.28878     271.303     625.049  934.626  290.926   93.631    0.232   12.777 0.00000e+00
    9    16.16667   -97.53407 36.29121     289.556     641.804  932.782  290.787   94.280    0.483   12.778 0.00000e+00
   10    16.18333   -97.53438 36.29362     301.998     652.853  931.638  290.680   94.915    0.199   12.793 0.00000e+00
   11    16.20000   -97.53451 36.29598     296.547     646.164  932.339  290.743   94.607   -0.087   12.793 0.00000e+00
   12    16.21667   -97.53461 36.29840     272.187     621.277  935.051  290.992   93.418   -0.557   12.796 0.00000e+00
   13    16.23333   -97.53492 36.30090     257.452     606.250  936.585  291.214   91.836   -0.211   12.737 0.00000e+00
   14    16.25000   -97.53526 36.30339     268.529     617.086  935.485  291.120   92.383    0.681   12.752 0.00000e+00
   15    16.26667   -97.53525 36.30589     298.733     647.214  932.190  290.849   93.705    1.088   12.759 0.00000e+00
   16    16.28333   -97.53484 36.30865     330.777     679.118  928.844  290.570   95.020    1.090   12.756 0.00000e+00
   17    16.30000   -97.53456 36.31168     344.041     691.992  927.502  290.496   94.957    0.785   12.706 0.00000e+00
   18    16.31667   -97.53430 36.31478     352.588     699.630  926.658  290.444   94.960    0.563   12.676 0.00000e+00
   19    16.33333   -97.53384 36.31794     362.776     708.360  925.772  290.399   94.968    0.548   12.653 0.00000e+00
   20    16.35000   -97.53316 36.32129     385.026     728.937  923.459  290.245   95.456    0.690   12.625 0.00000e+00
   21    16.36667   -97.53206 36.32476     423.950     768.721  919.162  289.926   96.668    0.909   12.586 0.00000e+00
   22    16.38333   -97.53042 36.32832     475.034     820.770  913.604  289.505   98.337    0.705   12.540 0.00000e+00
   23    16.40000   -97.52812 36.33184     538.112     883.250  906.991  289.100   99.071    0.543   12.399 5.92425e-03
   24    16.41667   -97.52540 36.33529     612.121     956.518  899.077  288.605   99.976    0.559   12.226 4.68011e-03
   25    16.43333   -97.52226 36.33868     680.267    1025.925  891.766  288.259   99.901    1.029   12.045 5.98134e-02
   26    16.45000   -97.51865 36.34201     717.471    1062.341  888.025  288.067  100.000    0.363   11.976 1.09491e-01
   27    16.46667   -97.51505 36.34531     705.210    1048.831  889.408  288.135  100.000   -0.394   12.005 7.28956e-02
   28    16.48333   -97.51170 36.34853     654.306     995.428  895.164  288.476   99.169   -0.881   12.080 1.02034e-03
   29    16.50000   -97.50871 36.35165     587.699     925.717  902.538  289.143   95.812   -1.006   12.084 0.00000e+00
   30    16.51667   -97.50604 36.35471     535.161     870.751  908.304  289.712   92.730   -0.819   12.053 0.00000e+00
   31    16.53333   -97.50347 36.35775     510.628     844.500  911.192  290.037   90.753   -0.380   12.006 0.00000e+00
   32    16.55000   -97.50089 36.36085     518.450     850.047  910.532  290.023   90.578    0.193   11.980 0.00000e+00
   33    16.56667   -97.49818 36.36409     548.420     877.900  907.567  289.722   92.318    0.373   12.017 0.00000e+00
   34    16.58333   -97.49534 36.36728     571.846     899.020  905.272  289.426   94.471    0.246   12.097 1.19710e-06
   35    16.60000   -97.49245 36.37033     581.602     906.008  904.586  289.261   96.149    0.012   12.191 0.00000e+00
   36    16.61667   -97.48957 36.37331     571.700     895.692  905.518  289.351   95.682   -0.329   12.189 1.14169e-06
   37    16.63333   -97.48666 36.37637     534.790     861.277  909.142  289.606   94.913   -0.706   12.242 0.00000e+00
   38    16.65000   -97.48395 36.37955     467.065     797.392  915.998  290.156   92.511   -1.208   12.267 0.00000e+00
   39    16.66667   -97.48177 36.38268     387.497     720.276  924.291  290.812   90.037   -1.180   12.336 0.00000e+00
   40    16.68333   -97.48015 36.38566     314.802     649.881  931.860  291.467   87.257   -1.131   12.360 0.00000e+00
   41    16.70000   -97.47903 36.38848     256.292     593.583  938.037  292.045   84.568   -0.911   12.342 0.00000e+00
   42    16.71667   -97.47836 36.39115     219.559     558.266  941.942  292.395   83.077   -0.465   12.343 0.00000e+00
   43    16.73333   -97.47787 36.39371     207.228     546.944  943.218  292.494   82.814   -0.016   12.364 0.00000e+00
   44    16.75000   -97.47731 36.39632     213.854     554.315  942.501  292.403   83.571    0.330   12.415 0.00000e+00
   45    16.76667   -97.47659 36.39901     236.034     574.871  940.322  292.221   84.517    0.456   12.441 0.00000e+00
   46    16.78333   -97.47572 36.40176     263.714     600.487  937.485  291.965   85.849    0.447   12.474 0.00000e+00
   47    16.80000   -97.47467 36.40451     290.063     624.976  934.804  291.724   87.066    0.233   12.495 0.00000e+00
   48    16.81667   -97.47342 36.40720     304.174     637.921  933.358  291.575   87.797   -0.202   12.502 0.00000e+00
   49    16.83333   -97.47210 36.40976     301.971     635.263  933.581  291.626   87.211   -0.410   12.456 0.00000e+00
   50    16.85000   -97.47083 36.41197     302.534     635.962  933.449  291.659   86.954   -0.312   12.446 0.00000e+00
   51    16.86667   -97.46930 36.41386     285.320     619.606  935.219  291.861   86.557   -0.938   12.524 0.00000e+00
   52    16.88333   -97.46774 36.41581     231.396     566.330  941.082  292.374   84.497   -1.497   12.549 0.00000e+00
   53    16.90000   -97.46667 36.41807     173.902     508.397  947.519  292.938   82.215   -0.873   12.563 0.00000e+00
   54    16.91667   -97.46632 36.42057     126.245     459.729  952.965  293.397   80.425   -0.848   12.575 0.00000e+00
   55    16.93333   -97.46680 36.42332      87.740     419.631  957.407  293.738   79.257   -0.424   12.599 0.00000e+00
   56    16.95000   -97.46774 36.42622      96.855     426.644  956.624  293.691   79.863    0.657   12.669 0.00000e+00
   57    16.96667   -97.46842 36.42898     147.027     474.612  951.321  293.366   81.805    1.291   12.788 0.00000e+00
   58    16.98333   -97.46867 36.43164     209.134     534.000  944.852  292.806   84.229    1.369   12.801 0.00000e+00
   59    17.00000   -97.46857 36.43434     268.502     590.253  938.653  292.224   86.583    0.976   12.771 0.00000e+00
   60    17.01667   -97.46840 36.43712     311.652     630.221  934.257  291.805   88.129    0.598   12.720 0.00000e+00
   61    17.03333   -97.46801 36.44004     338.474     654.538  931.572  291.588   88.586    0.516   12.649 0.00000e+00
   62    17.05000   -97.46732 36.44309     365.855     680.046  928.794  291.367   89.246    0.521   12.604 0.00000e+00
   63    17.06667   -97.46642 36.44623     395.495     707.962  925.751  291.147   89.705    0.455   12.535 0.00000e+00
   64    17.08333   -97.46545 36.44935     422.733     734.295  922.897  290.949   90.076    0.436   12.468 0.00000e+00
   65    17.10000   -97.46448 36.45243     450.051     761.014  919.991  290.707   91.026    0.570   12.446 0.00000e+00
   66    17.11667   -97.46352 36.45542     475.793     786.426  917.273  290.449   92.329    0.621   12.456 0.00000e+00
   67    17.13333   -97.46256 36.45833     489.773     800.430  915.829  290.299   93.204    0.331   12.474 0.00000e+00
   68    17.15000   -97.46169 36.46117     480.353     790.721  916.873  290.396   92.695   -0.147   12.469 0.00000e+00
   69    17.16667   -97.46099 36.46392     451.642     761.359  920.087  290.696   91.180   -0.479   12.458 0.00000e+00
   70    17.18333   -97.46043 36.46659     412.249     721.110  924.406  291.120   88.862   -0.705   12.414 0.00000e+00
   71    17.20000   -97.45994 36.46915     367.323     675.422  929.276  291.580   86.646   -0.807   12.396 0.00000e+00
   72    17.21667   -97.45946 36.47155     319.564     627.056  934.553  292.078   84.502   -0.905   12.405 0.00000e+00
   73    17.23333   -97.45898 36.47388     264.630     571.636  940.544  292.623   82.440   -1.127   12.444 0.00000e+00
   74    17.25000   -97.45857 36.47627     203.007     509.397  947.379  293.240   79.928   -1.219   12.449 0.00000e+00
   75    17.26667   -97.45825 36.47871     144.951     450.617  953.863  293.817   77.626   -1.053   12.447 0.00000e+00
   76    17.28333   -97.45797 36.48116      99.442     403.957  959.038  294.291   75.778   -0.788   12.447 0.00000e+00
   77    17.30000   -97.45776 36.48356      68.335     371.311  962.681  294.624   74.682   -0.572   12.474 0.00000e+00
   78    17.31667   -97.45757 36.48592      46.811     348.314  965.208  294.867   74.107   -0.436   12.533 0.00000e+00
   79    17.33333   -97.45738 36.48816      32.370     332.542  966.896  295.031   73.742   -0.380   12.575 0.00000e+00
   80    17.35000   -97.45719 36.49008      20.782     320.469  968.213  295.473   72.560   -0.221   12.698 0.00000e+00
   81    17.36667   -97.45708 36.49163      13.949     313.360  969.008  295.798   71.727   -0.062   12.795 0.00000e+00
   82    17.38333   -97.45702 36.49284      12.378     311.564  969.179  296.048   71.242    0.026   12.902 0.00000e+00
   83    17.40000   -97.45691 36.49389      15.141     314.129  968.889  296.344   70.681    0.104   13.038 0.00000e+00
   84    17.41667   -97.45681 36.49503      21.670     320.438  968.200  296.483   70.494    0.131   13.125 0.00000e+00
   85    17.43333   -97.45673 36.49633      28.108     326.634  967.509  296.436   70.827    0.126   13.159 0.00000e+00
   86    17.45000   -97.45668 36.49779      36.607     334.974  966.583  296.348   71.192    0.153   13.168 0.00000e+00
   87    17.46667   -97.45671 36.49936      44.583     342.855  965.701  296.233   71.551    0.129   13.154 0.00000e+00
   88    17.48333   -97.45681 36.50106      49.079     347.257  965.200  296.096   71.861   -0.027   13.107 0.00000e+00
   89    17.50000   -97.45697 36.50284      45.407     343.504  965.626  296.002   71.982   -0.156   13.048 0.00000e+00
   90    17.51667   -97.45710 36.50459      38.636     336.673  966.335  296.031   71.809   -0.123   13.030 0.00000e+00
   91    17.53333   -97.45718 36.50629      37.388     336.120  966.320  296.067   71.702   -0.021   13.040 0.00000e+00
   92    17.55000   -97.45724 36.50799      46.626     346.403  965.152  296.004   71.975    0.336   13.055 0.00000e+00
   93    17.56667   -97.45725 36.50988      72.947     373.850  962.123  295.636   73.085    0.919   13.001 0.00000e+00
   94    17.58333   -97.45714 36.51217     122.783     425.053  956.404  295.008   75.118    1.417   12.934 0.00000e+00
   95    17.60000   -97.45678 36.51466     205.256     509.342  947.216  294.131   78.265    1.952   12.888 0.00000e+00
   96    17.61667   -97.45620 36.51721     320.352     626.527  934.452  293.000   82.691    2.473   12.864 0.00000e+00
   97    17.63333   -97.45528 36.51965     449.764     757.946  920.279  291.697   88.284    2.665   12.850 0.00000e+00
   98    17.65000   -97.45384 36.52209     580.862     890.880  906.177  290.372   94.313    2.392   12.817 0.00000e+00
   99    17.66667   -97.45220 36.52467     706.585    1017.530  892.898  289.157   99.320    2.430   12.674 1.94047e-02
  100    17.68333   -97.45047 36.52732     839.929    1151.448  879.000  288.395  100.000    2.564   12.361 2.17997e-01
  101    17.70000   -97.44850 36.53006     973.391    1285.283  865.188  287.749  100.000    2.549   12.043 4.76280e-01
  102    17.71667   -97.44611 36.53298    1083.297    1395.197  853.988  287.172  100.000    1.890   11.753 6.45299e-01
  103    17.73333   -97.44337 36.53611    1151.821    1464.698  846.948  286.617  100.000    0.822   11.432 6.23481e-01
  104    17.75000   -97.44044 36.53934    1187.114    1500.602  843.435  286.191  100.000   -0.087   11.163 4.42228e-01
  105    17.76667   -97.43741 36.54263    1196.068    1507.937  842.720  286.023  100.000   -0.530   11.046 3.19813e-01
  106    17.78333   -97.43450 36.54596    1186.307    1496.068  843.832  285.957   99.698   -0.173   10.933 1.54527e-01
  107    17.80000   -97.43190 36.54959    1174.083    1485.196  844.832  286.033   95.391   -0.139   10.500 2.67144e-02
  108    17.81667   -97.42979 36.55322    1168.657    1482.632  845.080  286.356   89.127   -0.071   10.019 0.00000e+00
  109    17.83333   -97.42780 36.55671    1181.820    1498.517  843.568  286.448   86.403    0.259    9.789 0.00000e+00
  110    17.85000   -97.42590 36.56015    1211.456    1529.770  840.516  286.255   86.614    0.744    9.725 0.00000e+00
  111    17.86667   -97.42406 36.56358    1274.267    1593.744  834.150  285.578   90.830    1.515    9.828 0.00000e+00
  112    17.88333   -97.42226 36.56694    1364.889    1683.885  825.289  284.641   96.947    1.444    9.964 0.00000e+00
  113    17.90000   -97.42059 36.57024    1430.353    1748.180  819.020  284.099  100.000    1.133   10.006 4.46112e-02
  114    17.91667   -97.41915 36.57348    1462.063    1779.728  815.836  283.953  100.000    0.388    9.949 6.19834e-02
  115    17.93333   -97.41772 36.57677    1474.070    1792.881  814.583  283.873  100.000   -0.128    9.910 8.00931e-02
  116    17.95000   -97.41620 36.58018    1462.108    1782.061  815.644  283.904  100.000   -0.776    9.914 2.71244e-02
  117    17.96667   -97.41469 36.58366    1424.059    1744.141  819.309  284.203   96.384   -1.456    9.692 0.00000e+00
  118    17.98333   -97.41299 36.58715    1364.416    1684.918  825.142  284.758   94.498   -1.589    9.790 1.98881e-02
  119    18.00000   -97.41104 36.59050    1289.676    1611.047  832.438  285.267   94.383   -1.527   10.025 4.91045e-03
  120    18.01667   -97.40887 36.59364    1217.879    1540.567  839.407  285.831   93.664   -0.945   10.240 0.00000e+00
  121    18.03333   -97.40659 36.59665    1164.043    1488.279  844.638  286.343   91.666   -0.368   10.301 0.00000e+00
  122    18.05000   -97.40419 36.59959    1131.766    1457.188  847.775  286.636   90.318   -0.104   10.308 0.00000e+00
  123    18.06667   -97.40175 36.60249    1116.046    1442.590  849.242  286.752   89.338   -0.029   10.256 0.00000e+00
  124    18.08333   -97.39927 36.60537    1111.902    1439.619  849.560  286.787   88.859    0.084   10.221 0.00000e+00
  125    18.10000   -97.39682 36.60827    1120.470    1448.375  848.737  286.714   88.873    0.293   10.184 0.00000e+00
  126    18.11667   -97.39444 36.61117    1141.335    1468.655  846.709  286.487   89.970    0.500   10.182 0.00000e+00
  127    18.13333   -97.39214 36.61401    1171.922    1499.086  843.707  286.096   92.641    0.697   10.254 0.00000e+00
  128    18.15000   -97.38999 36.61680    1206.968    1532.523  840.404  285.736   94.898    0.775   10.298 0.00000e+00
  129    18.16667   -97.38810 36.61963    1232.588    1555.683  838.116  285.463   96.156    0.286   10.276 0.00000e+00
  130    18.18333   -97.38631 36.62259    1232.650    1552.796  838.354  285.492   97.015    0.027   10.385 0.00000e+00
  131    18.20000   -97.38441 36.62559    1228.276    1546.290  838.962  285.499   98.407   -0.022   10.531 0.00000e+00
  132    18.21667   -97.38242 36.62865    1217.772    1534.517  840.096  285.633   97.742    0.008   10.539 0.00000e+00
  133    18.23333   -97.38033 36.63181    1200.683    1516.954  841.875  285.808   96.938   -0.298   10.551 0.00000e+00
  134    18.25000   -97.37811 36.63506    1167.650    1483.141  845.374  286.137   95.392   -0.639   10.566 0.00000e+00
  135    18.26667   -97.37579 36.63837    1120.724    1432.707  850.517  286.634   92.688   -1.042   10.543 0.00000e+00
  136    18.28333   -97.37347 36.64175    1052.587    1360.675  857.770  287.350   88.943   -1.423   10.512 0.00000e+00
  137    18.30000   -97.37130 36.64516     974.050    1278.860  866.040  288.183   84.735   -1.345   10.471 0.00000e+00
  138    18.31667   -97.36938 36.64859     909.328    1211.633  872.869  288.855   81.724   -0.884   10.464 0.00000e+00
  139    18.33333   -97.36771 36.65202     878.483    1179.243  876.191  289.121   80.998   -0.194   10.510 0.00000e+00
  140    18.35000   -97.36628 36.65546     890.420    1190.051  875.099  288.985   81.978    0.488   10.558 0.00000e+00
  141    18.36667   -97.36510 36.65888     944.518    1244.225  869.532  288.466   83.951    1.100   10.523 0.00000e+00
  142    18.38333   -97.36401 36.66234    1024.499    1324.418  861.352  287.695   87.330    1.357   10.512 0.00000e+00
  143    18.40000   -97.36286 36.66587    1109.146    1408.851  852.772  286.881   91.080    1.217   10.501 0.00000e+00
  144    18.41667   -97.36147 36.66942    1177.769    1477.029  845.925  286.248   94.004    0.850   10.482 0.00000e+00
  145    18.43333   -97.35980 36.67291    1217.900    1517.103  841.909  285.861   96.003    0.399   10.485 0.00000e+00
  146    18.45000   -97.35790 36.67634    1228.388    1527.820  840.849  285.755   96.663    0.002   10.497 0.00000e+00
  147    18.46667   -97.35577 36.67973    1210.236    1509.270  842.683  285.897   96.519   -0.323   10.557 0.00000e+00
  148    18.48333   -97.35346 36.68312    1167.954    1467.212  846.874  286.241   95.669   -0.605   10.651 0.00000e+00
  149    18.50000   -97.35110 36.68652    1113.623    1413.778  852.244  286.727   93.288   -0.756   10.655 0.00000e+00
  150    18.51667   -97.34884 36.68987    1064.121    1365.603  857.097  287.243   90.208   -0.636   10.595 0.00000e+00
  151    18.53333   -97.34680 36.69323    1037.393    1341.001  859.633  287.558   87.839   -0.141   10.500 0.00000e+00
  152    18.55000   -97.34498 36.69666    1042.356    1348.306  858.871  287.533   87.335    0.556   10.433 0.00000e+00
  153    18.56667   -97.34322 36.70016    1077.492    1385.878  855.076  287.151   89.452    0.782   10.469 0.00000e+00
  154    18.58333   -97.34132 36.70372    1124.126    1435.143  850.083  286.681   91.687    0.701   10.467 0.00000e+00
  155    18.60000   -97.33919 36.70724    1168.245    1480.604  845.576  286.292   93.233    0.605   10.430 0.00000e+00
  156    18.61667   -97.33692 36.71060    1204.258    1516.990  841.906  285.952   94.919    0.591   10.429 0.00000e+00
  157    18.63333   -97.33482 36.71371    1236.359    1549.625  838.657  285.671   98.108    0.684   10.623 6.56471e-02
  158    18.65000   -97.33293 36.71662    1267.783    1579.805  835.705  285.634   99.806    0.813   10.819 2.16908e-01
  159    18.66667   -97.33105 36.71949    1283.379    1593.485  834.407  285.593  100.000    0.607   10.840 2.83848e-01
  160    18.68333   -97.32918 36.72231    1276.357    1584.302  835.278  285.546  100.000    0.257   10.796 2.14000e-01
  161    18.70000   -97.32736 36.72499    1258.439    1565.184  837.201  285.529   99.987    0.104   10.744 6.19911e-02
  162    18.71667   -97.32573 36.72770    1235.462    1541.031  839.664  285.802   97.139    0.179   10.597 0.00000e+00
  163    18.73333   -97.32419 36.73060    1218.496    1523.118  841.445  286.147   93.631    0.420   10.426 0.00000e+00
  164    18.75000   -97.32264 36.73365    1210.387    1515.180  842.185  286.290   91.898    0.389   10.321 0.00000e+00
  165    18.76667   -97.32101 36.73690    1203.746    1508.730  842.797  286.395   90.506    0.131   10.228 0.00000e+00
  166    18.78333   -97.31931 36.74019    1195.665    1500.986  843.561  286.548   88.828   -0.229   10.131 0.00000e+00
  167    18.80000   -97.31748 36.74342    1183.167    1489.174  844.749  286.716   87.525   -0.500   10.078 0.00000e+00
  168    18.81667   -97.31551 36.74648    1170.158    1477.126  845.964  286.853   86.628   -0.301   10.050 0.00000e+00
  169    18.83333   -97.31345 36.74934    1168.457    1476.506  846.050  286.912   85.776    0.044    9.989 0.00000e+00
  170    18.85000   -97.31137 36.75209    1184.004    1492.680  844.451  286.796   85.932    0.356    9.950 0.00000e+00
  171    18.86667   -97.30925 36.75486    1210.268    1519.718  841.715  286.552   86.849    0.532    9.929 0.00000e+00
  172    18.88333   -97.30710 36.75774    1236.367    1546.861  839.023  286.282   88.166    0.516    9.934 0.00000e+00
  173    18.90000   -97.30495 36.76070    1252.723    1564.086  837.322  286.088   89.367    0.258    9.962 0.00000e+00
  174    18.91667   -97.30280 36.76374    1252.110    1564.288  837.284  286.063   89.755   -0.085    9.989 0.00000e+00
  175    18.93333   -97.30073 36.76683    1235.284    1548.769  838.819  286.192   89.515   -0.260   10.029 0.00000e+00
  176    18.95000   -97.29874 36.76995    1209.134    1523.951  841.325  286.422   88.604   -0.417   10.049 0.00000e+00
  177    18.96667   -97.29681 36.77307    1174.646    1491.012  844.582  286.749   86.962   -0.561   10.037 0.00000e+00
  178    18.98333   -97.29500 36.77610    1137.118    1454.986  848.245  287.125   85.115   -0.442   10.025 0.00000e+00
