    0    16.01667   -97.50455 36.29905       8.774     359.022  964.153  293.565   82.897   -0.054   12.944 0.00000e+00
    1    16.03333   -97.50417 36.30064       7.809     355.857  964.490  293.678   82.475   -0.005   12.965 0.00000e+00
    2    16.05000   -97.50381 36.30212       8.106     354.094  964.656  293.762   82.238    0.030   12.993 0.00000e+00
    3    16.06667   -97.50366 36.30355       9.790     353.817  964.699  293.851   82.093    0.037   13.042 0.00000e+00
    4    16.08333   -97.50383 36.30496      10.797     353.153  964.735  293.972   81.784    0.010   13.090 0.00000e+00
    5    16.10000   -97.50433 36.30635      11.278     352.786  964.790  293.978   81.801    0.002   13.098 0.00000e+00
    6    16.11667   -97.50491 36.30766      12.514     353.608  964.695  293.957   81.905    0.063   13.098 0.00000e+00
    7    16.13333   -97.50526 36.30905      18.662     359.309  964.115  293.938   82.013    0.235   13.108 0.00000e+00
    8    16.15000   -97.50517 36.31077      34.763     374.675  962.427  293.754   82.568    0.372   13.069 0.00000e+00
    9    16.16667   -97.50486 36.31279      60.957     399.783  959.679  293.413   83.522    0.483   12.980 0.00000e+00
   10    16.18333   -97.50459 36.31519      86.331     424.443  956.908  293.073   84.522    0.355   12.896 0.00000e+00
   11    16.20000   -97.50459 36.31776     103.450     441.254  954.996  292.869   85.187    0.098   12.859 0.00000e+00
   12    16.21667   -97.50488 36.32043     116.451     454.209  953.548  292.749   85.457    0.289   12.823 0.00000e+00
   13    16.23333   -97.50522 36.32321     138.354     475.285  951.285  292.567   86.336    0.563   12.838 0.00000e+00
   14    16.25000   -97.50535 36.32607     165.858     501.012  948.423  292.302   87.391    0.419   12.819 0.00000e+00
   15    16.26667   -97.50537 36.32901     187.198     520.428  946.248  292.102   88.125    0.324   12.794 0.00000e+00
   16    16.28333   -97.50533 36.33203     200.673     535.369  944.463  291.935   88.822    0.087   12.785 0.00000e+00
   17    16.30000   -97.50521 36.33510     199.765     537.776  944.210  291.910   89.044   -0.190   12.800 0.00000e+00
   18    16.31667   -97.50513 36.33824     175.356     516.567  946.592  292.127   88.048   -0.470   12.799 0.00000e+00
   19    16.33333   -97.50508 36.34147     133.621     475.687  951.104  292.531   86.226   -0.687   12.795 0.00000e+00
   20    16.35000   -97.50500 36.34476      90.807     433.474  955.746  292.939   84.281   -0.549   12.768 0.00000e+00
   21    16.36667   -97.50510 36.34805      65.121     406.952  958.737  293.210   83.003   -0.271   12.749 0.00000e+00
   22    16.38333   -97.50530 36.35125      54.144     393.027  960.291  293.383   82.218   -0.162   12.745 0.00000e+00
   23    16.40000   -97.50555 36.35428      48.736     384.815  961.188  293.521   81.706   -0.127   12.763 0.00000e+00
   24    16.41667   -97.50575 36.35706      45.546     379.343  961.780  293.629   81.317   -0.117   12.780 0.00000e+00
   25    16.43333   -97.50587 36.35957      39.934     371.784  962.626  293.766   80.865   -0.121   12.807 0.00000e+00
   26    16.45000   -97.50594 36.36190      34.048     364.101  963.470  293.908   80.449   -0.123   12.842 0.00000e+00
   27    16.46667   -97.50592 36.36407      27.841     356.341  964.321  294.122   79.933   -0.108   12.920 0.00000e+00
   28    16.48333   -97.50592 36.36603      22.346     349.597  965.086  294.340   79.374   -0.083   12.994 0.00000e+00
   29    16.50000   -97.50594 36.36782      17.739     343.847  965.746  294.548   78.811   -0.053   13.060 0.00000e+00
   30    16.51667   -97.50592 36.36943      14.525     339.611  966.205  294.655   78.500   -0.039   13.089 0.00000e+00
   31    16.53333   -97.50581 36.37091      12.240     336.365  966.538  294.786   78.081   -0.060   13.120 0.00000e+00
   32    16.55000   -97.50560 36.37239       8.681     333.096  966.722  294.971   77.359   -0.057   13.146 0.00000e+00
   33    16.56667   -97.50534 36.37382       6.942     332.832  966.677  295.021   77.213   -0.033   13.162 0.00000e+00
   34    16.58333   -97.50507 36.37507       6.527     333.715  966.566  295.069   77.176   -0.005   13.196 0.00000e+00
   35    16.60000   -97.50486 36.37617       7.642     335.957  966.350  295.229   76.959    0.044   13.293 0.00000e+00
   36    16.61667   -97.50468 36.37715      13.643     342.946  965.650  295.252   77.395    0.168   13.397 0.00000e+00
   37    16.63333   -97.50466 36.37814      34.328     364.638  963.239  294.923   78.502    0.639   13.349 0.00000e+00
   38    16.65000   -97.50468 36.37941      92.828     424.401  956.610  294.099   81.265    1.532   13.223 0.00000e+00
   39    16.66667   -97.50472 36.38092     187.185     519.662  946.185  292.984   85.550    1.903   13.130 0.00000e+00
   40    16.68333   -97.50433 36.38269     285.251     618.102  935.472  291.923   89.188    1.721   12.952 0.00000e+00
   41    16.70000   -97.50319 36.38485     359.933     693.147  927.320  291.147   91.645    1.036   12.784 0.00000e+00
   42    16.71667   -97.50153 36.38733     400.487     734.444  922.791  290.692   92.831    0.393   12.643 0.00000e+00
   43    16.73333   -97.49995 36.39005     413.583     749.049  921.233  290.550   93.049    0.139   12.579 0.00000e+00
   44    16.75000   -97.49855 36.39289     422.278     759.223  920.155  290.435   93.449   -0.018   12.556 0.00000e+00
   45    16.76667   -97.49724 36.39567     428.868     767.154  919.291  290.310   94.009   -0.166   12.543 0.00000e+00
   46    16.78333   -97.49599 36.39841     437.010     776.223  918.323  290.183   94.716   -0.105   12.549 0.00000e+00
   47    16.80000   -97.49480 36.40120     453.270     792.812  916.597  289.993   95.874    0.068   12.573 0.00000e+00
   48    16.81667   -97.49358 36.40409     479.732     819.172  913.768  289.716   97.428    0.241   12.590 1.84015e-06
   49    16.83333   -97.49217 36.40714     509.727     847.209  910.867  289.481   98.617    0.331   12.594 1.29639e-03
   50    16.85000   -97.49068 36.41037     528.085     862.689  909.298  289.388   98.923    0.077   12.580 6.73243e-04
   51    16.86667   -97.48929 36.41363     528.330     859.914  909.585  289.436   98.819   -0.126   12.601 2.88863e-04
   52    16.88333   -97.48810 36.41683     514.148     842.634  911.462  289.584   98.452   -0.290   12.648 1.14525e-04
   53    16.90000   -97.48715 36.41998     494.681     820.336  913.791  289.775   97.709   -0.182   12.675 0.00000e+00
   54    16.91667   -97.48633 36.42331     489.487     812.515  914.571  289.858   97.179   -0.029   12.662 0.00000e+00
   55    16.93333   -97.48525 36.42676     490.825     811.263  914.710  289.887   96.881   -0.228   12.645 0.00000e+00
   56    16.95000   -97.48399 36.43027     482.957     801.433  915.705  289.989   96.265   -0.436   12.633 0.00000e+00
   57    16.96667   -97.48285 36.43362     458.884     777.843  918.252  290.257   94.592   -0.958   12.593 0.00000e+00
   58    16.98333   -97.48170 36.43693     439.909     758.481  920.395  290.594   91.814   -1.025   12.459 0.00000e+00
   59    17.00000   -97.48031 36.44029     432.307     749.103  921.457  290.806   89.871   -0.398   12.346 0.00000e+00
   60    17.01667   -97.47884 36.44373     445.306     760.282  920.186  290.746   89.725    0.118   12.297 0.00000e+00
   61    17.03333   -97.47743 36.44725     477.827     791.307  916.902  290.437   91.161    0.428   12.294 0.00000e+00
   62    17.05000   -97.47606 36.45086     522.782     833.706  912.315  290.032   93.006    0.675   12.285 0.00000e+00
   63    17.06667   -97.47476 36.45441     573.051     881.633  907.226  289.591   95.218    0.988   12.296 0.00000e+00
   64    17.08333   -97.47359 36.45791     610.757     918.233  903.287  289.227   97.314    0.652   12.329 0.00000e+00
   65    17.10000   -97.47257 36.46142     622.185     929.309  902.079  289.100   98.210    0.102   12.358 0.00000e+00
   66    17.11667   -97.47171 36.46496     615.488     922.557  902.774  289.166   97.877   -0.237   12.360 0.00000e+00
   67    17.13333   -97.47086 36.46843     595.055     902.015  904.985  289.391   96.515   -0.535   12.334 0.00000e+00
   68    17.15000   -97.46999 36.47173     555.928     862.674  909.229  289.797   94.332   -0.902   12.316 0.00000e+00
   69    17.16667   -97.46916 36.47481     497.930     803.499  915.564  290.380   91.476   -1.141   12.310 0.00000e+00
   70    17.18333   -97.46843 36.47775     431.862     736.275  922.737  291.034   88.377   -1.197   12.301 0.00000e+00
   71    17.20000   -97.46777 36.48046     367.618     671.045  929.754  291.678   85.349   -1.223   12.281 0.00000e+00
   72    17.21667   -97.46710 36.48296     315.496     617.798  935.541  292.256   83.791   -1.309   12.426 0.00000e+00
   73    17.23333   -97.46622 36.48560     274.029     575.048  940.161  292.749   82.119   -0.601   12.499 0.00000e+00
   74    17.25000   -97.46542 36.48863     246.197     545.800  943.306  293.009   80.774    0.018   12.454 0.00000e+00
   75    17.26667   -97.46487 36.49160     244.954     544.968  943.481  292.975   81.369    0.312   12.517 0.00000e+00
   76    17.28333   -97.46434 36.49437     245.315     545.539  943.440  292.899   82.047    0.056   12.562 0.00000e+00
   77    17.30000   -97.46378 36.49722     233.381     533.523  944.750  292.993   81.801   -0.303   12.581 0.00000e+00
   78    17.31667   -97.46336 36.50010     224.032     523.811  945.828  293.093   81.444   -0.243   12.589 0.00000e+00
   79    17.33333   -97.46301 36.50290     224.169     523.678  945.804  293.114   81.410   -0.197   12.601 0.00000e+00
   80    17.35000   -97.46261 36.50565     232.161     531.625  944.906  293.047   81.757   -0.102   12.614 0.00000e+00
   81    17.36667   -97.46214 36.50836     245.349     545.507  943.364  292.924   82.469    0.041   12.647 0.00000e+00
   82    17.38333   -97.46159 36.51100     275.307     576.352  940.010  292.675   83.691    0.458   12.681 0.00000e+00
   83    17.40000   -97.46095 36.51365     325.912     628.243  934.317  292.192   85.936    0.762   12.710 0.00000e+00
   84    17.41667   -97.46027 36.51620     381.887     686.473  927.972  291.630   88.448    0.790   12.712 0.00000e+00
   85    17.43333   -97.45953 36.51867     429.266     736.013  922.635  291.164   90.564    0.601   12.711 0.00000e+00
   86    17.45000   -97.45871 36.52112     460.451     769.285  919.119  290.856   91.900    0.317   12.698 0.00000e+00
   87    17.46667   -97.45778 36.52356     475.737     785.962  917.339  290.692   92.749   -0.010   12.707 0.00000e+00
   88    17.48333   -97.45676 36.52602     474.688     786.026  917.379  290.704   92.722   -0.144   12.712 0.00000e+00
   89    17.50000   -97.45570 36.52849     469.689     782.077  917.784  290.753   92.432   -0.039   12.707 0.00000e+00
   90    17.51667   -97.45451 36.53094     474.583     787.697  917.286  290.716   92.570    0.192   12.703 0.00000e+00
   91    17.53333   -97.45304 36.53332     500.307     813.336  914.498  290.485   93.641    0.339   12.701 0.00000e+00
   92    17.55000   -97.45109 36.53564     528.038     840.880  911.570  290.249   94.463    0.238   12.662 0.00000e+00
   93    17.56667   -97.44864 36.53799     539.802     852.740  910.273  290.164   94.594   -0.204   12.629 0.00000e+00
   94    17.58333   -97.44598 36.54055     518.359     830.689  912.608  290.397   93.092   -0.828   12.582 0.00000e+00
   95    17.60000   -97.44383 36.54324     473.957     785.227  917.501  290.876   90.555   -1.036   12.550 0.00000e+00
   96    17.61667   -97.44212 36.54579     427.664     737.785  922.597  291.351   88.501   -1.170   12.571 0.00000e+00
   97    17.63333   -97.44064 36.54835     381.022     691.217  927.509  291.820   86.353   -1.342   12.567 0.00000e+00
   98    17.65000   -97.43941 36.55121     334.261     645.459  932.479  292.323   84.267   -1.114   12.591 0.00000e+00
   99    17.66667   -97.43871 36.55430     314.373     626.648  934.537  292.521   83.441   -0.115   12.596 0.00000e+00
  100    17.68333   -97.43864 36.55717     354.361     667.718  930.097  292.410   84.795    1.523   12.772 0.00000e+00
  101    17.70000   -97.43881 36.55963     457.682     771.986  918.826  291.400   89.404    2.332   12.791 0.00000e+00
  102    17.71667   -97.43885 36.56194     603.402     918.562  903.243  289.986   96.089    2.725   12.782 0.00000e+00
  103    17.73333   -97.43854 36.56428     749.564    1065.829  887.746  288.861  100.000    2.337   12.610 1.35121e-01
  104    17.75000   -97.43776 36.56673     866.381    1184.346  875.477  288.362  100.000    1.901   12.383 3.96522e-01
  105    17.76667   -97.43640 36.56922     964.505    1284.610  865.210  287.910  100.000    2.009   12.170 5.70844e-01
  106    17.78333   -97.43436 36.57194    1063.330    1385.386  855.007  287.377  100.000    2.262   11.898 7.02750e-01
  107    17.80000   -97.43174 36.57488    1156.719    1479.654  845.524  286.844  100.000    2.197   11.620 8.17938e-01
  108    17.81667   -97.42885 36.57801    1234.608    1558.198  837.658  286.359  100.000    2.322   11.365 9.23138e-01
  109    17.83333   -97.42581 36.58116    1314.099    1636.652  829.977  285.956  100.000    2.884   11.170 1.03906e+00
  110    17.85000   -97.42297 36.58449    1392.151    1712.581  822.460  285.472  100.000    2.721   10.919 1.04748e+00
  111    17.86667   -97.42032 36.58821    1456.399    1775.542  816.235  285.309  100.000    2.111   10.885 1.07407e+00
  112    17.88333   -97.41769 36.59207    1507.941    1827.858  811.100  284.664  100.000    1.219   10.493 5.35842e-01
  113    17.90000   -97.41467 36.59597    1536.664    1857.771  808.185  283.952   95.347    0.184    9.558 0.00000e+00
  114    17.91667   -97.41121 36.59990    1539.063    1861.133  807.861  283.654   94.795   -0.350    9.319 1.00779e-02
  115    17.93333   -97.40781 36.60409    1518.883    1842.556  809.670  283.494   99.560   -0.307    9.661 2.10165e-02
  116    17.95000   -97.40485 36.60838    1474.469    1799.975  813.803  283.772   97.842   -0.767    9.624 6.35560e-03
  117    17.96667   -97.40224 36.61252    1422.555    1749.412  818.856  284.036   98.392   -0.823    9.789 6.02199e-02
  118    17.98333   -97.39980 36.61638    1390.029    1715.687  822.207  284.465  100.000   -0.144   10.208 2.25817e-01
  119    18.00000   -97.39728 36.62019    1381.876    1704.265  823.386  284.591  100.000    0.584   10.286 1.67362e-01
  120    18.01667   -97.39497 36.62371    1395.171    1713.895  822.356  284.400  100.000    0.675   10.166 5.32121e-02
  121    18.03333   -97.39284 36.62691    1415.843    1732.702  820.544  284.305   99.569    0.435   10.065 4.55222e-02
  122    18.05000   -97.39066 36.63005    1446.524    1761.087  817.802  284.188   98.095    0.297    9.872 4.32618e-03
  123    18.06667   -97.38850 36.63321    1486.600    1798.461  814.163  284.044   96.252    0.505    9.637 0.00000e+00
  124    18.08333   -97.38642 36.63638    1535.154    1844.630  809.583  283.635   97.926    0.719    9.594 4.64052e-04
  125    18.10000   -97.38441 36.63966    1584.644    1893.565  804.822  283.216   99.996    0.704    9.582 2.32726e-02
  126    18.11667   -97.38251 36.64305    1619.088    1927.924  801.521  283.036   99.608    0.291    9.468 6.16234e-02
  127    18.13333   -97.38084 36.64652    1637.298    1945.319  799.873  282.895   99.632    0.062    9.400 3.20505e-02
  128    18.15000   -97.37934 36.65002    1646.535    1952.469  799.274  282.830  100.000    0.505    9.410 4.61057e-02
  129    18.16667   -97.37781 36.65353    1660.066    1963.161  798.286  282.778  100.000    0.494    9.398 9.14829e-02
  130    18.18333   -97.37601 36.65705    1660.167    1961.324  798.414  282.773  100.000    0.140    9.386 8.21330e-02
  131    18.20000   -97.37405 36.66049    1640.067    1940.432  800.395  282.911   99.861   -0.125    9.426 3.29759e-02
  132    18.21667   -97.37217 36.66381    1612.497    1912.460  803.113  283.180   98.245   -0.541    9.411 0.00000e+00
  133    18.23333   -97.37054 36.66710    1584.153    1883.755  805.893  283.563   95.068   -0.672    9.311 0.00000e+00
  134    18.25000   -97.36919 36.67039    1561.246    1860.403  808.123  283.870   92.551   -0.517    9.228 0.00000e+00
  135    18.26667   -97.36797 36.67366    1543.284    1842.938  809.786  284.093   90.782   -0.297    9.168 0.00000e+00
  136    18.28333   -97.36685 36.67699    1528.658    1829.353  811.104  284.247   89.774   -0.232    9.146 0.00000e+00
  137    18.30000   -97.36585 36.68051    1518.878    1820.407  811.974  284.346   89.154   -0.147    9.133 0.00000e+00
  138    18.31667   -97.36489 36.68428    1512.659    1814.160  812.588  284.403   88.951   -0.084    9.140 0.00000e+00
  139    18.33333   -97.36379 36.68821    1506.500    1808.220  813.122  284.452   88.936   -0.032    9.162 0.00000e+00
  140    18.35000   -97.36248 36.69214    1497.040    1799.740  813.957  284.537   88.585    0.027    9.168 0.00000e+00
  141    18.36667   -97.36090 36.69598    1482.663    1786.566  815.257  284.566   89.040   -0.008    9.219 0.00000e+00
  142    18.38333   -97.35912 36.69967    1461.437    1767.666  817.022  284.636   89.117   -0.270    9.249 0.00000e+00
  143    18.40000   -97.35716 36.70322    1433.635    1742.925  819.369  284.832   88.448   -0.385    9.274 0.00000e+00
  144    18.41667   -97.35512 36.70674    1400.654    1712.853  822.405  285.166   85.937   -0.598    9.178 0.00000e+00
  145    18.43333   -97.35299 36.71024    1361.608    1675.673  826.110  285.382   86.227   -0.749    9.300 0.00000e+00
  146    18.45000   -97.35103 36.71376    1326.792    1641.337  829.637  285.601   86.789   -0.324    9.456 0.00000e+00
  147    18.46667   -97.34930 36.71729    1319.761    1632.235  830.541  285.631   87.179    0.257    9.508 0.00000e+00
  148    18.48333   -97.34752 36.72082    1337.527    1647.694  829.046  285.338   90.223    0.356    9.668 0.00000e+00
  149    18.50000   -97.34550 36.72442    1363.229    1672.107  826.559  285.039   92.221    0.384    9.717 0.00000e+00
  150    18.51667   -97.34324 36.72815    1382.704    1690.790  824.716  284.889   92.744    0.234    9.697 0.00000e+00
  151    18.53333   -97.34088 36.73204    1378.176    1685.857  825.173  285.007   91.795   -0.278    9.668 0.00000e+00
  152    18.55000   -97.33823 36.73595    1331.993    1639.386  829.775  285.272   92.278   -0.837    9.836 0.00000e+00
  153    18.56667   -97.33507 36.73944    1290.378    1597.622  833.844  285.643   90.518   -0.641    9.840 0.00000e+00
  154    18.58333   -97.33189 36.74251    1278.584    1586.808  834.969  285.774   89.483   -0.094    9.798 0.00000e+00
  155    18.60000   -97.32911 36.74548    1282.760    1592.218  834.437  285.726   90.074   -0.059    9.838 0.00000e+00
  156    18.61667   -97.32670 36.74864    1292.007    1601.553  833.592  285.675   90.314    0.103    9.842 0.00000e+00
  157    18.63333   -97.32436 36.75202    1305.488    1614.859  832.197  285.537   91.121    0.028    9.856 0.00000e+00
  158    18.65000   -97.32199 36.75547    1302.796    1612.980  832.363  285.496   91.670   -0.247    9.886 0.00000e+00
  159    18.66667   -97.31976 36.75882    1285.639    1597.368  833.940  285.568   92.308   -0.370    9.984 0.00000e+00
  160    18.68333   -97.31772 36.76205    1263.335    1576.092  836.103  285.738   91.969   -0.427   10.033 0.00000e+00
  161    18.70000   -97.31581 36.76519    1242.537    1555.598  838.180  285.914   91.832   -0.362   10.110 0.00000e+00
  162    18.71667   -97.31402 36.76823    1221.723    1534.867  840.244  286.121   90.796   -0.302   10.108 0.00000e+00
  163    18.73333   -97.31227 36.77117    1203.299    1516.529  842.050  286.275   90.487   -0.253   10.154 0.00000e+00
  164    18.75000   -97.31045 36.77399    1188.726    1502.829  843.376  286.397   89.934   -0.110   10.157 0.00000e+00
  165    18.76667   -97.30849 36.77672    1180.078    1495.484  844.114  286.456   89.588    0.072   10.149 0.00000e+00
  166    18.78333   -97.30634 36.77937    1178.612    1495.289  844.151  286.452   89.491    0.093   10.135 0.00000e+00
  167    18.80000   -97.30416 36.78198    1182.433    1500.131  843.644  286.422   89.550   -0.057   10.127 0.00000e+00
  168    18.81667   -97.30209 36.78461    1184.846    1503.471  843.334  286.421   89.629   -0.165   10.140 0.00000e+00
  169    18.83333   -97.30014 36.78724    1183.889    1502.997  843.458  286.446   89.625   -0.164   10.154 0.00000e+00
  170    18.85000   -97.29832 36.78985    1180.649    1499.265  843.834  286.485   89.872   -0.028   10.204 0.00000e+00
  171    18.86667   -97.29659 36.79248    1182.571    1500.166  843.766  286.496   89.718    0.234   10.195 0.00000e+00
  172    18.88333   -97.29491 36.79514    1195.039    1511.519  842.620  286.458   89.608    0.540   10.171 0.00000e+00
  173    18.90000   -97.29329 36.79786    1219.131    1534.948  840.278  286.228   90.883    0.794   10.189 0.00000e+00
  174    18.91667   -97.29170 36.80063    1251.295    1567.229  837.047  285.890   92.881    0.833   10.223 0.00000e+00
  175    18.93333   -97.29013 36.80350    1279.379    1595.569  834.241  285.607   94.420    0.630   10.235 0.00000e+00
  176    18.95000   -97.28850 36.80642    1297.358    1612.850  832.613  285.427   95.396    0.262   10.238 0.00000e+00
  177    18.96667   -97.28666 36.80936    1293.715    1607.173  833.185  285.530   94.621   -0.244   10.217 0.00000e+00
  178    18.98333   -97.28468 36.81247    1247.911    1559.202  837.899  285.930   92.592   -1.365   10.208 0.00000e+00
