    0    16.01667   -97.54463 36.20908      82.535     417.810  957.398  293.167   84.745    0.715   13.000 0.00000e+00
    1    16.03333   -97.54382 36.21141     139.017     476.178  950.973  292.560   87.093    1.196   12.950 0.00000e+00
    2    16.05000   -97.54259 36.21426     195.085     533.830  944.627  291.969   89.696    1.134   12.937 0.00000e+00
    3    16.06667   -97.54112 36.21745     239.317     578.953  939.715  291.517   91.741    0.696   12.927 0.00000e+00
    4    16.08333   -97.53952 36.22081     262.488     602.715  937.151  291.267   92.782    0.284   12.903 0.00000e+00
    5    16.10000   -97.53792 36.22428     262.820     601.964  937.276  291.267   92.677    0.007   12.887 0.00000e+00
    6    16.11667   -97.53646 36.22779     241.558     579.544  939.621  291.468   91.618   -0.365   12.870 0.00000e+00
    7    16.13333   -97.53538 36.23131     206.226     544.546  943.447  291.797   89.962   -0.499   12.851 0.00000e+00
    8    16.15000   -97.53470 36.23480     167.367     507.032  947.571  292.157   88.116   -0.526   12.820 0.00000e+00
    9    16.16667   -97.53439 36.23836     132.678     473.895  951.181  292.476   86.556   -0.469   12.799 0.00000e+00
   10    16.18333   -97.53445 36.24200     100.476     445.372  954.379  292.764   85.249   -0.351   12.792 0.00000e+00
   11    16.20000   -97.53486 36.24577      75.115     424.426  956.763  293.015   84.266   -0.142   12.813 0.00000e+00
   12    16.21667   -97.53568 36.24954      64.038     416.085  957.676  293.158   83.841    0.112   12.851 0.00000e+00
   13    16.23333   -97.53693 36.25318      65.146     418.123  957.304  293.167   83.914    0.155   12.874 0.00000e+00
   14    16.25000   -97.53839 36.25653      75.710     427.982  956.099  293.070   84.363    0.126   12.881 0.00000e+00
   15    16.26667   -97.53984 36.25965      88.902     440.541  954.768  292.962   84.879    0.213   12.891 0.00000e+00
   16    16.28333   -97.54108 36.26262      95.935     447.312  953.992  292.910   85.165    0.118   12.903 0.00000e+00
   17    16.30000   -97.54204 36.26549      90.325     442.226  954.572  292.953   84.997   -0.133   12.904 0.00000e+00
   18    16.31667   -97.54271 36.26829      77.988     430.921  955.829  293.039   84.606   -0.209   12.896 0.00000e+00
   19    16.33333   -97.54310 36.27113      65.099     419.340  957.142  293.167   84.158   -0.255   12.913 0.00000e+00
   20    16.35000   -97.54342 36.27404      51.146     405.791  958.683  293.369   83.508   -0.238   12.955 0.00000e+00
   21    16.36667   -97.54372 36.27699      37.845     392.669  960.113  293.580   82.823   -0.220   13.000 0.00000e+00
   22    16.38333   -97.54415 36.27995      26.429     381.381  961.401  293.795   82.084   -0.166   13.041 0.00000e+00
   23    16.40000   -97.54458 36.28257      18.972     372.709  962.399  293.976   81.478   -0.088   13.077 0.00000e+00
   24    16.41667   -97.54504 36.28492      14.611     367.216  963.030  294.059   81.155   -0.019   13.083 0.00000e+00
   25    16.43333   -97.54546 36.28694      17.103     368.797  962.865  294.183   80.745    0.118   13.120 0.00000e+00
   26    16.45000   -97.54556 36.28867      28.456     379.523  961.656  294.082   80.927    0.257   13.084 0.00000e+00
   27    16.46667   -97.54531 36.29058      51.310     401.954  959.203  293.789   81.691    0.501   13.003 0.00000e+00
   28    16.48333   -97.54465 36.29268      89.487     439.568  955.035  293.348   82.879    0.652   12.891 0.00000e+00
   29    16.50000   -97.54372 36.29498     131.472     480.808  950.519  292.923   84.395    0.780   12.843 0.00000e+00
   30    16.51667   -97.54264 36.29736     171.277     520.444  946.071  292.525   85.980    0.693   12.822 0.00000e+00
   31    16.53333   -97.54146 36.29984     205.082     555.326  942.260  292.195   87.386    0.497   12.817 0.00000e+00
   32    16.55000   -97.54020 36.30240     227.738     578.443  939.801  291.995   88.258    0.253   12.816 0.00000e+00
   33    16.56667   -97.53891 36.30505     238.720     589.181  938.645  291.903   88.661    0.106   12.816 0.00000e+00
   34    16.58333   -97.53761 36.30778     242.553     592.170  938.330  291.880   88.754    0.025   12.815 0.00000e+00
   35    16.60000   -97.53636 36.31057     242.855     591.772  938.355  291.883   88.705   -0.055   12.810 0.00000e+00
   36    16.61667   -97.53517 36.31342     235.223     583.319  939.298  291.950   88.385   -0.242   12.805 0.00000e+00
   37    16.63333   -97.53410 36.31635     217.616     563.952  941.444  292.170   87.458   -0.420   12.818 0.00000e+00
   38    16.65000   -97.53314 36.31927     187.466     532.065  944.951  292.515   85.922   -0.475   12.821 0.00000e+00
   39    16.66667   -97.53230 36.32195     160.833     504.218  947.939  292.803   84.689   -0.748   12.826 0.00000e+00
   40    16.68333   -97.53147 36.32439     140.363     484.490  950.041  293.062   83.523   -0.333   12.829 0.00000e+00
   41    16.70000   -97.53064 36.32673     129.583     474.513  951.160  293.211   82.821   -0.058   12.824 0.00000e+00
   42    16.71667   -97.52978 36.32907     148.805     494.527  948.979  293.044   83.443    0.297   12.816 0.00000e+00
   43    16.73333   -97.52894 36.33146     178.163     523.859  945.817  292.864   84.323    0.822   12.849 0.00000e+00
   44    16.75000   -97.52805 36.33385     217.603     562.725  941.509  292.427   86.108    0.443   12.825 0.00000e+00
   45    16.76667   -97.52708 36.33628     253.633     598.525  937.591  292.077   87.584    0.383   12.815 0.00000e+00
   46    16.78333   -97.52580 36.33881     297.651     643.156  932.707  291.649   89.186    0.688   12.768 0.00000e+00
   47    16.80000   -97.52406 36.34142     358.990     705.465  926.005  291.160   91.321    1.570   12.767 0.00000e+00
   48    16.81667   -97.52199 36.34423     426.007     772.100  918.843  290.560   94.261    1.662   12.785 0.00000e+00
   49    16.83333   -97.51989 36.34715     489.696     833.575  912.340  289.993   96.846    1.220   12.760 8.56562e-07
   50    16.85000   -97.51780 36.35006     550.994     891.435  906.165  289.410   99.690    1.045   12.739 9.75518e-03
   51    16.86667   -97.51550 36.35289     615.113     952.297  899.741  289.063  100.000    1.139   12.604 1.12206e-01
   52    16.88333   -97.51300 36.35576     672.705    1006.501  894.040  288.841  100.000    1.025   12.505 2.36473e-01
   53    16.90000   -97.51039 36.35894     719.918    1050.886  889.359  288.620  100.000    0.937   12.394 3.14399e-01
   54    16.91667   -97.50770 36.36261     754.211    1083.110  885.937  288.454  100.000    0.695   12.310 3.52220e-01
   55    16.93333   -97.50490 36.36662     758.207    1085.359  885.701  288.386  100.000   -0.187   12.250 2.77601e-01
   56    16.95000   -97.50185 36.37056     737.085    1061.874  888.181  288.423  100.000   -0.874   12.247 1.18888e-01
   57    16.96667   -97.49883 36.37421     705.891    1031.695  891.247  288.617   98.757   -1.167   12.194 2.98287e-02
   58    16.98333   -97.49583 36.37771     668.087     995.375  895.134  288.986   96.009   -1.157   12.086 0.00000e+00
   59    17.00000   -97.49287 36.38112     621.512     950.780  899.792  289.487   92.820   -1.155   12.005 0.00000e+00
   60    17.01667   -97.49004 36.38444     567.389     898.965  905.346  290.010   90.200   -0.975   11.989 0.00000e+00
   61    17.03333   -97.48747 36.38765     518.917     851.179  910.390  290.464   88.159   -0.763   11.996 0.00000e+00
   62    17.05000   -97.48518 36.39082     483.929     818.342  913.792  290.779   86.534   -0.312   11.968 0.00000e+00
   63    17.06667   -97.48309 36.39406     468.595     806.224  915.073  290.821   87.016   -0.088   12.050 0.00000e+00
   64    17.08333   -97.48116 36.39738     460.546     800.040  915.880  290.765   88.819    0.223   12.245 0.00000e+00
   65    17.10000   -97.47934 36.40071     470.698     808.660  914.990  290.581   91.017    0.478   12.414 0.00000e+00
   66    17.11667   -97.47755 36.40400     495.309     830.980  912.644  290.332   92.179    0.915   12.406 0.00000e+00
   67    17.13333   -97.47554 36.40718     541.813     875.428  907.842  289.880   94.480    1.099   12.420 0.00000e+00
   68    17.15000   -97.47310 36.41027     599.996     932.856  901.717  289.324   97.124    0.948   12.404 6.23820e-04
   69    17.16667   -97.47025 36.41330     654.368     988.039  895.851  288.863   99.508    0.601   12.418 1.86399e-02
   70    17.18333   -97.46720 36.41640     684.725    1019.680  892.613  288.689  100.000    0.296   12.389 4.66664e-02
   71    17.20000   -97.46426 36.41943     696.322    1029.745  891.675  288.626   99.976    0.323   12.345 2.31455e-02
   72    17.21667   -97.46165 36.42230     722.115    1051.841  889.433  288.501  100.000    0.891   12.288 4.18950e-02
   73    17.23333   -97.45949 36.42516     778.316    1104.394  883.930  288.245  100.000    1.561   12.171 1.28789e-01
   74    17.25000   -97.45767 36.42817     855.447    1178.059  876.270  287.893  100.000    1.768   12.002 2.68819e-01
   75    17.26667   -97.45582 36.43132     931.220    1250.645  868.730  287.545  100.000    1.851   11.836 4.03401e-01
   76    17.28333   -97.45377 36.43465    1002.063    1318.813  861.764  287.191  100.000    1.587   11.661 5.09146e-01
   77    17.30000   -97.45148 36.43816    1067.828    1382.410  855.297  286.879  100.000    1.565   11.513 5.98695e-01
   78    17.31667   -97.44901 36.44170    1129.878    1443.049  849.187  286.541  100.000    1.666   11.342 6.27282e-01
   79    17.33333   -97.44644 36.44510    1190.930    1502.756  843.174  286.187  100.000    1.727   11.162 6.28395e-01
   80    17.35000   -97.44382 36.44827    1249.667    1560.944  837.344  285.793  100.000    1.637   10.952 6.15330e-01
   81    17.36667   -97.44119 36.45125    1300.849    1611.811  832.324  285.485  100.000    1.583   10.797 6.43850e-01
   82    17.38333   -97.43861 36.45414    1344.915    1654.441  828.142  285.220  100.000    1.237   10.663 6.72940e-01
   83    17.40000   -97.43604 36.45698    1373.237    1681.972  825.325  285.059  100.000    0.664   10.587 7.00426e-01
   84    17.41667   -97.43349 36.45979    1384.966    1693.965  824.231  285.006  100.000    0.260   10.564 6.98407e-01
   85    17.43333   -97.43099 36.46265    1388.512    1695.225  824.200  284.997  100.000    0.008   10.558 6.62853e-01
   86    17.45000   -97.42850 36.46565    1384.847    1689.507  824.689  284.895  100.000   -0.195   10.481 5.09479e-01
   87    17.46667   -97.42585 36.46884    1377.999    1682.329  825.412  284.670  100.000   -0.345   10.297 2.77161e-01
   88    17.48333   -97.42291 36.47207    1372.368    1674.938  826.170  284.561   98.648   -0.490   10.074 6.82110e-02
   89    17.50000   -97.41969 36.47512    1359.633    1660.127  827.609  284.628   97.937   -0.558   10.029 5.56611e-04
   90    17.51667   -97.41635 36.47791    1338.032    1637.752  829.809  284.795   97.901   -0.507   10.110 0.00000e+00
   91    17.53333   -97.41309 36.48043    1310.708    1608.751  832.710  285.029   97.371   -0.585   10.177 0.00000e+00
   92    17.55000   -97.41013 36.48298    1278.308    1574.566  836.142  285.338   95.995   -0.630   10.198 0.00000e+00
   93    17.56667   -97.40745 36.48581    1241.095    1535.079  840.125  285.720   94.260   -0.617   10.221 0.00000e+00
   94    17.58333   -97.40491 36.48888    1202.066    1493.966  844.158  286.098   92.619   -0.612   10.247 0.00000e+00
   95    17.60000   -97.40240 36.49210    1163.594    1455.949  847.915  286.448   91.062   -0.546   10.264 0.00000e+00
   96    17.61667   -97.39986 36.49541    1132.574    1426.116  850.923  286.729   89.802   -0.360   10.274 0.00000e+00
   97    17.63333   -97.39725 36.49875    1115.857    1410.182  852.556  286.884   89.047   -0.054   10.272 0.00000e+00
   98    17.65000   -97.39453 36.50211    1116.401    1411.230  852.384  286.876   88.982    0.246   10.261 0.00000e+00
   99    17.66667   -97.39159 36.50547    1130.880    1427.903  850.665  286.672   90.264    0.499   10.291 0.00000e+00
  100    17.68333   -97.38846 36.50882    1154.988    1455.967  847.770  286.290   93.215    0.539   10.400 0.00000e+00
  101    17.70000   -97.38522 36.51218    1181.463    1486.640  844.812  285.888   96.453    0.516   10.517 5.10886e-03
  102    17.71667   -97.38203 36.51554    1211.432    1518.225  841.666  285.729   99.674    0.771   10.795 1.33810e-01
  103    17.73333   -97.37881 36.51888    1261.186    1569.695  836.537  285.859  100.000    1.722   10.999 4.84366e-01
  104    17.75000   -97.37525 36.52222    1346.306    1655.555  828.044  285.733  100.000    2.773   11.033 8.20287e-01
  105    17.76667   -97.37135 36.52560    1439.356    1748.473  818.941  285.247  100.000    2.410   10.804 9.21079e-01
  106    17.78333   -97.36743 36.52909    1496.189    1804.085  813.581  284.554  100.000    1.000   10.386 5.98207e-01
  107    17.80000   -97.36381 36.53282    1512.332    1817.431  812.295  284.047  100.000    0.164   10.057 2.38181e-01
  108    17.81667   -97.36048 36.53671    1503.060    1805.987  813.328  283.939   99.306   -0.315    9.883 6.53437e-02
  109    17.83333   -97.35724 36.54051    1478.483    1782.386  815.592  284.119   97.764   -0.577    9.820 4.37158e-03
  110    17.85000   -97.35401 36.54408    1440.225    1745.360  819.167  284.474   95.897   -0.599    9.820 0.00000e+00
  111    17.86667   -97.35077 36.54749    1402.621    1709.802  822.583  284.818   93.618   -0.346    9.768 0.00000e+00
  112    17.88333   -97.34756 36.55088    1386.005    1695.486  824.083  284.905   93.251    0.287    9.769 0.00000e+00
  113    17.90000   -97.34444 36.55430    1395.075    1705.881  823.086  284.728   94.136    0.587    9.757 0.00000e+00
  114    17.91667   -97.34142 36.55771    1419.266    1730.908  820.635  284.472   95.425    0.539    9.753 0.00000e+00
  115    17.93333   -97.33849 36.56110    1443.283    1755.734  818.232  284.273   96.178    0.321    9.729 3.70127e-04
  116    17.95000   -97.33565 36.56454    1460.483    1773.104  816.565  284.113   96.921    0.163    9.720 0.00000e+00
  117    17.96667   -97.33286 36.56810    1465.896    1777.456  816.146  284.062   96.993   -0.134    9.699 0.00000e+00
  118    17.98333   -97.33006 36.57175    1451.569    1762.057  817.646  284.206   96.239   -0.501    9.699 0.00000e+00
  119    18.00000   -97.32716 36.57541    1412.265    1722.284  821.516  284.567   94.859   -0.897    9.746 0.00000e+00
  120    18.01667   -97.32406 36.57904    1353.261    1662.654  827.407  285.134   92.332   -0.966    9.780 0.00000e+00
  121    18.03333   -97.32073 36.58260    1296.674    1604.890  833.140  285.686   89.774   -0.619    9.795 0.00000e+00
  122    18.05000   -97.31729 36.58615    1256.906    1564.289  837.113  286.060   88.404   -0.183    9.840 0.00000e+00
  123    18.06667   -97.31387 36.58971    1244.242    1551.490  838.431  286.162   88.557    0.286    9.907 0.00000e+00
  124    18.08333   -97.31056 36.59325    1260.704    1568.499  836.722  285.939   90.497    0.630    9.997 0.00000e+00
  125    18.10000   -97.30740 36.59683    1300.027    1607.816  832.867  285.527   93.240    0.767   10.070 0.00000e+00
  126    18.11667   -97.30439 36.60045    1349.066    1654.893  828.249  285.057   96.322    0.782   10.141 0.00000e+00
  127    18.13333   -97.30148 36.60412    1395.057    1696.543  824.174  284.672   98.653    0.671   10.174 1.02851e-03
  128    18.15000   -97.29865 36.60783    1423.933    1721.863  821.691  284.436  100.000    0.321   10.190 2.04720e-03
  129    18.16667   -97.29585 36.61155    1427.880    1723.071  821.606  284.471   98.771   -0.192   10.082 1.32851e-04
  130    18.18333   -97.29322 36.61524    1410.168    1704.032  823.390  284.664   97.019   -0.597   10.010 0.00000e+00
  131    18.20000   -97.29076 36.61889    1380.637    1674.480  826.295  284.960   95.227   -0.646    9.985 0.00000e+00
  132    18.21667   -97.28845 36.62245    1349.227    1643.318  829.367  285.284   93.311   -0.485    9.959 0.00000e+00
  133    18.23333   -97.28622 36.62594    1323.924    1618.411  831.857  285.561   91.461   -0.261    9.912 0.00000e+00
  134    18.25000   -97.28397 36.62936    1310.367    1605.266  833.165  285.695   90.532   -0.049    9.884 0.00000e+00
  135    18.26667   -97.28156 36.63278    1314.018    1608.501  832.850  285.623   91.117    0.244    9.904 0.00000e+00
  136    18.28333   -97.27898 36.63623    1338.320    1631.920  830.541  285.412   91.505    0.553    9.835 0.00000e+00
  137    18.30000   -97.27618 36.63972    1375.629    1668.959  826.834  285.073   92.695    0.653    9.786 0.00000e+00
  138    18.31667   -97.27322 36.64323    1411.734    1705.555  823.244  284.752   93.977    0.504    9.755 0.00000e+00
  139    18.33333   -97.27023 36.64678    1433.393    1727.682  821.019  284.548   94.810    0.147    9.735 0.00000e+00
  140    18.35000   -97.26724 36.65036    1429.948    1727.561  821.042  284.527   94.912   -0.268    9.732 0.00000e+00
  141    18.36667   -97.26432 36.65395    1403.486    1703.196  823.550  284.761   93.900   -0.585    9.749 0.00000e+00
  142    18.38333   -97.26148 36.65747    1361.446    1660.555  827.784  285.141   92.239   -0.828    9.771 0.00000e+00
  143    18.40000   -97.25872 36.66083    1318.685    1616.756  832.069  285.605   89.810   -0.613    9.759 0.00000e+00
  144    18.41667   -97.25593 36.66405    1290.911    1588.064  834.911  285.908   88.074   -0.211    9.731 0.00000e+00
  145    18.43333   -97.25311 36.66715    1281.249    1577.398  835.963  285.975   87.897    0.028    9.742 0.00000e+00
  146    18.45000   -97.25024 36.67014    1284.993    1580.456  835.656  285.812   89.685    0.105    9.837 0.00000e+00
  147    18.46667   -97.24740 36.67318    1290.658    1585.317  835.163  285.625   91.823    0.015    9.954 0.00000e+00
  148    18.48333   -97.24461 36.67637    1281.823    1575.937  836.112  285.750   90.321   -0.263    9.861 0.00000e+00
  149    18.50000   -97.24191 36.67976    1252.668    1547.003  838.972  286.109   87.831   -0.498    9.786 0.00000e+00
  150    18.51667   -97.23938 36.68332    1217.688    1512.464  842.446  286.467   85.837   -0.458    9.750 0.00000e+00
  151    18.53333   -97.23693 36.68699    1194.270    1489.255  844.797  286.622   86.172   -0.180    9.861 0.00000e+00
  152    18.55000   -97.23450 36.69074    1185.310    1480.593  845.653  286.649   86.789   -0.135    9.939 0.00000e+00
  153    18.56667   -97.23212 36.69453    1181.824    1477.564  845.959  286.631   87.848    0.132   10.045 0.00000e+00
  154    18.58333   -97.22986 36.69833    1194.312    1490.507  844.640  286.358   91.271    0.612   10.267 5.69870e-05
  155    18.60000   -97.22768 36.70223    1220.891    1517.556  841.947  285.819   98.102    0.818   10.685 1.08700e-02
  156    18.61667   -97.22550 36.70626    1252.042    1549.189  838.793  285.859  100.000    0.704   10.965 1.84162e-01
  157    18.63333   -97.22318 36.71036    1272.321    1569.960  836.690  285.788   99.953   -0.081   10.932 1.82017e-01
  158    18.65000   -97.22079 36.71450    1275.100    1573.103  836.432  285.728   99.318   -0.606   10.823 9.62218e-02
  159    18.66667   -97.21850 36.71862    1269.520    1567.774  836.976  285.780   98.085   -0.632   10.719 4.80770e-02
  160    18.68333   -97.21626 36.72268    1260.712    1560.046  837.721  285.817   97.224   -0.524   10.641 1.35420e-02
  161    18.70000   -97.21397 36.72667    1247.519    1548.152  838.885  285.919   95.877   -0.526   10.550 3.60925e-06
  162    18.71667   -97.21164 36.73060    1230.677    1532.393  840.484  286.111   94.274   -0.528   10.485 0.00000e+00
  163    18.73333   -97.20922 36.73450    1214.097    1515.543  842.150  286.316   92.538   -0.362   10.412 0.00000e+00
  164    18.75000   -97.20689 36.73830    1210.828    1512.443  842.457  286.383   91.439    0.166   10.329 0.00000e+00
  165    18.76667   -97.20462 36.74210    1231.868    1534.006  840.348  286.149   92.600    0.576   10.326 0.00000e+00
  166    18.78333   -97.20230 36.74593    1264.953    1567.203  837.022  285.820   94.207    0.536   10.322 0.00000e+00
  167    18.80000   -97.19994 36.74979    1288.510    1591.744  834.593  285.614   94.583    0.160   10.253 0.00000e+00
  168    18.81667   -97.19760 36.75365    1288.797    1593.446  834.390  285.608   94.239   -0.140   10.214 0.00000e+00
  169    18.83333   -97.19527 36.75740    1270.448    1577.388  836.014  285.759   93.422   -0.271   10.207 0.00000e+00
  170    18.85000   -97.19296 36.76105    1246.518    1554.990  838.284  285.971   92.255   -0.255   10.193 0.00000e+00
  171    18.86667   -97.19071 36.76466    1228.266    1537.014  840.168  286.159   91.072   -0.157   10.165 0.00000e+00
  172    18.88333   -97.18851 36.76826    1219.486    1527.856  841.043  286.254   90.370   -0.029   10.140 0.00000e+00
  173    18.90000   -97.18637 36.77195    1218.492    1526.774  841.099  286.268   90.107   -0.032   10.118 0.00000e+00
  174    18.91667   -97.18430 36.77574    1215.617    1525.550  841.223  286.304   89.556   -0.179   10.079 0.00000e+00
  175    18.93333   -97.18230 36.77961    1208.232    1519.610  841.823  286.377   89.059   -0.223   10.064 0.00000e+00
  176    18.95000   -97.18042 36.78344    1200.167    1512.641  842.529  286.453   88.543   -0.155   10.047 0.00000e+00
  177    18.96667   -97.17869 36.78728    1199.937    1512.950  842.499  286.458   88.522    0.031   10.049 0.00000e+00
  178    18.98333   -97.17706 36.79113    1206.953    1520.571  841.753  286.384   89.004    0.177   10.064 0.00000e+00
