    0    16.01667   -97.41238 36.21917      36.049     401.298  959.340  292.773   85.248   -0.212   12.732 0.00000e+00
    1    16.03333   -97.41191 36.22240      24.446     390.679  960.608  292.997   84.477   -0.150   12.779 0.00000e+00
    2    16.05000   -97.41164 36.22533      17.510     383.715  961.375  293.146   83.990   -0.086   12.814 0.00000e+00
    3    16.06667   -97.41143 36.22802      13.556     379.753  961.775  293.259   83.652   -0.023   12.847 0.00000e+00
    4    16.08333   -97.41118 36.23059      11.866     377.526  962.117  293.357   83.374    0.000   12.878 0.00000e+00
    5    16.10000   -97.41075 36.23307      10.682     374.215  962.480  293.474   82.944   -0.009   12.901 0.00000e+00
    6    16.11667   -97.41014 36.23544      10.019     371.538  962.758  293.563   82.609   -0.016   12.917 0.00000e+00
    7    16.13333   -97.40936 36.23769       9.743     369.475  962.962  293.645   82.330   -0.011   12.937 0.00000e+00
    8    16.15000   -97.40844 36.23980       9.546     367.862  963.132  293.734   82.062    0.026   12.964 0.00000e+00
    9    16.16667   -97.40752 36.24168      11.575     368.646  963.075  293.793   82.038    0.061   13.008 0.00000e+00
   10    16.18333   -97.40666 36.24348      16.774     372.650  962.645  293.852   81.734    0.161   13.014 0.00000e+00
   11    16.20000   -97.40591 36.24537      26.335     380.949  961.700  293.734   81.972    0.211   12.969 0.00000e+00
   12    16.21667   -97.40526 36.24764      40.795     393.896  960.318  293.659   82.233    0.257   12.968 0.00000e+00
   13    16.23333   -97.40458 36.25020      55.739     406.878  958.891  293.493   82.602    0.142   12.912 0.00000e+00
   14    16.25000   -97.40407 36.25307      68.372     416.942  957.794  293.432   82.796    0.066   12.908 0.00000e+00
   15    16.26667   -97.40376 36.25605      72.993     419.810  957.327  293.373   82.870   -0.139   12.878 0.00000e+00
   16    16.28333   -97.40365 36.25923      63.524     410.518  958.349  293.475   82.376   -0.332   12.869 0.00000e+00
   17    16.30000   -97.40356 36.26247      48.234     395.414  960.027  293.641   81.742   -0.317   12.880 0.00000e+00
   18    16.31667   -97.40321 36.26576      33.521     380.249  961.765  293.876   80.900   -0.212   12.912 0.00000e+00
   19    16.33333   -97.40269 36.26888      21.605     367.712  963.204  294.175   79.833   -0.157   12.961 0.00000e+00
   20    16.35000   -97.40218 36.27166      13.912     358.836  964.328  294.409   79.036   -0.094   13.004 0.00000e+00
   21    16.36667   -97.40181 36.27420       9.613     350.783  965.221  294.586   78.307   -0.029   13.014 0.00000e+00
   22    16.38333   -97.40170 36.27653       8.543     346.151  965.706  294.744   77.283   -0.003   12.964 0.00000e+00
   23    16.40000   -97.40170 36.27854       8.936     343.504  965.968  294.863   77.027    0.025   13.013 0.00000e+00
   24    16.41667   -97.40163 36.28032      11.305     343.553  965.903  294.962   76.997    0.082   13.088 0.00000e+00
   25    16.43333   -97.40152 36.28188      17.281     348.645  965.326  294.957   77.137    0.152   13.116 0.00000e+00
   26    16.45000   -97.40124 36.28338      28.753     359.284  964.127  294.770   77.780    0.234   13.090 0.00000e+00
   27    16.46667   -97.40070 36.28517      39.073     368.504  963.103  294.506   78.487    0.084   13.009 0.00000e+00
   28    16.48333   -97.40006 36.28723      41.925     370.072  962.914  294.476   78.489    0.003   12.987 0.00000e+00
   29    16.50000   -97.39925 36.28944      40.067     366.766  963.275  294.453   78.324   -0.163   12.936 0.00000e+00
   30    16.51667   -97.39836 36.29172      33.346     358.519  964.228  294.611   77.756   -0.110   12.956 0.00000e+00
   31    16.53333   -97.39746 36.29395      26.499     350.164  965.139  294.868   76.979   -0.077   13.020 0.00000e+00
   32    16.55000   -97.39662 36.29595      23.157     345.453  965.656  295.018   76.583   -0.038   13.066 0.00000e+00
   33    16.56667   -97.39587 36.29776      23.828     344.711  965.709  295.157   76.226    0.039   13.117 0.00000e+00
   34    16.58333   -97.39529 36.29948      30.284     349.883  965.130  295.115   76.379    0.174   13.116 0.00000e+00
   35    16.60000   -97.39494 36.30144      46.500     364.849  963.410  294.940   76.957    0.499   13.098 0.00000e+00
   36    16.61667   -97.39473 36.30368      83.666     400.614  959.466  294.420   78.550    1.066   12.999 0.00000e+00
   37    16.63333   -97.39449 36.30610     162.106     477.942  950.875  293.587   81.615    2.192   12.942 0.00000e+00
   38    16.65000   -97.39417 36.30851     294.362     609.574  936.510  292.283   87.077    2.631   12.922 0.00000e+00
   39    16.66667   -97.39365 36.31081     421.880     736.359  922.849  291.042   92.851    2.043   12.929 0.00000e+00
   40    16.68333   -97.39237 36.31305     531.494     844.864  911.150  289.985   97.827    1.833   12.899 0.00000e+00
   41    16.70000   -97.39009 36.31568     615.604     928.292  902.287  289.268  100.000    1.725   12.734 6.27350e-02
   42    16.71667   -97.38730 36.31899     688.026     998.507  894.861  288.851  100.000    1.551   12.499 1.75859e-01
   43    16.73333   -97.38441 36.32278     749.354    1059.953  888.251  288.465  100.000    1.312   12.285 2.38970e-01
   44    16.75000   -97.38161 36.32677     816.023    1127.792  881.249  288.115  100.000    1.704   12.105 3.26417e-01
   45    16.76667   -97.37848 36.33075     891.539    1202.117  873.690  287.732  100.000    1.324   11.912 4.22383e-01
   46    16.78333   -97.37485 36.33477     943.599    1251.705  868.628  287.427  100.000    0.067   11.748 4.31385e-01
   47    16.80000   -97.37080 36.33886     942.772    1248.261  868.879  287.344  100.000   -1.873   11.682 3.07447e-01
   48    16.81667   -97.36683 36.34291     880.066    1187.419  875.159  287.544  100.000   -2.718   11.749 1.03501e-01
   49    16.83333   -97.36338 36.34661     829.476    1138.049  880.284  287.974   96.254   -1.934   11.542 0.00000e+00
   50    16.85000   -97.36031 36.35003     818.423    1128.723  881.285  288.219   94.192   -0.431   11.463 0.00000e+00
   51    16.86667   -97.35732 36.35332     845.444    1156.425  878.443  287.946   96.026    1.019   11.518 0.00000e+00
   52    16.88333   -97.35426 36.35659     902.522    1214.682  872.293  287.320   99.760    1.502   11.570 1.03463e-02
   53    16.90000   -97.35116 36.35994     958.603    1274.670  866.183  287.034  100.000    1.091   11.482 1.42944e-01
   54    16.91667   -97.34801 36.36346     991.885    1310.186  862.636  286.892  100.000    0.373   11.424 2.37260e-01
   55    16.93333   -97.34496 36.36718     989.812    1310.025  862.594  286.894  100.000   -0.347   11.427 2.43076e-01
   56    16.95000   -97.34208 36.37093     963.336    1286.031  865.157  287.046  100.000   -0.727   11.506 2.30952e-01
   57    16.96667   -97.33933 36.37464     942.231    1263.910  867.433  287.222  100.000   -0.582   11.608 2.74129e-01
   58    16.98333   -97.33665 36.37829     939.386    1260.735  867.698  287.239  100.000   -0.164   11.617 2.75383e-01
   59    17.00000   -97.33397 36.38190     955.453    1278.040  865.910  287.160  100.000    0.198   11.581 2.97032e-01
   60    17.01667   -97.33127 36.38545     988.272    1311.774  862.451  287.002  100.000    0.547   11.509 3.47274e-01
   61    17.03333   -97.32848 36.38888    1037.149    1360.679  857.467  286.747  100.000    0.931   11.384 3.99310e-01
   62    17.05000   -97.32567 36.39231    1104.876    1428.313  850.663  286.413  100.000    1.299   11.228 5.01537e-01
   63    17.06667   -97.32285 36.39585    1186.266    1507.271  842.849  286.050  100.000    1.578   11.066 6.46601e-01
   64    17.08333   -97.32002 36.39944    1269.680    1585.856  834.953  285.714  100.000    1.587   10.927 8.35970e-01
   65    17.10000   -97.31715 36.40307    1336.468    1650.320  828.582  285.459  100.000    1.290   10.828 9.99276e-01
   66    17.11667   -97.31429 36.40680    1378.080    1689.509  824.737  285.308  100.000    0.623   10.771 1.09202e+00
   67    17.13333   -97.31152 36.41064    1389.149    1698.620  823.777  285.216  100.000   -0.151   10.719 1.02235e+00
   68    17.15000   -97.30889 36.41461    1374.904    1684.353  825.137  285.058  100.000   -0.669   10.576 7.11606e-01
   69    17.16667   -97.30627 36.41861    1346.005    1655.219  828.059  284.808   99.307   -0.953   10.286 2.08831e-01
   70    17.18333   -97.30344 36.42262    1306.174    1613.904  832.298  284.956   98.439   -0.964   10.244 8.89751e-02
   71    17.20000   -97.30038 36.42664    1268.396    1569.322  836.801  285.177   98.113   -0.881   10.305 2.79493e-02
   72    17.21667   -97.29705 36.43056    1241.075    1535.104  840.128  285.402   97.682   -0.865   10.372 6.10150e-06
   73    17.23333   -97.29337 36.43439    1219.203    1509.854  842.570  285.624   96.681   -0.916   10.387 0.00000e+00
   74    17.25000   -97.28934 36.43810    1192.238    1481.507  845.405  285.906   95.050   -1.164   10.369 0.00000e+00
   75    17.26667   -97.28511 36.44180    1160.825    1445.615  849.106  286.273   93.421   -1.266   10.395 0.00000e+00
   76    17.28333   -97.28089 36.44552    1115.903    1396.617  853.938  286.774   90.701   -1.428   10.370 0.00000e+00
   77    17.30000   -97.27673 36.44925    1061.340    1341.442  859.485  287.292   88.426   -1.131   10.390 0.00000e+00
   78    17.31667   -97.27262 36.45298    1017.560    1297.995  863.893  287.728   86.325   -0.572   10.382 0.00000e+00
   79    17.33333   -97.26857 36.45666    1005.820    1287.187  865.047  287.827   86.024    0.209   10.399 0.00000e+00
   80    17.35000   -97.26456 36.46030    1035.020    1316.898  862.018  287.490   88.068    0.935   10.452 0.00000e+00
   81    17.36667   -97.26057 36.46389    1094.635    1376.990  855.906  286.844   91.784    1.269   10.518 0.00000e+00
   82    17.38333   -97.25655 36.46745    1159.502    1443.521  849.189  286.159   95.690    1.207   10.566 0.00000e+00
   83    17.40000   -97.25254 36.47101    1210.208    1494.860  844.035  285.649   98.592    0.847   10.592 0.00000e+00
   84    17.41667   -97.24854 36.47457    1232.987    1518.990  841.609  285.401  100.000    0.376   10.606 5.87854e-03
   85    17.43333   -97.24454 36.47810    1229.454    1516.649  841.826  285.411   99.936   -0.154   10.596 4.41345e-03
   86    17.45000   -97.24055 36.48161    1206.955    1496.700  843.858  285.598   98.863   -0.474   10.587 0.00000e+00
   87    17.46667   -97.23654 36.48512    1178.010    1469.757  846.539  285.876   97.243   -0.565   10.573 0.00000e+00
   88    17.48333   -97.23250 36.48866    1158.410    1449.872  848.658  286.099   95.979   -0.321   10.563 0.00000e+00
   89    17.50000   -97.22846 36.49219    1161.183    1450.387  848.550  286.108   95.857    0.157   10.558 0.00000e+00
   90    17.51667   -97.22446 36.49572    1195.067    1483.744  845.124  285.802   97.299    0.672   10.545 0.00000e+00
   91    17.53333   -97.22048 36.49929    1247.057    1539.341  839.510  285.284  100.000    0.788   10.545 5.92501e-03
   92    17.55000   -97.21650 36.50286    1288.995    1585.207  834.987  285.055  100.000    0.353   10.460 8.61918e-02
   93    17.56667   -97.21259 36.50638    1296.279    1594.641  834.113  285.012  100.000   -0.408   10.442 9.34103e-02
   94    17.58333   -97.20882 36.50982    1261.867    1559.948  837.685  285.200   99.969   -1.173   10.505 8.14846e-03
   95    17.60000   -97.20526 36.51320    1190.964    1485.935  845.156  285.853   96.996   -1.536   10.548 0.00000e+00
   96    17.61667   -97.20184 36.51654    1101.480    1392.720  854.450  286.736   92.766   -1.578   10.573 0.00000e+00
   97    17.63333   -97.19837 36.51987    1018.561    1308.813  862.941  287.540   89.010   -1.238   10.587 0.00000e+00
   98    17.65000   -97.19475 36.52322     969.222    1261.176  867.783  288.001   86.931   -0.669   10.594 0.00000e+00
   99    17.66667   -97.19102 36.52658     963.681    1257.837  868.067  288.057   86.477    0.038   10.574 0.00000e+00
  100    17.68333   -97.18736 36.52997    1005.515    1302.419  863.530  287.658   88.176    0.742   10.561 0.00000e+00
  101    17.70000   -97.18365 36.53343    1078.165    1377.284  855.940  286.968   91.232    0.996   10.539 0.00000e+00
  102    17.71667   -97.17984 36.53699    1136.939    1438.182  849.770  286.393   94.019    0.784   10.536 0.00000e+00
  103    17.73333   -97.17604 36.54061    1156.482    1458.316  847.848  286.170   95.329    0.087   10.551 0.00000e+00
  104    17.75000   -97.17236 36.54419    1130.233    1430.404  850.692  286.427   94.152   -0.786   10.563 0.00000e+00
  105    17.76667   -97.16879 36.54765    1068.833    1367.235  856.950  287.015   91.162   -1.364   10.551 0.00000e+00
  106    17.78333   -97.16525 36.55096     999.349    1300.493  863.700  287.710   87.636   -1.135   10.530 0.00000e+00
  107    17.80000   -97.16162 36.55426     958.410    1264.292  867.406  288.085   85.326   -0.277   10.460 0.00000e+00
  108    17.81667   -97.15785 36.55774     965.358    1274.248  866.416  287.880   87.182    0.510   10.559 0.00000e+00
  109    17.83333   -97.15412 36.56136     996.628    1308.759  862.867  287.496   89.242    0.515   10.585 0.00000e+00
  110    17.85000   -97.15059 36.56503    1025.059    1335.627  860.393  287.166   91.664    0.287   10.671 0.00000e+00
  111    17.86667   -97.14723 36.56860    1040.298    1345.907  859.280  286.982   93.117    0.007   10.725 0.00000e+00
  112    17.88333   -97.14404 36.57211    1040.011    1342.222  859.725  286.978   93.537   -0.169   10.765 0.00000e+00
  113    17.90000   -97.14098 36.57556    1026.401    1323.913  861.612  287.153   92.701   -0.381   10.767 0.00000e+00
  114    17.91667   -97.13795 36.57896     998.190    1291.545  864.865  287.439   91.974   -0.621   10.843 0.00000e+00
  115    17.93333   -97.13486 36.58239     946.437    1238.531  870.191  287.851   90.282   -1.074   10.866 3.66663e-04
  116    17.95000   -97.13167 36.58588     879.299    1169.839  877.360  288.385   89.434   -1.286   11.051 0.00000e+00
  117    17.96667   -97.12859 36.58932     825.216    1112.473  883.287  288.904   87.579   -0.727   11.116 0.00000e+00
  118    17.98333   -97.12589 36.59277     804.887    1090.971  885.500  289.090   86.991    0.079   11.146 0.00000e+00
  119    18.00000   -97.12352 36.59613     808.318    1093.365  885.262  288.963   88.041    0.364   11.192 0.00000e+00
  120    18.01667   -97.12133 36.59920     821.924    1106.566  883.949  288.754   89.732    0.456   11.271 0.00000e+00
  121    18.03333   -97.11930 36.60202     836.367    1120.350  882.471  288.543   91.667    0.226   11.377 0.00000e+00
  122    18.05000   -97.11736 36.60475     843.276    1126.802  881.717  288.444   92.713   -0.105   11.443 0.00000e+00
  123    18.06667   -97.11549 36.60745     839.454    1125.361  881.845  288.444   93.196   -0.374   11.501 0.00000e+00
  124    18.08333   -97.11364 36.61022     821.148    1110.495  883.316  288.598   92.393   -0.501   11.497 0.00000e+00
  125    18.10000   -97.11179 36.61298     787.417    1080.654  886.468  288.901   90.878   -0.631   11.491 0.00000e+00
  126    18.11667   -97.11006 36.61570     745.880    1038.860  890.947  289.313   89.029   -0.632   11.501 0.00000e+00
  127    18.13333   -97.10849 36.61832     703.528     995.595  895.490  289.714   87.497   -0.434   11.538 0.00000e+00
  128    18.15000   -97.10709 36.62085     680.888     972.432  897.914  289.926   86.608    0.008   11.546 0.00000e+00
  129    18.16667   -97.10565 36.62334     687.685     977.785  897.395  289.872   86.908    0.333   11.552 0.00000e+00
  130    18.18333   -97.10406 36.62581     703.100     991.210  896.038  289.746   87.579    0.195   11.566 0.00000e+00
  131    18.20000   -97.10236 36.62824     711.124     997.185  895.391  289.693   87.860   -0.031   11.572 0.00000e+00
  132    18.21667   -97.10072 36.63064     713.782     998.319  895.184  289.697   87.810   -0.114   11.571 0.00000e+00
  133    18.23333   -97.09906 36.63300     713.911     998.473  895.158  289.710   87.709   -0.116   11.568 0.00000e+00
  134    18.25000   -97.09734 36.63535     708.732     993.669  895.667  289.754   87.494   -0.138   11.566 0.00000e+00
  135    18.26667   -97.09556 36.63774     701.554     987.247  896.239  289.808   87.058   -0.139   11.540 0.00000e+00
  136    18.28333   -97.09370 36.64033     688.020     976.036  897.387  289.841   88.221   -0.349   11.704 0.00000e+00
  137    18.30000   -97.09196 36.64291     666.125     956.791  899.435  289.986   88.756   -0.402   11.858 0.00000e+00
  138    18.31667   -97.09055 36.64528     647.570     940.278  901.210  290.179   87.513   -0.318   11.813 0.00000e+00
  139    18.33333   -97.08945 36.64742     641.405     935.303  901.779  290.189   88.351    0.053   11.926 0.00000e+00
  140    18.35000   -97.08858 36.64942     645.662     939.938  901.281  290.096   89.764    0.167   12.052 0.00000e+00
  141    18.36667   -97.08791 36.65139     651.250     945.786  900.720  290.038   90.247    0.127   12.079 0.00000e+00
  142    18.38333   -97.08746 36.65341     650.629     945.324  900.750  290.026   90.723   -0.091   12.134 0.00000e+00
  143    18.40000   -97.08739 36.65541     639.351     934.112  901.953  290.129   90.716   -0.298   12.196 0.00000e+00
  144    18.41667   -97.08771 36.65742     624.515     919.325  903.522  290.346   90.523   -0.310   12.318 0.00000e+00
  145    18.43333   -97.08805 36.65927     623.782     918.683  903.541  290.378   90.994    0.021   12.408 0.00000e+00
  146    18.45000   -97.08818 36.66085     656.954     951.973  900.075  290.090   92.648    0.933   12.451 0.00000e+00
  147    18.46667   -97.08817 36.66243     741.706    1036.828  891.168  289.321   96.632    1.473   12.486 0.00000e+00
  148    18.48333   -97.08806 36.66414     836.057    1131.618  881.284  288.569  100.000    1.606   12.460 3.50219e-02
  149    18.50000   -97.08772 36.66612     910.318    1206.811  873.540  288.223  100.000    1.192   12.300 1.64093e-01
  150    18.51667   -97.08734 36.66846     941.411    1238.984  870.248  287.986  100.000    0.457   12.145 1.54216e-01
  151    18.53333   -97.08692 36.67090     940.779    1239.458  870.205  288.090   99.162    0.381   12.120 1.99299e-01
  152    18.55000   -97.08665 36.67325     922.432    1222.595  871.934  288.164  100.000    0.061   12.277 1.52622e-01
  153    18.56667   -97.08647 36.67557     882.450    1184.294  875.918  288.243   99.963   -0.731   12.260 2.62645e-02
  154    18.58333   -97.08629 36.67780     818.522    1121.956  882.276  288.815   95.115   -1.221   12.017 0.00000e+00
  155    18.60000   -97.08599 36.68005     755.259    1060.188  888.758  289.484   91.099   -0.848   11.928 0.00000e+00
  156    18.61667   -97.08575 36.68247     731.253    1036.722  891.250  289.787   89.752    0.102   11.948 0.00000e+00
  157    18.63333   -97.08531 36.68501     752.952    1058.820  888.943  289.612   90.225    0.409   11.908 0.00000e+00
  158    18.65000   -97.08448 36.68753     777.843    1083.828  886.330  289.387   90.928    0.330   11.864 0.00000e+00
  159    18.66667   -97.08319 36.68990     788.076    1094.587  885.179  289.273   91.344    0.026   11.846 0.00000e+00
  160    18.68333   -97.08183 36.69221     767.662    1075.355  887.143  289.452   90.494   -0.596   11.846 0.00000e+00
  161    18.70000   -97.08079 36.69456     719.057    1028.346  891.997  289.932   87.848   -0.945   11.794 0.00000e+00
  162    18.71667   -97.08018 36.69679     657.507     968.524  898.317  290.515   85.327   -1.114   11.806 0.00000e+00
  163    18.73333   -97.07983 36.69889     589.653     901.893  905.322  291.150   83.081   -1.395   11.875 0.00000e+00
  164    18.75000   -97.07945 36.70101     514.404     827.863  913.158  291.877   79.745   -1.289   11.832 0.00000e+00
  165    18.76667   -97.07862 36.70331     466.389     781.209  918.153  292.342   78.816   -0.216   11.976 0.00000e+00
  166    18.78333   -97.07730 36.70577     453.148     768.267  919.687  292.510   78.651    0.065   12.058 0.00000e+00
  167    18.80000   -97.07603 36.70826     449.732     762.629  920.309  292.537   78.172   -0.060   11.996 0.00000e+00
  168    18.81667   -97.07504 36.71075     444.213     754.894  921.139  292.573   78.188   -0.013   12.015 0.00000e+00
  169    18.83333   -97.07433 36.71320     431.700     740.524  922.589  292.706   77.591   -0.267   12.004 0.00000e+00
  170    18.85000   -97.07375 36.71568     397.242     706.982  926.114  293.035   76.500   -0.638   12.036 0.00000e+00
  171    18.86667   -97.07310 36.71808     339.242     650.389  932.168  293.627   74.104   -0.945   12.019 0.00000e+00
  172    18.88333   -97.07207 36.72023     276.101     588.295  938.839  294.206   72.036   -0.635   12.025 0.00000e+00
  173    18.90000   -97.07045 36.72224     255.934     569.040  940.860  294.390   71.489    0.471   12.045 0.00000e+00
  174    18.91667   -97.06890 36.72395     301.494     616.156  935.727  293.977   72.967    1.789   12.049 0.00000e+00
  175    18.93333   -97.06776 36.72549     397.548     713.812  925.250  293.182   75.779    2.128   12.044 0.00000e+00
  176    18.95000   -97.06709 36.72702     500.607     818.322  914.102  292.159   79.710    1.921   12.027 0.00000e+00
  177    18.96667   -97.06683 36.72857     577.882     897.084  905.784  291.392   82.928    1.457   12.031 0.00000e+00
  178    18.98333   -97.06699 36.73032     624.312     945.259  900.733  290.923   84.561    0.843   11.976 0.00000e+00
