    0    16.01667   -97.40769 36.21862      32.395     395.333  960.082  293.261   83.765    0.129   12.889 0.00000e+00
    1    16.03333   -97.40787 36.22099      37.540     401.578  959.409  293.209   83.983    0.046   12.890 0.00000e+00
    2    16.05000   -97.40826 36.22347      38.754     403.605  959.151  293.192   84.014   -0.008   12.885 0.00000e+00
    3    16.06667   -97.40891 36.22591      41.457     406.882  958.740  293.182   84.062    0.149   12.889 0.00000e+00
    4    16.08333   -97.40953 36.22839      52.048     417.876  957.507  293.074   84.485    0.315   12.883 0.00000e+00
    5    16.10000   -97.40999 36.23096      68.585     433.788  955.871  292.911   85.145    0.230   12.874 0.00000e+00
    6    16.11667   -97.41006 36.23372      79.404     442.334  954.942  292.804   85.536   -0.066   12.860 0.00000e+00
    7    16.13333   -97.40989 36.23664      73.985     434.495  955.759  292.855   85.255   -0.291   12.848 0.00000e+00
    8    16.15000   -97.40945 36.23967      61.832     420.053  957.360  292.994   84.658   -0.218   12.847 0.00000e+00
    9    16.16667   -97.40877 36.24272      52.980     409.149  958.590  293.093   84.234   -0.183   12.846 0.00000e+00
   10    16.18333   -97.40788 36.24582      48.554     402.609  959.301  293.211   83.789    0.001   12.863 0.00000e+00
   11    16.20000   -97.40688 36.24886      49.074     401.627  959.457  293.311   83.382    0.107   12.879 0.00000e+00
   12    16.21667   -97.40585 36.25190      55.510     406.101  959.034  293.341   83.217    0.224   12.883 0.00000e+00
   13    16.23333   -97.40482 36.25501      70.871     418.799  957.588  293.250   83.515    0.374   12.876 0.00000e+00
   14    16.25000   -97.40392 36.25829      92.116     439.137  955.218  293.053   84.302    0.542   12.870 0.00000e+00
   15    16.26667   -97.40302 36.26159     122.360     469.351  951.855  292.740   85.445    0.687   12.837 0.00000e+00
   16    16.28333   -97.40202 36.26486     161.474     508.229  947.636  292.343   87.018    0.743   12.808 0.00000e+00
   17    16.30000   -97.40082 36.26817     208.564     553.907  942.695  291.895   88.852    0.657   12.781 0.00000e+00
   18    16.31667   -97.39931 36.27150     250.134     592.633  938.550  291.535   90.480    0.610   12.780 0.00000e+00
   19    16.33333   -97.39753 36.27479     280.701     617.619  935.858  291.272   91.592    0.374   12.760 0.00000e+00
   20    16.35000   -97.39545 36.27805     295.211     626.816  934.716  291.184   91.953    0.247   12.755 0.00000e+00
   21    16.36667   -97.39343 36.28129     290.511     620.339  935.218  291.255   91.561   -0.140   12.751 0.00000e+00
   22    16.38333   -97.39171 36.28462     266.194     596.495  937.845  291.497   90.347   -0.433   12.740 0.00000e+00
   23    16.40000   -97.39043 36.28807     226.063     555.770  942.353  291.931   88.276   -0.761   12.732 0.00000e+00
   24    16.41667   -97.38956 36.29162     173.674     501.175  948.388  292.486   85.714   -0.826   12.720 0.00000e+00
   25    16.43333   -97.38907 36.29504     124.073     448.688  954.223  293.008   83.404   -0.933   12.710 0.00000e+00
   26    16.45000   -97.38882 36.29840      78.364     400.428  959.463  293.475   81.470   -0.634   12.713 0.00000e+00
   27    16.46667   -97.38884 36.30168      50.852     370.952  962.763  293.786   80.231   -0.262   12.721 0.00000e+00
   28    16.48333   -97.38919 36.30495      40.079     358.083  964.226  293.977   79.604    0.034   12.752 0.00000e+00
   29    16.50000   -97.38990 36.30807      44.172     359.910  964.058  294.031   79.542    0.180   12.788 0.00000e+00
   30    16.51667   -97.39069 36.31094      48.520     362.504  963.807  294.088   79.513    0.052   12.831 0.00000e+00
   31    16.53333   -97.39149 36.31364      47.814     360.826  963.907  294.126   79.435   -0.038   12.848 0.00000e+00
   32    16.55000   -97.39221 36.31620      46.598     360.729  963.951  294.153   79.374   -0.007   12.859 0.00000e+00
   33    16.56667   -97.39265 36.31851      53.183     368.526  963.087  294.131   79.484    0.171   12.871 0.00000e+00
   34    16.58333   -97.39278 36.32079      70.731     387.168  961.077  293.947   79.986    0.352   12.832 0.00000e+00
   35    16.60000   -97.39271 36.32326      96.155     412.673  958.295  293.680   80.791    0.495   12.785 0.00000e+00
   36    16.61667   -97.39254 36.32598     123.519     439.503  955.277  293.394   81.782    0.515   12.753 0.00000e+00
   37    16.63333   -97.39239 36.32880     143.562     459.114  953.112  293.200   82.531    0.367   12.744 0.00000e+00
   38    16.65000   -97.39224 36.33163     156.686     470.529  951.870  293.089   83.009    0.220   12.746 0.00000e+00
   39    16.66667   -97.39211 36.33444     170.108     481.324  950.638  292.985   83.440    0.234   12.746 0.00000e+00
   40    16.68333   -97.39189 36.33722     187.056     495.680  949.064  292.845   84.034    0.341   12.746 0.00000e+00
   41    16.70000   -97.39155 36.33994     203.705     511.953  947.163  292.676   84.665    0.297   12.732 0.00000e+00
   42    16.71667   -97.39104 36.34266     217.083     526.417  945.526  292.541   85.155    0.193   12.720 0.00000e+00
   43    16.73333   -97.39042 36.34533     220.296     530.695  945.087  292.527   85.209   -0.048   12.722 0.00000e+00
   44    16.75000   -97.38971 36.34801     214.745     527.150  945.400  292.598   84.921   -0.191   12.731 0.00000e+00
   45    16.76667   -97.38905 36.35073     194.572     509.919  947.257  292.783   84.158   -0.432   12.740 0.00000e+00
   46    16.78333   -97.38847 36.35346     170.018     488.325  949.647  293.026   83.141   -0.460   12.746 0.00000e+00
   47    16.80000   -97.38808 36.35626     140.245     460.801  952.758  293.313   81.931   -0.488   12.746 0.00000e+00
   48    16.81667   -97.38806 36.35906     119.548     441.368  954.869  293.487   81.156   -0.170   12.735 0.00000e+00
   49    16.83333   -97.38827 36.36181     124.762     447.823  954.148  293.417   81.327    0.385   12.716 0.00000e+00
   50    16.85000   -97.38840 36.36442     152.637     476.697  951.014  293.176   82.346    0.508   12.725 0.00000e+00
   51    16.86667   -97.38832 36.36689     179.150     503.951  948.031  292.922   83.376    0.418   12.721 0.00000e+00
   52    16.88333   -97.38794 36.36931     201.696     527.197  945.479  292.707   84.250    0.295   12.717 0.00000e+00
   53    16.90000   -97.38737 36.37168     206.952     532.748  944.958  292.670   84.329   -0.112   12.706 0.00000e+00
   54    16.91667   -97.38678 36.37403     198.051     521.641  946.163  292.783   83.691   -0.339   12.684 0.00000e+00
   55    16.93333   -97.38629 36.37636     178.112     499.308  948.584  293.007   82.537   -0.436   12.653 0.00000e+00
   56    16.95000   -97.38593 36.37867     151.582     470.448  951.721  293.284   81.318   -0.498   12.642 0.00000e+00
   57    16.96667   -97.38554 36.38095     119.750     436.959  955.343  293.627   79.902   -0.592   12.642 0.00000e+00
   58    16.98333   -97.38509 36.38311      89.772     406.254  958.719  293.935   78.724   -0.534   12.652 0.00000e+00
   59    17.00000   -97.38456 36.38514      65.354     381.222  961.504  294.191   77.712   -0.409   12.652 0.00000e+00
   60    17.01667   -97.38390 36.38707      49.318     364.700  963.328  294.425   76.963   -0.195   12.689 0.00000e+00
   61    17.03333   -97.38314 36.38887      39.170     354.216  964.501  294.616   76.399   -0.117   12.730 0.00000e+00
   62    17.05000   -97.38227 36.39057      34.678     349.535  965.008  294.730   76.099   -0.108   12.763 0.00000e+00
   63    17.06667   -97.38138 36.39220      36.493     351.209  964.825  294.947   75.708    0.133   12.872 0.00000e+00
   64    17.08333   -97.38073 36.39380      49.818     364.225  963.367  294.941   75.835    0.329   12.908 0.00000e+00
   65    17.10000   -97.38031 36.39561      73.465     387.315  960.810  294.783   76.437    0.543   12.919 0.00000e+00
   66    17.11667   -97.37997 36.39760     104.417     417.529  957.496  294.482   77.526    0.596   12.906 0.00000e+00
   67    17.13333   -97.37965 36.39978     134.906     447.093  954.253  294.198   78.579    0.443   12.897 0.00000e+00
   68    17.15000   -97.37928 36.40213     157.030     468.133  951.942  293.973   79.338    0.170   12.872 0.00000e+00
   69    17.16667   -97.37888 36.40463     159.527     469.451  951.730  293.939   79.399   -0.215   12.857 0.00000e+00
   70    17.18333   -97.37815 36.40717     143.544     452.885  953.526  294.043   78.749   -0.400   12.811 0.00000e+00
   71    17.20000   -97.37699 36.40951     130.885     440.365  954.871  294.121   78.233   -0.127   12.770 0.00000e+00
   72    17.21667   -97.37563 36.41159     136.729     447.066  954.099  294.034   78.476    0.310   12.751 0.00000e+00
   73    17.23333   -97.37440 36.41356     163.835     475.012  951.061  293.815   79.326    0.841   12.756 0.00000e+00
   74    17.25000   -97.37348 36.41551     212.598     523.837  945.732  293.372   80.929    1.095   12.731 0.00000e+00
   75    17.26667   -97.37284 36.41769     267.297     578.064  939.832  292.873   82.931    1.031   12.726 0.00000e+00
   76    17.28333   -97.37237 36.42008     312.344     622.321  935.011  292.480   84.412    0.827   12.703 0.00000e+00
   77    17.30000   -97.37183 36.42259     340.632     649.936  932.035  292.219   85.172    0.369   12.649 0.00000e+00
   78    17.31667   -97.37113 36.42506     351.895     660.893  930.887  292.137   85.025   -0.088   12.578 0.00000e+00
   79    17.33333   -97.37038 36.42747     351.329     659.945  930.955  292.142   84.673   -0.143   12.529 0.00000e+00
   80    17.35000   -97.36963 36.42984     347.920     655.985  931.471  292.179   84.007   -0.106   12.453 0.00000e+00
   81    17.36667   -97.36886 36.43217     347.569     654.099  931.680  292.212   83.698    0.057   12.430 0.00000e+00
   82    17.38333   -97.36807 36.43448     350.116     654.961  931.598  292.219   83.745    0.210   12.443 0.00000e+00
   83    17.40000   -97.36725 36.43683     354.220     657.393  931.347  292.243   83.296    0.054   12.399 0.00000e+00
   84    17.41667   -97.36646 36.43926     350.732     652.484  931.808  292.316   82.784   -0.107   12.373 0.00000e+00
   85    17.43333   -97.36574 36.44164     339.121     639.842  933.222  292.489   81.551   -0.296   12.303 0.00000e+00
   86    17.45000   -97.36513 36.44386     328.698     628.191  934.515  292.615   81.262   -0.084   12.339 0.00000e+00
   87    17.46667   -97.36472 36.44580     344.272     642.495  932.947  292.570   82.042    0.335   12.444 0.00000e+00
   88    17.48333   -97.36436 36.44766     379.644     677.314  929.100  292.258   83.230    0.412   12.431 0.00000e+00
   89    17.50000   -97.36425 36.44967     404.279     702.074  926.489  292.033   84.561    0.190   12.487 0.00000e+00
   90    17.51667   -97.36442 36.45193     404.626     702.562  926.433  292.022   84.710   -0.236   12.501 0.00000e+00
   91    17.53333   -97.36436 36.45442     386.725     684.803  928.302  292.204   83.830   -0.365   12.488 0.00000e+00
   92    17.55000   -97.36395 36.45684     370.498     669.618  929.904  292.346   83.291   -0.172   12.498 0.00000e+00
   93    17.56667   -97.36335 36.45912     366.828     667.408  930.129  292.349   83.299    0.125   12.499 0.00000e+00
   94    17.58333   -97.36267 36.46138     375.375     677.596  929.015  292.230   83.609    0.600   12.467 0.00000e+00
   95    17.60000   -97.36190 36.46361     399.025     702.182  926.595  291.992   84.708    0.784   12.475 0.00000e+00
   96    17.61667   -97.36105 36.46590     433.207     733.376  923.276  291.675   86.063    0.745   12.468 0.00000e+00
   97    17.63333   -97.36002 36.46830     464.343     761.014  920.287  291.401   87.457    0.480   12.493 0.00000e+00
   98    17.65000   -97.35890 36.47082     478.566     771.938  919.055  291.288   88.072    0.167   12.508 0.00000e+00
   99    17.66667   -97.35767 36.47343     475.674     767.207  919.552  291.354   87.652    0.059   12.494 0.00000e+00
  100    17.68333   -97.35645 36.47601     469.777     759.899  920.323  291.414   87.486   -0.088   12.507 0.00000e+00
  101    17.70000   -97.35538 36.47863     454.254     742.664  922.188  291.580   87.083   -0.414   12.556 0.00000e+00
  102    17.71667   -97.35448 36.48130     412.760     700.827  926.556  291.989   85.444   -0.922   12.581 0.00000e+00
  103    17.73333   -97.35339 36.48389     342.990     632.371  933.953  292.677   82.449   -1.164   12.577 0.00000e+00
  104    17.75000   -97.35164 36.48608     287.199     577.397  939.867  293.217   80.240   -0.616   12.580 0.00000e+00
  105    17.76667   -97.34946 36.48770     285.099     575.468  940.126  293.254   80.017    0.361   12.570 0.00000e+00
  106    17.78333   -97.34758 36.48922     315.536     605.769  936.879  292.973   80.909    0.682   12.533 0.00000e+00
  107    17.80000   -97.34618 36.49068     359.898     649.823  932.138  292.588   82.661    0.917   12.563 0.00000e+00
  108    17.81667   -97.34524 36.49213     436.824     726.574  923.837  291.909   85.967    1.582   12.632 0.00000e+00
  109    17.83333   -97.34474 36.49368     547.695     837.443  911.942  290.871   90.867    1.947   12.667 0.00000e+00
  110    17.85000   -97.34445 36.49550     666.463     956.337  899.361  289.727   96.489    1.745   12.679 0.00000e+00
  111    17.86667   -97.34401 36.49773     755.074    1045.176  890.038  288.954  100.000    1.131   12.650 4.14789e-02
  112    17.88333   -97.34309 36.50031     814.093    1104.621  883.826  288.693  100.000    0.731   12.531 1.51646e-01
  113    17.90000   -97.34164 36.50310     842.898    1134.408  880.701  288.472  100.000    0.111   12.398 1.22115e-01
  114    17.91667   -97.33966 36.50593     847.933    1141.111  880.005  288.383  100.000   -0.213   12.337 7.07429e-02
  115    17.93333   -97.33727 36.50866     845.061    1140.420  880.079  288.385   99.085   -0.304   12.206 3.69055e-02
  116    17.95000   -97.33463 36.51125     847.217    1144.025  879.770  288.345   98.584   -0.105   12.117 1.79818e-02
  117    17.96667   -97.33191 36.51372     861.428    1158.954  878.240  288.186   99.069    0.256   12.073 1.17942e-03
  118    17.98333   -97.32922 36.51606     887.145    1185.343  875.522  288.064   99.106    0.464   12.019 4.27944e-02
  119    18.00000   -97.32673 36.51831     918.269    1217.564  872.247  287.878   99.686    0.447   11.990 8.58313e-02
  120    18.01667   -97.32440 36.52077     933.716    1233.258  870.663  287.692   99.734   -0.064   11.873 4.33424e-02
  121    18.03333   -97.32181 36.52344     939.089    1238.614  870.085  287.676   99.160    0.180   11.800 3.49831e-02
  122    18.05000   -97.31905 36.52583     970.473    1270.843  866.710  287.491   99.534    0.864   11.749 7.56503e-02
  123    18.06667   -97.31623 36.52812    1039.395    1341.853  859.456  287.150  100.000    1.692   11.651 2.06831e-01
  124    18.08333   -97.31339 36.53043    1147.578    1451.216  848.443  286.607  100.000    2.461   11.394 3.83785e-01
  125    18.10000   -97.31072 36.53279    1274.411    1579.749  835.505  285.891  100.000    2.466   11.047 5.44325e-01
  126    18.11667   -97.30831 36.53527    1404.497    1712.344  822.433  285.225  100.000    2.470   10.741 7.29098e-01
  127    18.13333   -97.30612 36.53786    1513.717    1822.979  811.665  284.683  100.000    2.124   10.501 9.00948e-01
  128    18.15000   -97.30387 36.54062    1580.018    1892.351  804.928  284.274  100.000    1.130   10.304 8.85977e-01
  129    18.16667   -97.30156 36.54366    1621.062    1937.131  800.699  283.889  100.000    0.499   10.096 7.25658e-01
  130    18.18333   -97.29920 36.54690    1637.446    1956.109  798.893  283.502   99.973   -0.090    9.838 4.33992e-01
  131    18.20000   -97.29668 36.55031    1626.793    1948.258  799.652  283.383  100.000   -0.608    9.758 2.68349e-01
  132    18.21667   -97.29398 36.55379    1592.838    1916.523  802.779  283.478   99.726   -0.972    9.750 1.85741e-01
  133    18.23333   -97.29109 36.55720    1545.367    1867.480  807.554  283.767   99.114   -1.005    9.821 7.31634e-02
  134    18.25000   -97.28810 36.56055    1500.652    1821.031  812.015  284.224   94.811   -0.788    9.633 0.00000e+00
  135    18.26667   -97.28511 36.56388    1485.228    1805.302  813.494  284.630   88.608   -0.192    9.233 0.00000e+00
  136    18.28333   -97.28214 36.56728    1507.200    1827.637  811.370  284.631   85.238    0.630    8.906 0.00000e+00
  137    18.30000   -97.27907 36.57095    1559.841    1879.451  806.456  284.235   85.641    1.089    8.768 0.00000e+00
  138    18.31667   -97.27579 36.57494    1622.628    1937.518  800.945  283.728   87.109    0.904    8.681 0.00000e+00
  139    18.33333   -97.27248 36.57905    1663.039    1972.813  797.510  283.423   87.519    0.230    8.582 0.00000e+00
  140    18.35000   -97.26922 36.58318    1663.331    1967.809  797.985  283.529   85.907   -0.419    8.478 0.00000e+00
  141    18.36667   -97.26606 36.58729    1633.186    1933.518  801.268  283.895   83.216   -0.684    8.383 0.00000e+00
  142    18.38333   -97.26292 36.59141    1601.911    1898.548  804.610  284.194   82.466   -0.373    8.439 0.00000e+00
  143    18.40000   -97.25966 36.59558    1593.838    1888.389  805.547  284.380   80.836    0.321    8.366 0.00000e+00
  144    18.41667   -97.25612 36.59984    1612.834    1905.775  803.864  284.247   80.196    0.674    8.244 0.00000e+00
  145    18.43333   -97.25237 36.60411    1644.570    1937.396  800.823  283.871   82.716    0.609    8.323 0.00000e+00
  146    18.45000   -97.24853 36.60831    1676.349    1968.424  797.866  283.478   85.666    0.348    8.428 0.00000e+00
  147    18.46667   -97.24464 36.61246    1699.742    1990.886  795.717  283.308   85.751    0.120    8.362 0.00000e+00
  148    18.48333   -97.24083 36.61666    1710.113    2001.999  794.625  283.540   80.998    0.272    8.034 0.00000e+00
  149    18.50000   -97.23709 36.62100    1712.940    2005.025  794.357  283.720   76.394    0.281    7.672 0.00000e+00
  150    18.51667   -97.23334 36.62551    1722.951    2015.659  793.319  283.327   82.038    0.432    8.035 0.00000e+00
  151    18.53333   -97.22948 36.63004    1742.418    2036.061  791.386  282.928   87.748    0.261    8.387 0.00000e+00
  152    18.55000   -97.22547 36.63447    1751.612    2046.486  790.377  282.893   88.347   -0.200    8.435 0.00000e+00
  153    18.56667   -97.22142 36.63874    1740.243    2035.765  791.429  283.124   86.385   -0.516    8.366 0.00000e+00
  154    18.58333   -97.21730 36.64288    1715.403    2011.178  793.750  283.498   83.288   -0.464    8.247 0.00000e+00
  155    18.60000   -97.21324 36.64699    1694.610    1991.745  795.546  283.739   81.616   -0.203    8.195 0.00000e+00
  156    18.61667   -97.20937 36.65110    1690.307    1988.956  795.935  283.648   83.917    0.220    8.370 0.00000e+00
  157    18.63333   -97.20580 36.65527    1701.845    2000.854  794.825  283.288   88.745    0.482    8.652 0.00000e+00
  158    18.65000   -97.20242 36.65947    1717.803    2016.877  793.288  282.865   93.666    0.306    8.893 1.12751e-03
  159    18.66667   -97.19921 36.66360    1727.090    2026.578  792.343  282.701   95.589    0.077    8.986 4.63351e-03
  160    18.68333   -97.19597 36.66763    1725.594    2025.942  792.392  282.789   93.694   -0.120    8.860 0.00000e+00
  161    18.70000   -97.19273 36.67159    1716.393    2017.614  793.165  282.877   93.290   -0.121    8.866 4.12971e-04
  162    18.71667   -97.18946 36.67552    1709.357    2011.437  793.789  282.906   93.890   -0.053    8.933 0.00000e+00
  163    18.73333   -97.18620 36.67945    1706.397    2009.300  794.005  282.890   94.953   -0.095    9.022 8.49206e-03
  164    18.75000   -97.18298 36.68338    1701.025    2004.426  794.500  282.882   95.779   -0.205    9.090 4.79229e-03
  165    18.76667   -97.17981 36.68728    1689.697    1993.563  795.510  282.946   96.076   -0.255    9.146 0.00000e+00
  166    18.78333   -97.17658 36.69116    1671.559    1976.231  797.169  283.121   95.361   -0.328    9.166 0.00000e+00
  167    18.80000   -97.17322 36.69502    1647.227    1952.828  799.427  283.489   91.434   -0.535    8.983 0.00000e+00
  168    18.81667   -97.16979 36.69883    1625.295    1931.287  801.530  283.860   87.260   -0.428    8.766 0.00000e+00
  169    18.83333   -97.16640 36.70255    1620.121    1926.005  802.036  283.941   86.265    0.127    8.708 0.00000e+00
  170    18.85000   -97.16305 36.70626    1639.971    1946.114  800.080  283.672   88.256    0.692    8.771 0.00000e+00
  171    18.86667   -97.15965 36.71010    1677.691    1984.609  796.428  283.241   91.078    0.783    8.834 0.00000e+00
  172    18.88333   -97.15621 36.71415    1712.448    2020.993  792.904  282.879   92.970    0.423    8.840 0.00000e+00
  173    18.90000   -97.15264 36.71831    1725.753    2036.519  791.440  282.741   93.601   -0.046    8.834 0.00000e+00
  174    18.91667   -97.14899 36.72245    1717.255    2029.398  792.160  282.846   92.790   -0.330    8.811 0.00000e+00
  175    18.93333   -97.14540 36.72651    1698.463    2010.147  794.065  283.067   91.400   -0.351    8.788 0.00000e+00
  176    18.95000   -97.14185 36.73055    1677.223    1986.002  796.384  283.305   90.243   -0.282    8.791 0.00000e+00
  177    18.96667   -97.13840 36.73456    1653.143    1960.260  798.841  283.555   88.955   -0.333    8.786 0.00000e+00
  178    18.98333   -97.13510 36.73856    1626.066    1933.017  801.415  283.827   87.468   -0.483    8.769 0.00000e+00
