    0    16.01667   -97.56560 36.21098      37.306     365.607  962.986  293.794   81.809    0.217   12.974 0.00000e+00
    1    16.03333   -97.56511 36.21357      59.281     389.698  960.320  293.711   82.257    0.542   13.014 0.00000e+00
    2    16.05000   -97.56503 36.21619      94.903     426.041  956.236  293.353   83.652    0.541   12.998 0.00000e+00
    3    16.06667   -97.56541 36.21887     107.831     438.942  954.804  293.207   84.025   -0.063   12.958 0.00000e+00
    4    16.08333   -97.56564 36.22180      89.627     420.766  956.855  293.392   82.889   -0.338   12.903 0.00000e+00
    5    16.10000   -97.56547 36.22492      70.658     401.600  959.033  293.584   81.829   -0.230   12.862 0.00000e+00
    6    16.11667   -97.56506 36.22812      57.532     388.347  960.546  293.713   81.225   -0.182   12.850 0.00000e+00
    7    16.13333   -97.56449 36.23130      44.250     375.682  961.910  293.843   80.686   -0.176   12.849 0.00000e+00
    8    16.15000   -97.56371 36.23444      32.787     365.923  963.067  293.973   80.222   -0.139   12.864 0.00000e+00
    9    16.16667   -97.56276 36.23742      25.957     360.354  963.686  294.138   79.843   -0.052   12.927 0.00000e+00
   10    16.18333   -97.56168 36.24024      23.410     360.067  963.654  294.259   79.634   -0.019   12.990 0.00000e+00
   11    16.20000   -97.56050 36.24297      24.032     363.556  963.337  294.315   79.675    0.046   13.046 0.00000e+00
   12    16.21667   -97.55927 36.24566      29.792     371.350  962.575  294.306   79.883    0.177   13.084 0.00000e+00
   13    16.23333   -97.55809 36.24830      43.588     385.960  960.938  294.164   80.452    0.389   13.084 0.00000e+00
   14    16.25000   -97.55707 36.25098      67.084     410.103  958.246  293.709   81.817    0.391   12.971 0.00000e+00
   15    16.26667   -97.55620 36.25378      91.659     435.562  955.444  293.342   83.052    0.186   12.907 0.00000e+00
   16    16.28333   -97.55531 36.25672     102.306     446.799  954.188  293.195   83.581    0.299   12.888 0.00000e+00
   17    16.30000   -97.55441 36.25952     126.897     472.047  951.379  293.055   84.389    0.715   12.937 0.00000e+00
   18    16.31667   -97.55350 36.26228     154.855     501.130  948.158  292.766   85.630    0.775   12.936 0.00000e+00
   19    16.33333   -97.55252 36.26511     185.127     532.644  944.698  292.428   87.105    0.791   12.930 0.00000e+00
   20    16.35000   -97.55134 36.26812     222.686     571.566  940.385  292.011   89.055    1.076   12.937 0.00000e+00
   21    16.36667   -97.54967 36.27125     272.828     623.624  934.710  291.436   91.706    1.282   12.925 0.00000e+00
   22    16.38333   -97.54746 36.27436     327.337     680.071  928.614  290.849   94.500    1.196   12.917 0.00000e+00
   23    16.40000   -97.54480 36.27743     377.404     731.943  923.031  290.412   96.677    0.989   12.930 0.00000e+00
   24    16.41667   -97.54173 36.28057     418.852     773.940  918.587  290.072   98.121    0.760   12.904 6.86146e-05
   25    16.43333   -97.53834 36.28368     442.189     796.193  916.148  289.833   99.397    0.229   12.908 4.77222e-04
   26    16.45000   -97.53486 36.28691     419.437     773.098  918.553  290.078   97.331   -0.925   12.805 2.49714e-09
   27    16.46667   -97.53201 36.29047     352.277     706.372  925.816  290.751   93.467   -1.196   12.735 0.00000e+00
   28    16.48333   -97.53001 36.29413     273.201     626.977  934.448  291.539   89.582   -1.383   12.712 0.00000e+00
   29    16.50000   -97.52845 36.29768     196.122     549.539  942.868  292.274   86.318   -1.372   12.715 0.00000e+00
   30    16.51667   -97.52706 36.30102     127.562     480.807  950.469  292.944   83.456   -0.967   12.718 0.00000e+00
   31    16.53333   -97.52580 36.30402      87.207     440.031  954.974  293.344   81.705   -0.415   12.706 0.00000e+00
   32    16.55000   -97.52464 36.30667      67.945     419.460  957.224  293.577   80.682   -0.084   12.700 0.00000e+00
   33    16.56667   -97.52360 36.30895      60.036     410.338  958.213  293.691   80.134    0.005   12.691 0.00000e+00
   34    16.58333   -97.52279 36.31101      62.345     411.824  958.009  293.704   80.018    0.087   12.685 0.00000e+00
   35    16.60000   -97.52220 36.31302      70.682     419.409  957.197  293.640   80.322    0.389   12.693 0.00000e+00
   36    16.61667   -97.52172 36.31494      88.358     435.427  955.484  293.525   80.765    0.503   12.695 0.00000e+00
   37    16.63333   -97.52110 36.31690     103.624     448.492  954.111  293.410   81.232    0.340   12.696 0.00000e+00
   38    16.65000   -97.52029 36.31890     112.292     454.554  953.455  293.353   81.609    0.037   12.718 0.00000e+00
   39    16.66667   -97.51933 36.32096     109.551     448.952  953.976  293.407   81.520   -0.249   12.740 0.00000e+00
   40    16.68333   -97.51830 36.32310      95.005     433.526  955.632  293.560   80.971   -0.408   12.754 0.00000e+00
   41    16.70000   -97.51715 36.32529      81.702     420.036  957.165  293.702   80.528   -0.125   12.776 0.00000e+00
   42    16.71667   -97.51595 36.32743      85.683     423.155  956.866  293.663   80.824    0.207   12.796 0.00000e+00
   43    16.73333   -97.51479 36.32940     103.813     439.912  954.992  293.495   81.638    0.328   12.815 0.00000e+00
   44    16.75000   -97.51389 36.33127     126.056     462.551  952.419  293.280   82.660    0.384   12.837 0.00000e+00
   45    16.76667   -97.51321 36.33324     157.238     495.506  948.779  292.996   84.056    0.629   12.874 0.00000e+00
   46    16.78333   -97.51263 36.33522     197.012     537.130  944.188  292.594   85.786    0.722   12.875 0.00000e+00
   47    16.80000   -97.51203 36.33728     243.101     585.216  938.996  292.176   87.731    0.807   12.896 0.00000e+00
   48    16.81667   -97.51147 36.33928     290.375     633.457  933.804  291.719   89.699    0.731   12.883 0.00000e+00
   49    16.83333   -97.51090 36.34121     335.924     678.875  928.850  291.304   91.463    0.971   12.865 0.00000e+00
   50    16.85000   -97.51025 36.34301     394.601     737.486  922.536  290.740   93.982    1.103   12.842 0.00000e+00
   51    16.86667   -97.50948 36.34478     451.207     794.117  916.462  290.192   96.578    1.157   12.829 0.00000e+00
   52    16.88333   -97.50862 36.34657     490.274     833.062  912.350  289.831   98.238    0.434   12.809 7.23499e-05
   53    16.90000   -97.50771 36.34837     500.100     841.500  911.504  289.805   97.905   -0.451   12.757 1.26455e-05
   54    16.91667   -97.50663 36.35015     492.008     831.750  912.570  290.016   95.918   -0.433   12.652 0.00000e+00
   55    16.93333   -97.50547 36.35191     479.751     818.003  913.987  290.170   95.063   -0.193   12.644 0.00000e+00
   56    16.95000   -97.50417 36.35365     476.200     813.131  914.504  290.248   94.362    0.013   12.606 0.00000e+00
   57    16.96667   -97.50291 36.35538     470.049     805.617  915.299  290.281   94.692    0.060   12.666 0.00000e+00
   58    16.98333   -97.50169 36.35732     448.515     782.540  917.818  290.459   94.409   -0.498   12.737 0.00000e+00
   59    17.00000   -97.50045 36.35950     406.354     738.722  922.496  290.932   91.665   -1.269   12.680 0.00000e+00
   60    17.01667   -97.49947 36.36197     341.184     671.984  929.657  291.710   86.866   -1.503   12.525 0.00000e+00
   61    17.03333   -97.49902 36.36459     274.828     603.952  937.015  292.418   83.368   -0.998   12.470 0.00000e+00
   62    17.05000   -97.49905 36.36714     235.779     563.062  941.482  292.767   82.345   -0.278   12.529 0.00000e+00
   63    17.06667   -97.49902 36.36948     236.033     561.631  941.636  292.743   82.761    0.313   12.572 0.00000e+00
   64    17.08333   -97.49873 36.37170     251.120     575.391  940.069  292.573   83.762    0.417   12.610 0.00000e+00
   65    17.10000   -97.49821 36.37394     265.697     591.228  938.352  292.396   84.714    0.214   12.635 0.00000e+00
   66    17.11667   -97.49765 36.37621     273.567     600.508  937.415  292.321   85.000    0.061   12.631 0.00000e+00
   67    17.13333   -97.49718 36.37849     272.985     601.224  937.315  292.297   85.192   -0.106   12.642 0.00000e+00
   68    17.15000   -97.49689 36.38080     264.398     594.031  938.080  292.368   84.927   -0.214   12.649 0.00000e+00
   69    17.16667   -97.49675 36.38313     250.754     582.165  939.335  292.475   84.534   -0.323   12.659 0.00000e+00
   70    17.18333   -97.49688 36.38552     232.363     565.646  941.089  292.647   83.677   -0.416   12.642 0.00000e+00
   71    17.20000   -97.49728 36.38802     209.012     544.109  943.436  292.869   82.753   -0.453   12.646 0.00000e+00
   72    17.21667   -97.49790 36.39065     182.006     518.149  946.253  293.123   81.752   -0.315   12.655 0.00000e+00
   73    17.23333   -97.49870 36.39332     164.741     501.840  948.027  293.306   81.073   -0.170   12.670 0.00000e+00
   74    17.25000   -97.49962 36.39594     153.147     491.219  949.230  293.395   80.671   -0.239   12.661 0.00000e+00
   75    17.26667   -97.50068 36.39839     146.704     485.908  949.768  293.466   80.479   -0.253   12.680 0.00000e+00
   76    17.28333   -97.50191 36.40076     134.170     474.896  950.992  293.755   79.716   -0.334   12.772 0.00000e+00
   77    17.30000   -97.50309 36.40308     110.389     453.033  953.372  294.093   78.597   -0.459   12.828 0.00000e+00
   78    17.31667   -97.50385 36.40529      88.142     432.198  955.823  294.315   77.775   -0.336   12.836 0.00000e+00
   79    17.33333   -97.50410 36.40734      77.926     421.020  957.081  294.425   77.397   -0.106   12.845 0.00000e+00
   80    17.35000   -97.50394 36.40924      80.335     422.275  956.968  294.492   77.312    0.155   12.885 0.00000e+00
   81    17.36667   -97.50359 36.41101      97.196     437.945  955.257  294.471   77.629    0.525   12.945 0.00000e+00
   82    17.38333   -97.50327 36.41272     134.235     473.806  951.305  294.183   78.803    0.934   12.962 0.00000e+00
   83    17.40000   -97.50320 36.41454     191.002     529.289  945.253  293.598   80.918    1.181   12.917 0.00000e+00
   84    17.41667   -97.50341 36.41660     251.297     588.168  938.814  292.955   83.356    1.038   12.871 0.00000e+00
   85    17.43333   -97.50379 36.41893     297.301     632.587  933.984  292.507   85.235    0.868   12.863 0.00000e+00
   86    17.45000   -97.50427 36.42149     331.051     664.557  930.534  292.186   86.681    0.753   12.867 0.00000e+00
   87    17.46667   -97.50470 36.42425     354.430     686.081  928.182  291.950   87.577    0.717   12.842 0.00000e+00
   88    17.48333   -97.50487 36.42705     375.626     705.383  926.088  291.788   87.885    0.575   12.784 0.00000e+00
   89    17.50000   -97.50483 36.42979     391.395     719.277  924.553  291.650   88.395    0.239   12.768 0.00000e+00
   90    17.51667   -97.50461 36.43241     402.960     730.762  923.323  291.535   88.615    0.131   12.724 0.00000e+00
   91    17.53333   -97.50423 36.43480     402.813     730.588  923.332  291.550   88.390   -0.294   12.704 0.00000e+00
   92    17.55000   -97.50355 36.43702     388.818     716.265  924.883  291.722   87.590   -0.650   12.705 0.00000e+00
   93    17.56667   -97.50256 36.43924     361.148     688.067  927.890  292.070   86.060   -0.818   12.718 0.00000e+00
   94    17.58333   -97.50136 36.44174     329.604     656.223  931.315  292.397   84.424   -0.667   12.689 0.00000e+00
   95    17.60000   -97.50044 36.44461     319.372     645.906  932.405  292.522   83.851    0.227   12.687 0.00000e+00
   96    17.61667   -97.49992 36.44747     348.473     674.767  929.385  292.269   85.002    0.810   12.700 0.00000e+00
   97    17.63333   -97.49960 36.45013     405.494     730.811  923.325  291.711   87.610    1.017   12.721 0.00000e+00
   98    17.65000   -97.49928 36.45274     470.158     794.526  916.471  291.069   90.558    1.062   12.720 0.00000e+00
   99    17.66667   -97.49872 36.45541     532.757     855.946  909.990  290.486   93.586    0.989   12.758 0.00000e+00
  100    17.68333   -97.49781 36.45825     584.482     905.364  904.796  290.033   95.753    0.559   12.754 0.00000e+00
  101    17.70000   -97.49653 36.46130     602.173     920.098  903.244  289.971   95.203   -0.191   12.653 0.00000e+00
  102    17.71667   -97.49489 36.46439     573.770     889.075  906.460  290.315   92.866   -0.969   12.571 0.00000e+00
  103    17.73333   -97.49312 36.46744     505.731     820.214  913.781  291.044   88.667   -1.283   12.471 0.00000e+00
  104    17.75000   -97.49136 36.47046     425.103     738.660  922.512  291.879   84.317   -1.125   12.384 0.00000e+00
  105    17.76667   -97.48983 36.47345     345.697     657.997  931.213  292.667   80.703   -1.210   12.339 0.00000e+00
  106    17.78333   -97.48865 36.47652     267.753     578.609  939.804  293.467   77.508   -1.374   12.344 0.00000e+00
  107    17.80000   -97.48769 36.47977     192.022     501.412  948.254  294.228   74.650   -1.208   12.353 0.00000e+00
  108    17.81667   -97.48676 36.48310     132.268     441.035  954.786  294.812   72.479   -0.734   12.350 0.00000e+00
  109    17.83333   -97.48595 36.48656      90.347     398.898  959.417  295.267   70.861   -0.501   12.358 0.00000e+00
  110    17.85000   -97.48551 36.48999      69.449     377.588  961.768  295.526   69.870   -0.136   12.350 0.00000e+00
  111    17.86667   -97.48546 36.49335      68.805     376.303  961.869  295.674   69.568    0.191   12.408 0.00000e+00
  112    17.88333   -97.48580 36.49644     101.441     408.381  958.313  295.505   70.485    0.784   12.488 0.00000e+00
  113    17.90000   -97.48679 36.49885     144.279     449.842  953.784  295.124   71.923    0.169   12.507 0.00000e+00
  114    17.91667   -97.48775 36.50039     159.874     464.478  952.182  294.972   72.516    0.196   12.513 0.00000e+00
  115    17.93333   -97.48814 36.50160     177.655     481.429  950.362  294.781   73.052    0.363   12.483 0.00000e+00
  116    17.95000   -97.48817 36.50291     196.113     498.915  948.460  294.596   73.661    0.301   12.468 0.00000e+00
  117    17.96667   -97.48816 36.50442     212.019     513.693  946.817  294.451   74.175    0.229   12.465 0.00000e+00
  118    17.98333   -97.48828 36.50613     225.826     526.990  945.257  294.315   74.696    0.317   12.467 0.00000e+00
  119    18.00000   -97.48859 36.50795     243.889     545.066  943.335  294.147   75.346    0.638   12.471 0.00000e+00
  120    18.01667   -97.48896 36.50994     265.301     566.432  941.009  293.956   76.148    0.729   12.486 0.00000e+00
  121    18.03333   -97.48940 36.51212     291.518     592.560  938.143  293.698   77.014    0.717   12.466 0.00000e+00
  122    18.05000   -97.48987 36.51431     327.216     628.647  934.168  293.346   78.435    0.801   12.473 0.00000e+00
  123    18.06667   -97.49017 36.51644     364.460     666.933  930.058  292.985   79.774    0.613   12.458 0.00000e+00
  124    18.08333   -97.49034 36.51843     394.435     697.864  926.735  292.701   80.836    0.533   12.446 0.00000e+00
  125    18.10000   -97.49039 36.52028     424.030     728.354  923.450  292.461   81.808    0.730   12.452 0.00000e+00
  126    18.11667   -97.49032 36.52208     465.488     770.541  918.985  292.129   83.378    1.034   12.490 0.00000e+00
  127    18.13333   -97.49005 36.52395     528.322     833.712  912.218  291.588   85.959    1.311   12.536 0.00000e+00
  128    18.15000   -97.48941 36.52597     607.782     913.485  903.834  290.849   89.182    1.695   12.527 0.00000e+00
  129    18.16667   -97.48821 36.52824     704.471    1010.438  893.632  289.897   93.538    2.086   12.506 0.00000e+00
  130    18.18333   -97.48663 36.53086     813.551    1119.971  882.183  288.796   98.746    2.223   12.462 0.00000e+00
  131    18.20000   -97.48476 36.53391     923.120    1230.965  870.732  288.130  100.000    2.055   12.265 1.75360e-01
  132    18.21667   -97.48272 36.53745    1011.389    1321.284  861.516  287.787  100.000    1.430   12.126 3.80481e-01
  133    18.23333   -97.48064 36.54114    1060.551    1372.788  856.277  287.298  100.000    0.368   11.820 2.71119e-01
  134    18.25000   -97.47842 36.54440    1054.766    1369.321  856.589  287.152   99.047   -0.868   11.571 1.31017e-01
  135    18.26667   -97.47621 36.54716    1008.583    1326.044  861.000  287.424   96.216   -1.381   11.384 2.38537e-02
  136    18.28333   -97.47422 36.54958     948.041    1267.689  866.962  287.981   92.625   -1.195   11.284 0.00000e+00
  137    18.30000   -97.47255 36.55175     906.404    1227.373  871.145  288.372   90.597   -0.616   11.266 0.00000e+00
  138    18.31667   -97.47108 36.55391     888.555    1210.325  872.952  288.480   91.235   -0.029   11.401 0.00000e+00
  139    18.33333   -97.46982 36.55616     888.286    1210.019  873.052  288.393   93.124    0.204   11.571 0.00000e+00
  140    18.35000   -97.46877 36.55857     892.394    1213.345  872.726  288.329   93.826    0.212   11.614 0.00000e+00
  141    18.36667   -97.46790 36.56110     889.679    1209.803  873.125  288.370   93.251   -0.062   11.568 0.00000e+00
  142    18.38333   -97.46707 36.56375     881.575    1200.745  874.051  288.472   92.165   -0.240   11.496 0.00000e+00
  143    18.40000   -97.46618 36.56653     863.144    1180.264  876.127  288.665   91.240   -0.467   11.497 0.00000e+00
  144    18.41667   -97.46526 36.56937     823.726    1138.913  880.390  289.069   89.478   -0.859   11.516 0.00000e+00
  145    18.43333   -97.46420 36.57216     759.123    1072.638  887.240  289.725   86.343   -1.213   11.501 0.00000e+00
  146    18.45000   -97.46302 36.57487     679.651     991.834  895.648  290.522   82.667   -1.388   11.477 0.00000e+00
  147    18.46667   -97.46176 36.57746     602.774     913.783  903.840  291.294   79.215   -1.189   11.446 0.00000e+00
  148    18.48333   -97.46050 36.57996     543.249     853.195  910.239  291.885   76.724   -0.770   11.427 0.00000e+00
  149    18.50000   -97.45922 36.58242     506.357     815.317  914.268  292.239   75.490   -0.381   11.446 0.00000e+00
  150    18.51667   -97.45786 36.58491     481.200     789.275  917.018  292.455   75.054   -0.266   11.500 0.00000e+00
  151    18.53333   -97.45657 36.58746     461.314     768.582  919.228  292.639   74.546   -0.119   11.528 0.00000e+00
  152    18.55000   -97.45544 36.59006     452.202     759.071  920.205  292.720   74.407    0.099   11.552 0.00000e+00
  153    18.56667   -97.45442 36.59270     442.736     749.547  921.240  292.816   74.131   -0.086   11.566 0.00000e+00
  154    18.58333   -97.45338 36.59523     419.159     726.124  923.648  293.043   73.256   -0.467   11.563 0.00000e+00
  155    18.60000   -97.45219 36.59740     382.247     689.874  927.545  293.374   72.473   -0.805   11.628 0.00000e+00
  156    18.61667   -97.45108 36.59909     344.605     653.176  931.500  293.740   71.125   -0.619   11.626 0.00000e+00
  157    18.63333   -97.45017 36.60055     328.348     637.642  933.157  293.909   70.564   -0.017   11.635 0.00000e+00
  158    18.65000   -97.44953 36.60207     336.558     646.379  932.218  293.813   71.210    0.344   11.684 0.00000e+00
  159    18.66667   -97.44917 36.60367     356.910     667.105  930.018  293.627   72.049    0.549   11.713 0.00000e+00
  160    18.68333   -97.44901 36.60534     387.216     697.508  926.778  293.344   73.240    0.585   11.739 0.00000e+00
  161    18.70000   -97.44896 36.60705     413.672     723.396  924.036  293.125   74.300    0.363   11.782 0.00000e+00
  162    18.71667   -97.44898 36.60867     424.182     733.308  922.942  293.066   74.634    0.029   11.806 0.00000e+00
  163    18.73333   -97.44910 36.61018     419.852     728.396  923.449  293.125   73.993   -0.079   11.741 0.00000e+00
  164    18.75000   -97.44930 36.61157     412.227     720.193  924.318  293.211   73.293   -0.089   11.682 0.00000e+00
  165    18.76667   -97.44962 36.61295     404.986     712.353  925.169  293.285   72.900   -0.035   11.662 0.00000e+00
  166    18.78333   -97.45003 36.61441     395.938     702.777  926.207  293.379   72.531   -0.031   11.658 0.00000e+00
  167    18.80000   -97.45052 36.61600     381.991     688.374  927.765  293.523   72.147   -0.208   11.681 0.00000e+00
  168    18.81667   -97.45113 36.61772     364.677     670.591  929.661  293.697   71.565   -0.324   11.689 0.00000e+00
  169    18.83333   -97.45191 36.61951     351.508     656.965  931.132  293.837   71.177   -0.190   11.710 0.00000e+00
  170    18.85000   -97.45289 36.62128     344.295     649.328  931.941  293.915   70.932   -0.050   11.716 0.00000e+00
  171    18.86667   -97.45404 36.62309     335.672     640.269  932.913  294.002   70.697   -0.123   11.728 0.00000e+00
  172    18.88333   -97.45533 36.62482     325.242     629.409  934.063  294.108   70.362   -0.216   11.735 0.00000e+00
  173    18.90000   -97.45663 36.62656     320.889     624.683  934.571  294.172   70.227   -0.005   11.752 0.00000e+00
  174    18.91667   -97.45800 36.62852     339.840     643.307  932.553  294.023   70.780    0.479   11.762 0.00000e+00
  175    18.93333   -97.45937 36.63066     382.391     685.621  928.009  293.655   72.230    0.696   11.788 0.00000e+00
  176    18.95000   -97.46058 36.63290     427.661     730.749  923.180  293.245   73.885    0.705   11.816 0.00000e+00
  177    18.96667   -97.46159 36.63528     471.014     774.028  918.610  292.864   75.447    0.856   11.840 0.00000e+00
  178    18.98333   -97.46195 36.63766     526.322     829.326  912.735  292.376   77.270    1.067   11.837 0.00000e+00
