    0    16.01667   -97.41554 36.21188       4.560     370.751  962.773  293.815   81.799    0.006   12.993 0.00000e+00
    1    16.03333   -97.41496 36.21384       5.025     369.477  962.835  293.899   81.649    0.033   13.035 0.00000e+00
    2    16.05000   -97.41456 36.21568       8.499     373.334  962.437  293.903   81.922    0.076   13.088 0.00000e+00
    3    16.06667   -97.41443 36.21753      14.838     380.337  961.721  293.865   82.234    0.151   13.116 0.00000e+00
    4    16.08333   -97.41445 36.21955      25.487     391.787  960.470  293.736   82.648    0.256   13.094 0.00000e+00
    5    16.10000   -97.41438 36.22183      43.099     410.174  958.455  293.503   83.403    0.380   13.051 0.00000e+00
    6    16.11667   -97.41402 36.22442      70.284     437.576  955.461  293.122   84.652    0.515   12.976 0.00000e+00
    7    16.13333   -97.41349 36.22738     113.216     480.519  950.711  292.617   86.584    0.875   12.924 0.00000e+00
    8    16.15000   -97.41286 36.23048     178.980     545.744  943.592  291.885   89.225    1.080   12.815 0.00000e+00
    9    16.16667   -97.41226 36.23394     248.692     612.503  936.319  291.193   92.091    1.450   12.759 0.00000e+00
   10    16.18333   -97.41151 36.23741     335.704     696.193  927.201  290.388   96.002    1.442   12.762 0.00000e+00
   11    16.20000   -97.41039 36.24089     408.602     765.921  919.590  289.710   99.532    0.695   12.775 2.35123e-03
   12    16.21667   -97.40861 36.24438     435.285     790.282  916.977  289.552  100.000   -0.194   12.754 2.87060e-02
   13    16.23333   -97.40639 36.24798     410.026     762.953  919.895  289.781   98.944   -0.762   12.753 0.00000e+00
   14    16.25000   -97.40421 36.25161     355.731     705.587  926.162  290.347   95.991   -0.737   12.742 0.00000e+00
   15    16.26667   -97.40210 36.25523     304.111     651.097  931.853  290.849   93.515   -0.546   12.738 0.00000e+00
   16    16.28333   -97.39998 36.25884     264.434     612.616  936.094  291.249   91.367   -0.382   12.707 0.00000e+00
   17    16.30000   -97.39783 36.26248     241.579     589.559  938.699  291.514   89.816   -0.218   12.667 0.00000e+00
   18    16.31667   -97.39568 36.26618     234.450     579.295  939.890  291.660   88.823   -0.080   12.627 0.00000e+00
   19    16.33333   -97.39355 36.26993     239.256     580.344  939.650  291.709   88.237    0.061   12.586 0.00000e+00
   20    16.35000   -97.39143 36.27370     253.340     592.839  938.282  291.627   88.165    0.268   12.529 0.00000e+00
   21    16.36667   -97.38940 36.27746     269.781     608.097  936.625  291.513   88.393    0.033   12.493 0.00000e+00
   22    16.38333   -97.38753 36.28110     274.243     611.897  936.231  291.508   88.447   -0.062   12.502 0.00000e+00
   23    16.40000   -97.38585 36.28450     282.424     619.095  935.567  291.467   88.872    0.001   12.539 0.00000e+00
   24    16.41667   -97.38420 36.28769     286.395     620.499  935.476  291.451   88.912   -0.074   12.532 0.00000e+00
   25    16.43333   -97.38252 36.29088     277.994     608.624  936.745  291.566   88.487   -0.259   12.547 0.00000e+00
   26    16.45000   -97.38086 36.29410     258.085     585.701  939.172  291.786   87.463   -0.511   12.542 0.00000e+00
   27    16.46667   -97.37930 36.29739     233.105     558.312  942.174  292.065   86.326   -0.457   12.559 0.00000e+00
   28    16.48333   -97.37781 36.30075     207.630     530.687  945.199  292.341   85.198   -0.439   12.571 0.00000e+00
   29    16.50000   -97.37634 36.30418     174.118     495.054  949.059  292.687   83.728   -0.593   12.575 0.00000e+00
   30    16.51667   -97.37490 36.30753     133.258     453.510  953.639  293.093   82.054   -0.713   12.579 0.00000e+00
   31    16.53333   -97.37353 36.31069      98.216     418.288  957.510  293.432   80.709   -0.536   12.586 0.00000e+00
   32    16.55000   -97.37222 36.31371      73.794     393.816  960.206  293.672   79.808   -0.331   12.597 0.00000e+00
   33    16.56667   -97.37097 36.31661      57.895     377.973  961.995  293.867   79.186   -0.178   12.629 0.00000e+00
   34    16.58333   -97.36984 36.31945      49.613     369.663  962.903  294.086   78.692   -0.093   12.709 0.00000e+00
   35    16.60000   -97.36890 36.32222      44.879     364.238  963.597  294.293   78.189   -0.054   12.783 0.00000e+00
   36    16.61667   -97.36815 36.32487      43.557     360.275  964.057  294.485   77.736   -0.004   12.854 0.00000e+00
   37    16.63333   -97.36752 36.32740      44.017     358.127  964.323  294.626   77.356    0.019   12.900 0.00000e+00
   38    16.65000   -97.36700 36.32972      47.986     359.678  964.167  294.736   77.116    0.070   12.950 0.00000e+00
   39    16.66667   -97.36654 36.33193      54.863     364.695  963.547  294.683   77.254    0.087   12.939 0.00000e+00
   40    16.68333   -97.36610 36.33408      63.760     371.923  962.734  294.707   77.275    0.236   12.973 0.00000e+00
   41    16.70000   -97.36565 36.33607      86.838     393.508  960.300  294.601   77.845    0.608   13.016 0.00000e+00
   42    16.71667   -97.36512 36.33803     125.307     430.628  956.118  294.045   79.639    0.576   12.922 0.00000e+00
   43    16.73333   -97.36445 36.34019     153.780     459.584  952.925  293.656   80.987    0.382   12.869 0.00000e+00
   44    16.75000   -97.36375 36.34236     178.635     485.347  950.078  293.354   82.087    0.346   12.839 0.00000e+00
   45    16.76667   -97.36298 36.34454     199.434     506.949  947.740  293.145   82.987    0.348   12.843 0.00000e+00
   46    16.78333   -97.36209 36.34676     211.823     520.177  946.262  293.032   83.582    0.287   12.865 0.00000e+00
   47    16.80000   -97.36098 36.34906     211.651     521.469  946.112  293.024   83.689    0.056   12.877 0.00000e+00
   48    16.81667   -97.35975 36.35152     191.190     502.356  948.226  293.189   82.741   -0.537   12.834 0.00000e+00
   49    16.83333   -97.35880 36.35409     172.766     485.268  950.119  293.365   81.977   -0.054   12.831 0.00000e+00
   50    16.85000   -97.35804 36.35656     198.605     512.475  947.087  293.132   83.009    0.690   12.845 0.00000e+00
   51    16.86667   -97.35714 36.35914     243.258     559.202  941.862  292.688   84.940    0.944   12.855 0.00000e+00
   52    16.88333   -97.35619 36.36184     292.139     611.117  936.202  292.176   87.125    1.041   12.846 0.00000e+00
   53    16.90000   -97.35526 36.36465     346.538     668.720  929.945  291.586   89.724    1.224   12.833 0.00000e+00
   54    16.91667   -97.35438 36.36757     404.591     728.963  923.480  290.983   92.404    1.310   12.809 0.00000e+00
   55    16.93333   -97.35349 36.37061     456.404     782.672  917.751  290.451   94.716    1.095   12.773 0.00000e+00
   56    16.95000   -97.35263 36.37379     491.767     819.879  913.821  290.080   96.210    0.698   12.726 0.00000e+00
   57    16.96667   -97.35187 36.37716     513.863     843.485  911.376  289.874   96.798    0.431   12.670 0.00000e+00
   58    16.98333   -97.35119 36.38063     531.812     862.089  909.485  289.708   97.461    0.387   12.648 0.00000e+00
   59    17.00000   -97.35046 36.38414     551.369     879.991  907.493  289.531   98.347    0.397   12.647 8.24871e-05
   60    17.01667   -97.34962 36.38760     571.352     898.931  905.503  289.347   99.229    0.404   12.638 6.20872e-04
   61    17.03333   -97.34861 36.39093     588.750     914.298  903.858  289.207   99.807    0.337   12.621 7.18224e-03
   62    17.05000   -97.34749 36.39407     603.187     926.727  902.487  289.109   99.997    0.252   12.585 1.61711e-02
   63    17.06667   -97.34612 36.39713     605.641     927.530  902.459  289.108   99.661    0.032   12.542 6.78932e-03
   64    17.08333   -97.34454 36.40027     593.686     913.258  904.016  289.243   98.882   -0.197   12.531 1.11140e-05
   65    17.10000   -97.34294 36.40359     572.287     889.396  906.467  289.509   97.116   -0.373   12.486 0.00000e+00
   66    17.11667   -97.34140 36.40710     547.540     862.109  909.420  289.895   94.159   -0.306   12.368 0.00000e+00
   67    17.13333   -97.33987 36.41077     528.455     840.230  911.733  290.196   92.007   -0.246   12.288 0.00000e+00
   68    17.15000   -97.33832 36.41454     516.796     825.382  913.368  290.457   89.921   -0.160   12.190 0.00000e+00
   69    17.16667   -97.33658 36.41839     512.487     816.194  914.403  290.645   88.403   -0.033   12.115 0.00000e+00
   70    17.18333   -97.33467 36.42230     516.304     815.432  914.360  290.692   87.906    0.234   12.083 0.00000e+00
   71    17.20000   -97.33273 36.42616     535.519     833.803  912.477  290.450   89.531    0.705   12.143 0.00000e+00
   72    17.21667   -97.33092 36.43014     577.261     873.665  908.241  290.010   92.025    0.849   12.192 0.00000e+00
   73    17.23333   -97.32904 36.43427     628.946     923.040  903.011  289.568   93.963    0.571   12.173 0.00000e+00
   74    17.25000   -97.32689 36.43837     664.085     955.974  899.424  289.246   95.560    0.135   12.174 0.00000e+00
   75    17.26667   -97.32444 36.44255     674.445     966.256  898.342  289.101   96.883    0.138   12.243 1.50837e-06
   76    17.28333   -97.32187 36.44683     683.476     974.052  897.538  288.950   98.371    0.591   12.322 0.00000e+00
   77    17.30000   -97.31927 36.45103     697.590     986.427  896.230  288.788   99.697    0.445   12.376 2.17885e-03
   78    17.31667   -97.31669 36.45501     695.645     983.088  896.649  288.862   99.015   -0.303   12.345 1.50505e-03
   79    17.33333   -97.31418 36.45866     674.430     959.054  899.186  289.161   96.886   -0.785   12.280 0.00000e+00
   80    17.35000   -97.31166 36.46209     648.947     931.481  902.072  289.456   95.248   -0.815   12.263 0.00000e+00
   81    17.36667   -97.30899 36.46537     630.153     913.082  903.935  289.667   93.908   -0.685   12.230 0.00000e+00
   82    17.38333   -97.30621 36.46847     628.132     912.205  904.039  289.806   91.880   -0.241   12.072 0.00000e+00
   83    17.40000   -97.30331 36.47137     649.601     934.645  901.570  289.680   91.407    0.181   11.946 0.00000e+00
   84    17.41667   -97.30022 36.47430     672.075     960.572  898.794  289.412   92.706    0.157   11.946 0.00000e+00
   85    17.43333   -97.29714 36.47744     672.769     964.626  898.409  289.292   93.938   -0.193   12.017 0.00000e+00
   86    17.45000   -97.29430 36.48074     644.476     939.236  901.080  289.456   93.809   -0.665   12.091 0.00000e+00
   87    17.46667   -97.29178 36.48403     592.946     890.685  906.259  289.879   92.283   -0.791   12.151 0.00000e+00
   88    17.48333   -97.28955 36.48726     541.237     840.558  911.645  290.360   90.221   -0.696   12.178 0.00000e+00
   89    17.50000   -97.28751 36.49052     498.031     798.649  916.107  290.753   88.703   -0.683   12.216 0.00000e+00
   90    17.51667   -97.28560 36.49377     452.303     754.407  920.805  291.151   87.335   -1.051   12.273 0.00000e+00
   91    17.53333   -97.28380 36.49659     405.312     708.923  925.729  291.575   85.676   -1.108   12.301 0.00000e+00
   92    17.55000   -97.28224 36.49884     364.853     669.284  930.038  291.961   84.004   -0.816   12.301 0.00000e+00
   93    17.56667   -97.28101 36.50063     333.129     637.688  933.510  292.265   82.774   -0.530   12.309 0.00000e+00
   94    17.58333   -97.28011 36.50223     311.819     616.264  935.860  292.460   82.076   -0.212   12.325 0.00000e+00
   95    17.60000   -97.27950 36.50378     303.784     608.008  936.785  292.524   81.992   -0.013   12.349 0.00000e+00
   96    17.61667   -97.27917 36.50528     319.315     623.631  935.035  292.334   83.192    0.243   12.405 0.00000e+00
   97    17.63333   -97.27908 36.50690     347.659     652.784  931.887  292.049   84.685    0.395   12.445 0.00000e+00
   98    17.65000   -97.27914 36.50861     373.046     679.228  928.947  291.790   85.938    0.542   12.464 0.00000e+00
   99    17.66667   -97.27936 36.51036     394.696     702.099  926.560  291.581   86.975    0.694   12.481 0.00000e+00
  100    17.68333   -97.27960 36.51221     420.825     729.497  923.585  291.327   88.243    0.540   12.501 0.00000e+00
  101    17.70000   -97.27969 36.51411     439.657     749.695  921.441  291.144   89.162    0.110   12.515 0.00000e+00
  102    17.71667   -97.27968 36.51597     432.575     744.120  922.013  291.226   88.952   -0.571   12.543 0.00000e+00
  103    17.73333   -97.27942 36.51772     394.976     707.749  925.921  291.598   87.334   -1.347   12.555 0.00000e+00
  104    17.75000   -97.27907 36.51927     342.948     656.724  931.400  292.151   85.087   -1.501   12.591 0.00000e+00
  105    17.76667   -97.27883 36.52063     284.286     599.048  937.684  292.730   82.554   -1.346   12.583 0.00000e+00
  106    17.78333   -97.27892 36.52192     230.037     545.672  943.513  293.250   80.400   -0.904   12.582 0.00000e+00
  107    17.80000   -97.27924 36.52319     186.697     502.912  948.201  293.666   78.753   -0.532   12.585 0.00000e+00
  108    17.81667   -97.27978 36.52468     155.356     472.144  951.520  293.961   77.598   -0.341   12.586 0.00000e+00
  109    17.83333   -97.28046 36.52629     132.272     449.680  953.993  294.182   76.734   -0.343   12.585 0.00000e+00
  110    17.85000   -97.28125 36.52794     111.509     429.479  956.205  294.376   75.989   -0.230   12.584 0.00000e+00
  111    17.86667   -97.28209 36.52962      95.024     413.465  957.986  294.558   75.298   -0.233   12.588 0.00000e+00
  112    17.88333   -97.28300 36.53136      84.004     402.372  959.227  294.722   74.719   -0.109   12.602 0.00000e+00
  113    17.90000   -97.28403 36.53307      83.336     401.361  959.328  294.800   74.461    0.043   12.618 0.00000e+00
  114    17.91667   -97.28499 36.53478      87.475     404.993  958.890  294.854   74.295    0.158   12.638 0.00000e+00
  115    17.93333   -97.28575 36.53672     102.989     419.737  957.281  294.766   74.673    0.293   12.654 0.00000e+00
  116    17.95000   -97.28629 36.53900     127.330     443.502  954.597  294.613   75.360    0.368   12.686 0.00000e+00
  117    17.96667   -97.28656 36.54165     156.856     473.331  951.368  294.392   76.167    0.053   12.691 0.00000e+00
  118    17.98333   -97.28654 36.54435     166.690     483.434  950.203  294.357   76.170   -0.424   12.679 0.00000e+00
  119    18.00000   -97.28674 36.54698     145.174     462.341  952.530  294.553   75.377   -0.854   12.670 0.00000e+00
  120    18.01667   -97.28716 36.54950     119.453     437.461  955.243  294.892   74.078    0.025   12.679 0.00000e+00
  121    18.03333   -97.28757 36.55193     141.245     460.180  952.797  294.847   74.412    1.025   12.734 0.00000e+00
  122    18.05000   -97.28780 36.55430     196.639     516.464  946.644  294.288   76.511    1.409   12.731 0.00000e+00
  123    18.06667   -97.28790 36.55667     254.959     575.152  940.254  293.681   78.843    1.073   12.719 0.00000e+00
  124    18.08333   -97.28792 36.55909     302.782     623.036  935.052  293.217   80.732    0.856   12.723 0.00000e+00
  125    18.10000   -97.28784 36.56162     352.306     672.605  929.691  292.741   82.619    0.823   12.711 0.00000e+00
  126    18.11667   -97.28768 36.56424     398.079     718.786  924.679  292.291   84.455    0.657   12.701 0.00000e+00
  127    18.13333   -97.28742 36.56692     441.695     763.559  919.859  291.889   86.077    0.734   12.687 0.00000e+00
  128    18.15000   -97.28713 36.56977     498.751     821.868  913.643  291.393   88.348    0.813   12.707 0.00000e+00
  129    18.16667   -97.28690 36.57286     544.929     868.935  908.693  291.037   89.603    0.653   12.668 0.00000e+00
  130    18.18333   -97.28650 36.57615     568.226     892.188  906.260  290.789   90.695    0.505   12.657 0.00000e+00
  131    18.20000   -97.28586 36.57944     575.613     899.195  905.595  290.707   90.753    0.163   12.608 0.00000e+00
  132    18.21667   -97.28497 36.58255     586.223     906.527  904.922  290.649   90.578    0.242   12.547 0.00000e+00
  133    18.23333   -97.28391 36.58549     597.430     913.417  904.206  290.572   90.630    0.241   12.503 0.00000e+00
  134    18.25000   -97.28265 36.58826     610.414     921.741  903.378  290.505   90.142    0.231   12.394 0.00000e+00
  135    18.26667   -97.28126 36.59085     625.631     932.700  902.192  290.419   89.738    0.221   12.287 0.00000e+00
  136    18.28333   -97.27973 36.59318     643.631     946.955  900.659  290.293   90.050    0.144   12.252 0.00000e+00
  137    18.30000   -97.27807 36.59530     657.289     957.504  899.454  290.172   90.627   -0.010   12.252 0.00000e+00
  138    18.31667   -97.27631 36.59737     663.012     961.281  899.019  290.152   90.488   -0.012   12.223 0.00000e+00
  139    18.33333   -97.27443 36.59946     675.595     972.418  897.849  290.086   90.835    0.310   12.235 0.00000e+00
  140    18.35000   -97.27256 36.60165     701.135     996.463  895.339  289.850   92.006    0.670   12.241 0.00000e+00
  141    18.36667   -97.27083 36.60387     731.656    1025.483  892.299  289.536   93.734    0.606   12.264 0.00000e+00
  142    18.38333   -97.26921 36.60614     746.719    1039.666  890.744  289.399   94.242    0.142   12.244 0.00000e+00
  143    18.40000   -97.26773 36.60847     743.878    1036.742  891.037  289.438   94.113   -0.270   12.254 0.00000e+00
  144    18.41667   -97.26628 36.61091     731.250    1024.132  892.361  289.599   92.788   -0.300   12.189 0.00000e+00
  145    18.43333   -97.26498 36.61346     721.051    1014.017  893.419  289.727   91.775   -0.257   12.141 0.00000e+00
  146    18.45000   -97.26379 36.61609     711.175    1003.850  894.481  289.834   91.435   -0.144   12.164 0.00000e+00
  147    18.46667   -97.26270 36.61891     709.986    1002.321  894.605  289.864   91.369   -0.019   12.178 0.00000e+00
  148    18.48333   -97.26168 36.62182     707.803     999.836  894.901  289.913   91.015    0.096   12.164 0.00000e+00
  149    18.50000   -97.26085 36.62475     699.685     991.759  895.738  290.014   90.163    0.001   12.118 0.00000e+00
  150    18.51667   -97.26030 36.62764     684.471     976.591  897.327  290.194   88.843   -0.082   12.057 0.00000e+00
  151    18.53333   -97.26017 36.63053     682.650     974.899  897.506  290.201   89.015    0.200   12.083 0.00000e+00
  152    18.55000   -97.26037 36.63345     701.460     994.299  895.444  289.972   90.735    0.483   12.166 0.00000e+00
  153    18.56667   -97.26060 36.63618     720.421    1013.855  893.470  289.752   92.504    0.302   12.256 0.00000e+00
  154    18.58333   -97.26085 36.63882     722.787    1016.769  893.131  289.718   93.110    0.096   12.315 0.00000e+00
  155    18.60000   -97.26097 36.64165     717.033    1011.384  893.684  289.781   93.193    0.048   12.368 0.00000e+00
  156    18.61667   -97.26067 36.64466     721.889    1016.618  893.140  289.753   93.525    0.087   12.397 0.00000e+00
  157    18.63333   -97.25973 36.64786     738.800    1034.275  891.233  289.729   91.344   -0.738   12.115 0.00000e+00
  158    18.65000   -97.25835 36.65105     715.414    1011.941  893.587  290.050   88.606   -1.334   11.965 0.00000e+00
  159    18.66667   -97.25682 36.65371     679.639     976.653  897.317  290.391   87.234   -0.582   11.988 0.00000e+00
  160    18.68333   -97.25516 36.65615     668.019     964.799  898.566  290.559   85.651   -0.040   11.881 0.00000e+00
  161    18.70000   -97.25352 36.65857     678.575     974.797  897.520  290.465   86.034    0.357   11.876 0.00000e+00
  162    18.71667   -97.25208 36.66091     700.259     996.287  895.275  290.254   86.761    0.494   11.847 0.00000e+00
  163    18.73333   -97.25085 36.66305     717.292    1013.292  893.531  290.090   87.589    0.268   11.858 0.00000e+00
  164    18.75000   -97.24976 36.66492     729.210    1025.069  892.318  289.971   88.668    0.170   11.930 0.00000e+00
  165    18.76667   -97.24859 36.66655     733.812    1029.408  891.845  289.929   89.337   -0.184   11.994 0.00000e+00
  166    18.78333   -97.24722 36.66816     714.384    1009.588  893.946  290.135   88.717   -0.610   12.040 0.00000e+00
  167    18.80000   -97.24593 36.67005     669.248     963.886  898.761  290.577   86.925   -0.964   12.069 0.00000e+00
  168    18.81667   -97.24496 36.67221     610.196     904.335  904.970  291.140   84.613   -1.124   12.091 0.00000e+00
  169    18.83333   -97.24436 36.67455     556.447     850.548  910.698  291.675   82.283   -0.921   12.087 0.00000e+00
  170    18.85000   -97.24416 36.67696     516.776     810.872  914.882  292.089   80.307   -0.499   12.053 0.00000e+00
  171    18.86667   -97.24454 36.67943     507.580     801.688  915.850  292.275   79.785    0.442   12.103 0.00000e+00
  172    18.88333   -97.24503 36.68193     533.242     827.590  913.065  292.102   80.847    0.448   12.169 0.00000e+00
  173    18.90000   -97.24525 36.68441     563.498     858.183  909.840  291.833   81.712    0.688   12.135 0.00000e+00
  174    18.91667   -97.24490 36.68660     614.451     909.335  904.433  291.352   83.381    1.091   12.084 0.00000e+00
  175    18.93333   -97.24437 36.68864     695.921     991.076  895.796  290.634   86.277    1.963   12.062 0.00000e+00
  176    18.95000   -97.24382 36.69080     808.010    1103.829  884.057  289.582   90.566    2.263   11.997 0.00000e+00
  177    18.96667   -97.24314 36.69315     918.035    1214.545  872.677  288.517   95.655    1.650   11.986 0.00000e+00
  178    18.98333   -97.24226 36.69562    1009.288    1306.409  863.325  287.766   97.357    1.127   11.746 1.56909e-02
