    0    16.01667   -97.52180 36.27133      58.515     424.498  956.616  292.604   87.142    0.249   12.915 0.00000e+00
    1    16.03333   -97.52238 36.27296      70.113     435.692  955.446  292.512   87.551    0.346   12.917 0.00000e+00
    2    16.05000   -97.52300 36.27459      79.783     444.265  954.485  292.446   87.911    0.100   12.929 0.00000e+00
    3    16.06667   -97.52365 36.27617      78.054     441.543  954.824  292.482   87.728    0.059   12.927 0.00000e+00
    4    16.08333   -97.52429 36.27773      77.013     439.599  955.017  292.518   87.414   -0.015   12.907 0.00000e+00
    5    16.10000   -97.52493 36.27923      74.814     436.541  955.363  292.564   87.186    0.081   12.906 0.00000e+00
    6    16.11667   -97.52559 36.28074      77.658     438.576  955.139  292.556   87.142    0.100   12.897 0.00000e+00
    7    16.13333   -97.52599 36.28234      80.667     440.874  954.906  292.572   87.078    0.151   12.903 0.00000e+00
    8    16.15000   -97.52602 36.28412      86.178     445.798  954.368  292.585   86.934    0.035   12.900 0.00000e+00
    9    16.16667   -97.52585 36.28607      88.450     447.473  954.212  292.612   86.624   -0.075   12.878 0.00000e+00
   10    16.18333   -97.52578 36.28808      85.753     444.113  954.524  292.684   86.130   -0.044   12.858 0.00000e+00
   11    16.20000   -97.52594 36.29013      83.056     440.561  954.973  292.748   85.769    0.062   12.849 0.00000e+00
   12    16.21667   -97.52630 36.29241      81.853     438.329  955.200  292.776   85.599    0.055   12.843 0.00000e+00
   13    16.23333   -97.52675 36.29481      78.800     434.116  955.691  292.830   85.336   -0.137   12.841 0.00000e+00
   14    16.25000   -97.52731 36.29736      67.961     422.033  956.977  293.002   84.613   -0.300   12.852 0.00000e+00
   15    16.26667   -97.52834 36.29999      53.718     406.690  958.616  293.217   83.747   -0.132   12.871 0.00000e+00
   16    16.28333   -97.52972 36.30249      52.426     404.081  958.820  293.341   83.396    0.165   12.914 0.00000e+00
   17    16.30000   -97.53114 36.30482      62.073     412.559  957.963  293.308   83.523    0.135   12.918 0.00000e+00
   18    16.31667   -97.53234 36.30704      81.499     430.504  956.040  293.177   84.142    0.510   12.934 0.00000e+00
   19    16.33333   -97.53310 36.30913     139.121     487.261  949.810  292.840   85.861    1.407   13.009 0.00000e+00
   20    16.35000   -97.53327 36.31118     237.932     585.443  939.065  291.912   90.021    1.546   13.014 0.00000e+00
   21    16.36667   -97.53262 36.31324     330.165     676.566  929.195  291.060   93.045    1.144   12.881 0.00000e+00
   22    16.38333   -97.53106 36.31545     406.991     751.456  921.071  290.384   95.567    1.261   12.786 0.00000e+00
   23    16.40000   -97.52906 36.31809     473.628     815.666  914.189  289.725   98.925    1.079   12.785 1.26812e-03
   24    16.41667   -97.52701 36.32090     548.256     888.421  906.407  289.258  100.000    1.309   12.668 1.06395e-01
   25    16.43333   -97.52473 36.32388     637.860     977.863  896.890  288.833  100.000    1.860   12.457 2.86169e-01
   26    16.45000   -97.52196 36.32696     743.927    1083.362  885.888  288.359  100.000    1.871   12.234 5.30997e-01
   27    16.46667   -97.51902 36.33033     849.460    1187.587  875.014  287.865  100.000    1.630   11.997 7.41265e-01
   28    16.48333   -97.51598 36.33384     940.794    1280.890  865.391  287.408  100.000    1.545   11.777 9.00285e-01
   29    16.50000   -97.51276 36.33731    1014.430    1356.835  857.674  287.014  100.000    1.416   11.583 9.94169e-01
   30    16.51667   -97.50936 36.34071    1053.622    1396.283  853.699  286.764  100.000    0.952   11.448 9.63426e-01
   31    16.53333   -97.50568 36.34413    1048.265    1390.850  854.219  286.662  100.000   -0.007   11.366 7.72102e-01
   32    16.55000   -97.50160 36.34757    1014.473    1356.404  857.803  286.757  100.000   -0.616   11.389 5.66086e-01
   33    16.56667   -97.49723 36.35120     986.557    1324.031  861.124  286.839  100.000   -0.595   11.403 3.82783e-01
   34    16.58333   -97.49281 36.35485     990.888    1325.131  860.891  286.740  100.000   -0.185   11.332 2.74547e-01
   35    16.60000   -97.48842 36.35852    1035.955    1368.958  856.539  286.526  100.000    0.400   11.233 3.45740e-01
   36    16.61667   -97.48422 36.36207    1096.803    1423.674  851.163  286.307  100.000    0.388   11.144 4.77273e-01
   37    16.63333   -97.48031 36.36550    1135.379    1457.519  847.616  286.140  100.000   -0.281   11.070 5.33896e-01
   38    16.65000   -97.47662 36.36882    1137.411    1459.467  847.314  286.095  100.000   -0.977   11.040 4.87753e-01
   39    16.66667   -97.47307 36.37209    1105.508    1429.960  850.267  286.118  100.000   -1.535   11.019 2.76547e-01
   40    16.68333   -97.46945 36.37540    1049.791    1376.343  855.665  286.228   99.064   -1.972   10.905 7.37458e-03
   41    16.70000   -97.46568 36.37871     991.058    1320.808  861.258  286.796   94.640   -1.628   10.743 0.00000e+00
   42    16.71667   -97.46179 36.38213     962.879    1295.476  863.957  287.047   94.514   -0.570   10.873 0.00000e+00
   43    16.73333   -97.45780 36.38565     977.203    1311.503  862.289  286.819   96.786    0.193   10.990 0.00000e+00
   44    16.75000   -97.45380 36.38920    1010.776    1348.399  858.533  286.431   99.067    0.132   11.015 0.00000e+00
   45    16.76667   -97.44985 36.39275    1028.601    1368.991  856.445  286.294   98.928   -0.449   10.928 0.00000e+00
   46    16.78333   -97.44595 36.39630    1011.449    1355.384  857.918  286.466   97.260   -0.966   10.846 4.62019e-03
   47    16.80000   -97.44202 36.39983     971.605    1311.982  862.478  286.895   94.755   -1.046   10.811 0.00000e+00
   48    16.81667   -97.43796 36.40337     923.370    1258.118  867.992  287.428   91.941   -0.830   10.792 0.00000e+00
   49    16.83333   -97.43376 36.40694     886.347    1215.613  872.334  287.778   90.898   -0.278   10.861 0.00000e+00
   50    16.85000   -97.42964 36.41054     875.715    1199.270  874.113  287.822   91.999    0.426   11.002 0.00000e+00
   51    16.86667   -97.42567 36.41409     886.720    1204.385  873.503  287.630   94.368    0.606   11.153 0.00000e+00
   52    16.88333   -97.42181 36.41751     893.309    1208.231  873.089  287.517   95.811    0.384   11.245 0.00000e+00
   53    16.90000   -97.41813 36.42073     890.633    1203.159  873.620  287.554   95.832    0.097   11.268 0.00000e+00
   54    16.91667   -97.41444 36.42382     882.797    1194.000  874.529  287.629   95.655   -0.058   11.291 0.00000e+00
   55    16.93333   -97.41069 36.42691     866.387    1176.391  876.302  287.810   94.676   -0.404   11.284 0.00000e+00
   56    16.95000   -97.40688 36.43011     841.484    1149.896  879.106  288.069   93.419   -0.440   11.287 0.00000e+00
   57    16.96667   -97.40309 36.43349     819.675    1126.347  881.536  288.298   92.188   -0.396   11.274 0.00000e+00
   58    16.98333   -97.39941 36.43705     806.525    1112.042  883.061  288.458   91.111   -0.224   11.238 0.00000e+00
   59    17.00000   -97.39599 36.44072     810.247    1115.539  882.655  288.418   91.240    0.094   11.230 0.00000e+00
   60    17.01667   -97.39272 36.44447     836.619    1143.402  879.769  288.159   92.327    0.387   11.212 0.00000e+00
   61    17.03333   -97.38942 36.44828     870.471    1178.184  876.148  287.865   93.299    0.239   11.162 0.00000e+00
   62    17.05000   -97.38585 36.45202     881.963    1191.686  874.786  287.785   93.252   -0.342   11.116 0.00000e+00
   63    17.06667   -97.38202 36.45564     857.018    1166.047  877.517  288.072   91.615   -0.710   11.091 0.00000e+00
   64    17.08333   -97.37807 36.45912     817.695    1123.221  881.891  288.493   89.536   -0.592   11.084 0.00000e+00
   65    17.10000   -97.37401 36.46250     796.669    1100.206  884.292  288.738   88.405    0.011   11.088 0.00000e+00
   66    17.11667   -97.36989 36.46587     814.054    1113.503  882.945  288.582   89.545    0.617   11.135 0.00000e+00
   67    17.13333   -97.36595 36.46920     858.375    1154.034  878.788  288.145   92.170    0.880   11.195 0.00000e+00
   68    17.15000   -97.36221 36.47249     905.523    1197.336  874.219  287.712   94.409    0.593   11.208 0.00000e+00
   69    17.16667   -97.35852 36.47576     925.564    1215.951  872.392  287.556   95.012   -0.040   11.189 0.00000e+00
   70    17.18333   -97.35481 36.47900     910.534    1198.626  874.144  287.736   93.913   -0.586   11.167 0.00000e+00
   71    17.20000   -97.35109 36.48223     868.427    1156.232  878.465  288.159   91.728   -0.782   11.156 0.00000e+00
   72    17.21667   -97.34727 36.48551     824.441    1112.902  882.939  288.556   89.974   -0.528   11.170 0.00000e+00
   73    17.23333   -97.34338 36.48891     801.015    1089.768  885.374  288.764   89.286   -0.023   11.204 0.00000e+00
   74    17.25000   -97.33957 36.49242     811.628    1100.194  884.283  288.652   90.044    0.648   11.231 0.00000e+00
   75    17.26667   -97.33597 36.49596     860.352    1149.529  879.085  288.154   92.451    1.171   11.232 0.00000e+00
   76    17.28333   -97.33240 36.49948     925.853    1218.243  872.014  287.454   96.109    1.113   11.248 0.00000e+00
   77    17.30000   -97.32877 36.50287     975.846    1269.308  866.812  286.943   98.852    0.558   11.257 0.00000e+00
   78    17.31667   -97.32511 36.50612     986.182    1282.196  865.393  286.798   99.665   -0.219   11.261 3.69818e-04
   79    17.33333   -97.32148 36.50927     956.633    1255.909  868.117  287.047   98.476   -0.739   11.274 0.00000e+00
   80    17.35000   -97.31787 36.51237     906.542    1208.880  872.872  287.502   96.133   -0.966   11.275 0.00000e+00
   81    17.36667   -97.31431 36.51548     858.853    1164.916  877.544  287.951   93.883   -0.716   11.277 0.00000e+00
   82    17.38333   -97.31080 36.51854     833.087    1141.154  880.057  288.191   92.745   -0.209   11.282 0.00000e+00
   83    17.40000   -97.30740 36.52153     839.659    1148.517  879.178  288.113   93.119    0.356   11.282 0.00000e+00
   84    17.41667   -97.30405 36.52450     875.328    1187.356  875.150  287.766   94.626    0.746   11.261 0.00000e+00
   85    17.43333   -97.30056 36.52750     919.316    1234.248  870.395  287.335   96.655    0.529   11.245 0.00000e+00
   86    17.45000   -97.29688 36.53053     940.491    1256.971  868.066  287.145   97.349   -0.004   11.216 0.00000e+00
   87    17.46667   -97.29313 36.53360     931.562    1249.506  868.863  287.262   96.424   -0.417   11.185 0.00000e+00
   88    17.48333   -97.28933 36.53678     900.342    1217.772  872.152  287.578   94.561   -0.649   11.155 0.00000e+00
   89    17.50000   -97.28564 36.54012     859.201    1175.306  876.544  287.968   92.529   -0.564   11.139 0.00000e+00
   90    17.51667   -97.28212 36.54346     832.094    1146.855  879.540  288.238   91.157    0.071   11.130 0.00000e+00
   91    17.53333   -97.27869 36.54679     831.011    1142.778  879.946  288.053   94.200    0.210   11.358 6.08436e-04
   92    17.55000   -97.27546 36.55011     828.865    1141.622  879.995  287.920   97.147   -0.078   11.612 8.67799e-04
   93    17.56667   -97.27248 36.55339     821.873    1136.632  880.494  287.965   98.024   -0.189   11.745 0.00000e+00
   94    17.58333   -97.26955 36.55660     812.927    1127.636  881.650  288.178   95.799   -0.385   11.623 0.00000e+00
   95    17.60000   -97.26658 36.55976     799.607    1109.384  883.583  288.491   92.200   -0.468   11.390 0.00000e+00
   96    17.61667   -97.26362 36.56292     788.855    1092.831  885.324  288.694   90.586   -0.229   11.316 0.00000e+00
   97    17.63333   -97.26070 36.56620     789.676    1089.455  885.561  288.699   90.928    0.119   11.359 0.00000e+00
   98    17.65000   -97.25761 36.56956     796.027    1093.472  885.108  288.635   91.474    0.073   11.386 0.00000e+00
   99    17.66667   -97.25443 36.57291     789.690    1085.049  885.988  288.711   91.148   -0.194   11.390 0.00000e+00
  100    17.68333   -97.25131 36.57621     769.329    1063.956  888.148  288.926   89.637   -0.374   11.330 0.00000e+00
  101    17.70000   -97.24841 36.57949     756.695    1050.833  889.536  288.998   89.909   -0.029   11.399 0.00000e+00
  102    17.71667   -97.24564 36.58268     770.210    1063.616  888.205  288.747   93.344    0.599   11.663 0.00000e+00
  103    17.73333   -97.24277 36.58585     810.767    1103.700  884.025  288.268   96.424    0.999   11.736 0.00000e+00
  104    17.75000   -97.23981 36.58915     861.682    1153.663  878.793  287.733   99.779    1.034   11.800 1.54433e-02
  105    17.76667   -97.23687 36.59258     902.943    1194.943  874.558  287.519  100.000    0.650   11.737 8.27598e-02
  106    17.78333   -97.23401 36.59610     919.230    1211.230  872.876  287.414  100.000   -0.066   11.680 8.69718e-02
  107    17.80000   -97.23133 36.59962     900.280    1192.071  874.848  287.491   99.913   -0.833   11.684 3.12486e-02
  108    17.81667   -97.22893 36.60308     845.088    1136.410  880.638  287.947   97.608   -1.459   11.680 6.87635e-04
  109    17.83333   -97.22680 36.60642     770.099    1060.814  888.523  288.652   94.276   -1.544   11.703 0.00000e+00
  110    17.85000   -97.22485 36.60957     700.113     990.398  895.887  289.353   91.000   -1.244   11.720 0.00000e+00
  111    17.86667   -97.22296 36.61257     645.848     935.889  901.623  289.883   88.256   -1.074   11.684 0.00000e+00
  112    17.88333   -97.22118 36.61546     601.224     892.220  906.205  290.281   86.374   -0.898   11.671 0.00000e+00
  113    17.90000   -97.21944 36.61824     560.535     852.948  910.379  290.633   85.082   -0.776   11.702 0.00000e+00
  114    17.91667   -97.21773 36.62092     516.580     810.657  914.858  291.030   83.494   -0.850   11.720 0.00000e+00
  115    17.93333   -97.21603 36.62361     465.181     760.766  920.219  291.528   81.437   -0.942   11.728 0.00000e+00
  116    17.95000   -97.21449 36.62646     408.061     704.876  926.255  292.075   79.022   -0.953   11.703 0.00000e+00
  117    17.96667   -97.21327 36.62951     353.645     651.483  932.038  292.583   77.043   -0.754   11.707 0.00000e+00
  118    17.98333   -97.21235 36.63268     319.090     617.014  935.762  292.899   76.111   -0.070   11.750 0.00000e+00
  119    18.00000   -97.21164 36.63584     309.497     607.420  936.793  292.967   76.135    0.210   11.790 0.00000e+00
  120    18.01667   -97.21106 36.63894     319.394     617.373  935.696  292.843   76.807    0.346   11.816 0.00000e+00
  121    18.03333   -97.21054 36.64191     346.530     644.563  932.770  292.578   78.039    0.539   11.845 0.00000e+00
  122    18.05000   -97.20998 36.64465     383.271     681.408  928.782  292.225   79.490    0.489   11.851 0.00000e+00
  123    18.06667   -97.20933 36.64721     412.196     710.492  925.677  291.943   80.926    0.217   11.893 0.00000e+00
  124    18.08333   -97.20867 36.64968     423.918     722.478  924.335  291.816   81.353   -0.330   11.878 0.00000e+00
  125    18.10000   -97.20797 36.65211     410.600     709.389  925.766  291.923   81.075   -0.624   11.899 0.00000e+00
  126    18.11667   -97.20721 36.65448     385.532     684.498  928.473  292.228   80.329   -0.602   11.983 0.00000e+00
  127    18.13333   -97.20638 36.65677     370.417     669.502  930.146  292.585   79.799    0.032   12.152 0.00000e+00
  128    18.15000   -97.20541 36.65912     391.163     690.306  927.850  292.516   80.745    0.545   12.273 0.00000e+00
  129    18.16667   -97.20445 36.66165     435.628     734.762  923.047  292.132   82.120    1.017   12.249 0.00000e+00
  130    18.18333   -97.20353 36.66449     502.765     801.969  915.822  291.500   84.324    1.048   12.181 0.00000e+00
  131    18.20000   -97.20284 36.66718     586.104     885.607  906.913  290.693   88.183    0.969   12.222 0.00000e+00
  132    18.21667   -97.20210 36.66964     678.485     978.344  897.133  289.745   92.688    1.276   12.225 0.00000e+00
  133    18.23333   -97.20100 36.67192     763.744    1064.003  888.169  288.886   97.008    1.435   12.230 0.00000e+00
  134    18.25000   -97.19948 36.67415     843.756    1144.469  879.824  288.201  100.000    1.353   12.193 4.47939e-02
  135    18.26667   -97.19748 36.67648     910.308    1211.541  872.910  287.889  100.000    1.081   12.046 1.67712e-01
  136    18.28333   -97.19529 36.67895     955.865    1257.663  868.161  287.608  100.000    0.725   11.894 2.09041e-01
  137    18.30000   -97.19326 36.68151     987.432    1289.626  864.926  287.374  100.000    0.501   11.758 1.97955e-01
  138    18.31667   -97.19148 36.68412    1012.219    1314.784  862.359  287.151  100.000    0.416   11.623 1.73171e-01
  139    18.33333   -97.18987 36.68683    1022.066    1325.102  861.332  287.024  100.000    0.084   11.541 1.42820e-01
  140    18.35000   -97.18843 36.68972    1008.736    1312.390  862.613  287.025  100.000   -0.281   11.523 9.05086e-02
  141    18.36667   -97.18704 36.69268     973.402    1277.739  866.180  287.199   99.949   -0.537   11.583 1.95716e-02
  142    18.38333   -97.18571 36.69557     922.076    1226.996  871.343  287.642   97.859   -0.805   11.603 0.00000e+00
  143    18.40000   -97.18444 36.69832     859.406    1164.828  877.735  288.264   94.731   -1.056   11.609 0.00000e+00
  144    18.41667   -97.18318 36.70089     790.715    1096.593  884.838  288.940   91.067   -1.182   11.564 0.00000e+00
  145    18.43333   -97.18205 36.70327     723.702    1029.998  891.783  289.611   87.253   -1.165   11.478 0.00000e+00
  146    18.45000   -97.18109 36.70548     659.919     966.657  898.376  290.236   84.295   -1.128   11.457 0.00000e+00
  147    18.46667   -97.18038 36.70758     604.481     911.808  904.160  290.780   81.894   -1.017   11.449 0.00000e+00
  148    18.48333   -97.17989 36.70963     563.821     871.705  908.409  291.165   80.399   -0.585   11.464 0.00000e+00
  149    18.50000   -97.17952 36.71170     540.485     848.920  910.830  291.376   79.780   -0.070   11.498 0.00000e+00
  150    18.51667   -97.17906 36.71379     539.531     848.459  910.890  291.358   80.129    0.461   11.534 0.00000e+00
  151    18.53333   -97.17838 36.71605     550.255     859.505  909.696  291.245   80.575    0.402   11.531 0.00000e+00
  152    18.55000   -97.17747 36.71852     556.628     866.146  909.039  291.193   80.882    0.214   11.545 0.00000e+00
  153    18.56667   -97.17654 36.72111     555.673     865.435  909.136  291.193   81.431   -0.071   11.622 0.00000e+00
  154    18.58333   -97.17570 36.72383     542.395     852.703  910.443  291.302   81.356   -0.340   11.675 0.00000e+00
  155    18.60000   -97.17487 36.72659     519.493     830.515  912.801  291.509   80.758   -0.535   11.712 0.00000e+00
  156    18.61667   -97.17407 36.72934     486.685     798.477  916.235  291.832   79.515   -0.636   11.724 0.00000e+00
  157    18.63333   -97.17313 36.73192     451.990     764.327  919.844  292.175   78.088   -0.741   11.719 0.00000e+00
  158    18.65000   -97.17220 36.73434     408.332     721.441  924.380  292.601   76.476   -0.805   11.731 0.00000e+00
  159    18.66667   -97.17131 36.73658     358.699     672.900  929.578  293.087   74.401   -0.998   11.700 0.00000e+00
  160    18.68333   -97.17038 36.73869     301.322     616.812  935.660  293.649   72.555   -0.863   11.740 0.00000e+00
  161    18.70000   -97.16956 36.74087     249.330     565.646  941.218  294.165   71.113   -0.880   11.810 0.00000e+00
  162    18.71667   -97.16905 36.74309     199.479     516.375  946.575  294.769   70.434   -0.965   12.074 0.00000e+00
  163    18.73333   -97.16833 36.74549     134.071     451.767  953.574  295.443   68.186   -1.099   12.095 0.00000e+00
  164    18.75000   -97.16693 36.74796     109.935     429.284  956.020  295.697   67.253    0.566   12.086 0.00000e+00
  165    18.76667   -97.16558 36.75014     190.322     511.275  947.066  295.020   69.797    1.778   12.146 0.00000e+00
  166    18.78333   -97.16527 36.75205     303.622     625.359  934.676  293.892   73.975    2.163   12.165 0.00000e+00
  167    18.80000   -97.16568 36.75386     427.642     749.667  921.356  292.643   78.768    2.186   12.155 0.00000e+00
  168    18.81667   -97.16628 36.75557     549.158     870.937  908.494  291.458   83.602    2.433   12.143 0.00000e+00
  169    18.83333   -97.16689 36.75745     686.582    1007.264  894.151  290.139   89.263    2.763   12.114 0.00000e+00
  170    18.85000   -97.16707 36.75976     839.927    1159.554  878.351  288.647   96.065    2.765   12.060 0.00000e+00
  171    18.86667   -97.16662 36.76246     961.703    1280.601  865.896  287.655  100.000    2.137   11.961 8.56878e-02
  172    18.88333   -97.16566 36.76547    1040.923    1359.155  857.941  287.261  100.000    1.446   11.767 2.31532e-01
  173    18.90000   -97.16425 36.76872    1078.263    1395.616  854.267  287.047  100.000    0.604   11.655 2.60081e-01
  174    18.91667   -97.16253 36.77204    1071.042    1387.588  855.009  287.028  100.000   -0.233   11.630 1.86906e-01
  175    18.93333   -97.16074 36.77523    1026.872    1345.020  859.353  287.175   99.915   -0.743   11.653 1.76907e-02
  176    18.95000   -97.15895 36.77826     966.516    1286.432  865.304  287.682   97.173   -1.100   11.633 0.00000e+00
  177    18.96667   -97.15717 36.78119     891.239    1213.264  872.796  288.449   92.069   -1.385   11.485 0.00000e+00
  178    18.98333   -97.15533 36.78406     811.700    1136.216  880.707  289.258   87.305   -1.353   11.370 0.00000e+00
