    0    16.01667   -97.53603 36.29932      96.814     445.124  954.356  292.492   86.397    0.100   12.745 0.00000e+00
    1    16.03333   -97.53635 36.30225     106.838     455.225  953.284  292.420   86.801    0.199   12.761 0.00000e+00
    2    16.05000   -97.53651 36.30510     126.777     475.299  951.105  292.249   87.608    0.298   12.772 0.00000e+00
    3    16.06667   -97.53656 36.30790     148.599     497.397  948.700  292.051   88.502    0.252   12.775 0.00000e+00
    4    16.08333   -97.53679 36.31066     170.235     519.478  946.270  291.854   89.368    0.440   12.774 0.00000e+00
    5    16.10000   -97.53726 36.31338     204.292     554.179  942.552  291.539   90.811    0.600   12.774 0.00000e+00
    6    16.11667   -97.53770 36.31603     243.804     592.986  938.324  291.188   92.443    0.857   12.776 0.00000e+00
    7    16.13333   -97.53812 36.31865     275.879     623.977  934.925  290.904   93.812    0.854   12.780 0.00000e+00
    8    16.15000   -97.53839 36.32117     309.440     656.284  931.293  290.602   95.333    0.111   12.790 0.00000e+00
    9    16.16667   -97.53844 36.32350     346.359     693.835  927.168  290.288   96.612    0.582   12.762 0.00000e+00
   10    16.18333   -97.53803 36.32534     383.344     731.778  923.034  289.925   98.569    0.671   12.779 0.00000e+00
   11    16.20000   -97.53734 36.32707     408.288     757.592  920.284  289.721   99.397    0.204   12.758 3.31857e-04
   12    16.21667   -97.53692 36.32901     433.401     783.790  917.470  289.564   99.598    0.489   12.694 6.44527e-03
   13    16.23333   -97.53650 36.33117     467.966     818.834  913.822  289.378   99.733    0.663   12.611 3.02493e-02
   14    16.25000   -97.53585 36.33347     506.115     856.724  909.801  289.164  100.000    0.536   12.544 7.71165e-02
   15    16.26667   -97.53497 36.33583     534.307     884.343  906.836  289.042  100.000    0.612   12.487 1.43528e-01
   16    16.28333   -97.53393 36.33846     556.959     906.391  904.493  288.958  100.000    0.750   12.452 2.07804e-01
   17    16.30000   -97.53240 36.34128     573.086     922.972  902.697  288.915  100.000    0.498   12.443 2.40063e-01
   18    16.31667   -97.53024 36.34449     603.595     954.575  899.330  288.719  100.000    0.059   12.334 2.11973e-01
   19    16.33333   -97.52740 36.34766     633.011     983.722  896.466  288.527  100.000   -0.117   12.217 1.37914e-01
   20    16.35000   -97.52400 36.35067     678.527    1023.401  892.246  288.366   99.990   -0.150   12.133 1.67549e-01
   21    16.36667   -97.52015 36.35371     681.784    1019.712  892.565  288.327  100.000   -1.034   12.108 9.44025e-02
   22    16.38333   -97.51672 36.35690     659.580     993.459  895.291  288.476   99.119   -1.253   12.071 1.46517e-02
   23    16.40000   -97.51389 36.36024     643.954     974.396  897.324  288.622   98.227   -0.904   12.049 1.26995e-03
   24    16.41667   -97.51150 36.36352     652.843     979.959  896.661  288.564   98.343   -0.364   12.027 1.03107e-03
   25    16.43333   -97.50928 36.36678     663.404     989.295  895.652  288.455   99.296    0.348   12.072 9.26406e-03
   26    16.45000   -97.50709 36.37009     675.311     999.772  894.623  288.357  100.000    0.666   12.108 4.10936e-02
   27    16.46667   -97.50472 36.37334     681.652    1007.073  893.726  288.352  100.000    0.310   12.121 1.11310e-01
   28    16.48333   -97.50198 36.37661     680.289    1008.714  893.656  288.340  100.000   -0.191   12.113 9.81699e-02
   29    16.50000   -97.49886 36.37992     677.298    1007.221  893.814  288.308   99.961   -0.367   12.063 2.85360e-02
   30    16.51667   -97.49560 36.38332     670.085    1001.418  894.339  288.422   98.476   -0.402   11.964 8.10984e-03
   31    16.53333   -97.49227 36.38667     652.504     986.092  895.997  288.613   96.960   -0.343   11.904 0.00000e+00
   32    16.55000   -97.48897 36.38988     632.406     966.589  898.071  288.800   95.979   -0.337   11.899 0.00000e+00
   33    16.56667   -97.48572 36.39293     601.116     936.740  901.145  289.061   94.837   -0.567   11.916 0.00000e+00
   34    16.58333   -97.48263 36.39597     565.193     904.111  904.669  289.374   93.519   -0.622   11.943 0.00000e+00
   35    16.60000   -97.47970 36.39912     542.052     880.957  907.221  289.572   92.949   -0.276   11.988 0.00000e+00
   36    16.61667   -97.47690 36.40248     537.039     873.649  908.043  289.595   93.340    0.134   12.045 0.00000e+00
   37    16.63333   -97.47404 36.40600     543.235     877.392  907.607  289.463   94.760    0.220   12.131 0.00000e+00
   38    16.65000   -97.47107 36.40958     550.353     883.943  906.844  289.376   95.362   -0.048   12.151 0.00000e+00
   39    16.66667   -97.46806 36.41302     542.087     877.233  907.511  289.477   94.452   -0.529   12.104 0.00000e+00
   40    16.68333   -97.46516 36.41633     523.814     859.295  909.559  289.712   92.939   -0.554   12.063 0.00000e+00
   41    16.70000   -97.46238 36.41956     504.527     837.380  911.976  289.953   91.678   -0.531   12.052 0.00000e+00
   42    16.71667   -97.45981 36.42271     486.833     814.869  914.427  290.164   90.765   -0.246   12.062 0.00000e+00
   43    16.73333   -97.45724 36.42581     485.170     809.037  915.042  290.213   90.612    0.055   12.071 0.00000e+00
   44    16.75000   -97.45441 36.42895     480.577     800.285  915.904  290.310   90.026   -0.271   12.056 0.00000e+00
   45    16.76667   -97.45163 36.43214     456.660     773.530  918.730  290.567   88.748   -0.448   12.044 0.00000e+00
   46    16.78333   -97.44906 36.43541     432.017     746.842  921.640  290.781   88.100   -0.294   12.081 0.00000e+00
   47    16.80000   -97.44666 36.43874     417.455     730.138  923.424  290.922   87.603   -0.132   12.098 0.00000e+00
   48    16.81667   -97.44438 36.44204     416.454     728.069  923.578  290.926   87.681    0.123   12.110 0.00000e+00
   49    16.83333   -97.44221 36.44534     429.094     740.302  922.292  290.760   88.774    0.379   12.149 0.00000e+00
   50    16.85000   -97.44008 36.44859     451.890     762.722  919.908  290.464   90.714    0.479   12.215 0.00000e+00
   51    16.86667   -97.43793 36.45177     482.463     792.168  916.787  290.169   92.333    0.486   12.242 0.00000e+00
   52    16.88333   -97.43582 36.45504     508.408     817.047  914.010  289.887   94.107    0.407   12.292 0.00000e+00
   53    16.90000   -97.43387 36.45849     531.635     840.932  911.512  289.667   95.121    0.423   12.285 0.00000e+00
   54    16.91667   -97.43187 36.46214     558.809     866.327  908.930  289.457   95.996    0.410   12.267 0.00000e+00
   55    16.93333   -97.42972 36.46584     574.955     880.343  907.379  289.319   96.748    0.127   12.275 0.00000e+00
   56    16.95000   -97.42757 36.46954     576.848     881.538  907.216  289.305   96.905    0.029   12.285 0.00000e+00
   57    16.96667   -97.42555 36.47322     577.942     881.931  907.206  289.349   96.417   -0.365   12.259 0.00000e+00
   58    16.98333   -97.42358 36.47680     566.833     869.652  908.570  289.533   95.027   -0.606   12.207 0.00000e+00
   59    17.00000   -97.42169 36.48019     555.692     856.460  910.055  289.720   93.764   -0.322   12.170 0.00000e+00
   60    17.01667   -97.41980 36.48349     558.200     855.394  910.091  289.734   93.764   -0.004   12.180 0.00000e+00
   61    17.03333   -97.41773 36.48679     567.818     862.693  909.279  289.606   94.878    0.031   12.236 0.00000e+00
   62    17.05000   -97.41547 36.49015     574.922     869.237  908.524  289.480   96.320   -0.203   12.332 5.64834e-06
   63    17.06667   -97.41316 36.49369     572.150     867.293  908.675  289.484   96.889   -0.209   12.406 0.00000e+00
   64    17.08333   -97.41096 36.49736     569.846     866.400  908.733  289.474   97.119   -0.297   12.426 5.84307e-05
   65    17.10000   -97.40871 36.50097     546.875     845.752  911.004  289.676   96.199   -0.823   12.438 0.00000e+00
   66    17.11667   -97.40656 36.50426     491.398     790.807  916.973  290.232   93.280   -1.148   12.415 0.00000e+00
   67    17.13333   -97.40484 36.50709     421.496     720.287  924.577  290.921   89.965   -1.098   12.407 0.00000e+00
   68    17.15000   -97.40351 36.50949     358.430     656.713  931.398  291.527   87.276   -0.923   12.416 0.00000e+00
   69    17.16667   -97.40244 36.51154     307.082     605.360  936.931  292.023   84.953   -0.779   12.396 0.00000e+00
   70    17.18333   -97.40154 36.51334     263.952     562.515  941.547  292.428   83.328   -0.652   12.412 0.00000e+00
   71    17.20000   -97.40083 36.51495     229.692     528.594  945.269  292.748   82.017   -0.697   12.414 0.00000e+00
   72    17.21667   -97.40036 36.51648     204.660     503.990  947.948  292.991   81.051   -0.272   12.421 0.00000e+00
   73    17.23333   -97.40008 36.51792     206.745     506.544  947.639  292.969   81.834    0.443   12.527 0.00000e+00
   74    17.25000   -97.39985 36.51938     239.361     539.685  944.052  292.660   83.743    0.928   12.623 0.00000e+00
   75    17.26667   -97.39953 36.52090     290.489     591.437  938.382  292.158   86.228    1.017   12.670 0.00000e+00
   76    17.28333   -97.39919 36.52246     344.672     646.562  932.362  291.633   88.749    0.914   12.697 0.00000e+00
   77    17.30000   -97.39886 36.52402     391.667     694.813  927.091  291.160   90.998    0.515   12.708 0.00000e+00
   78    17.31667   -97.39862 36.52559     424.988     729.418  923.355  290.846   92.457    0.520   12.707 0.00000e+00
   79    17.33333   -97.39838 36.52714     447.923     753.682  920.750  290.615   93.473    0.449   12.696 0.00000e+00
   80    17.35000   -97.39814 36.52882     458.803     766.075  919.415  290.505   93.810   -0.249   12.671 0.00000e+00
   81    17.36667   -97.39807 36.53066     432.832     741.342  922.079  290.827   91.571   -1.080   12.589 0.00000e+00
   82    17.38333   -97.39839 36.53260     382.944     691.795  927.424  291.399   88.323   -0.613   12.517 0.00000e+00
   83    17.40000   -97.39885 36.53468     346.819     655.951  931.279  291.740   87.392   -0.260   12.603 0.00000e+00
   84    17.41667   -97.39912 36.53692     321.501     631.209  933.959  291.994   86.314   -0.564   12.612 0.00000e+00
   85    17.43333   -97.39919 36.53928     282.128     592.427  938.202  292.381   84.662   -0.818   12.618 0.00000e+00
   86    17.45000   -97.39897 36.54171     234.280     545.058  943.374  292.838   82.776   -0.736   12.626 0.00000e+00
   87    17.46667   -97.39845 36.54417     197.682     509.128  947.321  293.221   81.472   -0.438   12.675 0.00000e+00
   88    17.48333   -97.39785 36.54662     171.799     483.924  950.100  293.511   80.255   -0.568   12.676 0.00000e+00
   89    17.50000   -97.39738 36.54908     147.943     461.153  952.555  293.744   79.509   -0.426   12.709 0.00000e+00
   90    17.51667   -97.39731 36.55153     129.400     443.540  954.493  293.905   78.820   -0.383   12.700 0.00000e+00
   91    17.53333   -97.39756 36.55393     109.292     424.142  956.631  294.097   78.127   -0.483   12.710 0.00000e+00
   92    17.55000   -97.39797 36.55626      83.717     398.991  959.418  294.374   77.073   -0.429   12.719 0.00000e+00
   93    17.56667   -97.39827 36.55838      67.512     383.086  961.191  294.590   76.290   -0.230   12.736 0.00000e+00
   94    17.58333   -97.39851 36.56021      57.511     373.385  962.268  294.775   75.712   -0.133   12.770 0.00000e+00
   95    17.60000   -97.39869 36.56183      50.237     366.413  963.012  295.009   75.076   -0.110   12.838 0.00000e+00
   96    17.61667   -97.39888 36.56332      41.729     358.263  963.916  295.226   74.454   -0.130   12.891 0.00000e+00
   97    17.63333   -97.39911 36.56482      35.677     352.925  964.453  295.434   73.916   -0.031   12.955 0.00000e+00
   98    17.65000   -97.39931 36.56648      35.072     353.261  964.434  295.527   73.471    0.019   12.951 0.00000e+00
   99    17.66667   -97.39941 36.56834      38.100     357.369  963.987  295.546   73.379    0.086   12.956 0.00000e+00
  100    17.68333   -97.39945 36.57031      47.204     367.633  962.832  295.509   73.566    0.247   12.976 0.00000e+00
  101    17.70000   -97.39954 36.57230      69.477     390.908  960.293  295.289   74.359    0.551   12.973 0.00000e+00
  102    17.71667   -97.39970 36.57425     113.679     435.705  955.328  294.790   76.118    1.087   12.945 0.00000e+00
  103    17.73333   -97.39997 36.57618     193.785     516.327  946.477  293.884   79.381    1.642   12.883 0.00000e+00
  104    17.75000   -97.40030 36.57812     293.350     616.349  935.585  292.835   83.439    1.740   12.832 0.00000e+00
  105    17.76667   -97.40044 36.58007     387.388     710.893  925.373  291.904   87.392    1.577   12.816 0.00000e+00
  106    17.78333   -97.40005 36.58214     465.085     789.168  916.988  291.138   90.776    1.229   12.799 0.00000e+00
  107    17.80000   -97.39908 36.58444     522.758     847.656  910.763  290.570   93.285    0.757   12.774 0.00000e+00
  108    17.81667   -97.39771 36.58697     545.238     871.007  908.289  290.339   94.069    0.019   12.728 0.00000e+00
  109    17.83333   -97.39640 36.58965     525.961     852.633  910.239  290.515   93.066   -0.563   12.706 0.00000e+00
  110    17.85000   -97.39577 36.59236     491.852     819.408  913.778  290.814   91.446   -0.451   12.676 0.00000e+00
  111    17.86667   -97.39589 36.59505     470.597     798.751  915.963  291.001   90.271   -0.178   12.632 0.00000e+00
  112    17.88333   -97.39650 36.59774     473.893     802.329  915.589  290.959   90.131    0.402   12.584 0.00000e+00
  113    17.90000   -97.39669 36.60034     499.758     828.348  912.789  290.700   91.059    0.707   12.544 0.00000e+00
  114    17.91667   -97.39657 36.60288     527.914     856.789  909.821  290.448   91.902    0.629   12.500 0.00000e+00
  115    17.93333   -97.39621 36.60540     551.936     881.021  907.264  290.217   92.872    0.598   12.482 0.00000e+00
  116    17.95000   -97.39578 36.60780     574.555     902.902  904.941  290.019   93.610    0.566   12.455 0.00000e+00
  117    17.96667   -97.39529 36.61005     595.030     922.569  902.895  289.824   94.487    0.368   12.445 0.00000e+00
  118    17.98333   -97.39474 36.61212     607.579     934.353  901.621  289.703   95.122    0.166   12.449 0.00000e+00
  119    18.00000   -97.39416 36.61401     607.554     933.439  901.772  289.723   94.893    0.016   12.433 0.00000e+00
  120    18.01667   -97.39368 36.61580     592.320     916.806  903.574  289.891   94.013   -0.358   12.426 0.00000e+00
  121    18.03333   -97.39333 36.61759     562.567     885.626  906.836  290.220   92.096   -0.650   12.386 0.00000e+00
  122    18.05000   -97.39300 36.61930     524.255     845.874  911.043  290.643   89.725   -0.828   12.340 0.00000e+00
  123    18.06667   -97.39265 36.62096     481.596     801.763  915.748  291.113   87.294   -0.999   12.306 0.00000e+00
  124    18.08333   -97.39230 36.62284     437.052     755.990  920.652  291.589   85.284   -1.118   12.324 0.00000e+00
  125    18.10000   -97.39195 36.62509     387.087     704.846  926.160  292.093   82.944   -1.314   12.299 0.00000e+00
  126    18.11667   -97.39178 36.62762     351.011     667.341  930.252  292.561   81.260   -0.662   12.355 0.00000e+00
  127    18.13333   -97.39172 36.63021     333.373     648.205  932.327  292.845   80.420   -0.341   12.419 0.00000e+00
  128    18.15000   -97.39165 36.63255     318.139     631.554  934.095  293.006   79.683   -0.470   12.406 0.00000e+00
  129    18.16667   -97.39154 36.63470     294.515     606.601  936.849  293.274   78.383   -0.677   12.373 0.00000e+00
  130    18.18333   -97.39148 36.63691     252.384     563.101  941.543  293.779   76.343   -1.028   12.374 0.00000e+00
  131    18.20000   -97.39128 36.63921     184.233     493.939  948.990  294.473   73.692   -1.454   12.372 0.00000e+00
  132    18.21667   -97.39053 36.64152     121.948     431.093  955.916  295.061   71.555   -0.661   12.367 0.00000e+00
  133    18.23333   -97.38930 36.64382     108.809     417.047  957.477  295.303   70.956    0.556   12.427 0.00000e+00
  134    18.25000   -97.38809 36.64602     147.916     455.079  953.325  295.177   71.774    1.434   12.528 0.00000e+00
  135    18.26667   -97.38704 36.64794     229.419     535.283  944.560  294.427   74.483    1.693   12.528 0.00000e+00
  136    18.28333   -97.38606 36.64982     314.500     619.198  935.399  293.613   77.509    1.667   12.516 0.00000e+00
  137    18.30000   -97.38506 36.65163     389.769     693.567  927.364  292.927   80.005    1.547   12.486 0.00000e+00
  138    18.31667   -97.38390 36.65353     456.327     759.186  920.323  292.310   82.173    1.402   12.431 0.00000e+00
  139    18.33333   -97.38247 36.65564     508.867     810.769  914.790  291.807   83.840    1.126   12.363 0.00000e+00
  140    18.35000   -97.38069 36.65803     537.784     839.184  911.784  291.487   84.831    0.285   12.299 0.00000e+00
  141    18.36667   -97.37874 36.66073     529.180     829.879  912.745  291.538   84.139   -0.546   12.225 0.00000e+00
  142    18.38333   -97.37684 36.66354     487.906     787.933  917.215  291.923   82.307   -0.997   12.193 0.00000e+00
  143    18.40000   -97.37512 36.66628     429.957     729.837  923.394  292.482   80.273   -1.066   12.235 0.00000e+00
  144    18.41667   -97.37367 36.66891     370.984     670.640  929.765  293.067   77.876   -1.022   12.228 0.00000e+00
  145    18.43333   -97.37243 36.67154     317.210     616.614  935.611  293.607   75.482   -0.945   12.182 0.00000e+00
  146    18.45000   -97.37109 36.67433     277.941     577.900  939.762  293.976   73.665   -1.239   12.111 0.00000e+00
  147    18.46667   -97.36971 36.67736     240.691     541.661  943.693  294.314   71.894   -1.494   12.020 0.00000e+00
  148    18.48333   -97.36845 36.68055     203.947     505.747  947.657  294.700   70.364   -1.189   11.997 0.00000e+00
  149    18.50000   -97.36739 36.68387     163.591     465.113  952.079  295.100   68.960   -1.170   11.996 0.00000e+00
  150    18.51667   -97.36647 36.68737     119.832     421.238  956.856  295.596   67.321   -0.801   12.013 0.00000e+00
  151    18.53333   -97.36572 36.69088      96.140     398.053  959.392  295.817   66.452   -0.354   11.988 0.00000e+00
  152    18.55000   -97.36543 36.69431      84.242     386.823  960.616  296.221   65.672   -0.360   12.129 0.00000e+00
  153    18.56667   -97.36499 36.69772      68.936     372.475  962.144  296.533   64.773   -0.130   12.174 0.00000e+00
  154    18.58333   -97.36422 36.70079      79.042     384.138  960.862  296.591   64.881    0.526   12.254 0.00000e+00
  155    18.60000   -97.36362 36.70356      97.758     404.267  958.669  296.233   66.142    0.426   12.249 0.00000e+00
  156    18.61667   -97.36375 36.70610     133.484     440.846  954.661  295.772   67.731    0.948   12.246 0.00000e+00
  157    18.63333   -97.36410 36.70874     211.031     518.766  946.108  294.985   70.314    1.716   12.222 0.00000e+00
  158    18.65000   -97.36412 36.71120     341.401     649.601  931.930  293.748   74.967    2.637   12.254 0.00000e+00
  159    18.66667   -97.36389 36.71358     491.148     799.964  915.860  292.215   80.944    2.598   12.232 0.00000e+00
  160    18.68333   -97.36340 36.71599     615.269     924.521  902.671  290.949   86.260    2.045   12.210 0.00000e+00
  161    18.70000   -97.36272 36.71842     722.401    1032.224  891.338  289.897   90.798    1.997   12.172 0.00000e+00
  162    18.71667   -97.36198 36.72086     835.209    1145.615  879.635  288.807   96.141    2.232   12.177 0.00000e+00
  163    18.73333   -97.36134 36.72344     957.382    1267.952  867.096  287.857  100.000    2.270   12.101 9.90404e-02
  164    18.75000   -97.36074 36.72639    1077.160    1387.563  854.977  287.298  100.000    2.016   11.837 3.30233e-01
  165    18.76667   -97.35995 36.72976    1196.673    1506.723  842.954  286.647  100.000    2.062   11.507 4.93452e-01
  166    18.78333   -97.35889 36.73343    1325.669    1635.960  830.148  285.931  100.000    2.275   11.149 6.51439e-01
  167    18.80000   -97.35807 36.73711    1436.491    1746.987  819.273  285.358  100.000    0.736   10.880 8.63135e-01
  168    18.81667   -97.35706 36.74071    1487.369    1799.402  814.133  284.406   99.211   -0.366   10.177 4.19204e-01
  169    18.83333   -97.35545 36.74434    1511.530    1825.912  811.543  284.014   96.082    0.163    9.632 1.27749e-01
  170    18.85000   -97.35345 36.74809    1545.542    1861.716  808.110  283.881   92.848   -0.451    9.264 2.68681e-02
  171    18.86667   -97.35149 36.75187    1545.808    1861.944  808.055  283.870   93.015   -1.720    9.275 1.69367e-02
  172    18.88333   -97.34981 36.75530    1505.269    1821.549  812.008  284.195   93.564   -2.201    9.488 0.00000e+00
  173    18.90000   -97.34833 36.75826    1456.953    1773.439  816.676  284.675   92.440   -1.423    9.623 0.00000e+00
  174    18.91667   -97.34682 36.76092    1436.875    1753.628  818.608  284.815   91.357   -0.365    9.577 0.00000e+00
  175    18.93333   -97.34538 36.76344    1434.066    1751.141  818.878  284.783   91.755    0.229    9.595 0.00000e+00
  176    18.95000   -97.34389 36.76586    1436.036    1753.094  818.721  284.584   94.313    0.492    9.735 0.00000e+00
  177    18.96667   -97.34235 36.76834    1440.322    1757.041  818.310  284.557   95.205    0.390    9.814 4.26297e-03
  178    18.98333   -97.34097 36.77104    1452.281    1768.515  817.204  284.446   95.224    0.531    9.757 2.52329e-04
