    0    16.01667   -97.52097 36.25947      82.283     437.739  955.184  292.672   86.119    0.345   12.837 0.00000e+00
    1    16.03333   -97.52184 36.26265      99.877     456.983  953.014  292.461   86.998    0.421   12.827 0.00000e+00
    2    16.05000   -97.52245 36.26566     112.848     472.798  951.199  292.312   87.648    0.119   12.827 0.00000e+00
    3    16.06667   -97.52270 36.26839     108.142     470.736  951.428  292.383   87.433   -0.212   12.849 0.00000e+00
    4    16.08333   -97.52300 36.27090      90.690     455.571  953.095  292.569   86.669   -0.430   12.864 0.00000e+00
    5    16.10000   -97.52359 36.27320      81.506     446.140  954.207  292.698   86.077   -0.015   12.866 0.00000e+00
    6    16.11667   -97.52435 36.27533      89.442     452.817  953.542  292.594   86.781    0.455   12.895 0.00000e+00
    7    16.13333   -97.52485 36.27738     114.225     476.611  950.934  292.383   87.708    0.411   12.897 0.00000e+00
    8    16.15000   -97.52507 36.27942     138.083     499.677  948.393  292.202   88.467    0.434   12.896 0.00000e+00
    9    16.16667   -97.52517 36.28144     164.761     525.605  945.562  291.993   89.230    0.313   12.876 0.00000e+00
   10    16.18333   -97.52522 36.28351     184.028     544.111  943.564  291.862   89.283    0.123   12.805 0.00000e+00
   11    16.20000   -97.52525 36.28556     191.678     551.009  942.760  291.794   89.363    0.071   12.772 0.00000e+00
   12    16.21667   -97.52536 36.28764     190.142     548.713  943.054  291.801   89.471    0.075   12.789 0.00000e+00
   13    16.23333   -97.52553 36.28980     188.499     546.208  943.354  291.826   89.540   -0.089   12.815 0.00000e+00
   14    16.25000   -97.52557 36.29205     202.556     559.341  941.879  291.731   89.906    0.307   12.811 0.00000e+00
   15    16.26667   -97.52518 36.29431     235.911     591.875  938.288  291.520   90.229    0.849   12.736 0.00000e+00
   16    16.28333   -97.52429 36.29658     293.413     648.795  932.087  290.987   92.678    1.140   12.731 0.00000e+00
   17    16.30000   -97.52312 36.29885     355.758     710.844  925.355  290.380   95.775    1.177   12.751 0.00000e+00
   18    16.31667   -97.52183 36.30125     415.543     770.285  918.986  289.783   98.876    1.108   12.759 4.59456e-05
   19    16.33333   -97.52047 36.30390     450.356     804.529  915.371  289.489  100.000    0.482   12.730 2.58127e-02
   20    16.35000   -97.51917 36.30674     453.293     805.921  915.279  289.522   99.778   -0.364   12.713 1.51822e-02
   21    16.36667   -97.51796 36.30959     443.893     794.504  916.465  289.802   97.238   -0.506   12.598 0.00000e+00
   22    16.38333   -97.51706 36.31242     433.306     782.364  917.763  290.094   94.692   -0.060   12.481 0.00000e+00
   23    16.40000   -97.51622 36.31565     439.695     785.616  917.394  290.038   95.167    0.628   12.504 0.00000e+00
   24    16.41667   -97.51514 36.31934     460.744     803.293  915.413  289.830   96.419    1.138   12.529 0.00000e+00
   25    16.43333   -97.51399 36.32349     501.085     841.175  911.384  289.535   97.302    1.525   12.462 0.00000e+00
   26    16.45000   -97.51253 36.32776     555.722     892.409  906.051  289.108   99.086    0.881   12.420 1.51853e-02
   27    16.46667   -97.51076 36.33179     579.399     915.136  903.427  288.907  100.000   -0.290   12.421 4.01720e-02
   28    16.48333   -97.50887 36.33540     569.096     908.297  904.117  288.958   99.565   -0.450   12.386 8.33099e-03
   29    16.50000   -97.50665 36.33883     522.613     864.521  908.812  289.362   97.798   -1.344   12.423 0.00000e+00
   30    16.51667   -97.50471 36.34248     446.414     788.621  916.984  290.085   94.390   -1.782   12.446 0.00000e+00
   31    16.53333   -97.50317 36.34594     387.235     730.000  923.336  290.681   91.423   -1.129   12.435 0.00000e+00
   32    16.55000   -97.50168 36.34904     356.253     696.940  927.027  290.989   90.108   -0.591   12.448 0.00000e+00
   33    16.56667   -97.50016 36.35185     346.264     684.053  928.433  291.089   89.800   -0.271   12.465 0.00000e+00
   34    16.58333   -97.49860 36.35444     356.301     691.261  927.637  290.996   90.371    0.171   12.482 0.00000e+00
   35    16.60000   -97.49704 36.35686     385.711     718.716  924.614  290.711   91.763    0.615   12.487 0.00000e+00
   36    16.61667   -97.49562 36.35935     426.678     758.283  920.330  290.315   93.680    0.869   12.489 0.00000e+00
   37    16.63333   -97.49435 36.36209     472.463     802.851  915.613  289.870   95.950    1.038   12.497 0.00000e+00
   38    16.65000   -97.49321 36.36504     522.190     850.524  910.524  289.391   98.485    1.242   12.509 0.00000e+00
   39    16.66667   -97.49200 36.36812     563.709     889.521  906.357  289.049  100.000    1.148   12.496 2.52593e-02
   40    16.68333   -97.49056 36.37126     591.726     915.114  903.574  288.926  100.000    0.362   12.439 6.99002e-02
   41    16.70000   -97.48877 36.37454     606.010     930.925  901.806  288.860   99.860    0.073   12.377 6.41394e-02
   42    16.71667   -97.48669 36.37800     608.278     936.291  901.174  288.818   99.918   -0.079   12.359 4.34099e-02
   43    16.73333   -97.48456 36.38159     588.186     919.310  903.010  288.913   99.772   -0.428   12.392 1.18774e-02
   44    16.75000   -97.48272 36.38522     544.672     878.013  907.380  289.265   98.191   -0.620   12.414 0.00000e+00
   45    16.76667   -97.48128 36.38879     503.411     839.247  911.477  289.652   96.159   -0.527   12.407 0.00000e+00
   46    16.78333   -97.48003 36.39222     478.408     816.672  913.955  289.896   94.837   -0.347   12.395 0.00000e+00
   47    16.80000   -97.47887 36.39546     457.164     797.393  916.039  290.100   93.743   -0.403   12.385 0.00000e+00
   48    16.81667   -97.47783 36.39850     433.689     773.236  918.806  290.362   92.402   -0.570   12.376 0.00000e+00
   49    16.83333   -97.47694 36.40129     408.057     745.475  921.787  290.634   91.071   -0.699   12.370 0.00000e+00
   50    16.85000   -97.47631 36.40378     379.581     715.197  925.054  290.921   89.842   -0.587   12.384 0.00000e+00
   51    16.86667   -97.47604 36.40596     356.431     690.686  927.617  291.149   88.906   -0.738   12.400 0.00000e+00
   52    16.88333   -97.47620 36.40782     333.942     667.144  930.182  291.438   88.022   -0.296   12.468 0.00000e+00
   53    16.90000   -97.47649 36.40969     327.667     659.716  930.973  291.526   88.024    0.581   12.527 0.00000e+00
   54    16.91667   -97.47702 36.41171     335.780     666.387  930.253  291.417   88.628    0.833   12.537 0.00000e+00
   55    16.93333   -97.47769 36.41386     336.795     665.756  930.291  291.409   88.645    0.121   12.532 0.00000e+00
   56    16.95000   -97.47831 36.41623     335.535     662.933  930.635  291.463   88.372   -0.226   12.532 0.00000e+00
   57    16.96667   -97.47891 36.41859     338.507     664.382  930.485  291.473   88.299   -0.189   12.531 0.00000e+00
   58    16.98333   -97.47952 36.42099     337.726     662.122  930.760  291.500   88.290   -0.207   12.547 0.00000e+00
   59    17.00000   -97.48006 36.42340     336.526     659.439  931.116  291.534   88.177   -0.129   12.554 0.00000e+00
   60    17.01667   -97.48047 36.42578     332.128     653.530  931.694  291.581   88.061   -0.152   12.567 0.00000e+00
   61    17.03333   -97.48066 36.42807     315.524     635.451  933.689  291.759   87.343   -0.507   12.578 0.00000e+00
   62    17.05000   -97.48080 36.43036     282.084     600.762  937.419  292.115   85.752   -0.669   12.579 0.00000e+00
   63    17.06667   -97.48098 36.43265     244.603     563.000  941.535  292.499   84.086   -0.549   12.581 0.00000e+00
   64    17.08333   -97.48116 36.43494     215.922     534.206  944.723  292.796   82.901   -0.311   12.593 0.00000e+00
   65    17.10000   -97.48134 36.43720     197.176     515.468  946.770  292.980   82.207   -0.201   12.605 0.00000e+00
   66    17.11667   -97.48148 36.43941     183.411     501.490  948.352  293.117   81.608   -0.252   12.600 0.00000e+00
   67    17.13333   -97.48149 36.44156     173.851     491.355  949.451  293.246   80.751   -0.257   12.554 0.00000e+00
   68    17.15000   -97.48134 36.44367     174.911     491.740  949.386  293.300   80.275    0.218   12.523 0.00000e+00
   69    17.16667   -97.48085 36.44577     196.568     512.517  947.081  293.172   81.092    0.801   12.581 0.00000e+00
   70    17.18333   -97.48022 36.44788     224.105     538.778  944.224  293.000   82.172    1.039   12.650 0.00000e+00
   71    17.20000   -97.47953 36.44997     247.424     560.452  941.860  292.817   83.095    0.957   12.679 0.00000e+00
   72    17.21667   -97.47888 36.45207     269.568     580.949  939.602  292.576   83.896    0.438   12.639 0.00000e+00
   73    17.23333   -97.47829 36.45417     288.091     597.918  937.758  292.358   84.880    0.226   12.638 0.00000e+00
   74    17.25000   -97.47765 36.45644     303.106     611.441  936.258  292.246   85.456   -0.090   12.655 0.00000e+00
   75    17.26667   -97.47696 36.45895     316.272     623.436  934.948  292.104   86.096    0.022   12.654 0.00000e+00
   76    17.28333   -97.47624 36.46162     327.936     634.140  933.714  292.002   86.519   -0.005   12.651 0.00000e+00
   77    17.30000   -97.47557 36.46441     332.997     638.722  933.211  291.955   86.714   -0.117   12.649 0.00000e+00
   78    17.31667   -97.47496 36.46724     321.353     626.969  934.532  292.077   86.025   -0.355   12.628 0.00000e+00
   79    17.33333   -97.47446 36.47009     288.868     594.329  938.061  292.408   84.351   -0.840   12.595 0.00000e+00
   80    17.35000   -97.47416 36.47297     211.432     516.454  946.538  293.194   80.933   -2.003   12.580 0.00000e+00
   81    17.36667   -97.47387 36.47584      99.226     403.475  958.927  294.317   76.379   -1.816   12.567 0.00000e+00
   82    17.38333   -97.47366 36.47864      38.183     341.610  965.848  295.006   73.819   -0.590   12.582 0.00000e+00
   83    17.40000   -97.47417 36.48135      20.426     323.137  967.873  295.577   72.279   -0.121   12.734 0.00000e+00
   84    17.41667   -97.47520 36.48363      16.644     319.070  968.320  295.857   71.627    0.017   12.833 0.00000e+00
   85    17.43333   -97.47638 36.48564      19.774     322.249  967.986  296.120   71.150    0.179   12.959 0.00000e+00
   86    17.45000   -97.47726 36.48763      33.215     335.900  966.461  296.082   71.418    0.334   12.998 0.00000e+00
   87    17.46667   -97.47768 36.48967      66.761     370.106  962.655  295.671   72.638    0.932   12.943 0.00000e+00
   88    17.48333   -97.47748 36.49184     145.881     449.916  953.836  294.659   75.976    1.800   12.837 0.00000e+00
   89    17.50000   -97.47702 36.49407     263.566     568.240  940.885  293.306   81.055    2.076   12.765 0.00000e+00
   90    17.51667   -97.47668 36.49630     384.240     689.572  927.774  291.979   86.561    1.801   12.721 0.00000e+00
   91    17.53333   -97.47606 36.49841     507.543     812.308  914.681  290.836   91.708    2.153   12.717 0.00000e+00
   92    17.55000   -97.47450 36.50035     617.208     920.829  903.108  289.818   96.068    1.512   12.645 0.00000e+00
   93    17.56667   -97.47221 36.50232     691.294     993.663  895.413  289.127   99.385    0.927   12.622 4.32782e-04
   94    17.58333   -97.46967 36.50445     732.266    1033.409  891.257  288.870   99.746    0.616   12.518 3.77966e-02
   95    17.60000   -97.46725 36.50677     748.555    1048.716  889.622  288.720  100.000    0.372   12.462 1.74328e-02
   96    17.61667   -97.46508 36.50919     748.063    1048.110  889.650  288.778   99.279    0.133   12.409 2.50371e-02
   97    17.63333   -97.46306 36.51166     736.471    1037.274  890.739  288.839   99.057    0.084   12.414 3.04982e-03
   98    17.65000   -97.46114 36.51416     725.175    1027.842  891.696  288.907   98.851    0.287   12.430 1.64066e-03
   99    17.66667   -97.45929 36.51675     718.560    1023.791  892.110  288.946   98.398    0.199   12.398 5.03344e-04
  100    17.68333   -97.45753 36.51950     707.183    1014.906  893.027  289.054   97.286   -0.028   12.330 0.00000e+00
  101    17.70000   -97.45581 36.52243     694.979    1004.938  894.161  289.329   92.937   -0.053   11.975 0.00000e+00
  102    17.71667   -97.45413 36.52552     694.372    1005.689  894.089  289.358   92.465    0.164   11.937 0.00000e+00
  103    17.73333   -97.45242 36.52878     706.212    1018.640  892.796  289.280   92.221    0.117   11.863 0.00000e+00
  104    17.75000   -97.45062 36.53222     705.272    1017.856  892.887  289.314   92.189   -0.458   11.884 0.00000e+00
  105    17.76667   -97.44849 36.53547     677.880     990.506  895.694  289.595   90.578   -0.751   11.851 0.00000e+00
  106    17.78333   -97.44617 36.53832     652.658     965.536  898.369  289.875   88.224   -0.252   11.717 0.00000e+00
  107    17.80000   -97.44375 36.54091     662.028     974.227  897.486  289.786   88.642    0.429   11.717 0.00000e+00
  108    17.81667   -97.44119 36.54340     695.015    1006.283  894.173  289.459   90.751    0.594   11.791 0.00000e+00
  109    17.83333   -97.43840 36.54585     719.348    1029.135  891.781  289.230   92.220    0.155   11.839 0.00000e+00
  110    17.85000   -97.43536 36.54830     704.063    1013.796  893.258  289.369   91.884   -0.686   11.881 0.00000e+00
  111    17.86667   -97.43213 36.55088     636.943     948.695  900.012  290.049   88.496   -1.572   11.863 0.00000e+00
  112    17.88333   -97.42905 36.55354     540.619     855.099  909.957  290.965   84.626   -1.598   11.894 0.00000e+00
  113    17.90000   -97.42624 36.55646     451.807     768.482  919.232  291.780   81.186   -1.437   11.893 0.00000e+00
  114    17.91667   -97.42368 36.55967     377.656     695.596  927.034  292.431   79.290   -1.123   11.999 0.00000e+00
  115    17.93333   -97.42139 36.56309     310.549     629.596  934.255  293.058   77.134   -1.100   12.046 0.00000e+00
  116    17.95000   -97.41942 36.56654     246.834     564.960  941.299  293.706   74.468   -1.077   12.018 0.00000e+00
  117    17.96667   -97.41762 36.57000     190.601     507.695  947.436  294.253   72.453   -1.144   12.019 0.00000e+00
  118    17.98333   -97.41576 36.57338     167.505     485.106  949.884  294.529   71.559    0.118   12.044 0.00000e+00
  119    18.00000   -97.41391 36.57652     185.740     504.477  947.802  294.408   72.860    0.928   12.198 0.00000e+00
  120    18.01667   -97.41216 36.57953     218.501     538.303  944.089  294.077   74.575    0.925   12.280 0.00000e+00
  121    18.03333   -97.41057 36.58253     244.001     564.506  941.200  293.812   75.769    0.443   12.311 0.00000e+00
  122    18.05000   -97.40909 36.58549     253.127     574.485  940.100  293.710   76.365    0.082   12.344 0.00000e+00
  123    18.06667   -97.40777 36.58834     256.046     578.316  939.650  293.688   76.792   -0.065   12.401 0.00000e+00
  124    18.08333   -97.40659 36.59106     253.807     577.005  939.795  293.693   76.895   -0.233   12.420 0.00000e+00
  125    18.10000   -97.40553 36.59364     241.696     565.847  941.064  293.783   76.435   -0.460   12.399 0.00000e+00
  126    18.11667   -97.40450 36.59618     225.620     550.775  942.681  293.914   75.830   -0.461   12.379 0.00000e+00
  127    18.13333   -97.40347 36.59870     206.368     532.120  944.754  294.083   75.104   -0.580   12.363 0.00000e+00
  128    18.15000   -97.40253 36.60121     181.212     507.397  947.411  294.300   74.201   -0.698   12.345 0.00000e+00
  129    18.16667   -97.40156 36.60364     148.622     475.273  950.921  294.599   73.028   -0.708   12.331 0.00000e+00
  130    18.18333   -97.40049 36.60597     113.399     440.544  954.754  294.933   71.648   -0.692   12.301 0.00000e+00
  131    18.20000   -97.39925 36.60818      84.543     411.860  957.932  295.295   70.363   -0.474   12.311 0.00000e+00
  132    18.21667   -97.39784 36.61028      68.409     395.565  959.791  295.872   69.039   -0.162   12.491 0.00000e+00
  133    18.23333   -97.39635 36.61219      66.079     392.689  960.098  296.293   68.270    0.121   12.671 0.00000e+00
  134    18.25000   -97.39493 36.61411      82.440     407.954  958.397  296.249   68.506    0.508   12.703 0.00000e+00
  135    18.26667   -97.39378 36.61613     126.090     450.232  953.741  295.784   69.755    1.333   12.634 0.00000e+00
  136    18.28333   -97.39296 36.61813     203.824     526.562  945.418  294.729   72.353    1.686   12.388 0.00000e+00
  137    18.30000   -97.39215 36.62002     317.787     639.030  933.207  293.546   76.316    2.306   12.301 0.00000e+00
  138    18.31667   -97.39129 36.62189     451.199     770.958  919.044  292.233   81.481    2.616   12.284 0.00000e+00
  139    18.33333   -97.39029 36.62380     574.610     893.242  906.065  291.035   86.476    2.208   12.261 0.00000e+00
  140    18.35000   -97.38896 36.62568     670.619     987.926  896.145  290.121   90.947    1.908   12.301 0.00000e+00
  141    18.36667   -97.38721 36.62741     738.044    1053.728  889.283  289.543   93.345    1.205   12.261 0.00000e+00
  142    18.38333   -97.38513 36.62893     773.936    1088.744  885.535  289.276   93.603    0.115   12.138 0.00000e+00
  143    18.40000   -97.38277 36.63047     785.792    1101.088  884.219  289.241   92.248   -0.017   11.952 0.00000e+00
  144    18.41667   -97.38062 36.63239     793.919    1109.623  883.371  289.233   90.693    0.054   11.756 0.00000e+00
  145    18.43333   -97.37881 36.63466     800.383    1115.998  882.781  289.187   90.264    0.120   11.674 0.00000e+00
  146    18.45000   -97.37703 36.63729     817.924    1131.679  881.272  289.048   91.263    0.448   11.718 0.00000e+00
  147    18.46667   -97.37513 36.63992     852.084    1162.555  878.078  288.757   92.464    0.718   11.694 0.00000e+00
  148    18.48333   -97.37331 36.64238     893.790    1201.443  874.067  288.385   94.483    0.707   11.720 0.00000e+00
  149    18.50000   -97.37154 36.64476     936.282    1241.445  869.924  288.003   96.247    0.475   11.702 0.00000e+00
  150    18.51667   -97.36977 36.64702     952.614    1255.687  868.424  287.866   96.713   -0.142   11.675 0.00000e+00
  151    18.53333   -97.36803 36.64911     930.833    1232.619  870.756  288.095   95.422   -0.787   11.660 0.00000e+00
  152    18.55000   -97.36652 36.65104     882.537    1183.420  875.821  288.575   93.077   -0.974   11.664 0.00000e+00
  153    18.56667   -97.36530 36.65285     834.353    1134.477  880.875  289.064   90.551   -0.798   11.644 0.00000e+00
  154    18.58333   -97.36430 36.65459     796.581    1096.084  884.848  289.448   88.537   -0.570   11.617 0.00000e+00
  155    18.60000   -97.36337 36.65629     770.034    1069.384  887.579  289.714   87.126   -0.414   11.593 0.00000e+00
  156    18.61667   -97.36244 36.65801     750.612    1050.062  889.626  289.938   85.548   -0.288   11.521 0.00000e+00
  157    18.63333   -97.36148 36.65981     731.384    1030.946  891.655  290.126   84.442   -0.399   11.483 0.00000e+00
  158    18.65000   -97.36050 36.66167     705.868    1005.495  894.310  290.404   83.659   -0.455   11.545 0.00000e+00
  159    18.66667   -97.35945 36.66355     665.197     964.730  898.607  290.754   81.769   -1.086   11.483 0.00000e+00
  160    18.68333   -97.35842 36.66563     602.952     902.176  905.137  291.378   79.457   -1.442   11.526 0.00000e+00
  161    18.70000   -97.35753 36.66800     539.908     838.949  911.782  292.003   77.429   -1.215   11.598 0.00000e+00
  162    18.71667   -97.35672 36.67054     502.608     801.594  915.762  292.372   76.056   -0.526   11.609 0.00000e+00
  163    18.73333   -97.35605 36.67321     504.781     803.800  915.529  292.358   76.284    0.039   11.637 0.00000e+00
  164    18.75000   -97.35566 36.67600     534.915     833.897  912.359  292.073   77.652    0.678   11.675 0.00000e+00
  165    18.76667   -97.35539 36.67901     597.183     896.065  905.805  291.485   80.395    1.458   11.732 0.00000e+00
  166    18.78333   -97.35500 36.68228     681.270     980.666  896.853  290.622   84.835    1.722   11.838 0.00000e+00
  167    18.80000   -97.35454 36.68553     751.466    1051.753  889.420  289.877   89.270    1.250   11.977 0.00000e+00
  168    18.81667   -97.35411 36.68875     786.697    1088.055  885.613  289.475   91.953    0.447   12.076 0.00000e+00
  169    18.83333   -97.35377 36.69184     784.912    1087.970  885.594  289.453   92.413   -0.308   12.119 0.00000e+00
  170    18.85000   -97.35351 36.69475     760.331    1065.064  887.978  289.680   91.401   -0.633   12.129 0.00000e+00
  171    18.86667   -97.35315 36.69749     728.549    1035.102  891.086  289.994   89.682   -0.816   12.100 0.00000e+00
  172    18.88333   -97.35263 36.70014     691.253    1000.092  894.757  290.361   87.831   -0.813   12.082 0.00000e+00
  173    18.90000   -97.35215 36.70263     657.811     968.708  898.059  290.696   86.090   -0.533   12.053 0.00000e+00
  174    18.91667   -97.35197 36.70495     636.079     948.835  900.218  290.911   84.845   -0.214   12.013 0.00000e+00
  175    18.93333   -97.35222 36.70721     635.311     948.725  900.214  290.958   84.137    0.353   11.949 0.00000e+00
  176    18.95000   -97.35268 36.70965     659.446     973.462  897.617  290.749   85.394    0.747   12.002 0.00000e+00
  177    18.96667   -97.35322 36.71223     692.024    1006.541  894.117  290.427   86.416    0.618   11.946 0.00000e+00
  178    18.98333   -97.35363 36.71487     729.962    1043.974  890.305  290.077   87.676    0.756   11.903 0.00000e+00
