    0    16.01667   -97.42825 36.24358      49.628     421.444  957.149  292.766   84.977    0.131   12.716 0.00000e+00
    1    16.03333   -97.42834 36.24678      69.438     437.969  955.238  292.664   85.577    0.589   12.750 0.00000e+00
    2    16.05000   -97.42769 36.24980     116.988     485.122  950.057  292.251   87.551    0.906   12.779 0.00000e+00
    3    16.06667   -97.42607 36.25258     173.052     540.596  944.033  291.744   90.020    0.811   12.809 0.00000e+00
    4    16.08333   -97.42398 36.25525     222.001     587.916  938.979  291.319   92.114    0.849   12.827 0.00000e+00
    5    16.10000   -97.42187 36.25794     278.571     639.617  933.340  290.819   94.502    1.240   12.827 0.00000e+00
    6    16.11667   -97.41988 36.26046     355.918     712.149  925.575  290.133   97.890    1.535   12.825 0.00000e+00
    7    16.13333   -97.41792 36.26289     436.536     788.090  917.253  289.531  100.000    1.176   12.737 6.77232e-02
    8    16.15000   -97.41593 36.26537     496.196     845.753  911.061  289.272  100.000    0.742   12.613 1.89417e-01
    9    16.16667   -97.41389 36.26804     530.060     877.092  907.802  289.130  100.000    0.444   12.544 2.53364e-01
   10    16.18333   -97.41167 36.27099     542.605     885.760  906.780  289.077  100.000    0.057   12.516 2.72564e-01
   11    16.20000   -97.40938 36.27419     530.258     872.951  908.138  289.125  100.000   -0.452   12.536 2.35964e-01
   12    16.21667   -97.40709 36.27758     501.971     842.387  911.613  289.262  100.000   -0.830   12.600 1.30120e-01
   13    16.23333   -97.40484 36.28119     471.698     806.723  915.399  289.429   99.965   -0.851   12.660 2.87371e-03
   14    16.25000   -97.40258 36.28489     442.813     773.352  918.878  289.783   97.818   -0.391   12.624 0.00000e+00
   15    16.26667   -97.40029 36.28862     425.860     753.440  920.963  289.984   96.612    0.071   12.602 0.00000e+00
   16    16.28333   -97.39797 36.29233     423.094     747.779  921.588  290.048   96.213    0.315   12.592 0.00000e+00
   17    16.30000   -97.39584 36.29602     432.360     754.223  920.888  290.043   95.754    0.308   12.538 0.00000e+00
   18    16.31667   -97.39412 36.29966     456.370     775.821  918.499  289.836   96.676    0.783   12.524 0.00000e+00
   19    16.33333   -97.39243 36.30326     506.570     824.417  913.295  289.371   99.206    0.980   12.546 3.97926e-04
   20    16.35000   -97.39061 36.30697     562.096     878.414  907.576  289.041  100.000    0.869   12.476 7.44313e-02
   21    16.36667   -97.38868 36.31074     610.470     924.306  902.792  288.831  100.000    0.801   12.375 1.56792e-01
   22    16.38333   -97.38666 36.31456     650.896     961.854  898.691  288.661  100.000    0.703   12.296 2.31569e-01
   23    16.40000   -97.38449 36.31841     681.373     992.641  895.340  288.517  100.000    0.457   12.228 2.90867e-01
   24    16.41667   -97.38208 36.32228     696.469    1008.912  893.650  288.427  100.000    0.089   12.180 2.73913e-01
   25    16.43333   -97.37943 36.32616     685.958     998.733  894.810  288.450  100.000   -0.572   12.177 1.46353e-01
   26    16.45000   -97.37663 36.32983     654.464     965.760  898.321  288.623   99.812   -1.042   12.230 4.51247e-02
   27    16.46667   -97.37380 36.33330     620.515     929.666  902.175  288.856   99.223   -0.949   12.289 8.82235e-03
   28    16.48333   -97.37106 36.33665     601.807     908.324  904.471  289.011   98.688   -0.379   12.315 1.10277e-03
   29    16.50000   -97.36834 36.34000     605.160     911.044  904.067  288.987   98.661    0.316   12.298 9.82213e-05
   30    16.51667   -97.36558 36.34341     628.341     935.777  901.481  288.772   99.559    1.096   12.274 3.32047e-03
   31    16.53333   -97.36277 36.34694     669.439     978.081  896.997  288.520  100.000    1.275   12.207 5.88079e-02
   32    16.55000   -97.35984 36.35063     717.460    1027.974  891.811  288.292  100.000    1.223   12.100 1.43109e-01
   33    16.56667   -97.35670 36.35448     759.912    1071.238  887.247  288.087  100.000    0.673   12.002 2.03445e-01
   34    16.58333   -97.35339 36.35854     770.147    1085.021  885.700  288.011  100.000   -0.232   11.965 2.02759e-01
   35    16.60000   -97.35007 36.36277     734.800    1054.136  889.005  288.152  100.000   -0.908   12.029 1.30926e-01
   36    16.61667   -97.34693 36.36707     660.862     982.078  896.585  288.566   99.342   -1.473   12.152 3.10753e-04
   37    16.63333   -97.34410 36.37129     567.375     892.199  906.186  289.481   94.368   -1.464   12.114 0.00000e+00
   38    16.65000   -97.34152 36.37539     495.848     819.240  914.009  290.264   90.146   -0.945   12.062 0.00000e+00
   39    16.66667   -97.33907 36.37941     463.860     786.674  917.400  290.655   87.596   -0.076   11.972 0.00000e+00
   40    16.68333   -97.33656 36.38331     480.311     804.707  915.468  290.508   87.987    0.971   11.939 0.00000e+00
   41    16.70000   -97.33400 36.38715     548.735     874.633  908.082  289.726   92.491    1.806   12.036 0.00000e+00
   42    16.71667   -97.33145 36.39116     658.393     983.699  896.415  288.616   98.274    1.897   12.063 0.00000e+00
   43    16.73333   -97.32875 36.39514     769.648    1095.765  884.708  287.879  100.000    1.717   11.864 8.56769e-02
   44    16.75000   -97.32579 36.39887     877.993    1199.817  874.169  287.392  100.000    1.740   11.646 2.48129e-01
   45    16.76667   -97.32265 36.40237     973.289    1289.210  864.861  286.979  100.000    1.371   11.458 4.14558e-01
   46    16.78333   -97.31943 36.40575    1039.409    1351.966  858.423  286.680  100.000    0.684   11.322 5.25058e-01
   47    16.80000   -97.31619 36.40912    1071.062    1381.401  855.424  286.542  100.000    0.056   11.260 5.79759e-01
   48    16.81667   -97.31297 36.41254    1072.865    1381.262  855.398  286.547  100.000   -0.399   11.265 5.83547e-01
   49    16.83333   -97.30977 36.41611    1053.441    1361.539  857.304  286.639  100.000   -0.711   11.308 5.52761e-01
   50    16.85000   -97.30652 36.41980    1025.127    1333.510  860.204  286.760  100.000   -0.797   11.359 4.79366e-01
   51    16.86667   -97.30312 36.42347    1006.307    1313.178  862.494  286.852  100.000   -0.505   11.396 4.04904e-01
   52    16.88333   -97.29951 36.42695    1027.107    1326.811  861.128  286.795  100.000   -0.113   11.372 4.10216e-01
   53    16.90000   -97.29582 36.43025    1074.761    1367.859  856.888  286.586  100.000    0.359   11.273 4.27783e-01
   54    16.91667   -97.29204 36.43343    1134.559    1425.060  851.018  286.278  100.000    0.435   11.125 4.78345e-01
   55    16.93333   -97.28819 36.43657    1179.693    1469.042  846.565  286.044  100.000    0.026   11.013 5.30167e-01
   56    16.95000   -97.28429 36.43974    1197.622    1483.967  845.183  285.936  100.000   -0.464   10.953 5.04507e-01
   57    16.96667   -97.28044 36.44305    1184.455    1466.544  846.865  285.972  100.000   -0.760   10.957 3.81370e-01
   58    16.98333   -97.27660 36.44653    1144.332    1424.141  851.070  286.102  100.000   -0.676   10.995 1.98293e-01
   59    17.00000   -97.27283 36.45005    1097.720    1377.384  855.789  286.277   99.933   -0.451   11.035 4.12125e-02
   60    17.01667   -97.26909 36.45351    1061.894    1342.375  859.312  286.493   99.562   -0.140   11.105 5.61745e-02
   61    17.03333   -97.26545 36.45691    1054.235    1335.573  860.076  286.509   99.957    0.140   11.150 3.25939e-02
   62    17.05000   -97.26199 36.46021    1075.214    1356.885  857.933  286.374   99.857    0.265   11.069 2.42467e-02
   63    17.06667   -97.25858 36.46343    1111.714    1393.522  854.154  286.128  100.000    0.398   10.973 3.99295e-02
   64    17.08333   -97.25516 36.46664    1146.988    1430.123  850.468  285.932  100.000    0.374   10.881 8.25297e-02
   65    17.10000   -97.25174 36.46989    1170.898    1454.840  847.968  285.813  100.000    0.195   10.828 1.21537e-01
   66    17.11667   -97.24829 36.47326    1171.876    1457.146  847.751  285.821  100.000   -0.104   10.837 1.31595e-01
   67    17.13333   -97.24483 36.47676    1147.035    1433.577  850.107  285.952  100.000   -0.495   10.897 8.84747e-02
   68    17.15000   -97.24136 36.48035    1101.248    1390.191  854.480  286.204   99.825   -0.789   10.987 2.67055e-02
   69    17.16667   -97.23779 36.48396    1049.037    1340.269  859.575  286.620   98.125   -0.797   11.033 4.66659e-04
   70    17.18333   -97.23409 36.48756    1010.282    1302.270  863.514  287.003   96.144   -0.453   11.034 0.00000e+00
   71    17.20000   -97.23029 36.49110    1002.992    1292.988  864.504  287.111   95.434    0.050   11.017 0.00000e+00
   72    17.21667   -97.22653 36.49459    1025.630    1314.114  862.290  286.958   95.575    0.404   10.952 0.00000e+00
   73    17.23333   -97.22285 36.49805    1062.675    1353.178  858.213  286.605   96.967    0.447   10.909 0.00000e+00
   74    17.25000   -97.21916 36.50149    1092.047    1386.710  854.837  286.294   98.341    0.184   10.883 0.00000e+00
   75    17.26667   -97.21542 36.50489    1095.921    1393.729  854.190  286.228   98.557   -0.347   10.868 0.00000e+00
   76    17.28333   -97.21162 36.50827    1065.319    1364.094  857.236  286.529   96.835   -0.870   10.853 0.00000e+00
   77    17.30000   -97.20782 36.51171    1009.311    1306.661  863.185  287.092   93.845   -1.014   10.837 0.00000e+00
   78    17.31667   -97.20399 36.51527     948.173    1240.987  869.917  287.650   91.319   -0.868   10.851 0.00000e+00
   79    17.33333   -97.20026 36.51881     898.894    1189.249  875.132  288.024   90.577   -0.433   10.962 0.00000e+00
   80    17.35000   -97.19670 36.52229     888.445    1179.411  876.079  288.044   91.095    0.299   11.027 0.00000e+00
   81    17.36667   -97.19324 36.52570     926.697    1220.417  871.855  287.611   93.417    1.085   11.047 0.00000e+00
   82    17.38333   -97.18984 36.52903     999.954    1296.101  864.125  286.853   97.477    1.475   11.069 0.00000e+00
   83    17.40000   -97.18644 36.53223    1075.251    1373.790  856.194  286.244  100.000    1.172   11.028 7.46408e-02
   84    17.41667   -97.18303 36.53531    1122.988    1423.391  851.204  286.034  100.000    0.606   10.944 2.00271e-01
   85    17.43333   -97.17959 36.53833    1129.724    1431.811  850.382  286.002  100.000   -0.136   10.933 2.39375e-01
   86    17.45000   -97.17619 36.54137    1088.721    1390.710  854.634  286.192  100.000   -0.985   11.015 1.48260e-01
   87    17.46667   -97.17288 36.54454     999.925    1300.383  863.853  286.811   97.807   -1.682   11.080 1.82021e-03
   88    17.48333   -97.16992 36.54794     892.582    1191.274  874.944  287.931   91.625   -1.704   11.024 0.00000e+00
   89    17.50000   -97.16716 36.55153     803.028    1103.788  883.909  288.696   87.966   -1.206   11.008 0.00000e+00
   90    17.51667   -97.16451 36.55521     752.761    1057.517  888.696  289.081   86.459   -0.579   11.031 0.00000e+00
   91    17.53333   -97.16187 36.55875     744.274    1053.076  889.248  289.115   86.535   -0.085   11.058 0.00000e+00
   92    17.55000   -97.15932 36.56206     765.687    1077.331  886.730  288.818   88.803    0.333   11.165 0.00000e+00
   93    17.56667   -97.15697 36.56514     805.858    1117.492  882.727  288.281   93.072    0.853   11.353 0.00000e+00
   94    17.58333   -97.15478 36.56807     855.223    1163.350  878.077  287.683   97.587    1.107   11.512 0.00000e+00
   95    17.60000   -97.15260 36.57093     899.524    1202.760  873.936  287.301  100.000    0.862   11.578 3.50843e-02
   96    17.61667   -97.15036 36.57371     927.863    1229.895  871.068  287.224  100.000    0.516   11.559 1.33500e-01
   97    17.63333   -97.14805 36.57637     941.636    1242.034  869.901  287.231  100.000    0.257   11.581 2.02615e-01
   98    17.65000   -97.14558 36.57890     942.964    1239.885  870.143  287.289  100.000   -0.089   11.622 2.26710e-01
   99    17.66667   -97.14297 36.58131     922.783    1217.600  872.331  287.409  100.000   -0.626   11.685 1.90840e-01
  100    17.68333   -97.14028 36.58366     877.185    1171.451  877.066  287.641  100.000   -1.082   11.788 9.07530e-02
  101    17.70000   -97.13763 36.58599     811.640    1104.563  884.044  288.117   98.523   -1.342   11.873 2.15097e-02
  102    17.71667   -97.13512 36.58843     737.731    1029.039  891.938  288.793   95.356   -1.403   11.899 3.10243e-04
  103    17.73333   -97.13275 36.59101     674.146     964.061  898.775  289.441   92.103   -1.044   11.891 0.00000e+00
  104    17.75000   -97.13060 36.59367     639.092     927.435  902.698  289.845   89.678   -0.384   11.830 0.00000e+00
  105    17.76667   -97.12870 36.59633     643.868     930.547  902.300  289.827   89.500    0.513   11.798 0.00000e+00
  106    17.78333   -97.12688 36.59910     690.642     977.359  897.336  289.400   91.150    1.085   11.756 0.00000e+00
  107    17.80000   -97.12488 36.60195     756.675    1043.525  890.395  288.665   96.205    1.180   11.927 2.69357e-03
  108    17.81667   -97.12257 36.60474     814.238    1100.321  884.476  288.139   98.999    0.696   11.942 9.33268e-03
  109    17.83333   -97.11993 36.60751     842.192    1128.694  881.438  287.912   99.383   -0.139   11.854 3.70931e-03
  110    17.85000   -97.11721 36.61035     822.956    1112.229  883.065  288.061   98.062   -0.845   11.789 0.00000e+00
  111    17.86667   -97.11463 36.61333     767.975    1060.783  888.506  288.513   96.447   -1.042   11.865 0.00000e+00
  112    17.88333   -97.11227 36.61640     708.088    1001.083  894.847  289.122   93.144   -0.908   11.833 0.00000e+00
  113    17.90000   -97.10999 36.61947     661.652     953.912  899.839  289.532   92.091   -0.593   11.945 0.00000e+00
  114    17.91667   -97.10766 36.62252     633.267     924.184  903.038  289.741   92.102   -0.301   12.064 0.00000e+00
  115    17.93333   -97.10521 36.62549     618.827     907.256  904.805  289.878   91.674   -0.074   12.090 0.00000e+00
  116    17.95000   -97.10260 36.62838     622.733     908.745  904.693  289.867   91.673    0.182   12.083 0.00000e+00
  117    17.96667   -97.09985 36.63126     632.827     917.218  903.688  289.792   91.838   -0.041   12.060 0.00000e+00
  118    17.98333   -97.09734 36.63428     626.280     910.958  904.346  289.873   91.154   -0.374   12.024 0.00000e+00
  119    18.00000   -97.09541 36.63736     601.453     887.028  906.805  290.105   89.992   -0.604   12.015 0.00000e+00
  120    18.01667   -97.09397 36.64038     565.658     853.560  910.351  290.466   87.907   -0.566   11.963 0.00000e+00
  121    18.03333   -97.09291 36.64337     532.149     822.591  913.636  290.784   86.362   -0.253   11.950 0.00000e+00
  122    18.05000   -97.09211 36.64631     504.699     797.321  916.399  290.990   85.847   -0.283   11.999 0.00000e+00
  123    18.06667   -97.09139 36.64928     478.954     772.310  919.106  291.182   85.716   -0.500   12.092 0.00000e+00
  124    18.08333   -97.09064 36.65213     447.173     740.953  922.467  291.418   85.598   -0.615   12.212 0.00000e+00
  125    18.10000   -97.08979 36.65497     403.497     697.672  927.092  291.809   84.204   -1.003   12.252 0.00000e+00
  126    18.11667   -97.08913 36.65778     346.234     640.893  933.277  292.372   82.000   -1.262   12.280 0.00000e+00
  127    18.13333   -97.08879 36.66057     294.352     589.350  938.892  292.888   79.895   -1.237   12.284 0.00000e+00
  128    18.15000   -97.08862 36.66351     256.816     552.190  942.890  293.305   78.380   -1.246   12.316 0.00000e+00
  129    18.16667   -97.08841 36.66660     208.356     505.157  948.026  293.810   76.536   -1.321   12.344 0.00000e+00
  130    18.18333   -97.08797 36.66969     147.428     445.664  954.573  294.378   74.199   -1.266   12.311 0.00000e+00
  131    18.20000   -97.08723 36.67261      93.558     393.330  960.315  294.934   72.411   -0.720   12.359 0.00000e+00
  132    18.21667   -97.08621 36.67521      52.476     354.005  964.645  295.326   71.109   -0.380   12.378 0.00000e+00
  133    18.23333   -97.08518 36.67770      38.381     341.527  966.038  295.687   69.813    0.023   12.407 0.00000e+00
  134    18.25000   -97.08430 36.67996      51.929     356.559  964.403  295.965   68.644    0.646   12.431 0.00000e+00
  135    18.26667   -97.08363 36.68218      90.364     395.314  960.142  295.452   70.255    1.081   12.383 0.00000e+00
  136    18.28333   -97.08307 36.68443     158.514     463.573  952.629  294.766   72.643    1.904   12.371 0.00000e+00
  137    18.30000   -97.08266 36.68663     242.403     547.501  943.460  293.864   76.042    1.623   12.365 0.00000e+00
  138    18.31667   -97.08205 36.68895     306.896     612.295  936.356  293.234   78.406    1.341   12.352 0.00000e+00
  139    18.33333   -97.08096 36.69157     369.968     676.933  929.338  292.572   80.944    1.264   12.327 0.00000e+00
  140    18.35000   -97.07950 36.69434     434.423     743.415  922.184  291.876   83.749    0.839   12.303 0.00000e+00
  141    18.36667   -97.07780 36.69699     505.540     816.161  914.502  291.283   85.912    1.440   12.259 0.00000e+00
  142    18.38333   -97.07580 36.69937     619.318     929.502  902.482  290.279   90.129    2.093   12.227 0.00000e+00
  143    18.40000   -97.07336 36.70155     731.663    1041.098  890.702  289.284   94.739    1.630   12.219 0.00000e+00
  144    18.41667   -97.07050 36.70361     806.350    1115.409  882.958  288.599   97.961    0.608   12.196 0.00000e+00
  145    18.43333   -97.06750 36.70598     839.001    1145.090  880.063  288.380   97.967    0.201   12.064 0.00000e+00
  146    18.45000   -97.06485 36.70873     853.501    1155.599  878.893  288.279   97.874    0.156   11.990 1.57654e-03
  147    18.46667   -97.06242 36.71169     864.206    1164.881  877.897  288.187   98.142    0.205   11.965 4.56233e-04
  148    18.48333   -97.06018 36.71468     866.901    1169.729  877.233  288.122   98.352    0.144   11.950 0.00000e+00
  149    18.50000   -97.05811 36.71761     849.898    1158.569  878.278  288.232   97.800   -0.142   11.953 5.34498e-03
  150    18.51667   -97.05609 36.72049     802.957    1119.408  882.307  288.634   95.447   -0.685   11.918 0.00000e+00
  151    18.53333   -97.05399 36.72335     733.468    1055.947  889.044  289.320   90.851   -1.045   11.767 0.00000e+00
  152    18.55000   -97.05180 36.72622     659.249     984.941  896.510  290.074   86.259   -1.111   11.627 0.00000e+00
  153    18.56667   -97.04957 36.72909     594.985     923.862  902.925  290.694   83.042   -0.873   11.562 0.00000e+00
  154    18.58333   -97.04741 36.73198     552.184     883.532  907.237  291.082   81.466   -0.475   11.570 0.00000e+00
  155    18.60000   -97.04527 36.73487     531.146     863.964  909.512  291.328   79.860   -0.182   11.491 0.00000e+00
  156    18.61667   -97.04322 36.73779     532.679     862.457  909.944  291.402   79.236    0.075   11.450 0.00000e+00
  157    18.63333   -97.04129 36.74070     551.340     874.683  908.589  291.310   79.997    0.410   11.509 0.00000e+00
  158    18.65000   -97.03942 36.74352     579.183     897.604  906.123  291.057   81.069    0.440   11.509 0.00000e+00
  159    18.66667   -97.03766 36.74622     606.167     920.961  903.490  290.807   81.919    0.118   11.481 0.00000e+00
  160    18.68333   -97.03583 36.74885     627.050     943.373  900.740  290.596   83.069   -0.066   11.521 0.00000e+00
  161    18.70000   -97.03391 36.75142     640.519     962.521  898.747  290.413   83.615   -0.372   11.488 0.00000e+00
  162    18.71667   -97.03176 36.75396     635.885     963.153  898.709  290.422   84.013   -0.479   11.550 0.00000e+00
  163    18.73333   -97.02950 36.75661     609.653     941.145  901.054  290.675   83.222   -0.476   11.597 0.00000e+00
  164    18.75000   -97.02733 36.75945     569.662     904.113  905.061  291.044   81.837   -0.515   11.623 0.00000e+00
  165    18.76667   -97.02533 36.76244     518.826     854.979  910.286  291.500   80.129   -0.826   11.646 0.00000e+00
  166    18.78333   -97.02351 36.76545     451.187     788.206  917.366  292.124   77.814   -1.203   11.673 0.00000e+00
  167    18.80000   -97.02193 36.76842     372.226     709.960  925.712  292.870   74.999   -1.278   11.684 0.00000e+00
  168    18.81667   -97.02051 36.77137     297.406     635.870  933.729  293.573   72.635   -1.046   11.721 0.00000e+00
  169    18.83333   -97.01922 36.77426     240.816     579.177  939.849  294.117   70.988   -0.744   11.772 0.00000e+00
  170    18.85000   -97.01810 36.77707     201.258     539.468  944.162  294.505   69.561   -0.554   11.762 0.00000e+00
  171    18.86667   -97.01723 36.77988     166.666     504.849  947.945  294.868   68.348   -0.700   11.772 0.00000e+00
  172    18.88333   -97.01634 36.78275     120.394     460.200  952.718  295.303   66.804   -1.120   11.759 0.00000e+00
  173    18.90000   -97.01506 36.78559      66.226     408.005  958.502  295.842   65.102   -0.809   11.774 0.00000e+00
  174    18.91667   -97.01329 36.78822      36.916     380.680  961.495  296.297   63.957   -0.200   11.856 0.00000e+00
  175    18.93333   -97.01122 36.79028      31.175     376.975  961.847  296.658   63.188    0.033   11.970 0.00000e+00
  176    18.95000   -97.00909 36.79175      30.785     378.843  961.645  296.571   63.496   -0.084   11.967 0.00000e+00
  177    18.96667   -97.00714 36.79262      31.447     381.454  961.330  296.927   62.917    0.100   12.123 0.00000e+00
  178    18.98333   -97.00563 36.79345      54.136     405.720  958.681  296.954   62.996    0.560   12.192 0.00000e+00
