    0    16.01667   -97.57350 36.27622      46.641     388.803  960.529  293.905   81.574    0.299   13.060 0.00000e+00
    1    16.03333   -97.57279 36.27943      61.476     404.880  958.761  293.739   82.046    0.258   13.025 0.00000e+00
    2    16.05000   -97.57230 36.28287      66.763     411.587  957.975  293.618   82.204   -0.218   12.963 0.00000e+00
    3    16.06667   -97.57153 36.28634      59.245     405.711  958.630  293.637   81.734   -0.254   12.895 0.00000e+00
    4    16.08333   -97.57021 36.28978      54.149     402.306  959.016  293.639   81.362    0.123   12.833 0.00000e+00
    5    16.10000   -97.56863 36.29304      73.127     422.506  956.775  293.504   81.955    0.828   12.848 0.00000e+00
    6    16.11667   -97.56738 36.29605     127.211     477.822  950.682  293.013   84.328    1.223   12.904 0.00000e+00
    7    16.13333   -97.56654 36.29916     190.406     543.366  943.455  292.360   87.212    0.929   12.908 0.00000e+00
    8    16.15000   -97.56595 36.30243     233.210     588.739  938.502  291.843   89.280    0.519   12.859 0.00000e+00
    9    16.16667   -97.56538 36.30584     256.068     613.829  935.809  291.536   90.209    0.283   12.779 0.00000e+00
   10    16.18333   -97.56468 36.30934     262.895     621.535  934.982  291.411   90.523    0.238   12.734 0.00000e+00
   11    16.20000   -97.56381 36.31292     259.147     618.242  935.370  291.418   90.453    0.209   12.724 0.00000e+00
   12    16.21667   -97.56287 36.31665     260.364     617.671  935.523  291.415   90.347    0.456   12.705 0.00000e+00
   13    16.23333   -97.56186 36.32051     269.753     624.680  934.779  291.323   90.881    0.573   12.717 0.00000e+00
   14    16.25000   -97.56046 36.32442     295.900     650.612  931.878  291.067   92.234    0.560   12.738 0.00000e+00
   15    16.26667   -97.55881 36.32822     328.145     683.831  928.261  290.745   93.823    0.482   12.745 0.00000e+00
   16    16.28333   -97.55708 36.33198     359.521     714.127  925.088  290.474   95.132    0.265   12.745 0.00000e+00
   17    16.30000   -97.55545 36.33573     376.582     728.629  923.477  290.360   95.447   -0.038   12.717 0.00000e+00
   18    16.31667   -97.55404 36.33954     364.564     714.638  924.977  290.545   94.163   -0.577   12.674 0.00000e+00
   19    16.33333   -97.55257 36.34339     319.582     667.872  929.972  291.098   90.734   -1.057   12.581 0.00000e+00
   20    16.35000   -97.55096 36.34711     266.475     613.908  935.839  291.722   87.047   -0.856   12.477 0.00000e+00
   21    16.36667   -97.54929 36.35069     222.335     568.670  940.832  292.178   84.813   -0.644   12.445 0.00000e+00
   22    16.38333   -97.54766 36.35425     176.262     520.794  946.120  292.672   82.458   -0.794   12.411 0.00000e+00
   23    16.40000   -97.54633 36.35772     131.646     472.274  951.518  293.193   80.677   -0.609   12.474 0.00000e+00
   24    16.41667   -97.54553 36.36108      99.693     435.755  955.558  293.563   79.414   -0.553   12.512 0.00000e+00
   25    16.43333   -97.54523 36.36448      77.704     409.670  958.419  293.814   79.149   -0.159   12.628 0.00000e+00
   26    16.45000   -97.54500 36.36765      74.660     404.122  959.071  293.876   79.570    0.143   12.736 0.00000e+00
   27    16.46667   -97.54451 36.37046      85.315     412.325  958.141  293.805   80.104    0.175   12.778 0.00000e+00
   28    16.48333   -97.54392 36.37302      95.073     422.098  956.882  293.697   80.740   -0.039   12.809 0.00000e+00
   29    16.50000   -97.54349 36.37553      93.328     422.730  956.813  293.660   80.870   -0.177   12.801 0.00000e+00
   30    16.51667   -97.54309 36.37812      83.337     415.145  957.660  293.680   80.562   -0.062   12.757 0.00000e+00
   31    16.53333   -97.54265 36.38089      75.321     409.296  958.352  293.718   80.407    0.048   12.754 0.00000e+00
   32    16.55000   -97.54205 36.38377      71.846     407.047  958.623  293.781   80.090    0.131   12.749 0.00000e+00
   33    16.56667   -97.54136 36.38670      66.714     402.974  959.060  293.808   80.131    0.047   12.772 0.00000e+00
   34    16.58333   -97.54084 36.38965      64.508     401.679  959.204  293.872   80.079    0.145   12.812 0.00000e+00
   35    16.60000   -97.54052 36.39261      67.724     405.768  958.764  293.845   80.334    0.268   12.837 0.00000e+00
   36    16.61667   -97.54052 36.39545      83.329     422.397  956.953  293.715   80.713    0.458   12.819 0.00000e+00
   37    16.63333   -97.54057 36.39814     126.161     466.391  952.050  293.280   82.208    0.742   12.773 0.00000e+00
   38    16.65000   -97.54022 36.40067     188.231     529.530  945.044  292.686   84.573    0.858   12.755 0.00000e+00
   39    16.66667   -97.53902 36.40306     229.924     572.130  940.402  292.295   86.480    0.430   12.789 0.00000e+00
   40    16.68333   -97.53679 36.40529     212.294     555.430  942.178  292.495   85.179   -1.251   12.732 0.00000e+00
   41    16.70000   -97.53528 36.40748     121.049     465.043  952.085  293.355   81.348   -1.798   12.698 0.00000e+00
   42    16.71667   -97.53577 36.40975      58.655     403.426  958.823  293.947   78.738   -0.050   12.662 0.00000e+00
   43    16.73333   -97.53645 36.41192     112.135     457.636  952.889  293.497   80.798    1.758   12.713 0.00000e+00
   44    16.75000   -97.53576 36.41373     194.963     541.163  943.732  292.688   84.290    1.423   12.731 0.00000e+00
   45    16.76667   -97.53491 36.41530     234.522     581.383  939.379  292.320   85.897    0.743   12.737 0.00000e+00
   46    16.78333   -97.53415 36.41700     254.146     601.708  937.168  292.095   86.988    0.159   12.747 0.00000e+00
   47    16.80000   -97.53343 36.41877     247.575     595.865  937.778  292.110   86.905   -0.247   12.739 0.00000e+00
   48    16.81667   -97.53274 36.42071     217.181     566.254  941.031  292.384   85.656   -0.689   12.730 0.00000e+00
   49    16.83333   -97.53207 36.42274     166.201     516.017  946.561  292.911   83.073   -1.136   12.686 0.00000e+00
   50    16.85000   -97.53136 36.42495     117.478     467.861  951.894  293.408   80.756   -0.991   12.649 0.00000e+00
   51    16.86667   -97.53054 36.42744      89.221     439.968  954.946  293.711   79.503   -0.529   12.650 0.00000e+00
   52    16.88333   -97.52980 36.42998      83.405     434.217  955.718  293.906   78.920   -0.029   12.701 0.00000e+00
   53    16.90000   -97.52920 36.43243      85.320     434.214  955.759  294.060   78.577    0.050   12.766 0.00000e+00
   54    16.91667   -97.52871 36.43488      88.200     434.833  955.716  294.176   78.286    0.088   12.812 0.00000e+00
   55    16.93333   -97.52824 36.43738      86.275     430.471  956.178  294.289   77.998    0.007   12.848 0.00000e+00
   56    16.95000   -97.52774 36.43996      77.945     419.752  957.340  294.346   77.837   -0.072   12.851 0.00000e+00
   57    16.96667   -97.52711 36.44238      87.738     427.462  956.455  294.333   78.046    0.392   12.887 0.00000e+00
   58    16.98333   -97.52647 36.44460     133.913     471.901  951.539  293.832   79.957    0.848   12.865 0.00000e+00
   59    17.00000   -97.52575 36.44667     208.556     545.049  943.494  293.052   83.449    1.682   12.899 0.00000e+00
   60    17.01667   -97.52467 36.44884     311.771     646.802  932.409  292.050   87.926    2.308   12.914 0.00000e+00
   61    17.03333   -97.52322 36.45128     425.186     758.613  920.339  290.962   92.884    2.193   12.903 0.00000e+00
   62    17.05000   -97.52132 36.45417     536.026     867.688  908.674  289.792   98.370    1.895   12.847 0.00000e+00
   63    17.06667   -97.51888 36.45752     602.034     931.086  901.996  289.256  100.000    0.712   12.729 1.15788e-01
   64    17.08333   -97.51633 36.46114     574.701     900.824  905.163  289.385  100.000   -1.029   12.783 4.28436e-02
   65    17.10000   -97.51436 36.46463     481.297     805.278  915.308  290.265   95.253   -1.522   12.728 0.00000e+00
   66    17.11667   -97.51294 36.46799     389.061     710.669  925.532  291.247   89.824   -1.295   12.634 0.00000e+00
   67    17.13333   -97.51180 36.47118     319.766     639.231  933.231  291.974   86.055   -1.015   12.568 0.00000e+00
   68    17.15000   -97.51073 36.47409     267.320     585.678  939.051  292.538   82.862   -0.829   12.461 0.00000e+00
   69    17.16667   -97.50978 36.47678     220.736     538.340  944.144  292.995   80.760   -0.769   12.430 0.00000e+00
   70    17.18333   -97.50900 36.47940     186.344     503.137  948.035  293.330   79.529   -0.575   12.447 0.00000e+00
   71    17.20000   -97.50832 36.48186     172.712     488.102  949.696  293.452   78.918   -0.254   12.424 0.00000e+00
   72    17.21667   -97.50767 36.48422     175.529     489.236  949.600  293.404   79.315   -0.061   12.451 0.00000e+00
   73    17.23333   -97.50699 36.48649     195.035     506.996  947.680  293.229   80.338    0.265   12.500 0.00000e+00
   74    17.25000   -97.50626 36.48866     226.135     536.518  944.429  292.923   81.860    0.306   12.538 0.00000e+00
   75    17.26667   -97.50547 36.49075     266.842     576.530  940.034  292.514   83.931    0.623   12.590 0.00000e+00
   76    17.28333   -97.50447 36.49281     327.537     636.385  933.504  291.960   86.169    1.039   12.570 0.00000e+00
   77    17.30000   -97.50322 36.49490     384.928     692.815  927.370  291.431   88.637    0.945   12.589 0.00000e+00
   78    17.31667   -97.50169 36.49726     431.538     738.833  922.357  290.987   91.012    0.198   12.635 0.00000e+00
   79    17.33333   -97.49982 36.50018     416.413     723.323  924.142  291.184   89.701   -1.259   12.586 0.00000e+00
   80    17.35000   -97.49841 36.50352     326.452     631.783  934.026  292.132   84.662   -2.075   12.478 0.00000e+00
   81    17.36667   -97.49840 36.50689     218.928     522.910  945.940  293.205   80.110   -1.731   12.469 0.00000e+00
   82    17.38333   -97.49995 36.51015     143.501     446.763  954.212  293.899   77.711   -0.517   12.520 0.00000e+00
   83    17.40000   -97.50243 36.51297     138.763     441.046  954.807  293.899   78.139    0.359   12.581 0.00000e+00
   84    17.41667   -97.50471 36.51533     160.522     463.098  952.322  293.696   79.001    0.100   12.593 0.00000e+00
   85    17.43333   -97.50648 36.51755     173.192     476.194  950.967  293.578   79.576   -0.023   12.610 0.00000e+00
   86    17.45000   -97.50781 36.51982     172.771     475.995  950.955  293.582   79.670   -0.174   12.628 0.00000e+00
   87    17.46667   -97.50891 36.52222     161.064     464.725  952.134  293.707   79.276   -0.173   12.648 0.00000e+00
   88    17.48333   -97.50972 36.52477     148.947     454.271  953.303  293.829   78.885   -0.173   12.666 0.00000e+00
   89    17.50000   -97.51035 36.52744     135.384     442.548  954.555  293.997   78.317   -0.168   12.691 0.00000e+00
   90    17.51667   -97.51082 36.53016     123.466     432.425  955.700  294.122   77.602   -0.174   12.657 0.00000e+00
   91    17.53333   -97.51116 36.53290     116.572     425.944  956.395  294.277   76.733    0.021   12.627 0.00000e+00
   92    17.55000   -97.51122 36.53566     122.813     432.549  955.660  294.288   76.662    0.365   12.634 0.00000e+00
   93    17.56667   -97.51088 36.53831     146.387     456.530  953.057  294.145   76.486    0.539   12.528 0.00000e+00
   94    17.58333   -97.51021 36.54087     178.437     489.264  949.381  293.905   77.295    0.693   12.522 0.00000e+00
   95    17.60000   -97.50945 36.54354     210.056     521.730  945.858  293.581   78.133    0.561   12.452 0.00000e+00
   96    17.61667   -97.50872 36.54637     229.583     542.134  943.617  293.383   78.918    0.348   12.451 0.00000e+00
   97    17.63333   -97.50827 36.54922     240.186     554.122  942.290  293.285   78.906    0.125   12.391 0.00000e+00
   98    17.65000   -97.50819 36.55193     246.087     561.341  941.522  293.210   78.906    0.121   12.343 0.00000e+00
   99    17.66667   -97.50846 36.55450     258.325     574.742  940.076  293.070   79.445    0.281   12.339 0.00000e+00
  100    17.68333   -97.50896 36.55705     278.759     595.635  937.803  292.862   80.368    0.440   12.351 0.00000e+00
  101    17.70000   -97.50961 36.55965     301.161     618.233  935.347  292.624   81.604    0.456   12.387 0.00000e+00
  102    17.71667   -97.51033 36.56232     322.269     639.462  932.971  292.423   82.579    0.535   12.410 0.00000e+00
  103    17.73333   -97.51102 36.56508     343.210     661.137  930.631  292.233   83.751    0.422   12.468 0.00000e+00
  104    17.75000   -97.51152 36.56796     352.283     671.445  929.528  292.146   84.520    0.001   12.529 0.00000e+00
  105    17.76667   -97.51196 36.57090     332.827     653.291  931.535  292.330   83.838   -0.524   12.545 0.00000e+00
  106    17.78333   -97.51252 36.57384     289.096     609.989  936.264  292.759   81.945   -0.781   12.533 0.00000e+00
  107    17.80000   -97.51330 36.57671     240.142     561.375  941.585  293.238   80.018   -0.847   12.539 0.00000e+00
  108    17.81667   -97.51432 36.57944     194.268     516.218  946.484  293.654   78.282   -0.849   12.523 0.00000e+00
  109    17.83333   -97.51556 36.58207     160.747     483.639  950.020  293.962   77.023   -0.492   12.513 0.00000e+00
  110    17.85000   -97.51686 36.58461     139.662     463.388  952.272  294.165   76.295   -0.289   12.522 0.00000e+00
  111    17.86667   -97.51817 36.58710     115.967     440.419  954.810  294.396   75.538   -0.486   12.544 0.00000e+00
  112    17.88333   -97.51952 36.58944      81.109     406.659  958.528  294.727   74.217   -0.623   12.530 0.00000e+00
  113    17.90000   -97.52109 36.59163      45.479     372.808  962.229  294.908   73.392   -0.515   12.482 0.00000e+00
  114    17.91667   -97.52283 36.59383      33.175     362.091  963.409  295.400   72.323    0.042   12.663 0.00000e+00
  115    17.93333   -97.52443 36.59590      39.914     369.897  962.567  295.674   71.590    0.221   12.759 0.00000e+00
  116    17.95000   -97.52561 36.59792      64.222     394.062  959.923  295.594   71.424    0.626   12.703 0.00000e+00
  117    17.96667   -97.52634 36.60009      92.646     421.477  956.923  295.302   72.141    0.722   12.641 0.00000e+00
  118    17.98333   -97.52660 36.60238     121.674     449.288  953.828  294.961   73.164    0.746   12.594 0.00000e+00
  119    18.00000   -97.52633 36.60485     158.243     484.506  949.958  294.639   74.180    1.045   12.570 0.00000e+00
  120    18.01667   -97.52554 36.60741     220.990     545.119  943.350  294.023   76.361    1.391   12.542 0.00000e+00
  121    18.03333   -97.52440 36.60976     315.189     637.168  933.383  293.118   79.747    1.923   12.513 0.00000e+00
  122    18.05000   -97.52309 36.61184     427.743     747.653  921.518  291.987   84.045    2.079   12.442 0.00000e+00
  123    18.06667   -97.52155 36.61370     542.813     860.796  909.468  290.884   88.689    2.027   12.408 0.00000e+00
  124    18.08333   -97.51983 36.61546     642.456     958.717  899.160  289.993   92.727    1.702   12.397 0.00000e+00
  125    18.10000   -97.51791 36.61734     716.114    1030.471  891.592  289.338   95.856    1.158   12.393 0.00000e+00
  126    18.11667   -97.51590 36.61929     757.495    1069.946  887.464  288.991   97.572    0.599   12.395 0.00000e+00
  127    18.13333   -97.51399 36.62119     774.525    1085.243  885.873  288.847   97.996    0.304   12.356 0.00000e+00
  128    18.15000   -97.51224 36.62316     787.949    1097.572  884.563  288.697   98.369    0.396   12.301 0.00000e+00
  129    18.16667   -97.51052 36.62514     803.704    1112.703  882.925  288.533   98.782    0.370   12.246 3.70467e-04
  130    18.18333   -97.50883 36.62711     813.139    1121.973  882.006  288.512   97.602    0.263   12.095 0.00000e+00
  131    18.20000   -97.50719 36.62909     817.134    1125.905  881.597  288.475   97.602    0.114   12.073 0.00000e+00
  132    18.21667   -97.50554 36.63106     809.479    1117.983  882.439  288.598   95.853   -0.464   11.939 0.00000e+00
  133    18.23333   -97.50395 36.63284     779.823    1087.606  885.610  288.894   93.649   -1.019   11.847 0.00000e+00
  134    18.25000   -97.50259 36.63454     725.930    1032.718  891.362  289.436   90.950   -1.344   11.837 0.00000e+00
  135    18.26667   -97.50139 36.63632     658.376     964.080  898.497  290.120   87.460   -1.496   11.797 0.00000e+00
  136    18.28333   -97.50027 36.63829     585.356     890.163  906.273  290.876   83.693   -1.474   11.744 0.00000e+00
  137    18.30000   -97.49921 36.64041     517.131     821.811  913.501  291.579   80.212   -1.275   11.675 0.00000e+00
  138    18.31667   -97.49825 36.64261     459.962     764.518  919.616  292.140   78.200   -0.962   11.714 0.00000e+00
  139    18.33333   -97.49744 36.64483     412.799     717.094  924.692  292.610   76.542   -0.731   11.744 0.00000e+00
  140    18.35000   -97.49678 36.64708     378.754     682.776  928.380  292.954   75.256   -0.483   11.751 0.00000e+00
  141    18.36667   -97.49631 36.64935     352.301     656.364  931.235  293.155   75.330   -0.442   11.875 0.00000e+00
  142    18.38333   -97.49598 36.65164     322.831     626.924  934.425  293.406   74.929   -0.652   11.957 0.00000e+00
  143    18.40000   -97.49580 36.65395     284.299     588.420  938.607  293.768   73.988   -0.853   12.022 0.00000e+00
  144    18.41667   -97.49583 36.65630     239.575     543.697  943.454  294.191   72.572   -0.864   12.043 0.00000e+00
  145    18.43333   -97.49599 36.65866     205.765     509.858  947.190  294.523   71.511   -0.470   12.066 0.00000e+00
  146    18.45000   -97.49615 36.66100     184.623     488.677  949.444  294.714   70.921   -0.289   12.080 0.00000e+00
  147    18.46667   -97.49635 36.66334     164.786     468.791  951.590  294.921   70.304   -0.257   12.101 0.00000e+00
  148    18.48333   -97.49654 36.66570     138.926     442.867  954.447  295.154   69.628   -0.615   12.122 0.00000e+00
  149    18.50000   -97.49667 36.66807     102.091     405.957  958.484  295.467   68.689   -0.866   12.139 0.00000e+00
  150    18.51667   -97.49673 36.67030      76.870     380.661  961.292  295.875   67.596   -0.355   12.214 0.00000e+00
  151    18.53333   -97.49679 36.67234      75.790     379.631  961.366  296.014   67.238    0.136   12.252 0.00000e+00
  152    18.55000   -97.49662 36.67422      93.660     397.797  959.366  295.927   67.566    0.552   12.272 0.00000e+00
  153    18.56667   -97.49639 36.67599     139.523     443.937  954.297  295.582   68.757    1.194   12.292 0.00000e+00
  154    18.58333   -97.49623 36.67774     224.349     529.019  944.999  294.794   71.492    1.999   12.295 0.00000e+00
  155    18.60000   -97.49615 36.67945     344.661     649.578  931.873  293.623   75.812    2.602   12.297 0.00000e+00
  156    18.61667   -97.49593 36.68110     477.941     783.189  917.598  292.331   80.844    2.648   12.283 0.00000e+00
  157    18.63333   -97.49550 36.68270     595.887     901.529  905.042  291.178   85.537    1.929   12.252 0.00000e+00
  158    18.65000   -97.49493 36.68427     672.407     978.464  896.969  290.453   88.499    0.904   12.215 0.00000e+00
  159    18.66667   -97.49446 36.68578     706.394    1012.887  893.345  290.171   89.251    0.240   12.148 0.00000e+00
  160    18.68333   -97.49407 36.68734     720.856    1027.801  891.747  290.101   88.821    0.228   12.058 0.00000e+00
  161    18.70000   -97.49362 36.68897     733.773    1041.412  890.346  289.998   88.016    0.171   11.889 0.00000e+00
  162    18.71667   -97.49309 36.69064     746.627    1055.166  888.912  289.863   87.920    0.042   11.793 0.00000e+00
  163    18.73333   -97.49251 36.69230     743.873    1053.276  889.127  289.863   87.688   -0.250   11.759 0.00000e+00
  164    18.75000   -97.49206 36.69385     715.796    1025.947  891.972  290.104   86.504   -0.595   11.742 0.00000e+00
  165    18.76667   -97.49181 36.69525     674.944     985.710  896.160  290.471   84.875   -0.780   11.739 0.00000e+00
  166    18.78333   -97.49166 36.69659     638.200     949.496  899.985  290.816   83.416   -0.490   11.743 0.00000e+00
  167    18.80000   -97.49144 36.69793     609.564     921.191  902.981  291.097   82.582   -0.357   11.795 0.00000e+00
  168    18.81667   -97.49107 36.69926     588.841     900.754  905.129  291.299   82.019   -0.225   11.838 0.00000e+00
  169    18.83333   -97.49047 36.70063     581.378     893.586  905.893  291.360   82.266    0.063   11.910 0.00000e+00
  170    18.85000   -97.48961 36.70205     589.389     901.889  905.028  291.278   82.761    0.361   11.930 0.00000e+00
  171    18.86667   -97.48833 36.70360     609.087     921.852  902.930  291.090   83.681    0.352   11.948 0.00000e+00
  172    18.88333   -97.48664 36.70539     621.917     935.224  901.475  290.997   84.129    0.033   11.960 0.00000e+00
  173    18.90000   -97.48512 36.70752     616.029     930.895  901.933  291.073   83.861   -0.279   11.974 0.00000e+00
  174    18.91667   -97.48394 36.70979     598.707     915.238  903.552  291.216   83.203   -0.404   11.967 0.00000e+00
  175    18.93333   -97.48300 36.71209     570.180     888.278  906.397  291.473   81.937   -0.591   11.940 0.00000e+00
  176    18.95000   -97.48235 36.71429     530.768     849.890  910.531  291.867   80.161   -0.628   11.921 0.00000e+00
  177    18.96667   -97.48225 36.71621     501.055     820.538  913.619  292.202   78.773   -0.181   11.924 0.00000e+00
  178    18.98333   -97.48272 36.71780     501.641     821.260  913.523  292.423   78.017    0.634   11.976 0.00000e+00
