    0    16.01667   -97.57434 36.29778      52.864     403.041  958.972  293.211   84.031   -0.068   12.905 0.00000e+00
    1    16.03333   -97.57310 36.30037      50.244     402.541  959.023  293.242   83.915   -0.039   12.911 0.00000e+00
    2    16.05000   -97.57199 36.30283      50.336     404.791  958.718  293.247   83.945    0.012   12.924 0.00000e+00
    3    16.06667   -97.57091 36.30519      55.279     411.909  957.951  293.202   84.218    0.139   12.940 0.00000e+00
    4    16.08333   -97.56976 36.30756      64.457     422.829  956.754  293.131   84.554    0.254   12.950 0.00000e+00
    5    16.10000   -97.56858 36.31006      74.964     434.719  955.533  293.059   84.740    0.154   12.937 0.00000e+00
    6    16.11667   -97.56744 36.31269      81.107     441.765  954.812  293.018   84.732   -0.041   12.913 0.00000e+00
    7    16.13333   -97.56643 36.31540      83.768     443.542  954.668  293.028   84.587   -0.069   12.901 0.00000e+00
    8    16.15000   -97.56551 36.31814      86.880     445.180  954.500  293.037   84.506   -0.002   12.898 0.00000e+00
    9    16.16667   -97.56473 36.32097      95.813     452.535  953.694  293.004   84.519    0.242   12.884 0.00000e+00
   10    16.18333   -97.56406 36.32393     111.099     467.940  951.913  292.864   84.923    0.504   12.857 0.00000e+00
   11    16.20000   -97.56345 36.32695     140.202     497.770  948.619  292.556   85.919    0.844   12.803 0.00000e+00
   12    16.21667   -97.56276 36.33002     180.593     538.525  944.278  292.152   87.371    1.042   12.752 0.00000e+00
   13    16.23333   -97.56200 36.33311     228.500     583.072  939.386  291.698   89.251    0.983   12.725 0.00000e+00
   14    16.25000   -97.56119 36.33617     275.547     626.866  934.559  291.269   91.015    0.639   12.695 0.00000e+00
   15    16.26667   -97.56030 36.33917     303.397     652.329  931.766  291.017   92.061    0.060   12.675 0.00000e+00
   16    16.28333   -97.55936 36.34211     309.282     657.176  931.213  290.961   92.260   -0.316   12.665 0.00000e+00
   17    16.30000   -97.55841 36.34502     303.641     650.404  931.931  291.025   91.934   -0.459   12.662 0.00000e+00
   18    16.31667   -97.55743 36.34792     297.759     642.488  932.828  291.137   91.109   -0.282   12.626 0.00000e+00
   19    16.33333   -97.55642 36.35085     292.691     634.863  933.594  291.227   90.557    0.040   12.610 0.00000e+00
   20    16.35000   -97.55545 36.35379     286.860     627.212  934.379  291.297   90.312    0.261   12.621 0.00000e+00
   21    16.36667   -97.55447 36.35688     275.585     613.771  935.903  291.453   89.738    0.073   12.645 0.00000e+00
   22    16.38333   -97.55344 36.36011     252.836     587.758  938.810  291.722   88.523   -0.541   12.648 0.00000e+00
   23    16.40000   -97.55240 36.36347     208.562     539.935  943.984  292.194   86.387   -0.920   12.645 0.00000e+00
   24    16.41667   -97.55116 36.36683     155.014     485.826  949.923  292.733   84.059   -0.838   12.649 0.00000e+00
   25    16.43333   -97.54967 36.37011     117.533     447.059  954.321  293.131   82.365   -0.479   12.648 0.00000e+00
   26    16.45000   -97.54803 36.37334      96.741     425.678  956.540  293.329   81.537   -0.219   12.647 0.00000e+00
   27    16.46667   -97.54626 36.37666      83.304     414.108  957.784  293.464   80.997   -0.123   12.653 0.00000e+00
   28    16.48333   -97.54442 36.38004      72.123     405.937  958.700  293.595   80.559   -0.130   12.675 0.00000e+00
   29    16.50000   -97.54244 36.38342      63.556     398.751  959.537  293.719   80.102   -0.166   12.690 0.00000e+00
   30    16.51667   -97.54037 36.38675      54.607     390.360  960.506  293.829   79.727   -0.185   12.705 0.00000e+00
   31    16.53333   -97.53821 36.38995      43.852     379.528  961.714  293.992   79.200   -0.198   12.733 0.00000e+00
   32    16.55000   -97.53603 36.39315      37.408     373.499  962.167  294.165   78.761    0.023   12.793 0.00000e+00
   33    16.56667   -97.53404 36.39614      50.222     388.885  960.464  294.139   79.069    0.325   12.845 0.00000e+00
   34    16.58333   -97.53246 36.39909      76.528     417.684  957.298  293.843   80.322    0.470   12.854 0.00000e+00
   35    16.60000   -97.53136 36.40213     107.207     449.958  953.800  293.497   81.718    0.384   12.846 0.00000e+00
   36    16.61667   -97.53063 36.40527     121.806     465.584  952.043  293.323   82.493    0.039   12.852 0.00000e+00
   37    16.63333   -97.53015 36.40843     119.081     464.042  952.271  293.311   82.397   -0.166   12.824 0.00000e+00
   38    16.65000   -97.52940 36.41156      97.866     444.046  954.443  293.439   81.777   -0.642   12.800 0.00000e+00
   39    16.66667   -97.52808 36.41459      81.721     429.098  956.164  293.627   80.768   -0.019   12.768 0.00000e+00
   40    16.68333   -97.52671 36.41759     103.091     451.005  953.796  293.555   81.249    0.853   12.818 0.00000e+00
   41    16.70000   -97.52592 36.42065     158.402     506.339  947.761  293.081   83.284    1.477   12.838 0.00000e+00
   42    16.71667   -97.52565 36.42389     207.109     554.459  942.498  292.641   85.356    0.777   12.872 0.00000e+00
   43    16.73333   -97.52552 36.42729     218.858     565.317  941.405  292.557   85.706    0.160   12.871 0.00000e+00
   44    16.75000   -97.52523 36.43071     221.633     566.687  941.222  292.518   85.606    0.182   12.827 0.00000e+00
   45    16.76667   -97.52451 36.43401     241.094     583.709  939.324  292.343   86.289    0.556   12.814 0.00000e+00
   46    16.78333   -97.52342 36.43715     283.617     624.216  934.840  291.941   88.026    0.993   12.807 0.00000e+00
   47    16.80000   -97.52218 36.44015     346.870     685.561  928.220  291.348   90.677    1.409   12.798 0.00000e+00
   48    16.81667   -97.52090 36.44315     425.003     761.786  919.953  290.570   94.389    1.535   12.795 0.00000e+00
   49    16.83333   -97.51956 36.44615     498.719     833.859  912.225  289.822   98.142    1.348   12.791 3.42770e-06
   50    16.85000   -97.51804 36.44913     562.230     895.324  905.705  289.318  100.000    1.454   12.726 6.04145e-02
   51    16.86667   -97.51624 36.45201     633.154     963.599  898.574  288.995  100.000    2.290   12.564 2.06750e-01
   52    16.88333   -97.51366 36.45487     738.157    1065.029  887.811  288.501  100.000    3.480   12.318 4.26429e-01
   53    16.90000   -97.51045 36.45797     841.078    1165.624  877.293  287.946  100.000    2.781   12.028 5.57814e-01
   54    16.91667   -97.50726 36.46155     926.758    1249.837  868.630  287.552  100.000    1.932   11.842 6.78059e-01
   55    16.93333   -97.50411 36.46539     991.478    1312.938  862.155  287.240  100.000    1.500   11.692 7.60225e-01
   56    16.95000   -97.50092 36.46922    1034.351    1354.597  857.994  287.030  100.000    1.183   11.591 8.03342e-01
   57    16.96667   -97.49754 36.47298    1063.607    1381.487  855.262  286.903  100.000    0.858   11.532 8.35115e-01
   58    16.98333   -97.49387 36.47674    1096.210    1411.533  852.212  286.777  100.000    0.813   11.477 9.04017e-01
   59    17.00000   -97.48994 36.48055    1143.531    1455.045  847.848  286.623  100.000    1.060   11.422 1.01175e+00
   60    17.01667   -97.48602 36.48450    1204.038    1512.404  842.086  286.315  100.000    1.432   11.271 1.04687e+00
   61    17.03333   -97.48224 36.48846    1269.029    1575.106  835.858  285.989  100.000    1.535   11.115 1.05502e+00
   62    17.05000   -97.47869 36.49236    1322.112    1626.859  830.698  285.693  100.000    1.354   10.968 9.93176e-01
   63    17.06667   -97.47537 36.49620    1348.374    1653.209  828.095  285.302  100.000    0.397   10.723 7.39235e-01
   64    17.08333   -97.47220 36.49993    1338.000    1641.025  829.307  285.069  100.000   -0.434   10.544 4.28900e-01
   65    17.10000   -97.46885 36.50343    1299.222    1600.378  833.304  285.030   99.997   -0.946   10.444 1.30835e-01
   66    17.11667   -97.46501 36.50662    1247.854    1547.804  838.448  285.386   97.913   -1.130   10.406 4.47217e-02
   67    17.13333   -97.46133 36.50978    1222.086    1522.760  840.954  285.590   97.608   -0.221   10.483 1.40574e-02
   68    17.15000   -97.45813 36.51305    1247.255    1549.865  838.239  285.366   98.745    0.535   10.484 3.01236e-02
   69    17.16667   -97.45540 36.51637    1299.379    1605.061  832.753  284.990  100.000    0.760   10.436 7.83332e-02
   70    17.18333   -97.45299 36.51954    1350.303    1658.712  827.511  284.734  100.000    0.522   10.333 1.79763e-01
   71    17.20000   -97.45067 36.52265    1376.180    1686.224  824.852  284.633  100.000    0.011   10.297 2.61569e-01
   72    17.21667   -97.44823 36.52576    1373.766    1684.377  825.035  284.618  100.000   -0.470   10.285 2.38766e-01
   73    17.23333   -97.44557 36.52884    1353.793    1664.721  826.923  284.624  100.000   -0.606   10.265 1.36153e-01
   74    17.25000   -97.44279 36.53190    1332.658    1645.062  828.860  284.657  100.000   -0.494   10.264 6.23937e-02
   75    17.26667   -97.43990 36.53495    1319.848    1633.864  829.976  284.668  100.000   -0.337   10.255 3.39566e-02
   76    17.28333   -97.43707 36.53801    1317.725    1632.544  830.187  284.629  100.000   -0.205   10.226 1.34871e-02
   77    17.30000   -97.43425 36.54107    1324.386    1637.686  829.699  284.576  100.000   -0.081   10.191 9.42514e-03
   78    17.31667   -97.43150 36.54413    1333.548    1644.972  829.002  284.518   99.994   -0.105   10.147 1.05800e-02
   79    17.33333   -97.42877 36.54716    1334.708    1644.979  828.872  284.489   99.618   -0.442   10.091 3.64101e-05
   80    17.35000   -97.42601 36.55018    1320.520    1632.770  830.101  284.625   98.763   -0.526   10.081 2.35487e-03
   81    17.36667   -97.42317 36.55319    1299.299    1613.723  831.950  284.811   97.788   -0.519   10.083 0.00000e+00
   82    17.38333   -97.42027 36.55624    1279.167    1595.609  833.825  284.979   97.207   -0.356   10.113 0.00000e+00
   83    17.40000   -97.41732 36.55934    1265.841    1582.120  835.255  285.127   96.535   -0.253   10.124 0.00000e+00
   84    17.41667   -97.41435 36.56251    1253.151    1568.219  836.635  285.244   96.295   -0.314   10.161 0.00000e+00
   85    17.43333   -97.41147 36.56570    1233.863    1548.151  838.531  285.441   95.216   -0.497   10.156 0.00000e+00
   86    17.45000   -97.40874 36.56886    1205.890    1522.343  841.079  285.679   94.096   -0.580   10.164 0.00000e+00
   87    17.46667   -97.40616 36.57196    1175.686    1494.594  843.879  285.945   92.760   -0.536   10.163 0.00000e+00
   88    17.48333   -97.40366 36.57497    1149.756    1470.329  846.305  286.167   91.789   -0.377   10.176 0.00000e+00
   89    17.50000   -97.40123 36.57796    1134.094    1456.543  847.699  286.290   91.312   -0.171   10.188 0.00000e+00
   90    17.51667   -97.39880 36.58099    1130.387    1455.026  847.886  286.298   91.353    0.063   10.196 0.00000e+00
   91    17.53333   -97.39637 36.58410    1137.099    1463.274  847.079  286.206   91.951    0.207   10.211 0.00000e+00
   92    17.55000   -97.39388 36.58733    1148.714    1475.877  845.814  286.076   92.694    0.219   10.221 0.00000e+00
   93    17.56667   -97.39137 36.59068    1157.094    1485.431  844.835  285.978   93.263    0.095   10.229 0.00000e+00
   94    17.58333   -97.38875 36.59410    1157.036    1486.828  844.709  285.972   93.235   -0.078   10.223 0.00000e+00
   95    17.60000   -97.38599 36.59753    1148.304    1479.515  845.495  286.053   92.799   -0.176   10.221 0.00000e+00
   96    17.61667   -97.38320 36.60089    1136.766    1468.899  846.546  286.148   92.470   -0.160   10.235 0.00000e+00
   97    17.63333   -97.38044 36.60411    1128.905    1461.896  847.270  286.219   92.131   -0.044   10.237 0.00000e+00
   98    17.65000   -97.37782 36.60722    1128.396    1459.824  847.657  286.253   92.008    0.102   10.242 0.00000e+00
   99    17.66667   -97.37542 36.61027    1131.521    1458.818  847.780  286.267   91.935    0.071   10.241 0.00000e+00
  100    17.68333   -97.37322 36.61331    1132.169    1455.608  848.124  286.307   91.690   -0.048   10.237 0.00000e+00
  101    17.70000   -97.37119 36.61639    1128.658    1448.238  848.811  286.378   91.349   -0.126   10.238 0.00000e+00
  102    17.71667   -97.36923 36.61952    1125.892    1441.969  849.456  286.448   91.004   -0.053   10.238 0.00000e+00
  103    17.73333   -97.36724 36.62268    1131.226    1444.518  849.155  286.420   91.145    0.188   10.239 0.00000e+00
  104    17.75000   -97.36517 36.62585    1148.462    1459.512  847.656  286.268   92.023    0.465   10.253 0.00000e+00
  105    17.76667   -97.36296 36.62905    1174.834    1483.315  845.277  286.010   93.575    0.589   10.280 0.00000e+00
  106    17.78333   -97.36063 36.63231    1200.860    1507.245  842.768  285.738   95.237    0.450   10.307 0.00000e+00
  107    17.80000   -97.35821 36.63562    1217.417    1523.779  841.044  285.567   96.180    0.140   10.313 0.00000e+00
  108    17.81667   -97.35575 36.63899    1218.789    1525.743  840.866  285.560   96.151   -0.145   10.307 0.00000e+00
  109    17.83333   -97.35330 36.64240    1207.084    1512.934  842.248  285.707   95.292   -0.349   10.298 0.00000e+00
  110    17.85000   -97.35085 36.64583    1184.730    1487.071  844.916  285.982   93.706   -0.492   10.280 0.00000e+00
  111    17.86667   -97.34850 36.64928    1151.603    1451.204  848.485  286.344   91.712   -0.660   10.260 0.00000e+00
  112    17.88333   -97.34626 36.65270    1108.712    1406.978  852.914  286.790   89.407   -0.772   10.245 0.00000e+00
  113    17.90000   -97.34408 36.65605    1062.657    1360.666  857.549  287.251   86.962   -0.702   10.214 0.00000e+00
  114    17.91667   -97.34193 36.65926    1029.851    1328.015  860.858  287.514   85.988   -0.399   10.235 0.00000e+00
  115    17.93333   -97.33980 36.66233    1019.941    1318.454  861.857  287.494   86.969    0.078   10.326 0.00000e+00
  116    17.95000   -97.33765 36.66536    1034.352    1332.953  860.368  287.263   88.846    0.548   10.409 0.00000e+00
  117    17.96667   -97.33550 36.66842    1066.730    1365.099  857.122  286.911   91.066    0.655   10.466 0.00000e+00
  118    17.98333   -97.33337 36.67154    1107.422    1405.126  853.107  286.623   91.671    0.596   10.388 0.00000e+00
  119    18.00000   -97.33120 36.67470    1143.637    1441.024  849.511  286.331   92.648    0.462   10.343 0.00000e+00
  120    18.01667   -97.32894 36.67791    1168.287    1465.385  847.016  286.126   93.280    0.233   10.304 0.00000e+00
  121    18.03333   -97.32661 36.68119    1175.204    1473.820  846.006  286.040   93.557   -0.064   10.289 0.00000e+00
  122    18.05000   -97.32419 36.68451    1168.231    1470.960  846.283  286.089   93.083   -0.239   10.267 0.00000e+00
  123    18.06667   -97.32179 36.68773    1156.778    1463.708  847.027  286.216   91.601   -0.387   10.179 0.00000e+00
  124    18.08333   -97.31932 36.69083    1142.875    1452.229  848.316  286.281   91.517   -0.706   10.198 0.00000e+00
  125    18.10000   -97.31664 36.69386    1131.431    1442.046  849.296  286.310   92.261   -0.977   10.288 2.36251e-03
  126    18.11667   -97.31393 36.69677    1121.821    1433.886  850.139  286.318   93.427   -0.969   10.413 1.01402e-03
  127    18.13333   -97.31144 36.69950    1104.974    1418.254  851.767  286.461   93.282   -0.901   10.475 1.21878e-04
  128    18.15000   -97.30913 36.70211    1079.958    1393.868  854.213  286.721   92.070   -0.761   10.487 0.00000e+00
  129    18.16667   -97.30692 36.70469    1058.053    1372.505  856.466  286.925   91.386   -0.491   10.521 0.00000e+00
  130    18.18333   -97.30466 36.70731    1041.697    1354.877  858.219  287.104   90.699   -0.230   10.543 0.00000e+00
  131    18.20000   -97.30227 36.71002    1026.288    1336.897  860.137  287.294   89.733   -0.208   10.537 0.00000e+00
  132    18.21667   -97.29980 36.71281    1002.879    1310.572  862.804  287.556   88.371   -0.311   10.524 0.00000e+00
  133    18.23333   -97.29735 36.71561     973.232    1278.901  866.047  287.879   86.832   -0.331   10.520 0.00000e+00
  134    18.25000   -97.29503 36.71837     946.568    1250.795  868.944  288.159   85.727   -0.184   10.541 0.00000e+00
  135    18.26667   -97.29288 36.72107     932.191    1235.024  870.541  288.309   85.197   -0.001   10.559 0.00000e+00
  136    18.28333   -97.29087 36.72369     932.379    1234.342  870.590  288.330   84.910    0.141   10.537 0.00000e+00
  137    18.30000   -97.28896 36.72627     948.815    1250.276  868.953  288.193   85.306    0.301   10.512 0.00000e+00
  138    18.31667   -97.28711 36.72882     979.595    1280.702  865.830  287.911   86.360    0.466   10.487 0.00000e+00
  139    18.33333   -97.28528 36.73136    1022.110    1323.559  861.467  287.520   87.771    0.526   10.444 0.00000e+00
  140    18.35000   -97.28347 36.73393    1068.568    1370.810  856.631  287.079   89.558    0.524   10.413 0.00000e+00
  141    18.36667   -97.28165 36.73652    1110.544    1413.440  852.341  286.696   90.963    0.435   10.367 0.00000e+00
  142    18.38333   -97.27979 36.73914    1139.289    1443.072  849.294  286.423   92.046    0.214   10.341 0.00000e+00
  143    18.40000   -97.27792 36.74179    1150.718    1456.631  847.916  286.303   92.485   -0.067   10.325 0.00000e+00
  144    18.41667   -97.27605 36.74444    1139.800    1448.198  848.755  286.394   91.837   -0.403   10.304 0.00000e+00
  145    18.43333   -97.27417 36.74713    1106.003    1416.490  852.030  286.732   89.884   -0.710   10.271 0.00000e+00
  146    18.45000   -97.27225 36.74994    1055.585    1366.372  857.126  287.198   87.698   -1.053   10.270 0.00000e+00
  147    18.46667   -97.27029 36.75285     995.024    1305.436  863.370  287.823   84.665   -1.065   10.252 0.00000e+00
  148    18.48333   -97.26830 36.75574     943.530    1253.069  868.662  288.390   81.369   -0.754   10.159 0.00000e+00
  149    18.50000   -97.26625 36.75864     906.741    1215.876  872.541  288.701   80.298   -0.310   10.184 0.00000e+00
  150    18.51667   -97.26412 36.76152     894.431    1203.475  873.749  288.645   82.915    0.285   10.463 0.00000e+00
  151    18.53333   -97.26189 36.76434     910.168    1219.237  872.127  288.363   85.981    0.724   10.674 0.00000e+00
  152    18.55000   -97.25972 36.76711     949.096    1257.251  868.309  287.939   88.657    0.990   10.754 0.00000e+00
  153    18.56667   -97.25763 36.76996     996.556    1303.705  863.561  287.423   91.748    0.949   10.822 0.00000e+00
  154    18.58333   -97.25565 36.77288    1040.209    1346.224  859.286  286.994   94.045    0.733   10.840 0.00000e+00
  155    18.60000   -97.25376 36.77585    1070.229    1374.974  856.334  286.725   95.305    0.386   10.831 0.00000e+00
  156    18.61667   -97.25192 36.77879    1078.439    1382.677  855.512  286.642   95.651    0.025   10.821 0.00000e+00
  157    18.63333   -97.25013 36.78167    1067.648    1371.987  856.573  286.822   93.645   -0.171   10.707 0.00000e+00
  158    18.65000   -97.24837 36.78446    1040.841    1345.393  859.286  287.097   92.207   -0.364   10.700 0.00000e+00
  159    18.66667   -97.24663 36.78719    1005.443    1310.190  862.835  287.467   90.269   -0.486   10.687 0.00000e+00
  160    18.68333   -97.24490 36.78984     970.615    1275.962  866.290  287.810   88.644   -0.458   10.688 0.00000e+00
  161    18.70000   -97.24316 36.79237     944.208    1251.119  868.758  288.103   86.996   -0.310   10.660 0.00000e+00
  162    18.71667   -97.24139 36.79481     931.700    1240.921  869.804  288.221   86.334   -0.037   10.648 0.00000e+00
  163    18.73333   -97.23962 36.79718     930.765    1242.766  869.606  288.221   86.208    0.164   10.635 0.00000e+00
  164    18.75000   -97.23785 36.79953     938.420    1253.046  868.604  288.129   86.578    0.257   10.629 0.00000e+00
  165    18.76667   -97.23610 36.80192     948.229    1264.949  867.416  287.984   87.734    0.210   10.685 0.00000e+00
  166    18.78333   -97.23438 36.80439     953.185    1271.367  866.795  287.951   87.758   -0.177   10.672 0.00000e+00
  167    18.80000   -97.23281 36.80691     944.950    1263.817  867.547  288.022   88.102   -0.305   10.754 0.00000e+00
  168    18.81667   -97.23143 36.80932     939.292    1258.939  868.061  288.135   86.746    0.006   10.661 0.00000e+00
  169    18.83333   -97.23012 36.81160     952.235    1273.089  866.618  288.061   86.237    0.491   10.565 0.00000e+00
  170    18.85000   -97.22870 36.81376     982.922    1305.363  863.334  287.768   87.399    0.765   10.546 0.00000e+00
  171    18.86667   -97.22712 36.81586    1024.759    1348.673  858.894  287.336   89.909    0.659   10.603 0.00000e+00
  172    18.88333   -97.22525 36.81792    1062.316    1387.775  854.932  287.015   90.675    0.377   10.520 0.00000e+00
  173    18.90000   -97.22339 36.81996    1084.782    1412.211  852.459  286.806   92.421    0.184   10.607 0.00000e+00
  174    18.91667   -97.22181 36.82204    1107.458    1436.961  849.985  286.586   93.731    0.257   10.635 0.00000e+00
  175    18.93333   -97.22044 36.82411    1135.568    1466.738  847.005  286.330   94.482    0.264   10.579 3.43151e-04
  176    18.95000   -97.21924 36.82619    1157.085    1489.506  844.776  286.111   95.045    0.080   10.517 1.27357e-03
  177    18.96667   -97.21826 36.82835    1162.180    1495.285  844.247  286.060   95.084   -0.193   10.493 5.46048e-04
  178    18.98333   -97.21761 36.83063    1156.669    1490.247  844.753  286.095   94.876   -0.082   10.488 0.00000e+00
