    0    16.01667   -97.43121 36.29996      74.603     407.155  958.851  292.696   86.251   -0.301   12.827 0.00000e+00
    1    16.03333   -97.43121 36.30231      68.189     397.596  959.959  292.853   85.571    0.144   12.837 0.00000e+00
    2    16.05000   -97.43097 36.30458      74.848     401.304  959.506  292.837   85.685    0.206   12.847 0.00000e+00
    3    16.06667   -97.43048 36.30683      77.741     404.216  959.095  292.834   85.567   -0.143   12.832 0.00000e+00
    4    16.08333   -97.42985 36.30901      67.525     394.829  960.169  292.939   84.997   -0.306   12.817 0.00000e+00
    5    16.10000   -97.42921 36.31119      51.877     379.820  961.831  293.106   84.379   -0.174   12.835 0.00000e+00
    6    16.11667   -97.42857 36.31341      40.087     368.580  963.114  293.247   83.859   -0.158   12.851 0.00000e+00
    7    16.13333   -97.42785 36.31573      32.931     362.520  963.718  293.350   83.571   -0.103   12.882 0.00000e+00
    8    16.15000   -97.42707 36.31800      27.449     358.245  964.213  293.477   83.246   -0.058   12.927 0.00000e+00
    9    16.16667   -97.42633 36.32013      25.213     357.241  964.295  293.542   83.051   -0.035   12.948 0.00000e+00
   10    16.18333   -97.42565 36.32220      24.976     357.493  964.415  293.667   82.801    0.034   13.008 0.00000e+00
   11    16.20000   -97.42509 36.32419      29.031     360.059  964.112  293.710   82.776    0.115   13.044 0.00000e+00
   12    16.21667   -97.42464 36.32630      34.569     364.094  963.653  293.697   82.880    0.122   13.055 0.00000e+00
   13    16.23333   -97.42426 36.32853      40.466     368.506  963.159  293.698   82.960    0.126   13.075 0.00000e+00
   14    16.25000   -97.42401 36.33079      47.983     374.228  962.557  293.672   83.096    0.140   13.084 0.00000e+00
   15    16.26667   -97.42380 36.33306      58.129     381.864  961.625  293.569   83.392    0.175   13.060 0.00000e+00
   16    16.28333   -97.42357 36.33546      71.422     392.540  960.490  293.389   83.621    0.139   12.965 0.00000e+00
   17    16.30000   -97.42331 36.33804      83.324     401.689  959.447  293.280   83.718    0.138   12.906 0.00000e+00
   18    16.31667   -97.42295 36.34072      96.588     412.781  958.245  293.199   84.036    0.288   12.906 0.00000e+00
   19    16.33333   -97.42247 36.34342     113.613     427.586  956.630  293.054   84.550    0.445   12.890 0.00000e+00
   20    16.35000   -97.42188 36.34616     133.099     444.635  954.730  292.905   85.091    0.508   12.877 0.00000e+00
   21    16.36667   -97.42121 36.34887     157.050     467.692  952.110  292.697   85.902    0.566   12.867 0.00000e+00
   22    16.38333   -97.42043 36.35152     192.682     502.961  948.200  292.440   87.031    0.936   12.881 0.00000e+00
   23    16.40000   -97.41965 36.35414     245.985     556.237  942.268  291.910   89.216    1.049   12.852 0.00000e+00
   24    16.41667   -97.41902 36.35680     312.117     624.884  934.620  291.252   92.430    1.365   12.878 0.00000e+00
   25    16.43333   -97.41869 36.35953     371.180     687.731  927.826  290.589   95.334    0.757   12.828 0.00000e+00
   26    16.45000   -97.41857 36.36236     400.830     721.175  924.203  290.262   96.812    0.255   12.809 0.00000e+00
   27    16.46667   -97.41841 36.36536     413.671     736.257  922.714  290.142   96.969    0.057   12.752 0.00000e+00
   28    16.48333   -97.41811 36.36856     403.850     727.904  923.588  290.223   96.198   -0.553   12.704 0.00000e+00
   29    16.50000   -97.41776 36.37184     365.442     690.977  927.569  290.577   94.508   -0.770   12.710 0.00000e+00
   30    16.51667   -97.41735 36.37515     327.301     654.681  931.557  290.945   92.493   -0.363   12.679 0.00000e+00
   31    16.53333   -97.41679 36.37844     299.068     628.248  934.419  291.199   91.044   -0.452   12.644 0.00000e+00
   32    16.55000   -97.41615 36.38172     269.064     599.433  937.652  291.491   89.589   -0.458   12.631 0.00000e+00
   33    16.56667   -97.41553 36.38500     245.423     576.060  940.259  291.724   88.430   -0.468   12.617 0.00000e+00
   34    16.58333   -97.41503 36.38828     220.509     550.803  943.124  291.981   87.482   -0.396   12.647 0.00000e+00
   35    16.60000   -97.41470 36.39151     201.701     529.417  945.453  292.195   86.659   -0.297   12.667 0.00000e+00
   36    16.61667   -97.41454 36.39471     183.170     508.356  947.762  292.397   85.949   -0.292   12.692 0.00000e+00
   37    16.63333   -97.41455 36.39787     165.225     488.136  949.945  292.584   85.244   -0.283   12.708 0.00000e+00
   38    16.65000   -97.41467 36.40096     148.812     469.662  951.928  292.757   84.533   -0.323   12.712 0.00000e+00
   39    16.66667   -97.41474 36.40398     132.005     450.803  954.027  292.944   83.756   -0.374   12.715 0.00000e+00
   40    16.68333   -97.41476 36.40697     111.481     428.427  956.481  293.159   82.870   -0.407   12.719 0.00000e+00
   41    16.70000   -97.41467 36.40993      88.753     403.945  959.197  293.394   81.933   -0.367   12.724 0.00000e+00
   42    16.71667   -97.41454 36.41287      67.083     380.542  961.772  293.631   81.055   -0.266   12.741 0.00000e+00
   43    16.73333   -97.41443 36.41577      49.497     361.864  963.852  293.875   80.268   -0.177   12.783 0.00000e+00
   44    16.75000   -97.41439 36.41864      37.741     349.186  965.233  294.093   79.650   -0.106   12.839 0.00000e+00
   45    16.76667   -97.41446 36.42150      30.127     340.801  966.119  294.317   79.042   -0.073   12.907 0.00000e+00
   46    16.78333   -97.41461 36.42424      24.184     335.616  966.694  294.539   78.405   -0.069   12.972 0.00000e+00
   47    16.80000   -97.41489 36.42684      18.761     331.235  967.220  294.746   77.818   -0.049   13.034 0.00000e+00
   48    16.81667   -97.41521 36.42925      14.885     328.417  967.546  295.003   77.209    0.001   13.134 0.00000e+00
   49    16.83333   -97.41560 36.43143      12.801     327.725  967.575  295.136   76.884   -0.012   13.187 0.00000e+00
   50    16.85000   -97.41608 36.43348      11.286     327.848  967.621  295.145   76.709   -0.050   13.163 0.00000e+00
   51    16.86667   -97.41669 36.43544       9.545     327.853  967.507  295.244   76.059   -0.038   13.133 0.00000e+00
   52    16.88333   -97.41745 36.43730       9.147     329.367  967.339  295.234   75.974   -0.020   13.113 0.00000e+00
   53    16.90000   -97.41814 36.43907       9.713     331.356  967.193  295.368   75.801    0.026   13.194 0.00000e+00
   54    16.91667   -97.41863 36.44074      11.153     333.261  966.990  295.370   75.831    0.038   13.204 0.00000e+00
   55    16.93333   -97.41882 36.44236      14.342     336.621  966.575  295.327   75.941    0.053   13.193 0.00000e+00
   56    16.95000   -97.41876 36.44400      21.649     343.933  965.776  295.220   76.309    0.115   13.181 0.00000e+00
   57    16.96667   -97.41847 36.44578      31.576     353.758  964.679  295.085   76.746    0.221   13.162 0.00000e+00
   58    16.98333   -97.41801 36.44761      53.785     375.185  962.308  294.902   77.167    0.565   13.118 0.00000e+00
   59    17.00000   -97.41734 36.44969      91.128     411.255  958.229  294.423   78.561    0.791   13.020 0.00000e+00
   60    17.01667   -97.41668 36.45188     143.510     462.900  952.518  293.819   80.842    0.778   12.983 0.00000e+00
   61    17.03333   -97.41608 36.45427     178.945     498.092  948.627  293.360   82.647    0.561   12.952 0.00000e+00
   62    17.05000   -97.41563 36.45680     225.569     542.748  943.795  293.011   84.053    0.948   12.955 0.00000e+00
   63    17.06667   -97.41529 36.45961     271.026     584.865  939.237  292.605   85.430    1.117   12.899 0.00000e+00
   64    17.08333   -97.41489 36.46252     319.578     629.791  934.392  292.129   86.945    1.052   12.806 0.00000e+00
   65    17.10000   -97.41449 36.46542     357.961     665.930  930.398  291.736   88.124    0.782   12.717 0.00000e+00
   66    17.11667   -97.41409 36.46830     382.695     689.078  927.897  291.505   88.880    0.567   12.675 0.00000e+00
   67    17.13333   -97.41367 36.47116     395.886     700.799  926.574  291.408   89.202    0.464   12.661 0.00000e+00
   68    17.15000   -97.41330 36.47416     404.707     707.601  925.915  291.395   89.215    0.600   12.661 0.00000e+00
   69    17.16667   -97.41290 36.47724     419.016     719.528  924.641  291.299   89.627    0.592   12.661 0.00000e+00
   70    17.18333   -97.41248 36.48034     432.562     730.586  923.445  291.200   89.781    0.483   12.619 0.00000e+00
   71    17.20000   -97.41194 36.48346     442.671     739.062  922.565  291.119   89.836    0.225   12.574 0.00000e+00
   72    17.21667   -97.41119 36.48653     438.531     733.301  923.211  291.184   88.889   -0.139   12.485 0.00000e+00
   73    17.23333   -97.41028 36.48961     421.839     715.771  924.994  291.335   87.788   -0.331   12.424 0.00000e+00
   74    17.25000   -97.40934 36.49263     396.946     691.391  927.605  291.571   86.566   -0.468   12.401 0.00000e+00
   75    17.26667   -97.40844 36.49550     372.688     667.637  930.152  291.799   85.537   -0.428   12.397 0.00000e+00
   76    17.28333   -97.40757 36.49823     352.044     648.215  932.244  292.001   84.433   -0.314   12.366 0.00000e+00
   77    17.30000   -97.40667 36.50080     342.944     640.341  933.189  292.081   83.928    0.127   12.341 0.00000e+00
   78    17.31667   -97.40581 36.50318     354.369     652.453  931.888  291.950   84.786    0.404   12.382 0.00000e+00
   79    17.33333   -97.40507 36.50550     377.765     676.199  929.346  291.717   85.978    0.621   12.407 0.00000e+00
   80    17.35000   -97.40452 36.50791     401.375     700.118  926.772  291.485   87.590    0.465   12.491 0.00000e+00
   81    17.36667   -97.40402 36.51049     417.230     716.372  925.042  291.339   88.269    0.413   12.495 0.00000e+00
   82    17.38333   -97.40356 36.51313     427.044     726.705  923.877  291.233   88.889    0.279   12.515 0.00000e+00
   83    17.40000   -97.40308 36.51594     434.224     733.856  922.993  291.159   89.475    0.350   12.550 0.00000e+00
   84    17.41667   -97.40253 36.51889     443.893     743.687  921.960  291.075   90.153    0.340   12.592 0.00000e+00
   85    17.43333   -97.40193 36.52210     452.419     752.987  920.857  290.996   90.684    0.153   12.618 0.00000e+00
   86    17.45000   -97.40127 36.52558     455.529     758.077  920.269  290.969   90.721   -0.065   12.610 0.00000e+00
   87    17.46667   -97.40060 36.52915     453.268     758.326  920.172  290.962   90.697   -0.032   12.602 0.00000e+00
   88    17.48333   -97.39994 36.53251     452.319     759.561  920.085  290.971   90.440   -0.048   12.575 0.00000e+00
   89    17.50000   -97.39932 36.53553     441.917     750.912  921.046  291.060   90.003   -0.336   12.572 0.00000e+00
   90    17.51667   -97.39893 36.53830     417.364     727.678  923.552  291.288   88.927   -0.698   12.568 0.00000e+00
   91    17.53333   -97.39897 36.54078     383.598     694.264  927.173  291.626   87.266   -0.689   12.550 0.00000e+00
   92    17.55000   -97.39935 36.54300     357.784     668.457  929.938  291.908   85.529   -0.384   12.484 0.00000e+00
   93    17.56667   -97.39993 36.54506     345.152     655.720  931.360  292.081   84.765   -0.271   12.489 0.00000e+00
   94    17.58333   -97.40054 36.54715     336.121     646.755  932.269  292.205   84.422   -0.187   12.523 0.00000e+00
   95    17.60000   -97.40102 36.54945     318.372     629.517  934.190  292.379   83.766   -0.425   12.537 0.00000e+00
   96    17.61667   -97.40141 36.55186     285.448     597.230  937.636  292.690   82.529   -0.771   12.549 0.00000e+00
   97    17.63333   -97.40163 36.55430     240.171     552.706  942.506  293.111   80.656   -0.959   12.526 0.00000e+00
   98    17.65000   -97.40180 36.55666     189.398     502.628  948.004  293.600   78.595   -0.958   12.511 0.00000e+00
   99    17.66667   -97.40190 36.55893     137.156     451.079  953.663  294.088   76.586   -1.156   12.492 0.00000e+00
  100    17.68333   -97.40179 36.56126      88.561     403.300  958.915  294.624   74.783   -0.850   12.540 0.00000e+00
  101    17.70000   -97.40126 36.56388      61.878     377.813  961.715  294.849   73.887   -0.343   12.527 0.00000e+00
  102    17.71667   -97.40037 36.56653      78.038     395.871  959.694  295.189   73.792    0.999   12.803 0.00000e+00
  103    17.73333   -97.39964 36.56881     157.621     477.086  950.762  294.392   76.863    2.186   12.816 0.00000e+00
  104    17.75000   -97.39911 36.57106     280.147     601.148  937.218  293.158   81.798    2.880   12.814 0.00000e+00
  105    17.76667   -97.39859 36.57325     418.302     740.448  922.176  291.725   87.756    2.848   12.770 0.00000e+00
  106    17.78333   -97.39781 36.57523     527.314     850.540  910.405  290.653   92.648    2.240   12.759 0.00000e+00
  107    17.80000   -97.39650 36.57726     610.584     935.305  901.426  289.847   96.438    2.080   12.741 0.00000e+00
  108    17.81667   -97.39465 36.57956     694.182    1020.818  892.501  289.067   99.413    1.649   12.618 1.78790e-02
  109    17.83333   -97.39241 36.58206     769.229    1096.773  884.606  288.639  100.000    1.240   12.476 1.18621e-01
  110    17.85000   -97.39004 36.58477     824.844    1152.952  878.802  288.314  100.000    0.878   12.298 1.82986e-01
  111    17.86667   -97.38776 36.58765     863.012    1191.657  874.824  288.049  100.000    0.696   12.145 2.08357e-01
  112    17.88333   -97.38562 36.59057     893.354    1223.041  871.569  287.798  100.000    0.440   11.994 2.06334e-01
  113    17.90000   -97.38356 36.59350     920.676    1251.084  868.744  287.515  100.000    0.139   11.807 1.51741e-01
  114    17.91667   -97.38150 36.59651     944.891    1275.353  866.271  287.271   99.705   -0.025   11.608 1.03967e-01
  115    17.93333   -97.37932 36.59956     953.171    1284.388  865.367  287.105   98.366   -0.753   11.340 2.38461e-02
  116    17.95000   -97.37697 36.60260     929.290    1260.483  867.895  287.515   93.874   -1.362   11.083 0.00000e+00
  117    17.96667   -97.37444 36.60558     874.927    1203.788  873.790  288.228   88.991   -1.684   10.930 0.00000e+00
  118    17.98333   -97.37179 36.60853     805.182    1129.701  881.399  289.047   84.260   -1.552   10.816 0.00000e+00
  119    18.00000   -97.36908 36.61150     743.643    1064.213  888.155  289.707   80.787   -1.019   10.738 0.00000e+00
  120    18.01667   -97.36646 36.61453     708.815    1026.212  892.164  290.043   79.680   -0.256   10.772 0.00000e+00
  121    18.03333   -97.36404 36.61765     712.908    1026.973  892.092  289.935   81.494    0.401   10.942 0.00000e+00
  122    18.05000   -97.36176 36.62085     741.667    1052.468  889.376  289.545   85.121    0.662   11.181 0.00000e+00
  123    18.06667   -97.35952 36.62410     785.312    1094.345  885.002  289.066   88.296    0.861   11.302 0.00000e+00
  124    18.08333   -97.35744 36.62751     843.871    1151.963  879.019  288.492   90.915    0.999   11.291 0.00000e+00
  125    18.10000   -97.35538 36.63111     905.868    1213.572  872.606  287.848   94.824    0.653   11.378 1.25941e-05
  126    18.11667   -97.35334 36.63474     938.416    1246.715  869.235  287.540   96.096    0.003   11.346 8.22139e-05
  127    18.13333   -97.35146 36.63843     917.052    1224.754  871.614  287.703   95.889   -1.009   11.411 0.00000e+00
  128    18.15000   -97.34937 36.64223     873.826    1177.642  876.443  288.155   94.678   -1.408   11.538 3.05210e-05
  129    18.16667   -97.34737 36.64614     796.797    1096.793  884.843  288.976   90.291   -2.061   11.493 0.00000e+00
  130    18.18333   -97.34604 36.64985     696.627     995.138  895.326  289.908   86.498   -2.199   11.552 0.00000e+00
  131    18.20000   -97.34489 36.65327     616.216     914.273  903.803  290.693   82.898   -1.952   11.529 0.00000e+00
  132    18.21667   -97.34361 36.65648     545.389     843.410  911.300  291.380   79.921   -1.668   11.515 0.00000e+00
  133    18.23333   -97.34239 36.65937     481.052     779.191  918.153  292.006   77.489   -1.317   11.528 0.00000e+00
  134    18.25000   -97.34145 36.66177     437.801     736.112  922.858  292.385   76.186   -1.020   11.548 0.00000e+00
  135    18.26667   -97.34075 36.66354     430.890     729.322  923.536  292.480   77.417   -0.024   11.796 0.00000e+00
  136    18.28333   -97.33989 36.66494     437.393     735.779  922.827  292.541   79.208    0.199   12.125 0.00000e+00
  137    18.30000   -97.33900 36.66647     417.111     715.416  924.980  292.717   78.649   -0.363   12.145 0.00000e+00
  138    18.31667   -97.33849 36.66835     399.415     697.558  926.897  292.848   77.333   -0.075   12.015 0.00000e+00
  139    18.33333   -97.33827 36.67039     407.800     705.725  926.014  292.736   77.728    0.487   12.003 0.00000e+00
  140    18.35000   -97.33801 36.67252     440.389     738.207  922.488  292.364   79.539    0.798   12.045 0.00000e+00
  141    18.36667   -97.33762 36.67480     481.801     779.704  918.095  291.942   81.432    0.807   12.066 0.00000e+00
  142    18.38333   -97.33707 36.67710     526.471     824.435  913.306  291.483   83.459    0.959   12.076 0.00000e+00
  143    18.40000   -97.33630 36.67941     575.520     873.479  908.167  291.016   85.355    0.933   12.059 0.00000e+00
  144    18.41667   -97.33539 36.68172     631.530     930.085  902.122  290.468   87.487    1.214   12.017 0.00000e+00
  145    18.43333   -97.33427 36.68396     696.452     995.966  895.222  289.845   90.210    1.221   12.000 0.00000e+00
  146    18.45000   -97.33300 36.68621     749.166    1049.876  889.560  289.327   93.201    0.776   12.069 0.00000e+00
  147    18.46667   -97.33158 36.68851     771.302    1073.477  887.115  289.134   94.530    0.067   12.124 0.00000e+00
  148    18.48333   -97.33023 36.69087     758.976    1062.406  888.276  289.282   93.548   -0.458   12.097 0.00000e+00
  149    18.50000   -97.32910 36.69316     729.341    1033.869  891.216  289.559   91.723   -0.603   12.034 0.00000e+00
  150    18.51667   -97.32799 36.69534     691.752     997.355  895.028  289.922   89.796   -0.663   12.006 0.00000e+00
  151    18.53333   -97.32684 36.69758     651.105     958.302  899.087  290.307   87.838   -0.710   11.982 0.00000e+00
  152    18.55000   -97.32571 36.70002     608.442     917.872  903.357  290.711   85.757   -0.756   11.947 0.00000e+00
  153    18.56667   -97.32468 36.70263     557.452     868.888  908.537  291.191   83.495   -0.947   11.923 0.00000e+00
  154    18.58333   -97.32393 36.70527     492.950     806.001  915.279  291.811   80.756   -1.113   11.905 0.00000e+00
  155    18.60000   -97.32349 36.70781     432.292     746.291  921.663  292.388   78.483   -0.918   11.914 0.00000e+00
  156    18.61667   -97.32336 36.71027     390.936     705.817  926.032  292.787   76.961   -0.385   11.923 0.00000e+00
  157    18.63333   -97.32348 36.71264     375.626     691.353  927.576  292.896   76.964    0.096   11.984 0.00000e+00
  158    18.65000   -97.32381 36.71502     383.467     697.807  927.025  292.866   77.356    0.384   12.030 0.00000e+00
  159    18.66667   -97.32422 36.71745     392.542     704.398  926.289  292.805   77.751   -0.012   12.055 0.00000e+00
  160    18.68333   -97.32471 36.71997     381.951     691.290  927.677  292.944   77.408   -0.446   12.088 0.00000e+00
  161    18.70000   -97.32519 36.72250     347.864     655.235  931.522  293.281   76.196   -0.844   12.103 0.00000e+00
  162    18.71667   -97.32568 36.72482     297.910     604.510  937.010  293.764   74.533   -0.967   12.128 0.00000e+00
  163    18.73333   -97.32616 36.72697     240.228     546.111  943.351  294.340   72.419   -0.981   12.131 0.00000e+00
  164    18.75000   -97.32669 36.72903     181.034     486.235  949.836  294.917   70.225   -0.905   12.108 0.00000e+00
  165    18.76667   -97.32732 36.73103     129.664     434.703  955.469  295.431   68.209   -0.781   12.066 0.00000e+00
  166    18.78333   -97.32796 36.73301      88.168     393.547  960.004  295.858   66.636   -0.606   12.043 0.00000e+00
  167    18.80000   -97.32861 36.73495      56.019     361.718  963.486  296.130   65.603   -0.579   12.012 0.00000e+00
  168    18.81667   -97.32912 36.73684      31.976     337.946  966.132  296.259   65.261   -0.512   12.011 0.00000e+00
  169    18.83333   -97.32944 36.73873      16.388     322.763  967.755  296.723   64.144   -0.285   12.124 0.00000e+00
  170    18.85000   -97.32973 36.74065       8.450     315.702  968.470  297.064   63.005   -0.132   12.151 0.00000e+00
  171    18.86667   -97.33022 36.74265       5.841     314.029  968.604  297.343   61.729   -0.055   12.106 0.00000e+00
  172    18.88333   -97.33105 36.74457       5.774     314.846  968.487  297.580   61.072    0.009   12.153 0.00000e+00
  173    18.90000   -97.33206 36.74632       8.395     318.222  968.148  297.773   61.070    0.093   12.299 0.00000e+00
  174    18.91667   -97.33309 36.74785      16.842     327.098  967.239  297.676   61.767    0.222   12.378 0.00000e+00
  175    18.93333   -97.33402 36.74942      35.954     346.662  965.063  297.307   62.725    0.546   12.320 0.00000e+00
  176    18.95000   -97.33479 36.75110      76.780     388.075  960.494  296.700   64.419    1.227   12.253 0.00000e+00
  177    18.96667   -97.33546 36.75296     148.471     460.494  952.585  295.868   66.846    1.750   12.184 0.00000e+00
  178    18.98333   -97.33602 36.75520     234.418     547.327  943.109  294.967   69.516    1.839   12.109 0.00000e+00
