    0    16.01667   -97.45324 36.21413      12.506     379.093  961.597  293.145   85.002   -0.081   12.964 0.00000e+00
    1    16.03333   -97.45349 36.21564       9.208     377.566  961.780  293.238   84.723   -0.027   12.994 0.00000e+00
    2    16.05000   -97.45335 36.21713       7.733     377.710  961.715  293.298   84.578   -0.002   13.022 0.00000e+00
    3    16.06667   -97.45296 36.21864       7.820     379.643  961.492  293.319   84.632    0.012   13.051 0.00000e+00
    4    16.08333   -97.45259 36.22014       8.636     382.310  961.218  293.324   84.756    0.020   13.078 0.00000e+00
    5    16.10000   -97.45238 36.22153      10.532     385.792  960.879  293.312   84.979    0.038   13.106 0.00000e+00
    6    16.11667   -97.45244 36.22279      13.626     389.684  960.490  293.295   85.135    0.056   13.122 0.00000e+00
    7    16.13333   -97.45273 36.22395      17.146     393.727  960.059  293.262   85.224    0.037   13.115 0.00000e+00
    8    16.15000   -97.45308 36.22511      19.745     396.947  959.749  293.248   85.257    0.059   13.113 0.00000e+00
    9    16.16667   -97.45339 36.22629      24.177     402.108  959.189  293.223   85.342    0.129   13.113 0.00000e+00
   10    16.18333   -97.45366 36.22770      31.719     410.566  958.265  293.141   85.558    0.152   13.091 0.00000e+00
   11    16.20000   -97.45389 36.22940      39.104     419.047  957.367  293.059   85.812    0.130   13.076 0.00000e+00
   12    16.21667   -97.45414 36.23128      43.724     423.413  956.972  293.024   85.892    0.081   13.065 0.00000e+00
   13    16.23333   -97.45452 36.23315      46.018     424.487  956.813  293.004   85.867    0.036   13.046 0.00000e+00
   14    16.25000   -97.45497 36.23503      43.651     420.704  957.188  293.027   85.614   -0.054   13.022 0.00000e+00
   15    16.26667   -97.45548 36.23679      38.266     413.724  957.900  293.120   85.255   -0.095   13.033 0.00000e+00
   16    16.28333   -97.45609 36.23850      30.861     404.566  958.961  293.231   84.647   -0.168   13.016 0.00000e+00
   17    16.30000   -97.45679 36.24016      21.864     393.935  960.076  293.421   83.960   -0.130   13.049 0.00000e+00
   18    16.31667   -97.45770 36.24174      17.468     387.825  960.752  293.574   83.438   -0.073   13.083 0.00000e+00
   19    16.33333   -97.45866 36.24335      15.064     383.577  961.237  293.704   83.046   -0.032   13.120 0.00000e+00
   20    16.35000   -97.45975 36.24502      14.848     381.247  961.457  293.837   82.686    0.053   13.170 0.00000e+00
   21    16.36667   -97.46080 36.24671      21.713     386.187  960.938  293.904   82.357    0.243   13.179 0.00000e+00
   22    16.38333   -97.46162 36.24833      48.201     411.140  958.253  293.843   82.505    0.701   13.190 0.00000e+00
   23    16.40000   -97.46198 36.25008     107.122     468.358  951.982  293.319   84.292    1.181   13.129 0.00000e+00
   24    16.41667   -97.46194 36.25198     190.555     549.774  943.025  292.477   87.465    1.641   13.047 0.00000e+00
   25    16.43333   -97.46131 36.25408     284.213     641.018  932.951  291.478   91.591    2.147   12.968 0.00000e+00
   26    16.45000   -97.45995 36.25637     383.021     739.270  922.220  290.494   96.259    1.908   12.953 0.00000e+00
   27    16.46667   -97.45807 36.25889     469.493     826.918  912.821  289.639   99.979    1.679   12.870 2.68615e-02
   28    16.48333   -97.45585 36.26155     543.150     901.383  904.913  289.245  100.000    1.510   12.678 1.87840e-01
   29    16.50000   -97.45332 36.26425     592.862     951.144  899.824  288.991  100.000    0.620   12.544 2.75326e-01
   30    16.51667   -97.45071 36.26685     607.849     962.143  898.738  288.923  100.000   -0.267   12.505 2.80355e-01
   31    16.53333   -97.44820 36.26936     589.423     939.469  901.131  289.006  100.000   -0.610   12.538 2.01339e-01
   32    16.55000   -97.44587 36.27184     555.805     902.187  905.073  289.156  100.000   -0.691   12.605 7.67160e-02
   33    16.56667   -97.44389 36.27441     520.822     864.536  909.118  289.413   99.140   -0.762   12.630 0.00000e+00
   34    16.58333   -97.44230 36.27714     484.085     825.234  913.237  289.866   96.274   -0.766   12.569 0.00000e+00
   35    16.60000   -97.44106 36.28012     450.599     789.290  917.080  290.268   93.806   -0.523   12.513 0.00000e+00
   36    16.61667   -97.44000 36.28335     427.440     764.359  919.712  290.521   92.442   -0.209   12.495 0.00000e+00
   37    16.63333   -97.43893 36.28672     414.299     750.223  921.195  290.655   91.762   -0.054   12.490 0.00000e+00
   38    16.65000   -97.43777 36.29012     402.741     737.949  922.556  290.771   91.239   -0.077   12.492 0.00000e+00
   39    16.66667   -97.43659 36.29348     386.419     720.357  924.398  290.927   90.588   -0.197   12.501 0.00000e+00
   40    16.68333   -97.43549 36.29671     366.131     698.874  926.720  291.155   89.374   -0.377   12.481 0.00000e+00
   41    16.70000   -97.43453 36.29979     348.928     679.979  928.879  291.378   88.117   -0.493   12.452 0.00000e+00
   42    16.71667   -97.43362 36.30275     345.677     674.270  929.532  291.472   87.869   -0.255   12.483 0.00000e+00
   43    16.73333   -97.43254 36.30562     366.278     692.784  927.436  291.356   88.584    0.095   12.520 0.00000e+00
   44    16.75000   -97.43121 36.30838     401.181     728.791  923.557  291.079   89.921    0.329   12.541 0.00000e+00
   45    16.76667   -97.42963 36.31114     435.000     763.168  919.893  290.783   91.396    0.333   12.559 0.00000e+00
   46    16.78333   -97.42784 36.31399     455.971     784.322  917.605  290.572   92.482    0.094   12.571 0.00000e+00
   47    16.80000   -97.42605 36.31698     458.214     787.619  917.240  290.519   92.800   -0.177   12.576 0.00000e+00
   48    16.81667   -97.42438 36.32011     460.314     791.289  916.804  290.460   93.135    0.007   12.580 0.00000e+00
   49    16.83333   -97.42279 36.32327     477.632     808.284  915.115  290.289   93.989    0.389   12.581 0.00000e+00
   50    16.85000   -97.42117 36.32626     504.432     832.785  912.491  290.032   95.446    0.370   12.604 0.00000e+00
   51    16.86667   -97.41953 36.32908     522.798     849.218  910.758  289.871   96.292    0.182   12.610 0.00000e+00
   52    16.88333   -97.41792 36.33178     525.060     848.819  910.807  289.891   95.962   -0.035   12.582 0.00000e+00
   53    16.90000   -97.41644 36.33438     517.082     837.954  911.989  290.019   95.040   -0.129   12.547 0.00000e+00
   54    16.91667   -97.41513 36.33697     505.499     823.668  913.505  290.170   94.144   -0.225   12.529 0.00000e+00
   55    16.93333   -97.41397 36.33959     489.316     804.780  915.534  290.369   93.031   -0.368   12.511 0.00000e+00
   56    16.95000   -97.41293 36.34222     467.375     780.060  918.190  290.624   91.688   -0.497   12.496 0.00000e+00
   57    16.96667   -97.41203 36.34479     446.428     756.425  920.709  290.864   90.470   -0.546   12.485 0.00000e+00
   58    16.98333   -97.41115 36.34730     430.432     739.107  922.372  291.026   89.541   -0.538   12.462 0.00000e+00
   59    17.00000   -97.41014 36.34977     415.425     726.762  923.596  291.129   89.097   -0.448   12.465 0.00000e+00
   60    17.01667   -97.40898 36.35231     393.419     708.024  925.629  291.326   88.345   -0.518   12.487 0.00000e+00
   61    17.03333   -97.40776 36.35495     360.927     679.352  928.690  291.617   87.257   -0.737   12.521 0.00000e+00
   62    17.05000   -97.40675 36.35769     317.273     639.404  933.041  292.016   85.656   -0.830   12.546 0.00000e+00
   63    17.06667   -97.40599 36.36053     265.272     590.861  938.326  292.482   83.512   -0.950   12.524 0.00000e+00
   64    17.08333   -97.40536 36.36344     211.729     540.397  943.870  292.980   81.407   -1.113   12.521 0.00000e+00
   65    17.10000   -97.40476 36.36631     158.920     488.455  949.623  293.499   79.399   -0.998   12.538 0.00000e+00
   66    17.11667   -97.40419 36.36914     115.518     445.691  954.337  293.916   77.843   -0.931   12.553 0.00000e+00
   67    17.13333   -97.40366 36.37193      80.669     411.027  958.260  294.278   76.577   -0.642   12.578 0.00000e+00
   68    17.15000   -97.40308 36.37471      60.085     388.455  960.844  294.491   75.793   -0.416   12.580 0.00000e+00
   69    17.16667   -97.40242 36.37752      48.731     374.470  962.427  294.810   75.031   -0.065   12.681 0.00000e+00
   70    17.18333   -97.40182 36.38030      51.599     374.691  962.363  294.994   74.646    0.238   12.761 0.00000e+00
   71    17.20000   -97.40131 36.38314      60.730     382.098  961.557  294.877   74.890    0.124   12.721 0.00000e+00
   72    17.21667   -97.40081 36.38599      70.366     390.133  960.641  294.826   74.974    0.167   12.707 0.00000e+00
   73    17.23333   -97.40028 36.38873      94.328     412.571  958.179  294.673   75.591    0.503   12.724 0.00000e+00
   74    17.25000   -97.39969 36.39140     127.107     443.969  954.693  294.454   76.627    0.745   12.772 0.00000e+00
   75    17.26667   -97.39902 36.39396     160.485     476.063  951.136  294.108   77.841    0.857   12.747 0.00000e+00
   76    17.28333   -97.39832 36.39651     201.743     516.156  946.730  293.659   79.422    0.958   12.707 0.00000e+00
   77    17.30000   -97.39761 36.39910     256.928     570.527  940.771  293.127   81.648    1.332   12.716 0.00000e+00
   78    17.31667   -97.39706 36.40169     329.159     642.008  933.032  292.448   84.580    1.477   12.730 0.00000e+00
   79    17.33333   -97.39651 36.40425     408.914     720.979  924.496  291.677   88.023    1.600   12.737 0.00000e+00
   80    17.35000   -97.39595 36.40672     487.186     798.861  916.096  290.891   91.451    1.249   12.706 0.00000e+00
   81    17.36667   -97.39534 36.40919     553.299     864.911  909.077  290.239   94.475    1.021   12.691 0.00000e+00
   82    17.38333   -97.39468 36.41170     608.449     920.123  903.276  289.698   97.071    0.763   12.676 0.00000e+00
   83    17.40000   -97.39386 36.41426     651.974     963.527  898.714  289.263   99.017    0.507   12.639 0.00000e+00
   84    17.41667   -97.39288 36.41685     675.205     986.566  896.286  289.076   99.406    0.102   12.571 2.68003e-03
   85    17.43333   -97.39179 36.41957     666.258     977.461  897.212  289.204   97.922   -0.432   12.472 0.00000e+00
   86    17.45000   -97.39062 36.42244     627.888     938.860  901.274  289.632   94.962   -0.959   12.377 0.00000e+00
   87    17.46667   -97.38943 36.42539     570.613     881.113  907.293  290.242   91.293   -1.206   12.289 0.00000e+00
   88    17.48333   -97.38821 36.42828     512.711     823.592  913.314  290.833   88.094   -1.123   12.232 0.00000e+00
   89    17.50000   -97.38697 36.43103     468.613     779.407  918.233  291.328   85.423   -0.679   12.174 0.00000e+00
   90    17.51667   -97.38571 36.43366     447.440     755.458  920.898  291.622   83.524   -0.159   12.092 0.00000e+00
   91    17.53333   -97.38438 36.43625     445.029     750.148  921.404  291.658   83.481    0.198   12.106 0.00000e+00
   92    17.55000   -97.38301 36.43885     450.526     753.739  920.965  291.567   84.637    0.249   12.209 0.00000e+00
   93    17.56667   -97.38159 36.44147     457.664     760.272  920.265  291.471   85.748    0.384   12.304 0.00000e+00
   94    17.58333   -97.38013 36.44406     469.413     771.091  919.156  291.344   86.822    0.336   12.374 0.00000e+00
   95    17.60000   -97.37866 36.44660     478.932     779.465  918.181  291.255   87.490    0.110   12.412 0.00000e+00
   96    17.61667   -97.37727 36.44910     484.272     785.681  917.534  291.158   88.104    0.156   12.431 0.00000e+00
   97    17.63333   -97.37592 36.45167     490.834     793.237  916.707  291.128   88.334    0.154   12.451 0.00000e+00
   98    17.65000   -97.37472 36.45450     484.163     787.484  917.339  291.249   87.710   -0.362   12.449 0.00000e+00
   99    17.66667   -97.37377 36.45749     461.000     764.130  919.852  291.510   86.644   -0.616   12.469 0.00000e+00
  100    17.68333   -97.37320 36.46060     429.633     732.677  923.199  291.820   85.203   -0.738   12.459 0.00000e+00
  101    17.70000   -97.37300 36.46361     406.477     709.252  925.824  292.066   84.122   -0.413   12.458 0.00000e+00
  102    17.71667   -97.37294 36.46655     402.610     702.213  926.596  292.155   83.693   -0.128   12.453 0.00000e+00
  103    17.73333   -97.37297 36.46941     412.279     708.665  925.876  292.111   83.748    0.116   12.436 0.00000e+00
  104    17.75000   -97.37302 36.47219     429.160     722.711  924.323  291.983   84.096    0.387   12.409 0.00000e+00
  105    17.76667   -97.37315 36.47494     446.811     738.772  922.598  291.838   84.507    0.340   12.379 0.00000e+00
  106    17.78333   -97.37317 36.47761     446.274     736.679  922.783  291.874   84.243   -0.162   12.366 0.00000e+00
  107    17.80000   -97.37309 36.48023     416.809     706.105  925.953  292.158   82.989   -0.706   12.359 0.00000e+00
  108    17.81667   -97.37299 36.48274     362.146     652.636  931.709  292.666   80.867   -1.099   12.356 0.00000e+00
  109    17.83333   -97.37283 36.48517     294.266     586.107  938.903  293.311   78.263   -1.282   12.356 0.00000e+00
  110    17.85000   -97.37277 36.48758     230.165     523.349  945.730  293.939   75.828   -0.858   12.358 0.00000e+00
  111    17.86667   -97.37296 36.48996     202.444     496.586  948.663  294.228   74.771    0.147   12.368 0.00000e+00
  112    17.88333   -97.37318 36.49226     239.333     534.240  944.544  293.975   76.030    1.032   12.435 0.00000e+00
  113    17.90000   -97.37300 36.49444     299.817     595.456  937.956  293.404   78.351    0.827   12.454 0.00000e+00
  114    17.91667   -97.37208 36.49649     334.420     630.672  934.095  293.052   79.768    0.511   12.455 0.00000e+00
  115    17.93333   -97.37064 36.49833     350.933     647.828  932.187  292.915   80.295    0.122   12.456 0.00000e+00
  116    17.95000   -97.36911 36.50008     335.464     633.009  933.793  293.083   79.320   -0.464   12.413 0.00000e+00
  117    17.96667   -97.36799 36.50190     296.098     594.448  937.976  293.451   77.708   -0.535   12.388 0.00000e+00
  118    17.98333   -97.36732 36.50379     267.905     567.225  940.965  293.732   76.570   -0.150   12.382 0.00000e+00
  119    18.00000   -97.36687 36.50566     264.625     565.004  941.162  293.765   76.374    0.305   12.374 0.00000e+00
  120    18.01667   -97.36646 36.50747     279.214     580.672  939.474  293.672   76.947    0.547   12.417 0.00000e+00
  121    18.03333   -97.36610 36.50926     320.576     623.105  934.863  293.275   78.425    1.082   12.407 0.00000e+00
  122    18.05000   -97.36555 36.51089     388.260     691.774  927.468  292.708   80.989    1.363   12.465 0.00000e+00
  123    18.06667   -97.36475 36.51262     469.095     773.650  918.678  291.931   84.317    1.614   12.478 0.00000e+00
  124    18.08333   -97.36373 36.51443     545.529     850.442  910.610  291.220   87.428    1.227   12.479 0.00000e+00
  125    18.10000   -97.36264 36.51631     603.982     908.536  904.493  290.677   89.977    0.727   12.492 0.00000e+00
  126    18.11667   -97.36159 36.51835     645.185     949.034  900.260  290.325   91.693    0.627   12.507 0.00000e+00
  127    18.13333   -97.36066 36.52049     677.716     980.641  896.945  290.008   92.999    0.467   12.477 0.00000e+00
  128    18.15000   -97.35989 36.52271     701.891    1004.221  894.461  289.781   93.944    0.284   12.456 0.00000e+00
  129    18.16667   -97.35925 36.52501     706.163    1008.264  893.964  289.731   94.070   -0.208   12.440 0.00000e+00
  130    18.18333   -97.35870 36.52731     686.556     988.508  896.101  289.930   92.771   -0.607   12.396 0.00000e+00
  131    18.20000   -97.35817 36.52967     639.848     941.715  900.958  290.405   90.343   -1.160   12.375 0.00000e+00
  132    18.21667   -97.35764 36.53197     558.459     860.448  909.540  291.200   86.640   -1.680   12.366 0.00000e+00
  133    18.23333   -97.35700 36.53410     470.248     772.449  918.890  292.072   82.797   -1.515   12.359 0.00000e+00
  134    18.25000   -97.35637 36.53613     395.685     698.208  926.830  292.797   79.817   -1.222   12.362 0.00000e+00
  135    18.26667   -97.35600 36.53813     334.848     637.811  933.294  293.441   77.204   -1.135   12.362 0.00000e+00
  136    18.28333   -97.35580 36.53991     283.782     587.397  938.683  293.930   75.173   -0.843   12.337 0.00000e+00
  137    18.30000   -97.35574 36.54152     250.639     554.899  942.268  294.312   73.594   -0.530   12.321 0.00000e+00
  138    18.31667   -97.35573 36.54321     223.844     528.780  945.053  294.601   72.415   -0.675   12.306 0.00000e+00
  139    18.33333   -97.35545 36.54499     182.305     487.923  949.535  295.006   70.912   -0.996   12.297 0.00000e+00
  140    18.35000   -97.35457 36.54681     135.097     441.356  954.618  295.469   69.041   -0.650   12.253 0.00000e+00
  141    18.36667   -97.35324 36.54868     108.986     416.252  957.340  295.705   68.161   -0.056   12.239 0.00000e+00
  142    18.38333   -97.35170 36.55058     122.649     431.208  955.730  295.567   68.674    0.672   12.247 0.00000e+00
  143    18.40000   -97.35044 36.55237     187.279     496.968  948.543  294.991   70.839    1.516   12.286 0.00000e+00
  144    18.41667   -97.34981 36.55399     303.338     613.845  935.819  293.911   74.927    2.218   12.320 0.00000e+00
  145    18.43333   -97.34969 36.55554     436.687     747.995  921.414  292.625   80.244    2.296   12.367 0.00000e+00
  146    18.45000   -97.34989 36.55707     562.171     874.423  907.977  291.401   85.594    2.029   12.395 0.00000e+00
  147    18.46667   -97.35010 36.55861     664.987     978.251  897.083  290.397   90.197    1.441   12.404 0.00000e+00
  148    18.48333   -97.35005 36.56013     734.244    1048.450  889.762  289.713   93.405    0.741   12.397 0.00000e+00
  149    18.50000   -97.34966 36.56152     779.844    1094.741  884.948  289.278   94.980    0.563   12.325 0.00000e+00
  150    18.51667   -97.34908 36.56268     827.028    1142.305  880.031  288.876   95.877    1.152   12.192 0.00000e+00
  151    18.53333   -97.34837 36.56384     885.847    1201.233  873.970  288.303   99.035    1.143   12.221 3.05879e-03
  152    18.55000   -97.34769 36.56525     934.383    1249.898  869.022  287.982  100.000    0.592   12.159 5.16692e-02
  153    18.56667   -97.34701 36.56695     954.431    1270.141  866.958  287.858  100.000    0.089   12.105 6.39239e-02
  154    18.58333   -97.34615 36.56874     948.857    1264.694  867.515  287.832   99.991   -0.319   12.056 4.13446e-03
  155    18.60000   -97.34508 36.57042     923.899    1239.683  870.056  288.120   97.073   -0.639   11.891 0.00000e+00
  156    18.61667   -97.34383 36.57200     895.677    1211.238  872.979  288.434   94.563   -0.595   11.782 0.00000e+00
  157    18.63333   -97.34240 36.57367     869.674    1184.831  875.731  288.697   93.275   -0.280   11.783 0.00000e+00
  158    18.65000   -97.34087 36.57555     840.939    1155.276  878.815  289.000   91.689   -0.306   11.769 0.00000e+00
  159    18.66667   -97.33936 36.57753     807.702    1120.808  882.426  289.352   89.873   -0.481   11.752 0.00000e+00
  160    18.68333   -97.33794 36.57959     769.257    1080.696  886.543  289.733   88.237   -0.622   11.769 0.00000e+00
  161    18.70000   -97.33656 36.58166     724.979    1034.941  891.221  290.154   86.758   -0.755   11.825 0.00000e+00
  162    18.71667   -97.33516 36.58364     680.015     989.420  895.979  290.598   84.933   -0.829   11.845 0.00000e+00
  163    18.73333   -97.33377 36.58550     637.018     946.103  900.543  291.034   83.015   -0.848   11.842 0.00000e+00
  164    18.75000   -97.33227 36.58723     597.243     905.761  904.813  291.455   80.963   -0.876   11.805 0.00000e+00
  165    18.76667   -97.33063 36.58892     555.681     862.983  909.367  291.899   78.915   -0.930   11.775 0.00000e+00
  166    18.78333   -97.32887 36.59062     506.236     811.660  914.766  292.406   76.802   -1.078   11.761 0.00000e+00
  167    18.80000   -97.32713 36.59242     448.769     752.732  921.007  292.991   74.455   -1.098   11.747 0.00000e+00
  168    18.81667   -97.32565 36.59435     393.005     695.847  927.103  293.553   72.307   -0.995   11.738 0.00000e+00
  169    18.83333   -97.32446 36.59640     338.775     640.540  933.006  294.090   70.367   -0.909   11.736 0.00000e+00
  170    18.85000   -97.32360 36.59852     284.438     585.678  938.930  294.605   68.842   -0.859   11.778 0.00000e+00
  171    18.86667   -97.32301 36.60077     236.176     536.999  944.197  295.066   67.397   -0.810   11.798 0.00000e+00
  172    18.88333   -97.32254 36.60304     192.585     492.939  949.032  295.494   66.092   -0.772   11.817 0.00000e+00
  173    18.90000   -97.32222 36.60532     153.845     453.663  953.290  295.908   64.859   -0.598   11.842 0.00000e+00
  174    18.91667   -97.32203 36.60757     120.272     419.338  957.077  296.203   63.992   -0.669   11.849 0.00000e+00
  175    18.93333   -97.32188 36.60978      89.316     387.670  960.558  296.477   63.273   -0.638   11.871 0.00000e+00
  176    18.95000   -97.32172 36.61193      70.889     368.555  962.630  296.858   62.538   -0.271   11.983 0.00000e+00
  177    18.96667   -97.32144 36.61399      68.221     365.278  962.947  297.173   62.133    0.086   12.132 0.00000e+00
  178    18.98333   -97.32109 36.61606      68.131     364.653  963.021  297.181   62.019    0.052   12.115 0.00000e+00
