    0    16.01667   -97.56963 36.23178      19.939     347.624  965.021  294.115   80.525   -0.021   13.000 0.00000e+00
    1    16.03333   -97.57002 36.23351      19.880     348.888  964.921  294.157   80.368    0.002   13.010 0.00000e+00
    2    16.05000   -97.57045 36.23522      21.095     351.315  964.652  294.208   80.289    0.011   13.042 0.00000e+00
    3    16.06667   -97.57096 36.23702      23.793     355.226  964.241  294.174   80.382    0.089   13.035 0.00000e+00
    4    16.08333   -97.57155 36.23902      26.289     358.628  963.845  294.129   80.493    0.075   13.022 0.00000e+00
    5    16.10000   -97.57220 36.24101      25.155     357.982  963.976  294.091   80.552   -0.047   12.999 0.00000e+00
    6    16.11667   -97.57301 36.24290      19.662     352.896  964.497  294.134   80.449   -0.080   13.011 0.00000e+00
    7    16.13333   -97.57404 36.24457      15.079     348.594  964.968  294.220   80.238   -0.066   13.039 0.00000e+00
    8    16.15000   -97.57521 36.24612      12.973     346.708  965.165  294.327   79.969   -0.015   13.079 0.00000e+00
    9    16.16667   -97.57618 36.24766      15.781     349.805  964.864  294.434   79.883    0.081   13.156 0.00000e+00
   10    16.18333   -97.57682 36.24933      19.680     354.226  964.342  294.303   80.283    0.006   13.123 0.00000e+00
   11    16.20000   -97.57727 36.25103      20.892     356.091  964.174  294.238   80.443    0.009   13.098 0.00000e+00
   12    16.21667   -97.57764 36.25261      23.400     359.256  963.828  294.185   80.563    0.083   13.080 0.00000e+00
   13    16.23333   -97.57809 36.25414      26.819     363.316  963.391  294.131   80.714    0.085   13.066 0.00000e+00
   14    16.25000   -97.57865 36.25563      33.667     370.573  962.593  294.092   80.949    0.188   13.083 0.00000e+00
   15    16.26667   -97.57920 36.25724      46.599     383.648  961.144  293.963   81.460    0.219   13.081 0.00000e+00
   16    16.28333   -97.57959 36.25913      65.390     402.691  959.021  293.793   82.204    0.455   13.091 0.00000e+00
   17    16.30000   -97.57993 36.26156      82.235     419.918  957.141  293.599   82.732    0.505   13.042 0.00000e+00
   18    16.31667   -97.58034 36.26423     100.579     438.756  955.030  293.377   83.313    0.466   12.982 0.00000e+00
   19    16.33333   -97.58076 36.26685     116.749     455.444  953.183  293.198   83.916    0.234   12.955 0.00000e+00
   20    16.35000   -97.58130 36.26938     119.545     458.699  952.816  293.153   84.042   -0.030   12.943 0.00000e+00
   21    16.36667   -97.58200 36.27193     110.916     450.516  953.670  293.223   83.729   -0.035   12.940 0.00000e+00
   22    16.38333   -97.58280 36.27456     105.105     445.359  954.258  293.296   83.409   -0.023   12.941 0.00000e+00
   23    16.40000   -97.58348 36.27732     100.797     441.711  954.650  293.309   83.401   -0.115   12.946 0.00000e+00
   24    16.41667   -97.58396 36.28010      94.253     435.821  955.298  293.361   83.201   -0.204   12.947 0.00000e+00
   25    16.43333   -97.58430 36.28289      84.950     427.111  956.271  293.438   82.887   -0.219   12.948 0.00000e+00
   26    16.45000   -97.58451 36.28566      74.599     417.368  957.338  293.528   82.500   -0.187   12.945 0.00000e+00
   27    16.46667   -97.58473 36.28849      66.155     409.623  958.146  293.621   82.136   -0.110   12.952 0.00000e+00
   28    16.48333   -97.58507 36.29146      64.168     409.240  958.209  293.678   81.977    0.054   12.972 0.00000e+00
   29    16.50000   -97.58548 36.29445      74.140     420.917  956.929  293.647   82.084    0.288   12.981 0.00000e+00
   30    16.51667   -97.58580 36.29735      94.861     443.244  954.475  293.480   82.661    0.417   12.970 0.00000e+00
   31    16.53333   -97.58595 36.30001     117.205     466.863  951.859  293.267   83.436    0.342   12.955 0.00000e+00
   32    16.55000   -97.58601 36.30243     148.233     499.046  948.302  292.969   84.674    0.512   12.954 0.00000e+00
   33    16.56667   -97.58612 36.30460     213.207     565.055  941.115  292.353   87.371    1.410   12.958 0.00000e+00
   34    16.58333   -97.58615 36.30656     300.332     653.125  931.482  291.510   91.169    1.417   12.955 0.00000e+00
   35    16.60000   -97.58588 36.30839     383.509     737.263  922.385  290.688   94.929    1.324   12.931 0.00000e+00
   36    16.61667   -97.58527 36.31036     441.684     796.569  916.031  290.065   97.980    1.648   12.916 0.00000e+00
   37    16.63333   -97.58443 36.31266     485.358     841.655  911.238  289.629  100.000    1.273   12.893 1.37169e-02
   38    16.65000   -97.58356 36.31535     525.302     883.553  906.733  289.424  100.000    0.911   12.799 7.31305e-02
   39    16.66667   -97.58275 36.31841     557.483     918.041  903.065  289.250  100.000    0.477   12.709 1.02028e-01
   40    16.68333   -97.58205 36.32175     574.843     937.845  900.999  289.142  100.000    0.191   12.650 1.04365e-01
   41    16.70000   -97.58128 36.32522     579.983     944.410  900.315  289.054  100.000   -0.234   12.585 7.77031e-02
   42    16.71667   -97.58002 36.32883     580.686     946.713  900.081  289.027  100.000   -0.120   12.562 5.97708e-02
   43    16.73333   -97.57821 36.33250     579.882     942.701  900.745  289.030  100.000    0.167   12.561 2.96779e-02
   44    16.75000   -97.57599 36.33610     585.554     942.343  900.788  289.021  100.000    0.281   12.553 2.85991e-02
   45    16.76667   -97.57353 36.33962     599.508     952.326  899.620  288.967  100.000    0.415   12.524 4.97616e-02
   46    16.78333   -97.57079 36.34311     623.745     974.023  897.423  288.851  100.000    0.470   12.465 6.43787e-02
   47    16.80000   -97.56779 36.34648     656.466    1003.320  894.371  288.721  100.000    0.720   12.400 1.12148e-01
   48    16.81667   -97.56442 36.34976     690.224    1031.689  891.371  288.581  100.000    0.424   12.324 1.53985e-01
   49    16.83333   -97.56107 36.35313     699.474    1035.831  890.872  288.484  100.000   -0.035   12.260 9.45333e-02
   50    16.85000   -97.55781 36.35668     691.487    1026.676  891.736  288.520   99.197   -0.598   12.164 8.06783e-03
   51    16.86667   -97.55450 36.36046     658.701     992.510  895.433  288.952   95.762   -1.284   12.025 0.00000e+00
   52    16.88333   -97.55141 36.36420     611.347     942.608  900.684  289.512   92.406   -1.413   11.959 0.00000e+00
   53    16.90000   -97.54852 36.36779     567.151     897.237  905.537  289.966   90.263   -1.145   11.962 0.00000e+00
   54    16.91667   -97.54581 36.37129     530.125     857.196  909.746  290.327   88.779   -0.934   11.984 0.00000e+00
   55    16.93333   -97.54319 36.37460     495.893     824.335  913.166  290.601   87.713   -0.821   12.003 0.00000e+00
   56    16.95000   -97.54077 36.37761     480.912     811.654  914.579  290.704   87.466   -0.526   12.029 0.00000e+00
   57    16.96667   -97.53835 36.38031     491.555     824.094  913.251  290.579   88.303   -0.374   12.065 0.00000e+00
   58    16.98333   -97.53572 36.38288     504.784     837.623  911.727  290.385   89.725   -0.277   12.130 0.00000e+00
   59    17.00000   -97.53305 36.38567     487.649     822.312  913.330  290.429   90.483   -0.773   12.244 0.00000e+00
   60    17.01667   -97.53098 36.38877     447.554     784.960  917.304  290.820   88.430   -0.696   12.215 0.00000e+00
   61    17.03333   -97.52969 36.39211     408.536     748.594  921.220  291.087   88.089   -0.787   12.323 0.00000e+00
   62    17.05000   -97.52914 36.39555     375.037     717.428  924.550  291.310   88.297   -0.477   12.483 0.00000e+00
   63    17.06667   -97.52876 36.39891     379.791     723.270  923.982  291.217   89.308    0.316   12.559 0.00000e+00
   64    17.08333   -97.52815 36.40221     419.934     763.820  919.660  290.794   91.390    0.795   12.570 0.00000e+00
   65    17.10000   -97.52735 36.40558     468.954     813.298  914.312  290.300   93.705    0.774   12.563 0.00000e+00
   66    17.11667   -97.52623 36.40903     509.712     855.368  909.841  289.891   95.630    0.477   12.552 0.00000e+00
   67    17.13333   -97.52495 36.41250     532.349     879.127  907.357  289.675   96.588    0.020   12.538 0.00000e+00
   68    17.15000   -97.52338 36.41585     541.668     888.246  906.490  289.645   96.172   -0.152   12.472 0.00000e+00
   69    17.16667   -97.52158 36.41901     545.974     890.855  906.252  289.663   95.715   -0.142   12.431 0.00000e+00
   70    17.18333   -97.51965 36.42191     553.494     895.390  905.830  289.658   95.511    0.124   12.405 0.00000e+00
   71    17.20000   -97.51762 36.42449     565.821     904.194  904.845  289.581   95.870    0.498   12.405 0.00000e+00
   72    17.21667   -97.51564 36.42683     588.109     923.347  902.832  289.389   97.034    0.741   12.429 0.00000e+00
   73    17.23333   -97.51357 36.42922     614.745     946.866  900.332  289.184   97.975    0.664   12.419 2.12862e-05
   74    17.25000   -97.51151 36.43178     623.400     954.399  899.465  289.139   97.981    0.506   12.396 3.58823e-05
   75    17.26667   -97.50954 36.43452     617.740     948.812  900.083  289.228   97.277    0.135   12.370 0.00000e+00
   76    17.28333   -97.50775 36.43739     601.502     932.245  901.832  289.429   95.924   -0.162   12.333 0.00000e+00
   77    17.30000   -97.50604 36.44032     568.542     898.095  905.512  289.749   94.572   -0.596   12.360 0.00000e+00
   78    17.31667   -97.50438 36.44324     514.617     843.081  911.313  290.318   91.398   -1.115   12.309 0.00000e+00
   79    17.33333   -97.50269 36.44609     448.462     776.235  918.461  291.013   87.768   -1.222   12.257 0.00000e+00
   80    17.35000   -97.50099 36.44885     392.840     719.178  924.613  291.664   84.102   -0.763   12.158 0.00000e+00
   81    17.36667   -97.49942 36.45148     359.836     684.651  928.338  292.015   82.389   -0.368   12.128 0.00000e+00
   82    17.38333   -97.49801 36.45401     345.206     668.719  930.050  292.133   82.399   -0.024   12.197 0.00000e+00
   83    17.40000   -97.49672 36.45640     344.689     666.434  930.325  292.152   82.782    0.179   12.265 0.00000e+00
   84    17.41667   -97.49547 36.45870     348.771     668.115  930.203  292.127   83.240    0.099   12.315 0.00000e+00
   85    17.43333   -97.49422 36.46102     351.944     668.633  930.148  292.097   83.549    0.060   12.338 0.00000e+00
   86    17.45000   -97.49297 36.46342     356.547     670.746  929.851  292.070   83.773    0.116   12.354 0.00000e+00
   87    17.46667   -97.49168 36.46590     365.923     679.344  928.936  291.983   84.472    0.281   12.402 0.00000e+00
   88    17.48333   -97.49034 36.46843     379.459     692.163  927.510  291.873   85.324    0.177   12.459 0.00000e+00
   89    17.50000   -97.48891 36.47105     375.781     687.616  928.021  291.950   85.430   -0.371   12.529 0.00000e+00
   90    17.51667   -97.48756 36.47390     350.401     660.863  930.887  292.295   83.898   -0.705   12.536 0.00000e+00
   91    17.53333   -97.48643 36.47694     308.353     617.244  935.638  292.770   81.417   -1.019   12.469 0.00000e+00
   92    17.55000   -97.48575 36.47999     264.275     572.054  940.517  293.197   79.321   -0.675   12.412 0.00000e+00
   93    17.56667   -97.48531 36.48296     240.082     547.794  943.172  293.422   78.445   -0.316   12.414 0.00000e+00
   94    17.58333   -97.48489 36.48579     225.774     533.493  944.686  293.542   78.290   -0.464   12.462 0.00000e+00
   95    17.60000   -97.48447 36.48844     191.458     499.090  948.500  293.913   77.201   -1.084   12.525 0.00000e+00
   96    17.61667   -97.48360 36.49101     154.542     461.475  952.562  294.339   76.128   -0.177   12.627 0.00000e+00
   97    17.63333   -97.48252 36.49325     188.657     495.087  948.841  294.026   77.309    0.521   12.626 0.00000e+00
   98    17.65000   -97.48149 36.49557     230.787     537.103  944.189  293.589   79.082    0.711   12.631 0.00000e+00
   99    17.66667   -97.48078 36.49817     268.338     573.987  940.234  293.200   80.721    0.791   12.637 0.00000e+00
  100    17.68333   -97.48029 36.50094     307.584     611.919  936.126  292.808   82.294    0.546   12.627 0.00000e+00
  101    17.70000   -97.47977 36.50379     324.411     627.542  934.439  292.655   82.855    0.254   12.614 0.00000e+00
  102    17.71667   -97.47908 36.50659     321.363     623.453  934.908  292.715   82.638   -0.150   12.622 0.00000e+00
  103    17.73333   -97.47832 36.50931     299.552     600.489  937.406  292.933   81.881   -0.515   12.645 0.00000e+00
  104    17.75000   -97.47760 36.51192     261.243     560.869  941.702  293.328   80.212   -0.732   12.638 0.00000e+00
  105    17.76667   -97.47691 36.51445     211.932     511.151  947.026  293.798   78.273   -0.926   12.628 0.00000e+00
  106    17.78333   -97.47629 36.51693     158.114     458.449  952.765  294.301   76.222   -0.899   12.610 0.00000e+00
  107    17.80000   -97.47570 36.51944     108.101     409.859  958.011  294.784   74.402   -0.648   12.613 0.00000e+00
  108    17.81667   -97.47528 36.52198      74.977     378.370  961.485  295.138   73.068   -0.341   12.614 0.00000e+00
  109    17.83333   -97.47498 36.52454      55.001     359.873  963.537  295.484   71.985   -0.192   12.668 0.00000e+00
  110    17.85000   -97.47487 36.52705      39.133     345.309  965.112  295.861   70.965   -0.278   12.760 0.00000e+00
  111    17.86667   -97.47488 36.52956      26.928     334.304  966.328  296.232   69.942   -0.099   12.849 0.00000e+00
  112    17.88333   -97.47475 36.53188      23.555     332.504  966.544  296.337   69.607   -0.035   12.866 0.00000e+00
  113    17.90000   -97.47441 36.53403      27.902     338.571  965.855  296.482   69.393    0.175   12.951 0.00000e+00
  114    17.91667   -97.47389 36.53614      38.516     350.977  964.495  296.381   69.558    0.310   12.920 0.00000e+00
  115    17.93333   -97.47324 36.53822      49.898     364.191  962.981  296.216   69.786    0.334   12.852 0.00000e+00
  116    17.95000   -97.47244 36.54028      64.840     380.967  961.172  295.984   70.184    0.402   12.768 0.00000e+00
  117    17.96667   -97.47149 36.54235      89.709     407.803  958.224  295.642   70.971    0.633   12.682 0.00000e+00
  118    17.98333   -97.47050 36.54447     129.863     449.885  953.619  295.181   72.357    0.845   12.629 0.00000e+00
  119    18.00000   -97.46962 36.54672     167.905     489.406  949.426  294.826   73.624    0.472   12.627 0.00000e+00
  120    18.01667   -97.46870 36.54910     164.281     485.671  949.890  294.850   73.068   -0.742   12.545 0.00000e+00
  121    18.03333   -97.46761 36.55118     120.492     441.024  954.737  295.257   71.270   -0.911   12.483 0.00000e+00
  122    18.05000   -97.46635 36.55269      78.722     398.180  959.496  295.645   69.697   -0.567   12.440 0.00000e+00
  123    18.06667   -97.46507 36.55383      67.484     385.797  960.876  295.818   69.250    0.242   12.474 0.00000e+00
  124    18.08333   -97.46399 36.55561      89.665     406.934  958.495  295.643   69.898    0.596   12.487 0.00000e+00
  125    18.10000   -97.46310 36.55775     116.802     433.469  955.578  295.300   70.733    0.564   12.411 0.00000e+00
  126    18.11667   -97.46240 36.55999     137.862     454.218  953.284  295.129   71.156    0.276   12.384 0.00000e+00
  127    18.13333   -97.46195 36.56210     153.643     469.946  951.537  294.982   71.643    0.023   12.379 0.00000e+00
  128    18.15000   -97.46131 36.56434     159.300     475.172  950.951  295.109   71.441    0.301   12.449 0.00000e+00
  129    18.16667   -97.46031 36.56669     188.443     503.419  947.816  294.838   72.294    0.857   12.430 0.00000e+00
  130    18.18333   -97.45920 36.56909     252.520     566.876  940.980  294.188   74.566    1.450   12.405 0.00000e+00
  131    18.20000   -97.45808 36.57150     341.412     655.226  931.377  293.301   77.844    1.785   12.382 0.00000e+00
  132    18.21667   -97.45692 36.57386     440.568     753.439  920.886  292.347   81.554    1.579   12.359 0.00000e+00
  133    18.23333   -97.45576 36.57612     539.483     851.159  910.485  291.386   85.614    1.546   12.351 0.00000e+00
  134    18.25000   -97.45456 36.57830     629.221     939.518  901.161  290.525   89.418    1.279   12.340 0.00000e+00
  135    18.26667   -97.45334 36.58049     693.566    1002.675  894.438  289.926   92.195    0.763   12.339 0.00000e+00
  136    18.28333   -97.45210 36.58279     729.152    1038.242  890.707  289.589   93.492    0.299   12.297 0.00000e+00
  137    18.30000   -97.45081 36.58509     746.848    1056.218  888.856  289.445   93.576    0.022   12.220 0.00000e+00
  138    18.31667   -97.44949 36.58735     757.737    1067.217  887.707  289.312   94.375    0.087   12.235 0.00000e+00
  139    18.33333   -97.44819 36.58966     765.726    1075.586  886.828  289.223   94.820    0.027   12.235 0.00000e+00
  140    18.35000   -97.44688 36.59202     767.106    1077.765  886.581  289.196   94.564   -0.260   12.184 0.00000e+00
  141    18.36667   -97.44561 36.59447     757.983    1069.420  887.476  289.314   93.306   -0.531   12.101 0.00000e+00
  142    18.38333   -97.44440 36.59691     737.190    1049.165  889.612  289.553   91.311   -0.827   11.997 0.00000e+00
  143    18.40000   -97.44321 36.59931     706.053    1018.041  892.970  289.852   90.038   -0.823   12.013 0.00000e+00
  144    18.41667   -97.44205 36.60172     666.443     978.001  897.144  290.234   88.515   -0.962   12.046 0.00000e+00
  145    18.43333   -97.44101 36.60416     620.241     931.120  902.070  290.689   86.904   -0.978   12.107 0.00000e+00
  146    18.45000   -97.44015 36.60658     569.195     879.220  907.560  291.195   84.929   -1.009   12.144 0.00000e+00
  147    18.46667   -97.43941 36.60894     510.491     819.786  913.832  291.767   82.577   -1.182   12.159 0.00000e+00
  148    18.48333   -97.43871 36.61119     443.874     752.570  921.005  292.422   79.889   -1.321   12.163 0.00000e+00
  149    18.50000   -97.43803 36.61331     367.811     676.046  929.177  293.171   76.935   -1.448   12.167 0.00000e+00
  150    18.51667   -97.43737 36.61536     287.580     595.806  937.793  293.947   73.937   -1.612   12.159 0.00000e+00
  151    18.53333   -97.43678 36.61723     206.858     515.297  946.484  294.736   71.078   -1.545   12.162 0.00000e+00
  152    18.55000   -97.43623 36.61887     131.703     440.416  954.653  295.491   68.430   -1.348   12.161 0.00000e+00
  153    18.56667   -97.43560 36.62005      72.112     381.174  961.124  296.080   66.531   -0.800   12.175 0.00000e+00
  154    18.58333   -97.43483 36.62077      37.833     347.255  964.912  296.359   65.761   -0.319   12.193 0.00000e+00
  155    18.60000   -97.43416 36.62116      32.854     342.558  965.426  296.684   65.074    0.084   12.301 0.00000e+00
  156    18.61667   -97.43386 36.62151      40.439     350.281  964.551  296.743   65.119    0.154   12.365 0.00000e+00
  157    18.63333   -97.43390 36.62207      56.284     366.135  962.782  296.751   65.463    0.366   12.460 0.00000e+00
  158    18.65000   -97.43413 36.62296      82.620     392.383  959.897  296.522   66.075    0.561   12.440 0.00000e+00
  159    18.66667   -97.43443 36.62410     115.252     424.838  956.339  296.150   66.884    0.566   12.355 0.00000e+00
  160    18.68333   -97.43478 36.62537     144.291     453.637  953.172  295.845   67.724    0.491   12.319 0.00000e+00
  161    18.70000   -97.43514 36.62672     169.971     479.032  950.383  295.639   68.397    0.610   12.321 0.00000e+00
  162    18.71667   -97.43556 36.62815     216.616     525.323  945.320  295.267   69.791    0.959   12.354 0.00000e+00
  163    18.73333   -97.43616 36.62975     281.091     589.303  938.362  294.620   71.889    0.922   12.319 0.00000e+00
  164    18.75000   -97.43678 36.63164     330.984     639.026  932.993  294.103   73.566    0.588   12.280 0.00000e+00
  165    18.76667   -97.43729 36.63390     347.720     655.765  931.212  293.959   74.045   -0.109   12.273 0.00000e+00
  166    18.78333   -97.43744 36.63631     322.579     630.816  933.830  294.220   72.820   -0.902   12.233 0.00000e+00
  167    18.80000   -97.43726 36.63851     279.262     587.647  938.566  294.635   71.073   -1.012   12.188 0.00000e+00
  168    18.81667   -97.43689 36.64052     231.259     538.532  943.888  295.101   68.780   -0.878   12.070 0.00000e+00
  169    18.83333   -97.43649 36.64229     182.873     489.076  949.286  295.567   66.821   -0.708   11.998 0.00000e+00
  170    18.85000   -97.43622 36.64382     134.287     439.479  954.721  296.053   65.171   -0.578   11.988 0.00000e+00
  171    18.86667   -97.43622 36.64524      97.546     401.676  958.868  296.412   63.879   -0.391   11.958 0.00000e+00
  172    18.88333   -97.43650 36.64665      76.776     379.930  961.232  296.638   63.084   -0.114   11.944 0.00000e+00
  173    18.90000   -97.43682 36.64807      72.206     375.034  961.777  296.736   62.664    0.049   11.928 0.00000e+00
  174    18.91667   -97.43704 36.64947      75.611     378.250  961.409  296.762   62.622    0.072   11.944 0.00000e+00
  175    18.93333   -97.43718 36.65084      77.267     379.720  961.257  296.812   62.528   -0.023   11.964 0.00000e+00
  176    18.95000   -97.43742 36.65214      76.002     378.261  961.426  296.931   62.259   -0.001   11.998 0.00000e+00
  177    18.96667   -97.43783 36.65351      75.730     377.770  961.440  296.947   62.094   -0.005   11.977 0.00000e+00
  178    18.98333   -97.43845 36.65509      74.607     376.316  961.609  297.145   61.603    0.210   12.025 0.00000e+00
