    0    16.01667   -97.41187 36.25078      72.397     426.965  956.661  292.786   85.908   -0.103   12.878 0.00000e+00
    1    16.03333   -97.41256 36.25425      61.922     417.671  957.735  292.893   85.370   -0.318   12.868 0.00000e+00
    2    16.05000   -97.41298 36.25780      43.962     398.296  959.931  293.102   84.479   -0.215   12.873 0.00000e+00
    3    16.06667   -97.41325 36.26136      35.404     387.216  961.058  293.231   83.963   -0.045   12.882 0.00000e+00
    4    16.08333   -97.41333 36.26481      34.542     383.690  961.485  293.303   83.699    0.025   12.894 0.00000e+00
    5    16.10000   -97.41315 36.26800      36.532     383.132  961.623  293.344   83.569    0.064   12.905 0.00000e+00
    6    16.11667   -97.41274 36.27092      41.117     385.094  961.358  293.345   83.536    0.077   12.904 0.00000e+00
    7    16.13333   -97.41219 36.27367      44.846     388.347  960.915  293.315   83.588    0.015   12.894 0.00000e+00
    8    16.15000   -97.41147 36.27622      50.319     394.126  960.280  293.279   83.678    0.040   12.887 0.00000e+00
    9    16.16667   -97.41066 36.27872      53.745     397.527  959.985  293.299   83.556    0.102   12.889 0.00000e+00
   10    16.18333   -97.40982 36.28119      58.839     400.929  959.709  293.338   83.345    0.218   12.891 0.00000e+00
   11    16.20000   -97.40889 36.28369      66.168     405.304  959.239  293.338   83.354    0.279   12.899 0.00000e+00
   12    16.21667   -97.40789 36.28634      73.572     409.729  958.726  293.316   83.412    0.318   12.897 0.00000e+00
   13    16.23333   -97.40683 36.28911      84.627     417.837  957.811  293.260   83.558    0.421   12.887 0.00000e+00
   14    16.25000   -97.40565 36.29202      96.683     426.997  956.761  293.200   83.730    0.488   12.880 0.00000e+00
   15    16.26667   -97.40448 36.29500     110.430     437.900  955.554  293.121   83.958    0.572   12.868 0.00000e+00
   16    16.28333   -97.40333 36.29785     135.350     459.705  953.128  292.947   84.652    0.804   12.866 0.00000e+00
   17    16.30000   -97.40222 36.30052     182.484     503.600  948.238  292.565   86.310    1.025   12.874 0.00000e+00
   18    16.31667   -97.40131 36.30320     239.054     557.476  942.299  292.108   88.316    1.117   12.881 0.00000e+00
   19    16.33333   -97.40047 36.30598     288.886     605.471  936.934  291.674   90.323    0.811   12.892 0.00000e+00
   20    16.35000   -97.39959 36.30891     343.781     659.998  931.068  291.171   92.381    0.978   12.854 0.00000e+00
   21    16.36667   -97.39845 36.31207     411.190     726.701  923.857  290.553   95.077    1.555   12.820 0.00000e+00
   22    16.38333   -97.39690 36.31538     490.488     806.577  915.239  289.804   98.745    1.643   12.812 2.82425e-04
   23    16.40000   -97.39491 36.31872     571.541     888.783  906.460  289.293  100.000    1.442   12.695 1.08270e-01
   24    16.41667   -97.39259 36.32206     646.080     962.533  898.796  288.940  100.000    1.323   12.517 2.33633e-01
   25    16.43333   -97.38997 36.32542     716.834    1030.324  891.619  288.603  100.000    1.154   12.348 3.65136e-01
   26    16.45000   -97.38706 36.32882     773.486    1084.829  885.845  288.329  100.000    0.822   12.211 4.84511e-01
   27    16.46667   -97.38389 36.33228     807.186    1117.032  882.523  288.179  100.000    0.457   12.140 5.61759e-01
   28    16.48333   -97.38046 36.33580     814.487    1122.233  881.965  288.151  100.000   -0.021   12.125 5.74698e-01
   29    16.50000   -97.37683 36.33942     794.420    1101.015  884.094  288.229  100.000   -0.380   12.157 5.25110e-01
   30    16.51667   -97.37308 36.34318     762.518    1071.056  887.213  288.323  100.000   -0.194   12.189 4.11257e-01
   31    16.53333   -97.36929 36.34716     750.378    1060.913  888.187  288.319  100.000    0.456   12.170 3.18920e-01
   32    16.55000   -97.36549 36.35139     775.906    1089.981  885.250  288.103  100.000    1.357   12.041 2.70391e-01
   33    16.56667   -97.36168 36.35578     843.271    1158.731  878.171  287.733  100.000    1.912   11.852 3.37448e-01
   34    16.58333   -97.35796 36.36014     938.377    1255.145  868.060  287.245  100.000    2.116   11.615 4.85429e-01
   35    16.60000   -97.35420 36.36440    1031.163    1353.904  858.025  286.744  100.000    1.842   11.374 6.25011e-01
   36    16.61667   -97.35036 36.36852    1096.874    1421.185  851.274  286.437  100.000    1.090   11.237 7.52790e-01
   37    16.63333   -97.34644 36.37253    1114.397    1440.677  849.371  286.349  100.000    0.293   11.198 7.71926e-01
   38    16.65000   -97.34235 36.37653    1100.818    1424.832  851.013  286.429  100.000    0.161   11.236 7.29331e-01
   39    16.66667   -97.33806 36.38055    1087.935    1410.898  852.313  286.499  100.000    0.478   11.270 7.47475e-01
   40    16.68333   -97.33358 36.38463    1113.462    1437.574  849.634  286.360  100.000    1.459   11.203 8.35256e-01
   41    16.70000   -97.32922 36.38863    1198.040    1521.865  841.210  285.981  100.000    2.101   11.037 1.00375e+00
   42    16.71667   -97.32511 36.39259    1305.155    1628.271  830.719  285.486  100.000    2.041   10.818 1.19784e+00
   43    16.73333   -97.32119 36.39645    1396.285    1715.209  822.254  285.089  100.000    1.513   10.648 1.34949e+00
   44    16.75000   -97.31731 36.40016    1449.432    1764.970  817.300  284.861  100.000    0.655   10.553 1.40310e+00
   45    16.76667   -97.31326 36.40362    1458.564    1771.843  816.642  284.745   99.972   -0.346   10.457 1.10063e+00
   46    16.78333   -97.30888 36.40678    1415.100    1728.297  820.781  284.579   98.633   -1.490   10.151 2.60556e-01
   47    16.80000   -97.30442 36.40980    1328.208    1643.838  829.051  285.430   90.416   -1.952    9.748 8.69874e-02
   48    16.81667   -97.29964 36.41301    1247.996    1558.717  837.740  286.025   87.797   -1.073    9.742 0.00000e+00
   49    16.83333   -97.29449 36.41646    1258.969    1561.188  837.421  285.319   97.210    1.195   10.299 4.90017e-02
   50    16.85000   -97.28999 36.41988    1347.861    1645.167  829.107  284.777   99.764    1.407   10.299 2.42323e-01
   51    16.86667   -97.28613 36.42319    1418.746    1711.833  822.543  284.453  100.000    0.578   10.201 3.37800e-01
   52    16.88333   -97.28249 36.42644    1438.278    1728.064  820.931  284.417  100.000   -0.226   10.199 3.77211e-01
   53    16.90000   -97.27895 36.42982    1406.855    1693.376  824.303  284.622  100.000   -0.864   10.297 3.59883e-01
   54    16.91667   -97.27541 36.43340    1336.248    1620.603  831.500  285.017  100.000   -1.306   10.479 2.89284e-01
   55    16.93333   -97.27178 36.43717    1245.576    1527.615  840.720  285.472  100.000   -1.441   10.680 1.53354e-01
   56    16.95000   -97.26793 36.44102    1163.090    1443.807  849.078  285.958   99.231   -1.028   10.815 9.22902e-03
   57    16.96667   -97.26387 36.44482    1125.327    1405.694  853.000  286.236   98.182   -0.028   10.848 0.00000e+00
   58    16.98333   -97.25981 36.44855    1150.458    1430.509  850.462  285.969   99.804    0.894   10.867 5.03354e-03
   59    17.00000   -97.25591 36.45216    1215.941    1495.948  843.904  285.653  100.000    1.322   10.766 1.21638e-01
   60    17.01667   -97.25211 36.45566    1287.044    1567.104  836.770  285.305  100.000    1.214   10.612 2.52181e-01
   61    17.03333   -97.24828 36.45914    1336.742    1616.681  831.872  285.031  100.000    0.766   10.483 3.16758e-01
   62    17.05000   -97.24443 36.46260    1350.772    1629.908  830.539  284.921  100.000    0.106   10.424 3.07243e-01
   63    17.06667   -97.24050 36.46604    1323.655    1604.257  833.023  285.003  100.000   -0.643   10.449 2.31029e-01
   64    17.08333   -97.23654 36.46944    1267.786    1550.414  838.367  285.236  100.000   -1.159   10.544 1.07683e-01
   65    17.10000   -97.23252 36.47286    1208.921    1493.358  844.061  285.559   99.697   -1.088   10.646 2.63630e-02
   66    17.11667   -97.22839 36.47631    1176.489    1463.353  847.086  285.758   99.373   -0.479   10.714 2.03081e-02
   67    17.13333   -97.22427 36.47986    1189.290    1476.389  845.882  285.669   99.876    0.387   10.720 3.11978e-02
   68    17.15000   -97.22020 36.48352    1248.827    1533.265  840.185  285.392  100.000    1.011   10.629 1.34075e-01
   69    17.16667   -97.21625 36.48716    1326.499    1610.079  832.523  285.038  100.000    1.077   10.479 2.88408e-01
   70    17.18333   -97.21237 36.49074    1389.884    1675.714  825.955  284.719  100.000    0.678   10.342 4.09814e-01
   71    17.20000   -97.20856 36.49423    1422.444    1712.114  822.403  284.532  100.000    0.154   10.259 4.67631e-01
   72    17.21667   -97.20477 36.49758    1420.016    1712.219  822.409  284.495  100.000   -0.404   10.234 4.45327e-01
   73    17.23333   -97.20095 36.50082    1379.725    1674.925  826.059  284.637  100.000   -0.887   10.285 3.40169e-01
   74    17.25000   -97.19705 36.50395    1310.278    1607.955  832.705  284.959  100.000   -1.117   10.423 1.89265e-01
   75    17.26667   -97.19298 36.50706    1241.516    1536.582  839.957  285.307  100.000   -0.680   10.570 3.31229e-02
   76    17.28333   -97.18867 36.51036    1221.741    1511.582  842.460  285.477   99.743    0.534   10.614 3.24944e-03
   77    17.30000   -97.18452 36.51389    1272.580    1558.426  837.628  285.220  100.000    1.344   10.541 8.37099e-02
   78    17.31667   -97.18066 36.51748    1347.739    1635.198  829.976  284.848  100.000    1.283   10.379 2.22630e-01
   79    17.33333   -97.17701 36.52094    1399.384    1689.897  824.605  284.559  100.000    0.789   10.249 3.02240e-01
   80    17.35000   -97.17339 36.52426    1411.951    1705.380  823.064  284.462  100.000    0.242   10.203 3.20951e-01
   81    17.36667   -97.16979 36.52746    1386.748    1683.317  825.317  284.549  100.000   -0.299   10.234 2.52328e-01
   82    17.38333   -97.16614 36.53058    1341.838    1637.155  830.000  284.756  100.000   -0.454   10.317 1.35766e-01
   83    17.40000   -97.16245 36.53368    1294.641    1586.677  834.949  285.026   99.360   -0.547   10.354 1.02873e-02
   84    17.41667   -97.15869 36.53677    1258.761    1551.492  838.348  285.372   96.912   -0.365   10.292 2.97022e-05
   85    17.43333   -97.15493 36.53988    1246.590    1542.727  839.150  285.487   96.007   -0.004   10.264 0.00000e+00
   86    17.45000   -97.15125 36.54297    1258.228    1558.304  837.616  285.361   96.643    0.236   10.265 0.00000e+00
   87    17.46667   -97.14767 36.54602    1281.002    1585.537  834.890  285.115   97.846    0.321   10.258 0.00000e+00
   88    17.48333   -97.14413 36.54899    1308.920    1615.885  831.987  284.835   99.326    0.449   10.257 2.26654e-04
   89    17.50000   -97.14061 36.55194    1338.036    1645.464  829.049  284.614  100.000    0.420   10.226 1.89781e-02
   90    17.51667   -97.13711 36.55492    1358.353    1667.029  827.002  284.502  100.000    0.210   10.181 4.98700e-02
   91    17.53333   -97.13361 36.55795    1363.300    1669.843  826.781  284.476  100.000   -0.178   10.166 4.36178e-02
   92    17.55000   -97.13014 36.56100    1340.388    1645.711  829.096  284.646   99.473   -0.725   10.179 4.43693e-03
   93    17.56667   -97.12651 36.56410    1289.656    1595.568  834.092  285.174   96.428   -1.050   10.159 0.00000e+00
   94    17.58333   -97.12257 36.56725    1234.813    1539.762  839.625  285.684   93.809   -0.863   10.155 0.00000e+00
   95    17.60000   -97.11830 36.57040    1223.862    1527.881  840.816  285.809   93.122    0.462   10.149 0.00000e+00
   96    17.61667   -97.11409 36.57347    1285.794    1586.962  835.072  285.228   96.187    1.543   10.157 0.00000e+00
   97    17.63333   -97.11016 36.57643    1367.413    1662.111  827.729  284.524   99.561    1.235   10.123 4.40843e-03
   98    17.65000   -97.10636 36.57941    1409.646    1697.926  824.087  284.274  100.000    0.186   10.062 4.13837e-02
   99    17.66667   -97.10259 36.58250    1388.858    1674.367  826.347  284.434   99.468   -0.845   10.070 6.07083e-04
  100    17.68333   -97.09864 36.58572    1320.977    1604.208  833.274  285.106   95.635   -1.271   10.040 0.00000e+00
  101    17.70000   -97.09438 36.58901    1253.628    1534.931  840.064  285.769   92.176   -0.789   10.029 0.00000e+00
  102    17.71667   -97.08997 36.59218    1239.881    1523.432  841.156  285.871   91.571    0.378   10.017 0.00000e+00
  103    17.73333   -97.08582 36.59517    1287.848    1575.037  836.055  285.379   93.928    1.093   10.007 0.00000e+00
  104    17.75000   -97.08199 36.59805    1349.444    1638.559  829.773  284.747   97.141    0.802   10.000 0.00000e+00
  105    17.76667   -97.07832 36.60092    1375.526    1667.049  826.992  284.464   98.612    0.029    9.995 0.00000e+00
  106    17.78333   -97.07462 36.60382    1355.522    1648.865  828.825  284.638   97.559   -0.798    9.981 0.00000e+00
  107    17.80000   -97.07074 36.60677    1295.256    1587.213  835.001  285.228   94.426   -1.292    9.973 0.00000e+00
  108    17.81667   -97.06662 36.60976    1226.917    1517.624  841.924  285.893   91.237   -0.941    9.986 0.00000e+00
  109    17.83333   -97.06250 36.61279    1199.725    1489.820  844.687  286.166   90.033    0.075   10.000 0.00000e+00
  110    17.85000   -97.05865 36.61583    1225.724    1515.383  842.184  285.944   90.979    0.820    9.988 0.00000e+00
  111    17.86667   -97.05509 36.61887    1276.524    1565.702  837.206  285.469   93.231    1.031    9.979 0.00000e+00
  112    17.88333   -97.05164 36.62197    1325.934    1614.024  832.483  285.008   95.446    0.844    9.965 0.00000e+00
  113    17.90000   -97.04816 36.62516    1359.057    1644.164  829.490  284.714   96.886    0.421    9.955 0.00000e+00
  114    17.91667   -97.04456 36.62847    1361.759    1645.241  829.014  284.684   96.919   -0.350    9.945 0.00000e+00
  115    17.93333   -97.04082 36.63193    1318.727    1615.291  831.755  284.966   95.325   -0.984    9.933 0.00000e+00
  116    17.95000   -97.03683 36.63550    1265.525    1577.904  835.626  285.355   93.255   -0.622    9.925 0.00000e+00
  117    17.96667   -97.03276 36.63909    1263.916    1581.172  835.628  285.352   93.507    0.657    9.949 0.00000e+00
  118    17.98333   -97.02892 36.64256    1321.212    1636.618  830.170  284.808   96.510    1.254    9.970 0.00000e+00
  119    18.00000   -97.02538 36.64594    1385.403    1699.978  823.811  284.188   99.846    0.900    9.975 5.30156e-03
  120    18.01667   -97.02199 36.64935    1417.592    1736.856  820.165  283.986  100.000    0.225    9.919 6.66248e-02
  121    18.03333   -97.01862 36.65279    1413.133    1737.077  820.163  283.995  100.000   -0.417    9.925 6.97355e-02
  122    18.05000   -97.01529 36.65624    1372.994    1700.601  823.751  284.205   99.903   -1.043    9.992 5.38204e-03
  123    18.06667   -97.01196 36.65969    1304.578    1635.346  830.212  284.812   97.013   -1.395   10.025 0.00000e+00
  124    18.08333   -97.00854 36.66315    1228.680    1559.950  837.847  285.561   93.276   -1.208   10.037 0.00000e+00
  125    18.10000   -97.00505 36.66663    1176.540    1506.576  843.040  286.065   90.859   -0.559   10.044 0.00000e+00
  126    18.11667   -97.00169 36.67008    1167.697    1497.546  844.215  286.172   90.344    0.320   10.044 0.00000e+00
  127    18.13333   -96.99857 36.67349    1201.963    1521.493  842.086  285.963   91.250    0.866   10.031 0.00000e+00
  128    18.15000   -96.99569 36.67687    1249.624    1556.345  838.515  285.623   92.860    0.789   10.025 0.00000e+00
  129    18.16667   -96.99290 36.68022    1287.526    1585.287  835.459  285.328   94.366    0.465   10.027 0.00000e+00
  130    18.18333   -96.99013 36.68353    1306.027    1600.128  833.934  285.184   95.063    0.149   10.023 0.00000e+00
  131    18.20000   -96.98730 36.68678    1307.720    1598.301  834.092  285.209   94.892   -0.133   10.020 0.00000e+00
  132    18.21667   -96.98444 36.68996    1288.219    1582.151  835.205  285.329   94.212   -0.610   10.014 0.00000e+00
  133    18.23333   -96.98151 36.69311    1246.491    1555.034  837.719  285.575   93.049   -0.881   10.023 0.00000e+00
  134    18.25000   -96.97865 36.69626    1191.987    1521.241  841.360  285.928   91.358   -0.936   10.029 0.00000e+00
  135    18.26667   -96.97582 36.69946    1153.046    1483.508  845.612  286.341   89.386   -0.590   10.032 0.00000e+00
  136    18.28333   -96.97305 36.70271    1126.772    1453.623  848.540  286.641   87.852   -0.495   10.021 0.00000e+00
  137    18.30000   -96.97031 36.70600    1110.597    1435.990  850.212  286.814   86.997   -0.275   10.016 0.00000e+00
  138    18.31667   -96.96757 36.70933    1108.423    1437.068  850.041  286.800   87.095    0.080   10.021 0.00000e+00
  139    18.33333   -96.96486 36.71273    1126.320    1458.837  847.869  286.582   88.244    0.450   10.035 0.00000e+00
  140    18.35000   -96.96222 36.71625    1163.474    1495.987  844.227  286.222   90.055    0.625   10.044 0.00000e+00
  141    18.36667   -96.95971 36.71989    1200.444    1531.204  840.732  285.891   91.590    0.402   10.037 0.00000e+00
  142    18.38333   -96.95732 36.72359    1216.859    1548.564  838.867  285.727   92.257   -0.075   10.024 0.00000e+00
  143    18.40000   -96.95502 36.72727    1208.588    1544.293  839.292  285.778   91.953   -0.340   10.020 0.00000e+00
  144    18.41667   -96.95271 36.73088    1185.372    1525.193  841.195  285.963   91.085   -0.451   10.024 0.00000e+00
  145    18.43333   -96.95028 36.73442    1156.996    1500.710  843.685  286.197   90.037   -0.389   10.033 0.00000e+00
  146    18.45000   -96.94771 36.73792    1135.695    1481.786  845.708  286.381   89.283   -0.222   10.046 0.00000e+00
  147    18.46667   -96.94492 36.74140    1128.172    1469.922  847.211  286.514   88.784    0.033   10.059 0.00000e+00
  148    18.48333   -96.94200 36.74484    1132.675    1463.570  847.898  286.584   88.416    0.079   10.056 0.00000e+00
  149    18.50000   -96.93903 36.74825    1132.896    1458.386  848.066  286.606   88.283   -0.126   10.053 0.00000e+00
  150    18.51667   -96.93614 36.75161    1123.569    1452.270  848.494  286.653   87.989   -0.204   10.045 0.00000e+00
  151    18.53333   -96.93332 36.75493    1107.334    1443.021  849.453  286.751   87.514   -0.190   10.044 0.00000e+00
  152    18.55000   -96.93062 36.75822    1090.669    1431.386  850.674  286.850   87.255   -0.169   10.064 0.00000e+00
  153    18.56667   -96.92796 36.76152    1073.718    1419.182  851.851  286.949   86.945   -0.171   10.080 0.00000e+00
  154    18.58333   -96.92532 36.76478    1060.180    1407.130  853.360  287.082   86.476    0.035   10.095 0.00000e+00
  155    18.60000   -96.92265 36.76803    1058.818    1400.555  854.095  287.149   86.224    0.135   10.101 0.00000e+00
  156    18.61667   -96.91991 36.77123    1065.137    1401.104  854.011  287.142   86.226    0.223   10.098 0.00000e+00
  157    18.63333   -96.91712 36.77438    1074.480    1405.682  853.600  287.101   86.443    0.227   10.101 0.00000e+00
  158    18.65000   -96.91431 36.77747    1085.069    1409.039  853.418  287.064   86.679    0.095   10.106 0.00000e+00
  159    18.66667   -96.91149 36.78055    1092.386    1407.320  853.434  287.060   86.855   -0.073   10.124 0.00000e+00
  160    18.68333   -96.90881 36.78362    1090.514    1401.642  853.899  287.101   86.874   -0.153   10.148 0.00000e+00
  161    18.70000   -96.90620 36.78672    1085.970    1394.743  854.575  287.165   86.694   -0.172   10.161 0.00000e+00
  162    18.71667   -96.90376 36.78988    1081.733    1389.739  854.974  287.192   86.755   -0.127   10.181 0.00000e+00
  163    18.73333   -96.90141 36.79310    1077.947    1388.094  854.972  287.188   86.906   -0.188   10.197 0.00000e+00
  164    18.75000   -96.89920 36.79638    1071.468    1387.739  854.881  287.197   86.733   -0.308   10.183 0.00000e+00
  165    18.76667   -96.89710 36.79968    1062.716    1386.480  854.959  287.235   86.326   -0.411   10.160 0.00000e+00
  166    18.78333   -96.89510 36.80296    1051.984    1384.251  855.235  287.280   85.943   -0.393   10.141 0.00000e+00
  167    18.80000   -96.89320 36.80620    1044.171    1382.424  855.614  287.321   85.679   -0.169   10.132 0.00000e+00
  168    18.81667   -96.89137 36.80940    1045.321    1385.468  855.324  287.281   85.938    0.008   10.140 0.00000e+00
  169    18.83333   -96.88954 36.81258    1053.947    1395.386  854.352  287.176   86.480    0.188   10.146 0.00000e+00
  170    18.85000   -96.88774 36.81574    1069.765    1410.210  853.026  287.025   87.375    0.383   10.167 0.00000e+00
  171    18.86667   -96.88589 36.81889    1092.012    1429.436  851.068  286.821   88.513    0.432   10.185 0.00000e+00
  172    18.88333   -96.88399 36.82201    1110.202    1445.299  849.377  286.645   89.494    0.230   10.200 0.00000e+00
  173    18.90000   -96.88208 36.82513    1116.037    1451.026  848.837  286.586   89.884   -0.048   10.212 0.00000e+00
  174    18.91667   -96.88018 36.82822    1107.196    1441.771  849.819  286.686   89.349   -0.347   10.206 0.00000e+00
  175    18.93333   -96.87831 36.83132    1080.909    1416.589  852.217  286.936   87.995   -0.664   10.189 0.00000e+00
  176    18.95000   -96.87655 36.83448    1039.728    1379.091  856.050  287.314   86.173   -0.782   10.181 0.00000e+00
  177    18.96667   -96.87495 36.83773     992.350    1334.795  860.630  287.768   83.769   -0.857   10.140 0.00000e+00
  178    18.98333   -96.87336 36.84114     942.282    1283.713  865.853  288.103   85.556   -0.630   10.520 0.00000e+00
