    0    16.01667   -97.47275 36.22153      93.175     452.967  953.509  292.522   86.906    0.134   12.856 0.00000e+00
    1    16.03333   -97.47160 36.22409      99.227     462.333  952.415  292.437   87.270    0.024   12.856 0.00000e+00
    2    16.05000   -97.47045 36.22663      99.787     466.741  951.798  292.386   87.506   -0.036   12.858 0.00000e+00
    3    16.06667   -97.46931 36.22906      95.876     467.122  951.755  292.418   87.403   -0.085   12.869 0.00000e+00
    4    16.08333   -97.46809 36.23138      87.657     461.971  952.457  292.588   86.786   -0.160   12.906 0.00000e+00
    5    16.10000   -97.46699 36.23373      73.675     448.847  953.992  292.772   85.999   -0.218   12.917 0.00000e+00
    6    16.11667   -97.46616 36.23620      59.976     434.707  955.652  292.942   85.171   -0.117   12.907 0.00000e+00
    7    16.13333   -97.46565 36.23875      53.627     427.041  956.584  293.055   84.678    0.031   12.911 0.00000e+00
    8    16.15000   -97.46546 36.24129      51.804     423.531  957.030  293.118   84.384    0.024   12.911 0.00000e+00
    9    16.16667   -97.46558 36.24376      46.910     417.294  957.690  293.184   84.102   -0.131   12.911 0.00000e+00
   10    16.18333   -97.46616 36.24604      39.104     408.724  958.657  293.316   83.616   -0.130   12.930 0.00000e+00
   11    16.20000   -97.46701 36.24814      35.275     404.142  959.197  293.413   83.306   -0.050   12.953 0.00000e+00
   12    16.21667   -97.46770 36.25008      40.212     408.116  958.767  293.456   83.200    0.060   12.977 0.00000e+00
   13    16.23333   -97.46793 36.25196      48.993     415.514  957.972  293.454   83.393    0.086   13.016 0.00000e+00
   14    16.25000   -97.46758 36.25372      67.241     431.740  956.184  293.447   83.702    0.514   13.083 0.00000e+00
   15    16.26667   -97.46657 36.25566     114.451     475.852  951.318  293.049   85.223    1.289   13.061 0.00000e+00
   16    16.28333   -97.46503 36.25798     204.252     561.774  941.827  292.120   88.788    1.887   12.966 0.00000e+00
   17    16.30000   -97.46304 36.26052     299.793     653.182  931.798  291.197   92.947    1.754   12.944 0.00000e+00
   18    16.31667   -97.46096 36.26305     356.372     707.158  925.757  290.640   95.651    0.935   12.942 0.00000e+00
   19    16.33333   -97.45895 36.26573     379.172     729.672  923.352  290.395   96.579    0.270   12.898 0.00000e+00
   20    16.35000   -97.45704 36.26853     385.442     734.966  922.813  290.338   96.541   -0.215   12.854 0.00000e+00
   21    16.36667   -97.45510 36.27153     390.117     737.789  922.556  290.342   96.194    0.038   12.815 0.00000e+00
   22    16.38333   -97.45309 36.27475     420.519     764.664  919.735  290.100   97.231    0.650   12.794 1.23728e-05
   23    16.40000   -97.45079 36.27806     450.876     790.540  916.875  289.848   98.682    0.203   12.817 1.26871e-03
   24    16.41667   -97.44846 36.28143     452.597     790.254  916.872  289.842   98.976   -0.393   12.851 7.92687e-04
   25    16.43333   -97.44624 36.28484     437.557     773.376  918.790  290.004   98.288   -0.593   12.867 4.34842e-08
   26    16.45000   -97.44423 36.28830     425.056     757.668  920.373  290.154   97.343   -0.530   12.844 0.00000e+00
   27    16.46667   -97.44230 36.29181     414.313     746.841  921.521  290.268   96.457   -0.152   12.803 0.00000e+00
   28    16.48333   -97.44040 36.29531     409.354     741.359  922.168  290.343   95.723    0.316   12.759 0.00000e+00
   29    16.50000   -97.43857 36.29883     413.248     744.649  921.866  290.332   95.586    0.602   12.735 0.00000e+00
   30    16.51667   -97.43672 36.30231     427.478     756.591  920.666  290.217   96.117    0.629   12.729 0.00000e+00
   31    16.53333   -97.43485 36.30575     445.061     772.245  918.835  290.039   96.983    0.388   12.724 0.00000e+00
   32    16.55000   -97.43305 36.30916     453.475     782.375  917.808  289.939   97.457    0.169   12.719 0.00000e+00
   33    16.56667   -97.43134 36.31255     457.374     787.340  917.326  289.897   97.566    0.024   12.706 2.37663e-08
   34    16.58333   -97.42976 36.31598     460.359     791.194  916.888  289.915   97.081   -0.082   12.663 0.00000e+00
   35    16.60000   -97.42835 36.31942     462.876     795.312  916.372  289.885   96.981   -0.271   12.633 0.00000e+00
   36    16.61667   -97.42708 36.32285     459.958     792.792  916.746  289.951   96.314   -0.318   12.594 0.00000e+00
   37    16.63333   -97.42590 36.32629     456.961     786.951  917.395  290.061   95.344   -0.313   12.547 0.00000e+00
   38    16.65000   -97.42481 36.32973     454.409     781.813  917.979  290.148   94.658   -0.261   12.518 0.00000e+00
   39    16.66667   -97.42371 36.33323     448.239     771.782  919.077  290.270   93.889   -0.276   12.498 0.00000e+00
   40    16.68333   -97.42268 36.33684     427.672     747.272  921.679  290.486   93.035   -0.499   12.520 0.00000e+00
   41    16.70000   -97.42184 36.34054     394.116     710.314  925.628  290.844   91.384   -0.605   12.528 0.00000e+00
   42    16.71667   -97.42117 36.34421     359.513     672.421  929.785  291.194   89.929   -0.434   12.549 0.00000e+00
   43    16.73333   -97.42053 36.34772     333.382     643.761  932.798  291.471   88.627   -0.318   12.545 0.00000e+00
   44    16.75000   -97.41992 36.35113     314.517     624.728  934.865  291.660   87.744   -0.177   12.541 0.00000e+00
   45    16.76667   -97.41931 36.35448     303.091     613.485  935.925  291.759   87.317   -0.088   12.544 0.00000e+00
   46    16.78333   -97.41867 36.35784     295.918     610.286  936.163  291.775   87.268   -0.011   12.547 0.00000e+00
   47    16.80000   -97.41801 36.36126     293.721     612.948  935.878  291.750   87.391   -0.045   12.548 0.00000e+00
   48    16.81667   -97.41733 36.36475     291.852     614.771  935.780  291.755   87.446   -0.112   12.561 0.00000e+00
   49    16.83333   -97.41663 36.36824     291.181     615.692  935.661  291.760   87.402   -0.136   12.561 0.00000e+00
   50    16.85000   -97.41589 36.37162     287.932     613.839  935.899  291.786   87.259   -0.205   12.557 0.00000e+00
   51    16.86667   -97.41509 36.37484     281.681     609.245  936.423  291.839   86.990   -0.281   12.553 0.00000e+00
   52    16.88333   -97.41429 36.37793     270.716     599.781  937.465  291.942   86.522   -0.381   12.553 0.00000e+00
   53    16.90000   -97.41353 36.38092     257.439     587.311  938.929  292.083   85.917   -0.408   12.557 0.00000e+00
   54    16.91667   -97.41288 36.38378     239.159     568.209  941.071  292.276   85.128   -0.468   12.565 0.00000e+00
   55    16.93333   -97.41235 36.38655     218.188     546.033  943.550  292.503   84.185   -0.504   12.571 0.00000e+00
   56    16.95000   -97.41199 36.38927     194.998     521.250  946.241  292.748   83.146   -0.451   12.573 0.00000e+00
   57    16.96667   -97.41182 36.39192     172.713     497.124  948.865  292.985   82.147   -0.391   12.572 0.00000e+00
   58    16.98333   -97.41174 36.39455     153.606     476.328  951.198  293.195   81.288   -0.371   12.574 0.00000e+00
   59    17.00000   -97.41174 36.39718     135.548     456.641  953.350  293.384   80.545   -0.415   12.578 0.00000e+00
   60    17.01667   -97.41183 36.39986     115.232     434.730  955.775  293.592   79.755   -0.482   12.585 0.00000e+00
   61    17.03333   -97.41200 36.40258      90.682     408.639  958.645  293.850   78.842   -0.485   12.605 0.00000e+00
   62    17.05000   -97.41232 36.40524      62.962     379.479  961.863  294.151   77.810   -0.459   12.631 0.00000e+00
   63    17.06667   -97.41262 36.40789      38.971     354.267  964.662  294.447   76.838   -0.346   12.668 0.00000e+00
   64    17.08333   -97.41287 36.41050      23.060     337.109  966.547  294.800   75.943   -0.201   12.772 0.00000e+00
   65    17.10000   -97.41299 36.41285      13.624     326.493  967.689  295.112   75.204   -0.108   12.878 0.00000e+00
   66    17.11667   -97.41293 36.41505       7.919     319.926  968.381  295.447   74.110   -0.061   12.946 0.00000e+00
   67    17.13333   -97.41266 36.41716       4.915     316.095  968.740  295.683   73.267   -0.038   12.981 0.00000e+00
   68    17.15000   -97.41220 36.41920       3.043     313.338  968.976  295.738   72.904   -0.031   12.958 0.00000e+00
   69    17.16667   -97.41158 36.42116       1.591     310.967  969.173  295.740   72.573   -0.034   12.897 0.00000e+00
   70    17.18333   -97.41089 36.42306       0.701     309.964  969.220  295.791   72.335   -0.012   12.895 0.00000e+00
   71    17.20000   -97.40997 36.42491       0.542     309.900  969.250  295.838   72.070   -0.007   12.884 0.00000e+00
   72    17.21667   -97.40898 36.42659       0.313     309.554  969.285  295.888   71.923   -0.000   12.897 0.00000e+00
   73    17.23333   -97.40816 36.42817       0.553     309.550  969.309  296.092   71.591    0.005   12.999 0.00000e+00
   74    17.25000   -97.40755 36.42957       0.992     309.743  969.282  296.136   71.339    0.005   12.988 0.00000e+00
   75    17.26667   -97.40718 36.43089       1.158     309.939  969.217  296.358   70.823    0.006   13.072 0.00000e+00
   76    17.28333   -97.40701 36.43209       1.820     310.851  969.123  296.541   70.449    0.009   13.150 0.00000e+00
   77    17.30000   -97.40706 36.43325       2.291     311.694  969.078  296.655   70.159    0.010   13.188 0.00000e+00
   78    17.31667   -97.40724 36.43438       2.822     312.708  968.995  296.720   70.017    0.006   13.215 0.00000e+00
   79    17.33333   -97.40748 36.43542       2.923     313.322  968.913  296.758   69.906    0.005   13.226 0.00000e+00
   80    17.35000   -97.40770 36.43638       3.607     314.501  968.819  296.761   69.961    0.014   13.240 0.00000e+00
   81    17.36667   -97.40788 36.43744       5.043     316.437  968.657  296.735   70.117    0.019   13.251 0.00000e+00
   82    17.38333   -97.40807 36.43871       5.165     317.170  968.543  296.520   70.416   -0.013   13.135 0.00000e+00
   83    17.40000   -97.40822 36.44012       4.164     316.843  968.540  296.384   70.499   -0.020   13.042 0.00000e+00
   84    17.41667   -97.40840 36.44157       3.384     316.767  968.544  296.328   70.562   -0.008   13.009 0.00000e+00
   85    17.43333   -97.40866 36.44299       3.091     317.187  968.509  296.380   70.513    0.007   13.041 0.00000e+00
   86    17.45000   -97.40895 36.44428       5.247     320.004  968.192  296.377   70.793    0.060   13.096 0.00000e+00
   87    17.46667   -97.40900 36.44543      10.593     325.764  967.623  296.389   71.285    0.161   13.204 0.00000e+00
   88    17.48333   -97.40857 36.44681      19.648     335.125  966.622  296.419   71.298    0.138   13.245 0.00000e+00
   89    17.50000   -97.40776 36.44873      29.825     346.257  965.330  296.266   71.564    0.171   13.188 0.00000e+00
   90    17.51667   -97.40680 36.45096      41.247     358.893  963.923  296.072   72.025    0.265   13.135 0.00000e+00
   91    17.53333   -97.40587 36.45343      50.534     369.673  962.750  295.740   72.716   -0.055   13.010 0.00000e+00
   92    17.55000   -97.40503 36.45597      48.517     367.027  963.306  296.028   71.899    0.087   13.086 0.00000e+00
   93    17.56667   -97.40430 36.45828      64.349     378.273  962.018  295.973   72.010    0.359   13.079 0.00000e+00
   94    17.58333   -97.40363 36.46066      92.889     402.209  959.323  295.662   72.946    0.545   13.035 0.00000e+00
   95    17.60000   -97.40297 36.46319     134.632     439.262  955.178  295.204   74.404    0.946   12.983 0.00000e+00
   96    17.61667   -97.40219 36.46583     198.314     499.706  948.522  294.466   76.742    1.381   12.884 0.00000e+00
   97    17.63333   -97.40107 36.46846     269.363     567.607  941.082  293.618   79.657    1.263   12.788 0.00000e+00
   98    17.65000   -97.39977 36.47089     320.053     614.940  935.920  293.131   81.545    0.722   12.770 0.00000e+00
   99    17.66667   -97.39833 36.47305     349.556     642.662  932.851  292.783   82.593    0.260   12.698 0.00000e+00
  100    17.68333   -97.39684 36.47529     356.229     648.161  932.325  292.698   82.782    0.032   12.666 0.00000e+00
  101    17.70000   -97.39551 36.47763     355.312     645.802  932.573  292.627   82.899    0.167   12.624 0.00000e+00
  102    17.71667   -97.39463 36.47992     380.321     669.657  929.951  292.515   83.644    0.754   12.685 0.00000e+00
  103    17.73333   -97.39391 36.48193     442.549     731.940  923.216  292.100   85.625    1.303   12.743 0.00000e+00
  104    17.75000   -97.39290 36.48362     523.553     813.284  914.501  291.357   89.121    1.384   12.777 0.00000e+00
  105    17.76667   -97.39145 36.48521     597.334     887.432  906.630  290.648   92.247    1.386   12.753 0.00000e+00
  106    17.78333   -97.38983 36.48705     649.379     939.961  901.057  290.105   94.020    1.013   12.633 0.00000e+00
  107    17.80000   -97.38821 36.48928     670.142     961.714  898.711  289.857   94.582    0.415   12.542 0.00000e+00
  108    17.81667   -97.38683 36.49187     671.141     964.581  898.400  289.822   94.062    0.232   12.449 0.00000e+00
  109    17.83333   -97.38575 36.49458     671.115     966.620  898.213  289.814   93.415    0.089   12.360 0.00000e+00
  110    17.85000   -97.38477 36.49717     671.715     968.886  898.012  289.801   93.060   -0.004   12.306 0.00000e+00
  111    17.86667   -97.38374 36.49954     663.992     962.123  898.731  289.868   92.721   -0.155   12.304 0.00000e+00
  112    17.88333   -97.38260 36.50179     641.807     940.907  900.941  290.067   91.916   -0.457   12.323 0.00000e+00
  113    17.90000   -97.38137 36.50389     605.638     905.732  904.667  290.403   90.481   -0.792   12.342 0.00000e+00
  114    17.91667   -97.38011 36.50589     557.279     858.568  909.607  290.859   88.422   -1.044   12.349 0.00000e+00
  115    17.93333   -97.37885 36.50785     501.817     804.433  915.433  291.412   85.662   -1.089   12.311 0.00000e+00
  116    17.95000   -97.37769 36.50982     447.496     751.303  921.090  291.972   82.490   -1.001   12.206 0.00000e+00
  117    17.96667   -97.37663 36.51183     397.026     701.944  926.381  292.506   79.529   -0.821   12.100 0.00000e+00
  118    17.98333   -97.37558 36.51394     350.128     656.072  931.347  292.987   77.102   -0.659   12.026 0.00000e+00
  119    18.00000   -97.37445 36.51618     304.350     610.994  936.265  293.453   74.779   -0.774   11.944 0.00000e+00
  120    18.01667   -97.37321 36.51856     251.189     558.398  941.940  293.961   72.643   -1.005   11.903 0.00000e+00
  121    18.03333   -97.37189 36.52104     194.777     502.381  948.085  294.550   70.211   -0.893   11.855 0.00000e+00
  122    18.05000   -97.37051 36.52356     161.392     469.398  951.688  294.867   69.188   -0.268   11.868 0.00000e+00
  123    18.06667   -97.36919 36.52601     158.010     466.238  952.083  294.979   69.327    0.092   11.970 0.00000e+00
  124    18.08333   -97.36781 36.52847     166.693     474.739  951.170  294.927   69.630    0.052   11.995 0.00000e+00
  125    18.10000   -97.36644 36.53095     166.929     474.253  951.235  294.956   69.640   -0.145   12.018 0.00000e+00
  126    18.11667   -97.36523 36.53338     148.116     454.424  953.405  295.152   69.108   -0.587   12.043 0.00000e+00
  127    18.13333   -97.36426 36.53571     104.217     409.696  958.316  295.620   67.752   -0.806   12.089 0.00000e+00
  128    18.15000   -97.36329 36.53777      57.321     361.966  963.544  296.091   66.397   -0.625   12.128 0.00000e+00
  129    18.16667   -97.36215 36.53960      29.703     333.932  966.560  296.434   65.472   -0.319   12.174 0.00000e+00
  130    18.18333   -97.36096 36.54086      22.592     326.832  967.278  296.885   64.894    0.002   12.394 0.00000e+00
  131    18.20000   -97.35989 36.54194      34.506     339.115  965.914  297.009   65.047    0.368   12.536 0.00000e+00
  132    18.21667   -97.35891 36.54326      64.778     369.959  962.500  296.826   65.981    0.843   12.620 0.00000e+00
  133    18.23333   -97.35823 36.54469     142.666     448.421  953.880  295.990   68.954    2.005   12.646 0.00000e+00
  134    18.25000   -97.35758 36.54620     314.298     620.643  935.116  294.239   75.068    3.595   12.607 0.00000e+00
  135    18.26667   -97.35679 36.54793     537.610     844.862  911.140  291.968   83.799    4.263   12.533 0.00000e+00
  136    18.28333   -97.35571 36.54993     775.356    1083.748  886.041  289.569   94.166    4.145   12.435 0.00000e+00
  137    18.30000   -97.35451 36.55232     988.095    1297.760  864.045  287.875  100.000    3.804   12.157 1.59815e-01
  138    18.31667   -97.35314 36.55513    1166.301    1477.478  845.848  286.883  100.000    3.182   11.644 4.58840e-01
  139    18.33333   -97.35137 36.55812    1311.411    1624.639  831.238  285.837  100.000    2.027   11.067 4.67818e-01
  140    18.35000   -97.34910 36.56141    1413.378    1727.951  821.129  285.205  100.000    1.512   10.745 5.35376e-01
  141    18.36667   -97.34671 36.56493    1478.668    1793.462  814.725  284.709  100.000    0.811   10.480 5.14400e-01
  142    18.38333   -97.34422 36.56853    1508.386    1823.044  811.875  284.493  100.000    0.275   10.367 4.97696e-01
  143    18.40000   -97.34172 36.57214    1517.327    1831.092  811.123  284.396  100.000    0.204   10.310 4.54846e-01
  144    18.41667   -97.33924 36.57568    1517.908    1830.375  811.246  284.340  100.000    0.089   10.270 3.93538e-01
  145    18.43333   -97.33702 36.57921    1512.462    1822.566  811.998  284.298  100.000   -0.030   10.232 2.88117e-01
  146    18.45000   -97.33508 36.58283    1495.878    1805.098  813.607  284.319  100.000   -0.233   10.225 1.79521e-01
  147    18.46667   -97.33324 36.58654    1469.263    1778.229  816.247  284.423  100.000   -0.474   10.263 8.99141e-02
  148    18.48333   -97.33138 36.59029    1438.779    1745.815  819.464  284.572   99.046   -0.623   10.206 6.54719e-04
  149    18.50000   -97.32946 36.59407    1401.437    1705.467  823.391  284.972   96.199   -0.730   10.131 0.00000e+00
  150    18.51667   -97.32748 36.59789    1356.609    1658.549  827.935  285.417   93.631   -0.820   10.099 0.00000e+00
  151    18.53333   -97.32550 36.60175    1310.711    1612.050  832.572  285.839   91.564   -0.685   10.099 0.00000e+00
  152    18.55000   -97.32346 36.60559    1274.661    1574.836  836.293  286.139   90.846   -0.366   10.174 0.00000e+00
  153    18.56667   -97.32129 36.60938    1255.837    1554.168  838.305  286.254   90.979   -0.010   10.241 0.00000e+00
  154    18.58333   -97.31902 36.61317    1256.562    1553.853  838.280  286.174   91.836    0.267   10.284 0.00000e+00
  155    18.60000   -97.31672 36.61706    1271.458    1568.157  836.871  285.992   92.961    0.344   10.304 0.00000e+00
  156    18.61667   -97.31443 36.62099    1287.663    1582.983  835.441  285.861   93.488    0.168   10.290 0.00000e+00
  157    18.63333   -97.31220 36.62486    1288.458    1583.460  835.350  285.883   93.129   -0.195   10.267 0.00000e+00
  158    18.65000   -97.31000 36.62843    1274.729    1569.699  836.713  286.042   92.039   -0.362   10.236 0.00000e+00
  159    18.66667   -97.30782 36.63180    1253.751    1548.962  838.806  286.276   90.398   -0.358   10.184 0.00000e+00
  160    18.68333   -97.30568 36.63508    1233.957    1529.562  840.774  286.496   88.883   -0.221   10.136 0.00000e+00
  161    18.70000   -97.30356 36.63837    1223.674    1519.706  841.701  286.607   87.983   -0.059   10.095 0.00000e+00
  162    18.71667   -97.30133 36.64177    1219.725    1516.644  842.099  286.647   87.765    0.017   10.092 0.00000e+00
  163    18.73333   -97.29893 36.64523    1223.384    1520.262  841.750  286.668   87.606    0.187   10.092 0.00000e+00
  164    18.75000   -97.29642 36.64866    1239.794    1535.664  840.232  286.582   87.242    0.374   10.011 0.00000e+00
  165    18.76667   -97.29386 36.65217    1258.896    1554.737  838.238  286.362   87.860    0.356    9.962 0.00000e+00
  166    18.78333   -97.29132 36.65586    1265.404    1562.835  837.380  286.275   88.162    0.093    9.949 0.00000e+00
  167    18.80000   -97.28877 36.65967    1254.219    1553.839  838.267  286.341   87.973   -0.254    9.960 0.00000e+00
  168    18.81667   -97.28624 36.66343    1232.365    1534.275  840.243  286.499   87.710   -0.366   10.010 0.00000e+00
  169    18.83333   -97.28371 36.66705    1210.872    1514.068  842.298  286.703   86.837   -0.327   10.020 0.00000e+00
  170    18.85000   -97.28104 36.67057    1195.862    1500.218  843.667  286.877   85.658   -0.177    9.980 0.00000e+00
  171    18.86667   -97.27826 36.67397    1190.600    1496.117  844.114  286.924   85.420    0.192    9.979 0.00000e+00
  172    18.88333   -97.27538 36.67731    1206.280    1512.418  842.491  286.775   85.860    0.699    9.951 0.00000e+00
  173    18.90000   -97.27235 36.68065    1240.173    1546.699  839.058  286.398   87.776    0.955    9.966 0.00000e+00
  174    18.91667   -97.26911 36.68398    1271.262    1578.380  835.952  286.030   89.990    0.584   10.010 0.00000e+00
  175    18.93333   -97.26584 36.68736    1271.933    1578.347  835.932  286.003   90.378   -0.355   10.036 0.00000e+00
  176    18.95000   -97.26286 36.69081    1228.875    1534.164  840.415  286.410   88.708   -1.113   10.063 0.00000e+00
  177    18.96667   -97.26038 36.69422    1162.351    1466.434  847.203  287.047   85.762   -1.330   10.062 0.00000e+00
  178    18.98333   -97.25823 36.69748    1104.585    1407.586  853.131  287.663   82.705   -0.951   10.030 0.00000e+00
