    0    16.01667   -97.51966 36.27140      12.514     379.811  961.604  293.186   85.106   -0.046   13.014 0.00000e+00
    1    16.03333   -97.52062 36.27307      11.719     378.440  961.814  293.289   84.716    0.008   13.035 0.00000e+00
    2    16.05000   -97.52150 36.27460      13.269     378.733  961.771  293.347   84.538    0.033   13.055 0.00000e+00
    3    16.06667   -97.52217 36.27595      16.149     380.604  961.560  293.389   84.375    0.078   13.067 0.00000e+00
    4    16.08333   -97.52274 36.27716      21.270     384.911  961.103  293.353   84.477    0.091   13.060 0.00000e+00
    5    16.10000   -97.52326 36.27831      26.444     389.368  960.552  293.314   84.592    0.094   13.053 0.00000e+00
    6    16.11667   -97.52373 36.27937      33.853     396.135  959.836  293.226   84.887    0.111   13.037 0.00000e+00
    7    16.13333   -97.52412 36.28051      42.175     403.838  959.004  293.153   85.064    0.179   13.016 0.00000e+00
    8    16.15000   -97.52439 36.28175      51.498     412.544  958.053  293.090   85.269    0.139   13.009 0.00000e+00
    9    16.16667   -97.52467 36.28304      57.739     418.189  957.465  293.036   85.371    0.096   12.989 0.00000e+00
   10    16.18333   -97.52501 36.28439      54.340     414.166  957.905  293.059   84.932   -0.154   12.934 0.00000e+00
   11    16.20000   -97.52541 36.28583      43.651     402.850  959.137  293.191   84.281   -0.209   12.925 0.00000e+00
   12    16.21667   -97.52589 36.28725      30.698     389.328  960.633  293.388   83.575   -0.147   12.955 0.00000e+00
   13    16.23333   -97.52649 36.28854      21.576     379.691  961.708  293.610   82.823   -0.137   13.003 0.00000e+00
   14    16.25000   -97.52724 36.28967      15.830     373.322  962.411  293.797   82.204   -0.067   13.047 0.00000e+00
   15    16.26667   -97.52814 36.29073      15.150     371.843  962.534  293.958   81.716    0.049   13.099 0.00000e+00
   16    16.28333   -97.52896 36.29198      20.138     375.722  962.088  294.083   81.367    0.183   13.150 0.00000e+00
   17    16.30000   -97.52934 36.29359      35.550     390.082  960.470  293.917   81.836    0.336   13.112 0.00000e+00
   18    16.31667   -97.52940 36.29564      56.002     409.504  958.289  293.665   82.659    0.355   13.068 0.00000e+00
   19    16.33333   -97.52931 36.29795      71.636     424.453  956.633  293.453   83.272    0.150   13.015 0.00000e+00
   20    16.35000   -97.52912 36.30032      76.460     428.916  956.200  293.397   83.374   -0.055   12.991 0.00000e+00
   21    16.36667   -97.52890 36.30263      71.036     423.115  956.789  293.422   83.041   -0.175   12.951 0.00000e+00
   22    16.38333   -97.52872 36.30477      61.830     413.478  957.906  293.520   82.306   -0.276   12.900 0.00000e+00
   23    16.40000   -97.52866 36.30673      52.031     402.066  959.195  293.652   81.484   -0.218   12.860 0.00000e+00
   24    16.41667   -97.52869 36.30851      46.638     394.904  959.993  293.767   81.020   -0.046   12.868 0.00000e+00
   25    16.43333   -97.52876 36.31021      47.379     393.997  960.112  293.843   80.950    0.201   12.916 0.00000e+00
   26    16.45000   -97.52876 36.31191      59.293     404.268  959.025  293.803   81.190    0.433   12.937 0.00000e+00
   27    16.46667   -97.52844 36.31369      84.245     427.676  956.333  293.585   81.921    0.469   12.914 0.00000e+00
   28    16.48333   -97.52788 36.31565     116.007     458.437  952.951  293.292   83.043    0.433   12.899 0.00000e+00
   29    16.50000   -97.52711 36.31784     153.528     495.195  948.948  292.946   84.407    0.630   12.885 0.00000e+00
   30    16.51667   -97.52612 36.32026     201.483     541.890  943.865  292.485   86.358    0.938   12.877 0.00000e+00
   31    16.53333   -97.52501 36.32303     253.638     593.419  938.180  291.948   88.583    0.744   12.847 0.00000e+00
   32    16.55000   -97.52380 36.32617     284.763     625.096  934.734  291.614   89.750    0.270   12.793 0.00000e+00
   33    16.56667   -97.52274 36.32959     294.299     634.797  933.669  291.508   89.825   -0.094   12.732 0.00000e+00
   34    16.58333   -97.52202 36.33320     284.619     626.784  934.480  291.555   89.502   -0.527   12.713 0.00000e+00
   35    16.60000   -97.52135 36.33691     254.094     598.810  937.489  291.822   87.978   -0.812   12.668 0.00000e+00
   36    16.61667   -97.52051 36.34066     203.585     549.189  943.021  292.318   85.729   -0.661   12.661 0.00000e+00
   37    16.63333   -97.51941 36.34435     178.805     523.368  945.835  292.543   84.889   -0.139   12.678 0.00000e+00
   38    16.65000   -97.51830 36.34789     182.704     525.347  945.676  292.552   85.095    0.206   12.717 0.00000e+00
   39    16.66667   -97.51721 36.35120     202.134     541.371  943.936  292.389   85.945    0.507   12.737 0.00000e+00
   40    16.68333   -97.51602 36.35426     229.658     565.573  941.273  292.136   87.090    0.721   12.739 0.00000e+00
   41    16.70000   -97.51462 36.35707     250.075     583.252  939.353  291.958   87.915    0.334   12.743 0.00000e+00
   42    16.71667   -97.51315 36.35964     258.151     588.825  938.770  291.912   88.077    0.133   12.737 0.00000e+00
   43    16.73333   -97.51169 36.36198     269.111     597.460  937.763  291.838   88.216    0.247   12.711 0.00000e+00
   44    16.75000   -97.51024 36.36422     278.828     605.751  936.785  291.767   88.259    0.067   12.674 0.00000e+00
   45    16.76667   -97.50896 36.36654     281.257     607.370  936.626  291.757   88.460    0.052   12.697 0.00000e+00
   46    16.78333   -97.50788 36.36909     291.892     616.820  935.602  291.657   89.092    0.559   12.721 0.00000e+00
   47    16.80000   -97.50700 36.37194     306.400     630.289  934.005  291.487   89.971    0.581   12.731 0.00000e+00
   48    16.81667   -97.50626 36.37490     317.637     644.617  932.447  291.350   90.696    0.374   12.745 0.00000e+00
   49    16.83333   -97.50565 36.37782     328.672     658.696  930.910  291.217   91.261    0.436   12.737 0.00000e+00
   50    16.85000   -97.50503 36.38062     338.217     670.616  929.747  291.112   91.718    0.260   12.732 0.00000e+00
   51    16.86667   -97.50443 36.38334     343.798     676.831  929.083  291.052   92.044    0.293   12.738 0.00000e+00
   52    16.88333   -97.50381 36.38594     343.525     677.118  929.033  291.058   92.099    0.208   12.751 0.00000e+00
   53    16.90000   -97.50317 36.38846     338.332     672.521  929.500  291.095   91.947    0.106   12.753 0.00000e+00
   54    16.91667   -97.50253 36.39089     330.661     666.026  930.195  291.190   91.408   -0.107   12.746 0.00000e+00
   55    16.93333   -97.50195 36.39320     322.943     659.426  930.905  291.280   90.962   -0.171   12.746 0.00000e+00
   56    16.95000   -97.50131 36.39535     316.131     653.697  931.529  291.368   90.528   -0.103   12.748 0.00000e+00
   57    16.96667   -97.50055 36.39738     309.290     647.943  932.159  291.451   90.156   -0.152   12.754 0.00000e+00
   58    16.98333   -97.49969 36.39943     293.063     632.777  933.856  291.598   89.542   -0.207   12.762 0.00000e+00
   59    17.00000   -97.49886 36.40160     269.489     610.060  936.311  291.816   88.567   -0.436   12.764 0.00000e+00
   60    17.01667   -97.49811 36.40395     237.641     578.956  939.758  292.155   86.978   -0.699   12.758 0.00000e+00
   61    17.03333   -97.49744 36.40653     196.752     537.213  944.368  292.545   85.146   -1.093   12.737 0.00000e+00
   62    17.05000   -97.49701 36.40932     153.190     491.760  949.346  292.992   83.129   -0.884   12.721 0.00000e+00
   63    17.06667   -97.49687 36.41228     133.096     469.821  951.767  293.297   81.692   -0.353   12.709 0.00000e+00
   64    17.08333   -97.49708 36.41529     148.757     483.379  950.291  293.289   81.630    0.653   12.714 0.00000e+00
   65    17.10000   -97.49783 36.41807     206.742     539.529  944.179  293.031   83.480    1.326   12.877 0.00000e+00
   66    17.11667   -97.49873 36.42052     288.351     619.719  935.425  292.287   86.806    0.936   12.900 0.00000e+00
   67    17.13333   -97.49912 36.42261     334.004     664.228  930.563  291.765   88.649    0.487   12.814 0.00000e+00
   68    17.15000   -97.49904 36.42458     362.273     691.492  927.618  291.447   89.968    0.444   12.787 0.00000e+00
   69    17.16667   -97.49864 36.42677     382.073     710.090  925.565  291.280   90.889    0.186   12.810 0.00000e+00
   70    17.18333   -97.49777 36.42910     390.506     717.271  924.746  291.211   91.294    0.070   12.823 0.00000e+00
   71    17.20000   -97.49630 36.43143     404.590     730.419  923.397  291.100   91.820    0.072   12.825 0.00000e+00
   72    17.21667   -97.49449 36.43351     435.786     760.387  920.202  290.843   93.105    0.353   12.839 0.00000e+00
   73    17.23333   -97.49259 36.43526     489.502     812.888  914.541  290.343   95.680    0.620   12.860 0.00000e+00
   74    17.25000   -97.49060 36.43701     562.891     885.757  906.732  289.669   99.097    0.986   12.868 2.73272e-05
   75    17.26667   -97.48834 36.43884     634.764     957.596  899.156  289.233  100.000    1.002   12.750 9.09008e-02
   76    17.28333   -97.48588 36.44073     690.027    1011.441  893.614  289.001  100.000    0.831   12.640 1.98332e-01
   77    17.30000   -97.48325 36.44271     735.046    1053.596  889.166  288.800  100.000    0.850   12.541 2.83543e-01
   78    17.31667   -97.48041 36.44476     776.650    1092.549  885.068  288.603  100.000    0.738   12.440 3.35702e-01
   79    17.33333   -97.47742 36.44687     798.193    1111.828  883.061  288.449  100.000    0.165   12.346 2.88929e-01
   80    17.35000   -97.47440 36.44913     805.792    1117.170  882.499  288.290  100.000   -0.134   12.228 1.61441e-01
   81    17.36667   -97.47141 36.45160     807.734    1116.867  882.526  288.255  100.000    0.099   12.185 1.31758e-01
   82    17.38333   -97.46858 36.45419     802.696    1110.670  883.076  288.221  100.000   -0.092   12.163 6.11281e-02
   83    17.40000   -97.46615 36.45683     785.267    1094.300  884.791  288.285  100.000   -0.382   12.175 3.69574e-03
   84    17.41667   -97.46419 36.45948     755.540    1065.296  887.848  288.544   98.588   -0.641   12.162 8.61906e-04
   85    17.43333   -97.46259 36.46219     712.967    1022.901  892.324  288.962   96.224   -0.883   12.133 0.00000e+00
   86    17.45000   -97.46107 36.46495     655.053     964.430  898.521  289.501   93.249   -1.121   12.089 0.00000e+00
   87    17.46667   -97.45950 36.46772     583.298     891.856  906.139  290.203   88.916   -1.340   11.955 0.00000e+00
   88    17.48333   -97.45782 36.47035     504.809     812.932  914.483  290.960   85.164   -1.378   11.906 0.00000e+00
   89    17.50000   -97.45609 36.47276     434.073     741.891  922.102  291.693   81.562   -1.332   11.845 0.00000e+00
   90    17.51667   -97.45431 36.47501     380.572     687.521  927.990  292.228   79.513   -0.934   11.867 0.00000e+00
   91    17.53333   -97.45259 36.47724     340.215     645.947  932.497  292.605   78.381   -0.682   11.920 0.00000e+00
   92    17.55000   -97.45096 36.47950     304.865     609.600  936.428  292.896   78.099   -0.617   12.046 0.00000e+00
   93    17.56667   -97.44948 36.48175     268.413     572.172  940.514  293.217   77.338   -0.676   12.117 0.00000e+00
   94    17.58333   -97.44814 36.48400     230.451     532.883  944.809  293.582   76.003   -0.775   12.126 0.00000e+00
   95    17.60000   -97.44700 36.48626     182.490     483.330  950.240  294.052   74.359   -0.918   12.145 0.00000e+00
   96    17.61667   -97.44603 36.48857     128.353     427.486  956.330  294.594   72.519   -0.851   12.171 0.00000e+00
   97    17.63333   -97.44511 36.49091      85.483     383.653  961.173  295.031   71.009   -0.582   12.182 0.00000e+00
   98    17.65000   -97.44416 36.49325      57.559     354.776  964.352  295.357   70.057   -0.287   12.222 0.00000e+00
   99    17.66667   -97.44312 36.49557      39.500     335.695  966.468  295.690   69.321   -0.246   12.317 0.00000e+00
  100    17.68333   -97.44199 36.49786      25.639     322.067  967.872  295.984   68.684   -0.231   12.408 0.00000e+00
  101    17.70000   -97.44095 36.50002      14.767     312.660  968.900  296.293   67.992   -0.140   12.504 0.00000e+00
  102    17.71667   -97.43999 36.50204       8.625     307.985  969.355  296.650   66.952   -0.073   12.578 0.00000e+00
  103    17.73333   -97.43895 36.50402       4.850     305.763  969.481  296.964   65.983   -0.033   12.634 0.00000e+00
  104    17.75000   -97.43781 36.50594       3.175     305.624  969.458  297.122   65.632   -0.017   12.689 0.00000e+00
  105    17.76667   -97.43661 36.50777       2.542     306.450  969.385  297.258   65.337   -0.012   12.737 0.00000e+00
  106    17.78333   -97.43534 36.50956       1.143     306.445  969.345  297.443   64.769   -0.005   12.770 0.00000e+00
  107    17.80000   -97.43396 36.51132       1.538     307.992  969.207  297.507   64.580   -0.006   12.784 0.00000e+00
  108    17.81667   -97.43240 36.51303       1.271     308.631  969.086  297.546   64.380   -0.004   12.776 0.00000e+00
  109    17.83333   -97.43086 36.51476       2.050     310.499  968.900  297.778   64.196    0.013   12.922 0.00000e+00
  110    17.85000   -97.42966 36.51631       3.753     313.352  968.592  298.053   64.063    0.048   13.116 0.00000e+00
  111    17.86667   -97.42898 36.51748      10.431     320.952  967.917  297.941   64.985    0.229   13.225 0.00000e+00
  112    17.88333   -97.42860 36.51879      31.299     342.873  965.494  297.180   66.818    0.576   13.017 0.00000e+00
  113    17.90000   -97.42833 36.52048      70.870     383.834  960.994  296.399   68.817    1.024   12.844 0.00000e+00
  114    17.91667   -97.42813 36.52235     142.544     456.777  953.015  295.470   71.655    1.725   12.739 0.00000e+00
  115    17.93333   -97.42805 36.52431     249.412     564.536  941.254  294.250   75.669    2.318   12.633 0.00000e+00
  116    17.95000   -97.42819 36.52656     358.684     674.844  929.315  293.060   79.961    2.236   12.556 0.00000e+00
  117    17.96667   -97.42857 36.52900     459.452     776.778  918.363  292.024   83.827    2.589   12.482 0.00000e+00
  118    17.98333   -97.42867 36.53159     586.865     904.312  904.891  290.753   88.822    2.824   12.386 0.00000e+00
  119    18.00000   -97.42800 36.53476     711.446    1028.045  891.923  289.518   94.748    2.340   12.388 0.00000e+00
  120    18.01667   -97.42671 36.53830     811.414    1126.308  881.752  288.561   99.502    1.479   12.374 1.45166e-03
  121    18.03333   -97.42497 36.54181     879.328    1191.066  875.035  288.208   99.854    0.814   12.231 1.02245e-01
  122    18.05000   -97.42300 36.54515     931.825    1241.155  869.860  287.827  100.000    0.926   12.040 9.39396e-02
  123    18.06667   -97.42081 36.54839     983.072    1292.875  864.422  287.446  100.000    0.930   11.815 1.27014e-01
  124    18.08333   -97.41851 36.55158    1025.333    1337.778  859.847  287.112  100.000    0.719   11.627 1.45204e-01
  125    18.10000   -97.41614 36.55482    1052.174    1366.641  856.945  286.908  100.000    0.608   11.512 1.56128e-01
  126    18.11667   -97.41373 36.55828    1059.653    1373.874  856.272  286.837  100.000    0.479   11.464 1.17578e-01
  127    18.13333   -97.41153 36.56199    1046.952    1360.178  857.644  286.823   98.897    0.059   11.294 9.84198e-03
  128    18.15000   -97.40953 36.56592    1011.039    1325.732  861.061  287.271   94.785   -0.880   11.102 7.11884e-03
  129    18.16667   -97.40789 36.56993     946.387    1263.676  867.414  288.051   88.869   -1.305   10.870 0.00000e+00
  130    18.18333   -97.40664 36.57359     898.951    1218.183  872.099  288.334   89.450   -0.373   11.084 0.00000e+00
  131    18.20000   -97.40549 36.57664     864.749    1185.207  875.532  288.577   89.319   -0.249   11.199 0.00000e+00
  132    18.21667   -97.40451 36.57925     834.432    1155.841  878.523  288.901   87.234   -0.289   11.130 0.00000e+00
  133    18.23333   -97.40363 36.58158     794.265    1116.479  882.566  289.312   84.454   -0.698   11.013 0.00000e+00
  134    18.25000   -97.40274 36.58376     737.640    1060.685  888.406  289.829   82.675   -0.971   11.071 0.00000e+00
  135    18.26667   -97.40189 36.58596     683.146    1007.033  893.980  290.314   81.371   -0.924   11.169 0.00000e+00
  136    18.28333   -97.40096 36.58822     638.547     963.249  898.575  290.698   80.375   -0.816   11.248 0.00000e+00
  137    18.30000   -97.39999 36.59049     600.904     926.487  902.437  290.979   80.298   -0.591   11.391 0.00000e+00
  138    18.31667   -97.39911 36.59280     570.301     896.758  905.582  291.174   80.882   -0.410   11.576 0.00000e+00
  139    18.33333   -97.39828 36.59507     543.084     870.381  908.350  291.368   80.954   -0.267   11.693 0.00000e+00
  140    18.35000   -97.39757 36.59731     515.527     843.520  911.220  291.584   80.877   -0.278   11.806 0.00000e+00
  141    18.36667   -97.39688 36.59946     489.651     818.087  913.909  291.831   79.965   -0.355   11.821 0.00000e+00
  142    18.38333   -97.39616 36.60163     462.106     791.038  916.821  292.137   78.142   -0.499   11.739 0.00000e+00
  143    18.40000   -97.39536 36.60384     435.045     764.586  919.588  292.422   76.829   -0.430   11.715 0.00000e+00
  144    18.41667   -97.39447 36.60612     408.768     738.384  922.452  292.716   75.403   -0.397   11.675 0.00000e+00
  145    18.43333   -97.39355 36.60844     379.002     708.000  925.712  293.022   74.322   -0.372   11.689 0.00000e+00
  146    18.45000   -97.39263 36.61068     347.285     675.853  929.123  293.315   73.405   -0.722   11.714 0.00000e+00
  147    18.46667   -97.39171 36.61291     304.388     632.653  933.821  293.781   71.971   -0.671   11.764 0.00000e+00
  148    18.48333   -97.39117 36.61538     281.268     607.678  936.590  294.023   71.187    0.048   11.777 0.00000e+00
  149    18.50000   -97.39104 36.61791     302.731     626.561  934.550  293.879   71.957    0.920   11.825 0.00000e+00
  150    18.51667   -97.39108 36.62041     366.810     687.998  927.978  293.327   74.236    1.797   11.871 0.00000e+00
  151    18.53333   -97.39104 36.62283     477.756     796.912  916.271  292.280   78.495    2.577   11.906 0.00000e+00
  152    18.55000   -97.39090 36.62516     622.924     940.641  901.093  290.902   84.675    3.058   11.971 0.00000e+00
  153    18.56667   -97.39070 36.62744     774.798    1091.048  885.405  289.442   91.544    2.920   12.000 0.00000e+00
  154    18.58333   -97.39050 36.62968     907.076    1221.818  871.999  288.179   97.838    2.621   12.004 6.93868e-06
  155    18.60000   -97.39027 36.63190    1002.490    1315.796  862.328  287.539  100.000    1.738   11.920 1.08731e-01
  156    18.61667   -97.39008 36.63422    1073.039    1384.890  855.333  287.188  100.000    1.311   11.747 2.25211e-01
  157    18.63333   -97.38969 36.63658    1160.529    1470.812  846.677  286.815  100.000    1.868   11.582 3.93534e-01
  158    18.65000   -97.38890 36.63890    1270.367    1579.217  835.806  286.315  100.000    2.572   11.355 6.07295e-01
  159    18.66667   -97.38799 36.64120    1365.557    1673.575  826.555  285.668  100.000    1.442   11.005 5.90515e-01
  160    18.68333   -97.38692 36.64355    1417.861    1724.976  821.473  285.105  100.000    0.443   10.663 4.25114e-01
  161    18.70000   -97.38589 36.64590    1428.250    1734.733  820.467  284.765   99.546   -0.449   10.377 2.27881e-01
  162    18.71667   -97.38500 36.64830    1405.136    1710.730  822.821  284.925   99.789   -0.211   10.483 1.97319e-01
  163    18.73333   -97.38438 36.65076    1375.037    1679.433  825.969  285.069  100.000   -0.409   10.586 1.20971e-01
  164    18.75000   -97.38376 36.65340    1344.873    1647.824  829.078  285.177   99.085   -0.809   10.504 1.50700e-02
  165    18.76667   -97.38287 36.65618    1319.318    1621.117  831.662  285.475   94.959   -1.076   10.235 8.79292e-03
  166    18.78333   -97.38193 36.65901    1286.215    1587.487  835.013  285.768   92.906   -1.493   10.169 0.00000e+00
  167    18.80000   -97.38101 36.66184    1247.159    1547.820  838.952  286.147   92.179   -1.429   10.296 0.00000e+00
  168    18.81667   -97.38007 36.66470    1212.517    1512.760  842.457  286.490   91.614   -1.189   10.422 0.00000e+00
  169    18.83333   -97.37904 36.66759    1174.736    1474.863  846.190  286.776   92.014   -0.899   10.618 5.20414e-05
  170    18.85000   -97.37781 36.67058    1137.035    1437.021  850.058  287.065   91.427   -0.739   10.703 0.00000e+00
  171    18.86667   -97.37631 36.67366    1089.987    1389.927  854.746  287.451   89.999   -1.116   10.745 0.00000e+00
  172    18.88333   -97.37451 36.67682    1024.120    1324.470  861.393  288.131   86.366   -1.207   10.694 0.00000e+00
  173    18.90000   -97.37274 36.68007     968.104    1269.304  866.992  288.639   84.147   -0.800   10.697 0.00000e+00
  174    18.91667   -97.37131 36.68332     945.998    1247.369  869.256  288.813   83.719    0.042   10.735 0.00000e+00
  175    18.93333   -97.37006 36.68642     950.526    1251.734  868.832  288.691   85.464    0.279   10.878 0.00000e+00
  176    18.95000   -97.36891 36.68929     949.830    1251.036  868.884  288.672   86.214   -0.096   10.959 0.00000e+00
  177    18.96667   -97.36792 36.69186     931.953    1233.660  870.665  288.850   84.993   -0.438   10.907 0.00000e+00
  178    18.98333   -97.36710 36.69425     908.728    1210.953  872.940  289.066   84.782   -0.442   11.004 0.00000e+00
