    0    16.01667   -97.51172 36.27250      41.291     408.895  958.543  293.013   84.879    0.121   12.881 0.00000e+00
    1    16.03333   -97.51254 36.27435      53.092     420.112  957.265  292.910   85.411    0.238   12.895 0.00000e+00
    2    16.05000   -97.51328 36.27632      71.181     437.409  955.327  292.767   86.090    0.441   12.908 0.00000e+00
    3    16.06667   -97.51378 36.27847      95.246     460.582  952.780  292.493   87.223    0.495   12.889 0.00000e+00
    4    16.08333   -97.51414 36.28083     118.821     483.076  950.309  292.269   88.179    0.569   12.882 0.00000e+00
    5    16.10000   -97.51423 36.28327     145.154     508.119  947.527  291.991   89.336    0.504   12.863 0.00000e+00
    6    16.11667   -97.51402 36.28573     170.681     532.409  944.848  291.728   90.470    0.384   12.848 0.00000e+00
    7    16.13333   -97.51353 36.28816     187.369     547.952  943.151  291.551   91.178    0.117   12.828 0.00000e+00
    8    16.15000   -97.51295 36.29053     188.056     547.325  943.250  291.541   91.101   -0.124   12.807 0.00000e+00
    9    16.16667   -97.51256 36.29277     176.868     534.721  944.649  291.652   90.496   -0.258   12.793 0.00000e+00
   10    16.18333   -97.51247 36.29488     161.312     517.790  946.556  291.817   89.684   -0.308   12.785 0.00000e+00
   11    16.20000   -97.51275 36.29692     146.203     501.191  948.389  291.979   88.896   -0.194   12.778 0.00000e+00
   12    16.21667   -97.51337 36.29900     135.473     488.268  949.884  292.118   88.195   -0.112   12.768 0.00000e+00
   13    16.23333   -97.51416 36.30110     126.893     477.863  951.063  292.227   87.698   -0.087   12.768 0.00000e+00
   14    16.25000   -97.51521 36.30318     121.555     471.405  951.774  292.302   87.368    0.081   12.770 0.00000e+00
   15    16.26667   -97.51637 36.30531     127.643     477.373  951.063  292.248   87.638    0.327   12.776 0.00000e+00
   16    16.28333   -97.51746 36.30758     143.235     493.794  949.218  292.088   88.383    0.378   12.780 0.00000e+00
   17    16.30000   -97.51834 36.30996     157.786     508.719  947.574  291.945   89.054    0.217   12.784 0.00000e+00
   18    16.31667   -97.51914 36.31239     165.923     516.685  946.681  291.873   89.406    0.154   12.789 0.00000e+00
   19    16.33333   -97.51985 36.31482     171.050     519.525  946.372  291.825   89.617   -0.080   12.784 0.00000e+00
   20    16.35000   -97.52051 36.31719     168.992     513.675  947.008  291.926   89.185   -0.241   12.796 0.00000e+00
   21    16.36667   -97.52114 36.31948     161.439     502.776  948.162  292.059   88.596   -0.333   12.802 0.00000e+00
   22    16.38333   -97.52184 36.32162     154.146     493.038  949.184  292.224   87.785   -0.200   12.804 0.00000e+00
   23    16.40000   -97.52263 36.32365     147.630     486.748  949.775  292.325   87.176    0.141   12.787 0.00000e+00
   24    16.41667   -97.52344 36.32570     154.339     494.335  949.022  292.268   87.366    0.468   12.780 0.00000e+00
   25    16.43333   -97.52406 36.32788     171.389     512.402  947.035  292.127   87.936    0.477   12.777 0.00000e+00
   26    16.45000   -97.52463 36.33018     180.662     522.914  945.910  292.046   88.221    0.218   12.768 0.00000e+00
   27    16.46667   -97.52530 36.33254     180.476     524.004  945.751  292.044   88.208    0.107   12.767 0.00000e+00
   28    16.48333   -97.52615 36.33490     179.149     523.623  945.775  292.043   88.195    0.051   12.764 0.00000e+00
   29    16.50000   -97.52717 36.33727     186.939     531.938  944.824  291.941   88.598    0.314   12.753 0.00000e+00
   30    16.51667   -97.52820 36.33976     215.671     562.075  941.515  291.675   89.875    0.743   12.767 0.00000e+00
   31    16.53333   -97.52896 36.34237     265.464     614.297  935.862  291.215   92.097    1.106   12.784 0.00000e+00
   32    16.55000   -97.52922 36.34511     324.080     675.193  929.291  290.745   94.447    0.898   12.815 0.00000e+00
   33    16.56667   -97.52894 36.34797     369.394     720.685  924.459  290.398   95.708    0.597   12.769 0.00000e+00
   34    16.58333   -97.52821 36.35096     405.390     754.100  920.872  290.169   96.312    0.531   12.713 0.00000e+00
   35    16.60000   -97.52714 36.35395     437.377     783.149  917.822  289.929   97.706    0.429   12.743 0.00000e+00
   36    16.61667   -97.52587 36.35692     470.874     812.007  914.754  289.703   98.754    0.338   12.737 1.90502e-03
   37    16.63333   -97.52448 36.35987     498.868     835.176  912.184  289.500   99.512    0.218   12.705 1.23150e-03
   38    16.65000   -97.52303 36.36282     515.363     847.540  910.822  289.393   99.824   -0.003   12.677 2.90241e-03
   39    16.66667   -97.52161 36.36583     511.838     840.955  911.480  289.465   99.279   -0.362   12.657 4.77160e-03
   40    16.68333   -97.52037 36.36882     496.223     823.017  913.390  289.656   98.194   -0.587   12.646 0.00000e+00
   41    16.70000   -97.51939 36.37168     486.760     812.019  914.479  289.789   97.375   -0.439   12.633 0.00000e+00
   42    16.71667   -97.51840 36.37458     478.689     806.256  915.047  289.848   97.139   -0.289   12.642 0.00000e+00
   43    16.73333   -97.51727 36.37740     464.299     794.598  916.274  289.945   96.947   -0.451   12.679 0.00000e+00
   44    16.75000   -97.51598 36.37989     422.059     754.820  920.601  290.378   94.563   -1.173   12.654 0.00000e+00
   45    16.76667   -97.51477 36.38170     364.567     698.346  926.680  290.934   91.780   -1.282   12.639 0.00000e+00
   46    16.78333   -97.51350 36.38299     322.682     656.932  931.217  291.346   89.884   -0.434   12.644 0.00000e+00
   47    16.80000   -97.51244 36.38411     292.838     627.440  934.402  291.607   88.833   -0.343   12.661 0.00000e+00
   48    16.81667   -97.51166 36.38547     255.881     590.886  938.376  291.914   87.741   -0.492   12.695 0.00000e+00
   49    16.83333   -97.51106 36.38715     212.967     548.466  943.066  292.325   85.939   -0.676   12.697 0.00000e+00
   50    16.85000   -97.51058 36.38905     163.880     500.179  948.321  292.789   83.910   -0.676   12.692 0.00000e+00
   51    16.86667   -97.51019 36.39099     119.958     457.500  952.994  293.209   82.094   -0.614   12.686 0.00000e+00
   52    16.88333   -97.50977 36.39291      85.187     423.897  956.715  293.543   80.702   -0.439   12.683 0.00000e+00
   53    16.90000   -97.50928 36.39471      61.666     401.380  959.204  293.788   79.721   -0.258   12.688 0.00000e+00
   54    16.91667   -97.50871 36.39635      47.915     388.442  960.646  294.023   78.963   -0.176   12.734 0.00000e+00
   55    16.93333   -97.50811 36.39783      38.974     380.152  961.551  294.210   78.419   -0.152   12.781 0.00000e+00
   56    16.95000   -97.50739 36.39909      34.639     376.321  961.961  294.354   77.949   -0.057   12.814 0.00000e+00
   57    16.96667   -97.50665 36.40022      31.065     373.161  962.299  294.558   77.378   -0.000   12.877 0.00000e+00
   58    16.98333   -97.50601 36.40122      31.752     374.261  962.198  294.678   77.142   -0.018   12.935 0.00000e+00
   59    17.00000   -97.50569 36.40220      36.582     379.629  961.565  294.718   77.186    0.201   12.983 0.00000e+00
   60    17.01667   -97.50577 36.40341      52.730     396.645  959.689  294.608   77.829    0.512   13.028 0.00000e+00
   61    17.03333   -97.50602 36.40512      84.732     429.646  956.136  294.181   79.425    0.735   12.996 0.00000e+00
   62    17.05000   -97.50618 36.40735     123.745     467.729  951.972  293.757   81.058    0.610   12.975 0.00000e+00
   63    17.06667   -97.50609 36.40981     154.426     497.111  948.793  293.428   82.262    0.451   12.944 0.00000e+00
   64    17.08333   -97.50580 36.41235     178.154     519.400  946.378  293.172   83.082    0.399   12.899 0.00000e+00
   65    17.10000   -97.50542 36.41491     202.430     541.633  943.943  292.961   83.893    0.502   12.888 0.00000e+00
   66    17.11667   -97.50497 36.41755     235.079     571.912  940.608  292.675   84.898    0.590   12.856 0.00000e+00
   67    17.13333   -97.50441 36.42024     263.508     597.999  937.740  292.444   85.944    0.355   12.866 0.00000e+00
   68    17.15000   -97.50357 36.42301     276.553     608.754  936.612  292.332   86.283    0.063   12.842 0.00000e+00
   69    17.16667   -97.50246 36.42573     278.927     608.829  936.576  292.328   86.099    0.138   12.812 0.00000e+00
   70    17.18333   -97.50116 36.42836     292.501     620.296  935.284  292.279   86.304    0.480   12.821 0.00000e+00
   71    17.20000   -97.49989 36.43090     314.932     641.438  932.954  292.138   87.076    0.671   12.853 0.00000e+00
   72    17.21667   -97.49861 36.43337     341.497     667.342  930.155  291.890   88.066    0.805   12.836 0.00000e+00
   73    17.23333   -97.49741 36.43578     370.540     695.486  927.156  291.605   89.253    0.710   12.819 0.00000e+00
   74    17.25000   -97.49641 36.43816     390.111     714.046  925.143  291.419   89.977    0.309   12.800 0.00000e+00
   75    17.26667   -97.49555 36.44046     388.627     712.308  925.272  291.445   89.436   -0.215   12.742 0.00000e+00
   76    17.28333   -97.49474 36.44272     374.997     698.596  926.766  291.598   88.442   -0.664   12.703 0.00000e+00
   77    17.30000   -97.49402 36.44495     348.332     671.833  929.706  291.865   86.926   -0.634   12.657 0.00000e+00
   78    17.31667   -97.49342 36.44715     316.824     639.954  933.173  292.189   85.315   -0.649   12.631 0.00000e+00
   79    17.33333   -97.49293 36.44931     284.447     606.666  936.789  292.506   83.861   -0.677   12.616 0.00000e+00
   80    17.35000   -97.49249 36.45139     244.793     566.077  941.260  292.918   82.035   -0.725   12.604 0.00000e+00
   81    17.36667   -97.49197 36.45337     205.475     525.768  945.646  293.315   80.393   -0.641   12.603 0.00000e+00
   82    17.38333   -97.49138 36.45524     172.217     491.258  949.457  293.667   78.953   -0.551   12.601 0.00000e+00
   83    17.40000   -97.49069 36.45703     137.442     454.686  953.451  294.002   77.775   -0.645   12.621 0.00000e+00
   84    17.41667   -97.48987 36.45876      95.294     410.669  958.316  294.449   76.245   -0.699   12.656 0.00000e+00
   85    17.43333   -97.48890 36.46050      64.402     377.894  961.983  294.866   75.000   -0.347   12.725 0.00000e+00
   86    17.45000   -97.48792 36.46217      48.777     360.511  963.840  295.247   73.976   -0.125   12.826 0.00000e+00
   87    17.46667   -97.48695 36.46372      41.351     351.786  964.728  295.531   73.207   -0.075   12.904 0.00000e+00
   88    17.48333   -97.48598 36.46519      37.967     347.759  965.153  295.756   72.677    0.066   12.983 0.00000e+00
   89    17.50000   -97.48505 36.46650      50.007     359.190  963.935  295.604   73.174    0.284   12.967 0.00000e+00
   90    17.51667   -97.48443 36.46783      80.441     389.198  960.561  295.317   74.184    0.753   12.961 0.00000e+00
   91    17.53333   -97.48448 36.46940     129.654     438.398  955.107  294.757   76.120    0.742   12.922 0.00000e+00
   92    17.55000   -97.48489 36.47099     162.010     470.997  951.556  294.387   77.223    0.451   12.861 0.00000e+00
   93    17.56667   -97.48512 36.47243     178.354     487.325  949.785  294.179   77.598    0.374   12.781 0.00000e+00
   94    17.58333   -97.48499 36.47387     196.128     504.697  947.873  293.996   77.955    0.406   12.721 0.00000e+00
   95    17.60000   -97.48465 36.47546     225.613     533.604  944.712  293.724   78.943    0.687   12.709 0.00000e+00
   96    17.61667   -97.48431 36.47722     274.060     581.445  939.501  293.269   80.796    1.069   12.714 0.00000e+00
   97    17.63333   -97.48406 36.47919     337.749     644.575  932.674  292.680   83.188    1.212   12.709 0.00000e+00
   98    17.65000   -97.48401 36.48137     397.753     704.465  926.164  292.099   85.678    0.914   12.709 0.00000e+00
   99    17.66667   -97.48407 36.48372     439.093     746.073  921.719  291.703   87.509    0.483   12.722 0.00000e+00
  100    17.68333   -97.48417 36.48618     460.236     767.498  919.424  291.496   87.907    0.208   12.645 0.00000e+00
  101    17.70000   -97.48396 36.48854     486.393     793.665  916.656  291.296   88.148    0.662   12.559 0.00000e+00
  102    17.71667   -97.48360 36.49091     528.410     835.340  912.163  290.914   89.653    0.991   12.529 0.00000e+00
  103    17.73333   -97.48317 36.49339     576.446     883.119  907.042  290.463   91.422    1.158   12.485 0.00000e+00
  104    17.75000   -97.48273 36.49622     622.302     928.832  902.219  290.042   93.706    1.111   12.525 0.00000e+00
  105    17.76667   -97.48210 36.49943     660.308     965.343  898.384  289.694   95.464    0.790   12.532 0.00000e+00
  106    17.78333   -97.48132 36.50284     682.897     986.202  896.169  289.468   96.955    0.374   12.576 0.00000e+00
  107    17.80000   -97.48035 36.50637     688.636     990.606  895.716  289.415   97.333    0.024   12.588 0.00000e+00
  108    17.81667   -97.47914 36.50987     687.150     987.874  896.001  289.466   96.809   -0.150   12.558 0.00000e+00
  109    17.83333   -97.47771 36.51324     684.947     984.074  896.347  289.531   95.950   -0.351   12.494 0.00000e+00
  110    17.85000   -97.47612 36.51657     677.308     977.531  896.985  289.621   94.937   -0.688   12.424 0.00000e+00
  111    17.86667   -97.47445 36.52001     669.030     971.895  897.500  289.733   93.538   -0.867   12.322 0.00000e+00
  112    17.88333   -97.47277 36.52354     660.798     967.040  897.993  289.832   92.553   -0.675   12.263 0.00000e+00
  113    17.90000   -97.47116 36.52707     645.609     954.928  899.262  289.954   91.868   -0.370   12.250 0.00000e+00
  114    17.91667   -97.46962 36.53056     619.311     931.422  901.839  290.183   90.886   -0.462   12.263 0.00000e+00
  115    17.93333   -97.46806 36.53398     581.547     896.119  905.595  290.513   89.432   -0.751   12.272 0.00000e+00
  116    17.95000   -97.46653 36.53722     532.769     849.470  910.525  290.963   87.472   -0.972   12.284 0.00000e+00
  117    17.96667   -97.46496 36.54022     475.516     793.443  916.534  291.543   85.069   -1.152   12.312 0.00000e+00
  118    17.98333   -97.46338 36.54314     410.074     728.107  923.562  292.164   82.304   -1.806   12.294 0.00000e+00
  119    18.00000   -97.46182 36.54633     348.685     666.027  930.286  292.790   79.645   -1.517   12.283 0.00000e+00
  120    18.01667   -97.46048 36.54976     309.082     625.029  934.698  293.209   78.254   -0.438   12.331 0.00000e+00
  121    18.03333   -97.45953 36.55321     294.269     609.162  936.390  293.441   77.800   -0.135   12.416 0.00000e+00
  122    18.05000   -97.45901 36.55652     299.884     614.638  935.750  293.392   78.162    0.246   12.444 0.00000e+00
  123    18.06667   -97.45891 36.55956     324.902     640.327  932.940  293.111   79.193    0.414   12.426 0.00000e+00
  124    18.08333   -97.45897 36.56237     358.031     674.085  929.316  292.768   80.596    0.403   12.426 0.00000e+00
  125    18.10000   -97.45907 36.56497     392.630     708.374  925.696  292.416   82.090    0.211   12.429 0.00000e+00
  126    18.11667   -97.45914 36.56733     416.491     731.433  923.179  292.166   83.206   -0.035   12.435 0.00000e+00
  127    18.13333   -97.45918 36.56956     419.362     733.568  922.983  292.136   83.388   -0.432   12.442 0.00000e+00
  128    18.15000   -97.45923 36.57167     397.304     710.774  925.429  292.381   82.414   -0.736   12.454 0.00000e+00
  129    18.16667   -97.45932 36.57358     355.877     668.506  930.010  292.880   80.138   -0.949   12.433 0.00000e+00
  130    18.18333   -97.45927 36.57537     297.768     609.608  936.339  293.570   76.941   -0.971   12.379 0.00000e+00
  131    18.20000   -97.45877 36.57701     251.242     562.359  941.453  294.083   74.879   -0.490   12.370 0.00000e+00
  132    18.21667   -97.45795 36.57847     229.034     539.419  943.972  294.300   73.822    0.112   12.327 0.00000e+00
  133    18.23333   -97.45695 36.57968     248.447     558.140  941.928  294.101   74.423    0.806   12.302 0.00000e+00
  134    18.25000   -97.45612 36.58078     316.736     625.902  934.583  293.490   76.765    1.645   12.312 0.00000e+00
  135    18.26667   -97.45574 36.58189     409.188     717.993  924.693  292.593   80.564    1.438   12.348 0.00000e+00
  136    18.28333   -97.45578 36.58321     481.650     790.088  916.959  291.886   83.533    1.203   12.350 0.00000e+00
  137    18.30000   -97.45595 36.58469     535.086     843.129  911.295  291.370   85.827    0.619   12.358 0.00000e+00
  138    18.31667   -97.45602 36.58622     553.869     861.479  909.405  291.204   86.609   -0.024   12.366 0.00000e+00
  139    18.33333   -97.45572 36.58791     551.404     858.538  909.703  291.262   85.970   -0.362   12.316 0.00000e+00
  140    18.35000   -97.45518 36.58976     537.654     844.547  911.155  291.445   84.533   -0.484   12.232 0.00000e+00
  141    18.36667   -97.45461 36.59166     518.065     824.898  913.215  291.654   83.352   -0.510   12.194 0.00000e+00
  142    18.38333   -97.45404 36.59358     492.385     799.228  915.896  291.938   81.602   -0.597   12.118 0.00000e+00
  143    18.40000   -97.45354 36.59548     461.278     768.175  919.217  292.234   80.303   -0.674   12.105 0.00000e+00
  144    18.41667   -97.45305 36.59735     422.567     729.799  923.292  292.703   77.873   -0.706   12.037 0.00000e+00
  145    18.43333   -97.45253 36.59933     403.203     711.082  925.315  293.076   76.161   -0.254   12.023 0.00000e+00
  146    18.45000   -97.45183 36.60152     418.229     726.914  923.621  293.100   74.885    0.548   11.862 0.00000e+00
  147    18.46667   -97.45084 36.60362     468.277     777.807  918.171  292.631   76.612    1.080   11.854 0.00000e+00
  148    18.48333   -97.44971 36.60564     537.595     847.548  910.825  291.955   78.766    1.400   11.775 0.00000e+00
  149    18.50000   -97.44839 36.60761     618.539     928.263  902.273  291.174   81.718    1.578   11.738 0.00000e+00
  150    18.51667   -97.44688 36.60966     716.602    1026.146  892.058  290.271   86.050    1.895   11.805 0.00000e+00
  151    18.53333   -97.44506 36.61185     834.745    1144.070  879.811  289.174   90.617    1.760   11.749 0.00000e+00
  152    18.55000   -97.44304 36.61420     953.886    1262.492  867.700  288.086   95.238    1.424   11.672 2.55113e-04
  153    18.56667   -97.44092 36.61666    1050.980    1359.054  857.791  287.036   98.579    0.579   11.414 9.63149e-04
  154    18.58333   -97.43883 36.61921    1112.784    1420.941  851.505  286.571   97.797    0.045   11.065 3.18481e-04
  155    18.60000   -97.43668 36.62180    1149.605    1458.446  847.740  286.321   98.792    0.007   11.045 2.93053e-05
  156    18.61667   -97.43458 36.62449    1171.825    1481.326  845.481  286.269   97.675    0.017   10.912 1.51673e-02
  157    18.63333   -97.43254 36.62734    1180.452    1491.044  844.469  286.273   96.168   -0.280   10.760 0.00000e+00
  158    18.65000   -97.43070 36.63036    1168.897    1481.000  845.473  286.484   93.292   -0.362   10.571 0.00000e+00
  159    18.66667   -97.42894 36.63351    1150.829    1464.914  847.080  286.744   90.223   -0.300   10.379 0.00000e+00
  160    18.68333   -97.42709 36.63676    1136.984    1453.130  848.287  286.923   88.238   -0.204   10.256 0.00000e+00
  161    18.70000   -97.42513 36.64002    1131.286    1446.686  849.045  287.037   87.091   -0.042   10.189 0.00000e+00
  162    18.71667   -97.42307 36.64322    1130.434    1443.418  849.365  287.057   87.230   -0.002   10.215 0.00000e+00
  163    18.73333   -97.42102 36.64637    1137.632    1448.853  848.838  287.031   87.169    0.262   10.197 0.00000e+00
  164    18.75000   -97.41904 36.64957    1154.023    1462.658  847.504  286.884   87.970    0.300   10.208 0.00000e+00
  165    18.76667   -97.41710 36.65277    1173.710    1479.308  845.778  286.678   89.509    0.227   10.269 0.00000e+00
  166    18.78333   -97.41518 36.65600    1188.686    1492.455  844.455  286.533   90.524   -0.038   10.302 0.00000e+00
  167    18.80000   -97.41333 36.65923    1190.964    1493.972  844.305  286.524   90.744   -0.182   10.323 0.00000e+00
  168    18.81667   -97.41164 36.66240    1181.995    1483.541  845.350  286.639   90.128   -0.238   10.318 0.00000e+00
  169    18.83333   -97.41015 36.66543    1166.293    1467.253  846.992  286.802   89.538   -0.228   10.340 0.00000e+00
  170    18.85000   -97.40881 36.66827    1151.052    1451.875  848.524  286.945   89.053   -0.091   10.363 0.00000e+00
  171    18.86667   -97.40755 36.67095    1142.142    1442.732  849.465  287.030   88.775    0.045   10.376 0.00000e+00
  172    18.88333   -97.40632 36.67349    1141.019    1441.293  849.645  287.056   88.491    0.149   10.358 0.00000e+00
  173    18.90000   -97.40507 36.67591    1144.730    1444.599  849.335  287.028   88.517    0.200   10.347 0.00000e+00
  174    18.91667   -97.40379 36.67820    1149.139    1448.529  848.891  286.983   88.730    0.073   10.346 0.00000e+00
  175    18.93333   -97.40247 36.68035    1150.405    1449.623  848.802  286.990   88.542   -0.056   10.330 0.00000e+00
  176    18.95000   -97.40108 36.68242    1148.456    1448.466  848.873  287.029   88.207   -0.117   10.316 0.00000e+00
  177    18.96667   -97.39972 36.68446    1142.644    1443.351  849.395  287.092   88.014   -0.192   10.330 0.00000e+00
  178    18.98333   -97.39832 36.68655    1130.019    1431.264  850.649  287.194   87.672   -0.303   10.343 0.00000e+00
