    0    16.01667   -97.48683 36.26825      25.209     390.078  960.647  293.015   86.110    0.149   13.039 0.00000e+00
    1    16.03333   -97.48853 36.26943      44.223     410.127  958.354  292.942   86.598    0.535   13.086 0.00000e+00
    2    16.05000   -97.48929 36.27047      85.924     452.172  953.664  292.566   88.273    1.026   13.093 0.00000e+00
    3    16.06667   -97.48920 36.27164     155.026     521.318  946.055  291.890   91.183    1.258   13.066 0.00000e+00
    4    16.08333   -97.48864 36.27352     225.593     591.573  938.351  291.147   94.456    1.103   13.020 0.00000e+00
    5    16.10000   -97.48788 36.27581     298.822     664.708  930.372  290.355   98.004    1.288   12.956 0.00000e+00
    6    16.11667   -97.48689 36.27844     372.855     739.109  922.335  289.758  100.000    1.573   12.851 6.61529e-02
    7    16.13333   -97.48573 36.28139     451.085     816.380  914.208  289.386  100.000    1.609   12.661 2.11897e-01
    8    16.15000   -97.48431 36.28433     521.999     884.458  906.894  289.078  100.000    1.362   12.515 3.46468e-01
    9    16.16667   -97.48230 36.28732     590.440     950.604  899.822  288.780  100.000    0.754   12.374 4.57512e-01
   10    16.18333   -97.47968 36.29036     646.813    1005.058  894.031  288.485  100.000    0.147   12.221 4.48253e-01
   11    16.20000   -97.47675 36.29358     670.913    1028.413  891.645  288.370  100.000   -0.571   12.164 4.53523e-01
   12    16.21667   -97.47360 36.29698     669.124    1024.962  891.990  288.365  100.000   -0.929   12.155 3.88462e-01
   13    16.23333   -97.47041 36.30027     649.038    1003.975  894.194  288.426  100.000   -1.182   12.173 2.68988e-01
   14    16.25000   -97.46714 36.30343     615.512     968.448  898.016  288.566  100.000   -1.075   12.230 1.32195e-01
   15    16.26667   -97.46375 36.30654     590.267     940.057  900.980  288.680  100.000   -0.524   12.280 4.90400e-02
   16    16.28333   -97.46007 36.30957     572.980     921.558  902.910  288.770  100.000   -0.115   12.323 2.93297e-02
   17    16.30000   -97.45621 36.31256     557.595     903.796  904.888  288.877  100.000    0.064   12.382 5.30870e-02
   18    16.31667   -97.45259 36.31564     548.793     889.835  906.390  288.950  100.000   -0.127   12.419 3.48252e-02
   19    16.33333   -97.44936 36.31879     550.274     888.392  906.524  288.951  100.000   -0.183   12.412 1.53708e-02
   20    16.35000   -97.44652 36.32208     553.350     889.791  906.370  288.958   99.868   -0.253   12.393 7.47659e-04
   21    16.36667   -97.44405 36.32549     548.128     881.765  907.240  289.073   99.000   -0.362   12.365 0.00000e+00
   22    16.38333   -97.44193 36.32890     531.636     861.648  909.427  289.315   97.552   -0.455   12.345 0.00000e+00
   23    16.40000   -97.44008 36.33233     509.734     836.863  912.057  289.600   95.721   -0.468   12.302 0.00000e+00
   24    16.41667   -97.43831 36.33587     485.169     809.922  914.931  289.890   93.958   -0.431   12.263 0.00000e+00
   25    16.43333   -97.43652 36.33945     460.452     782.563  917.955  290.150   92.620   -0.285   12.250 0.00000e+00
   26    16.45000   -97.43473 36.34312     441.285     759.689  920.357  290.314   92.346   -0.183   12.309 0.00000e+00
   27    16.46667   -97.43279 36.34686     425.341     740.540  922.342  290.478   91.742   -0.322   12.331 0.00000e+00
   28    16.48333   -97.43080 36.35061     409.614     723.672  924.164  290.688   90.524   -0.325   12.307 0.00000e+00
   29    16.50000   -97.42885 36.35439     397.457     710.025  925.607  290.811   90.113   -0.259   12.327 0.00000e+00
   30    16.51667   -97.42702 36.35815     377.994     693.543  927.290  290.946   89.697   -0.550   12.354 0.00000e+00
   31    16.53333   -97.42555 36.36188     340.177     660.059  930.927  291.186   89.516   -1.043   12.469 0.00000e+00
   32    16.55000   -97.42447 36.36556     292.517     615.760  935.802  291.545   88.465   -1.237   12.540 0.00000e+00
   33    16.56667   -97.42365 36.36910     253.745     579.295  939.817  291.840   87.401   -0.880   12.568 0.00000e+00
   34    16.58333   -97.42297 36.37244     239.807     567.253  941.067  291.959   87.089   -0.176   12.600 0.00000e+00
   35    16.60000   -97.42247 36.37567     247.663     576.729  940.108  291.915   87.617    0.294   12.655 0.00000e+00
   36    16.61667   -97.42203 36.37890     269.468     600.212  937.514  291.704   88.848    0.562   12.698 0.00000e+00
   37    16.63333   -97.42168 36.38211     297.231     629.758  934.244  291.421   90.138    0.471   12.698 0.00000e+00
   38    16.65000   -97.42120 36.38527     326.763     661.130  930.857  291.127   91.243    0.323   12.663 0.00000e+00
   39    16.66667   -97.42049 36.38838     357.011     692.813  927.551  290.868   92.198    0.314   12.632 0.00000e+00
   40    16.68333   -97.41951 36.39139     387.253     720.111  924.683  290.639   93.041    0.313   12.603 0.00000e+00
   41    16.70000   -97.41827 36.39427     416.393     745.428  921.921  290.417   93.898    0.309   12.578 0.00000e+00
   42    16.71667   -97.41675 36.39701     442.425     767.770  919.532  290.220   94.853    0.181   12.580 0.00000e+00
   43    16.73333   -97.41505 36.39966     457.561     779.608  918.235  290.112   95.382   -0.006   12.580 0.00000e+00
   44    16.75000   -97.41330 36.40226     457.035     776.041  918.601  290.154   95.128   -0.146   12.576 0.00000e+00
   45    16.76667   -97.41162 36.40484     446.036     762.418  919.998  290.283   94.528   -0.157   12.580 0.00000e+00
   46    16.78333   -97.41002 36.40751     432.817     747.466  921.603  290.438   93.765   -0.125   12.581 0.00000e+00
   47    16.80000   -97.40840 36.41032     420.245     733.361  923.159  290.590   92.917   -0.140   12.568 0.00000e+00
   48    16.81667   -97.40678 36.41322     404.522     716.073  924.970  290.754   92.041   -0.202   12.555 0.00000e+00
   49    16.83333   -97.40520 36.41616     386.758     697.010  927.037  290.932   91.190   -0.296   12.552 0.00000e+00
   50    16.85000   -97.40377 36.41913     368.797     677.822  929.078  291.111   90.389   -0.343   12.556 0.00000e+00
   51    16.86667   -97.40244 36.42213     350.705     658.945  931.069  291.280   89.645   -0.288   12.560 0.00000e+00
   52    16.88333   -97.40125 36.42513     329.262     637.190  933.428  291.486   88.712   -0.388   12.560 0.00000e+00
   53    16.90000   -97.40028 36.42807     300.856     608.196  936.645  291.777   87.322   -0.593   12.550 0.00000e+00
   54    16.91667   -97.39961 36.43087     262.793     569.454  940.820  292.163   85.721   -0.810   12.567 0.00000e+00
   55    16.93333   -97.39917 36.43364     227.114     533.275  944.824  292.544   84.368   -0.790   12.614 0.00000e+00
   56    16.95000   -97.39900 36.43649     197.247     502.758  948.239  292.909   83.097   -0.695   12.666 0.00000e+00
   57    16.96667   -97.39909 36.43945     168.244     474.038  951.310  293.309   81.781   -0.697   12.739 0.00000e+00
   58    16.98333   -97.39923 36.44252     136.319     444.243  954.560  293.669   80.380   -0.630   12.762 0.00000e+00
   59    17.00000   -97.39925 36.44567     109.130     419.110  957.338  293.912   79.324   -0.331   12.748 0.00000e+00
   60    17.01667   -97.39908 36.44886      97.068     409.123  958.474  294.054   78.621    0.062   12.732 0.00000e+00
   61    17.03333   -97.39890 36.45210     101.533     415.639  957.790  294.107   78.395    0.516   12.747 0.00000e+00
   62    17.05000   -97.39861 36.45526     124.665     440.072  955.263  293.939   78.859    0.808   12.723 0.00000e+00
   63    17.06667   -97.39841 36.45834     158.756     470.252  951.892  293.589   80.323    0.764   12.725 0.00000e+00
   64    17.08333   -97.39825 36.46148     187.133     494.650  949.168  293.311   81.602    0.669   12.741 0.00000e+00
   65    17.10000   -97.39796 36.46465     202.803     506.158  947.893  293.156   82.205    0.363   12.730 0.00000e+00
   66    17.11667   -97.39771 36.46773     204.488     503.390  948.252  293.179   82.058    0.225   12.720 0.00000e+00
   67    17.13333   -97.39762 36.47067     201.472     496.001  949.101  293.251   81.701    0.268   12.710 0.00000e+00
   68    17.15000   -97.39777 36.47353     200.839     493.618  949.224  293.262   81.520    0.250   12.689 0.00000e+00
   69    17.16667   -97.39808 36.47636     197.722     490.209  949.615  293.299   81.379    0.066   12.692 0.00000e+00
   70    17.18333   -97.39858 36.47910     187.790     480.229  950.691  293.412   80.928   -0.121   12.696 0.00000e+00
   71    17.20000   -97.39905 36.48169     182.351     474.720  951.275  293.472   80.625    0.079   12.688 0.00000e+00
   72    17.21667   -97.39948 36.48415     188.964     481.012  950.593  293.389   80.878    0.316   12.671 0.00000e+00
   73    17.23333   -97.39980 36.48642     217.077     508.617  947.526  293.113   81.908    0.734   12.655 0.00000e+00
   74    17.25000   -97.39973 36.48853     263.172     554.335  942.477  292.668   83.763    0.953   12.653 0.00000e+00
   75    17.26667   -97.39918 36.49046     322.627     614.375  935.909  292.092   86.352    1.078   12.669 0.00000e+00
   76    17.28333   -97.39818 36.49241     394.546     686.999  928.044  291.397   89.458    1.321   12.668 0.00000e+00
   77    17.30000   -97.39688 36.49440     466.028     759.194  920.288  290.701   92.751    1.181   12.673 0.00000e+00
   78    17.31667   -97.39542 36.49644     526.428     820.320  913.711  290.117   95.590    0.962   12.675 0.00000e+00
   79    17.33333   -97.39393 36.49855     569.490     864.021  909.035  289.715   97.466    0.594   12.661 0.00000e+00
   80    17.35000   -97.39252 36.50082     593.080     888.586  906.460  289.490   98.570    0.303   12.656 0.00000e+00
   81    17.36667   -97.39119 36.50320     593.917     890.592  906.228  289.487   98.321   -0.174   12.626 0.00000e+00
   82    17.38333   -97.38992 36.50564     567.346     865.484  908.839  289.772   96.291   -0.672   12.557 0.00000e+00
   83    17.40000   -97.38879 36.50805     518.053     818.307  913.859  290.299   93.020   -0.856   12.476 0.00000e+00
   84    17.41667   -97.38776 36.51052     467.914     770.555  918.986  290.856   89.592   -0.849   12.381 0.00000e+00
   85    17.43333   -97.38688 36.51307     416.925     722.010  924.286  291.426   86.194   -1.141   12.278 0.00000e+00
   86    17.45000   -97.38612 36.51580     357.111     663.511  930.589  291.982   84.578   -1.430   12.394 0.00000e+00
   87    17.46667   -97.38551 36.51874     277.790     585.201  939.086  292.718   81.786   -1.931   12.438 0.00000e+00
   88    17.48333   -97.38506 36.52165     181.380     489.746  949.479  293.633   78.275   -1.580   12.466 0.00000e+00
   89    17.50000   -97.38465 36.52451     107.151     417.166  957.458  294.344   75.548   -0.898   12.470 0.00000e+00
   90    17.51667   -97.38431 36.52745      70.545     382.310  961.290  294.710   74.317   -0.078   12.497 0.00000e+00
   91    17.53333   -97.38392 36.53056      72.606     386.240  960.836  294.727   74.648    0.493   12.573 0.00000e+00
   92    17.55000   -97.38332 36.53360     100.395     416.014  957.561  294.529   75.758    0.925   12.647 0.00000e+00
   93    17.56667   -97.38251 36.53659     150.310     467.778  951.877  294.061   77.697    1.312   12.676 0.00000e+00
   94    17.58333   -97.38148 36.53947     216.835     535.115  944.589  293.406   80.227    1.432   12.663 0.00000e+00
   95    17.60000   -97.38030 36.54214     277.454     595.369  937.927  292.789   82.777    1.153   12.661 0.00000e+00
   96    17.61667   -97.37901 36.54472     318.991     636.824  933.486  292.375   84.546    0.834   12.660 0.00000e+00
   97    17.63333   -97.37771 36.54737     345.762     663.736  930.599  292.117   85.535    0.554   12.642 0.00000e+00
   98    17.65000   -97.37653 36.55016     357.419     676.232  929.303  292.035   85.194    0.297   12.544 0.00000e+00
   99    17.66667   -97.37563 36.55300     351.269     670.885  929.877  292.190   84.002    0.013   12.481 0.00000e+00
  100    17.68333   -97.37495 36.55584     335.453     655.983  931.458  292.366   82.426   -0.775   12.363 0.00000e+00
  101    17.70000   -97.37416 36.55879     307.732     629.251  934.340  292.668   81.151   -0.413   12.366 0.00000e+00
  102    17.71667   -97.37318 36.56178     303.728     626.416  934.647  292.715   80.580   -0.390   12.311 0.00000e+00
  103    17.73333   -97.37231 36.56441     302.905     626.748  934.566  292.725   80.576   -0.381   12.319 0.00000e+00
  104    17.75000   -97.37183 36.56691     307.043     632.167  933.935  292.656   81.501   -0.007   12.415 0.00000e+00
  105    17.76667   -97.37153 36.56946     312.661     639.357  933.103  292.562   82.251    0.131   12.467 0.00000e+00
  106    17.78333   -97.37125 36.57203     319.590     647.989  932.162  292.466   82.834    0.314   12.493 0.00000e+00
  107    17.80000   -97.37092 36.57454     332.489     662.344  930.644  292.438   83.221    0.477   12.550 0.00000e+00
  108    17.81667   -97.37071 36.57701     360.955     692.156  927.405  292.249   84.202    0.941   12.592 0.00000e+00
  109    17.83333   -97.37067 36.57950     401.646     734.105  922.970  291.833   85.841    0.980   12.565 0.00000e+00
  110    17.85000   -97.37096 36.58199     446.160     778.089  918.311  291.402   87.619    1.187   12.545 0.00000e+00
  111    17.86667   -97.37151 36.58455     492.137     823.114  913.565  290.961   89.644    1.171   12.545 0.00000e+00
  112    17.88333   -97.37228 36.58714     541.858     872.169  908.333  290.484   91.707    1.358   12.523 0.00000e+00
  113    17.90000   -97.37299 36.58977     604.129     933.798  901.858  289.914   93.560    1.243   12.408 0.00000e+00
  114    17.91667   -97.37335 36.59246     662.548     991.353  895.815  289.361   96.141    0.880   12.390 0.00000e+00
  115    17.93333   -97.37322 36.59531     691.317    1018.967  892.931  289.143   96.461    0.125   12.298 0.00000e+00
  116    17.95000   -97.37263 36.59840     683.602    1010.482  893.769  289.328   93.572   -0.237   12.061 0.00000e+00
  117    17.96667   -97.37169 36.60165     663.038     989.247  896.036  289.616   90.925   -0.447   11.908 0.00000e+00
  118    17.98333   -97.37036 36.60488     633.776     958.544  899.268  289.952   88.645   -0.465   11.819 0.00000e+00
  119    18.00000   -97.36884 36.60802     604.065     926.156  902.677  290.309   86.578   -0.321   11.765 0.00000e+00
  120    18.01667   -97.36716 36.61106     579.511     899.129  905.521  290.635   84.384   -0.275   11.671 0.00000e+00
  121    18.03333   -97.36539 36.61409     547.549     864.557  909.216  291.031   82.349   -0.588   11.632 0.00000e+00
  122    18.05000   -97.36363 36.61722     498.559     812.638  914.732  291.553   80.279   -1.037   11.650 0.00000e+00
  123    18.06667   -97.36209 36.62034     429.096     740.388  922.450  292.247   77.883   -1.378   11.709 0.00000e+00
  124    18.08333   -97.36073 36.62337     351.017     660.413  930.982  293.015   74.901   -1.232   11.707 0.00000e+00
  125    18.10000   -97.35934 36.62632     298.104     606.456  936.803  293.545   72.842   -0.435   11.695 0.00000e+00
  126    18.11667   -97.35820 36.62926     306.734     614.317  935.924  293.505   74.779    1.085   11.988 0.00000e+00
  127    18.13333   -97.35733 36.63209     362.683     669.889  929.877  292.911   78.353    1.459   12.182 0.00000e+00
  128    18.15000   -97.35661 36.63476     437.650     744.790  921.814  292.165   81.786    1.596   12.241 0.00000e+00
  129    18.16667   -97.35580 36.63736     508.264     815.619  914.239  291.467   84.638    1.325   12.222 0.00000e+00
  130    18.18333   -97.35472 36.63992     560.724     867.738  908.760  290.968   86.379    0.791   12.158 0.00000e+00
  131    18.20000   -97.35361 36.64243     588.497     894.260  906.041  290.737   86.968    0.431   12.099 0.00000e+00
  132    18.21667   -97.35261 36.64504     599.326     903.143  905.141  290.641   87.627    0.227   12.129 0.00000e+00
  133    18.23333   -97.35175 36.64787     599.932     901.607  905.261  290.655   88.071   -0.040   12.200 0.00000e+00
  134    18.25000   -97.35086 36.65099     586.707     886.525  906.826  290.811   87.526   -0.393   12.224 0.00000e+00
  135    18.26667   -97.35001 36.65425     565.400     863.700  909.175  291.034   86.607   -0.364   12.236 0.00000e+00
  136    18.28333   -97.34927 36.65742     554.338     852.338  910.375  291.134   85.944    0.173   12.204 0.00000e+00
  137    18.30000   -97.34860 36.66036     572.287     870.287  908.521  290.973   85.993    0.638   12.111 0.00000e+00
  138    18.31667   -97.34804 36.66305     607.364     905.361  904.798  290.607   87.674    0.916   12.114 0.00000e+00
  139    18.33333   -97.34776 36.66549     657.982     955.917  899.447  290.218   90.731    1.549   12.302 0.00000e+00
  140    18.35000   -97.34759 36.66785     731.753    1029.596  891.730  289.478   94.524    1.903   12.330 0.00000e+00
  141    18.36667   -97.34744 36.66998     817.082    1114.821  882.869  288.636   98.787    1.877   12.329 0.00000e+00
  142    18.38333   -97.34721 36.67192     880.690    1178.319  876.294  288.204  100.000    1.194   12.246 6.75955e-02
  143    18.40000   -97.34686 36.67378     916.754    1214.397  872.588  287.967  100.000    0.559   12.112 8.43391e-02
  144    18.41667   -97.34649 36.67557     924.793    1222.488  871.748  287.874   99.983    0.174   12.030 6.52263e-02
  145    18.43333   -97.34619 36.67735     914.543    1212.335  872.785  287.908   99.902   -0.064   12.031 2.67479e-02
  146    18.45000   -97.34598 36.67912     896.418    1194.336  874.645  288.038   98.994   -0.248   11.997 4.00898e-04
  147    18.46667   -97.34579 36.68082     872.298    1170.497  877.080  288.293   97.012   -0.513   11.920 0.00000e+00
  148    18.48333   -97.34549 36.68240     834.452    1133.051  880.948  288.683   94.391   -0.873   11.842 0.00000e+00
  149    18.50000   -97.34503 36.68386     772.531    1071.480  887.366  289.293   91.265   -1.347   11.822 0.00000e+00
  150    18.51667   -97.34455 36.68523     684.668     983.957  896.512  290.207   85.828   -1.722   11.668 0.00000e+00
  151    18.53333   -97.34419 36.68660     577.778     877.416  907.684  291.235   81.443   -1.916   11.674 0.00000e+00
  152    18.55000   -97.34419 36.68808     464.136     764.178  919.701  292.325   77.043   -1.852   11.674 0.00000e+00
  153    18.56667   -97.34454 36.68972     359.446     660.453  930.800  293.322   73.321   -1.530   11.685 0.00000e+00
  154    18.58333   -97.34509 36.69141     276.819     579.050  939.607  294.097   70.668   -1.214   11.708 0.00000e+00
  155    18.60000   -97.34583 36.69300     210.968     514.364  946.640  294.710   68.631   -0.978   11.722 0.00000e+00
  156    18.61667   -97.34674 36.69449     155.606     460.082  952.566  295.208   67.404   -0.796   11.798 0.00000e+00
  157    18.63333   -97.34780 36.69590     116.773     422.233  956.702  295.562   66.479   -0.528   11.840 0.00000e+00
  158    18.65000   -97.34902 36.69734      94.699     401.200  958.998  295.772   66.013   -0.241   11.881 0.00000e+00
  159    18.66667   -97.35024 36.69888      86.704     394.449  959.750  295.871   65.827   -0.002   11.910 0.00000e+00
  160    18.68333   -97.35143 36.70060      82.604     391.815  960.038  295.861   65.983   -0.217   11.927 0.00000e+00
  161    18.70000   -97.35249 36.70247      66.481     377.255  961.626  296.009   65.521   -0.384   11.932 0.00000e+00
  162    18.71667   -97.35342 36.70439      44.765     356.889  963.875  296.522   64.386   -0.174   12.071 0.00000e+00
  163    18.73333   -97.35417 36.70620      34.243     346.861  964.979  296.701   63.892   -0.145   12.096 0.00000e+00
  164    18.75000   -97.35481 36.70786      26.336     338.993  965.845  296.992   62.943   -0.010   12.118 0.00000e+00
  165    18.76667   -97.35530 36.70933      24.723     337.507  965.977  297.034   62.983   -0.050   12.156 0.00000e+00
  166    18.78333   -97.35564 36.71091      20.767     333.809  966.410  297.221   62.838   -0.069   12.261 0.00000e+00
  167    18.80000   -97.35589 36.71256      18.724     332.119  966.612  297.460   62.605   -0.009   12.391 0.00000e+00
  168    18.81667   -97.35612 36.71428      20.904     334.156  966.431  297.692   62.177    0.137   12.484 0.00000e+00
  169    18.83333   -97.35652 36.71613      29.404     341.941  965.552  297.609   62.475    0.189   12.492 0.00000e+00
  170    18.85000   -97.35717 36.71819      37.175     349.010  964.775  297.455   62.912    0.271   12.472 0.00000e+00
  171    18.86667   -97.35788 36.72034      56.577     367.844  962.710  297.334   63.394    0.622   12.503 0.00000e+00
  172    18.88333   -97.35876 36.72243      97.416     408.336  958.246  296.842   64.918    1.088   12.485 0.00000e+00
  173    18.90000   -97.35992 36.72453     168.547     479.216  950.494  295.979   67.558    1.740   12.426 0.00000e+00
  174    18.91667   -97.36133 36.72658     281.470     591.753  938.287  294.810   71.531    2.249   12.404 0.00000e+00
  175    18.93333   -97.36269 36.72878     416.390     726.226  923.798  293.435   76.504    2.764   12.372 0.00000e+00
  176    18.95000   -97.36375 36.73120     564.811     874.658  907.997  291.903   82.223    2.682   12.290 0.00000e+00
  177    18.96667   -97.36451 36.73367     701.244    1011.297  893.654  290.522   88.059    1.998   12.253 0.00000e+00
  178    18.98333   -97.36508 36.73613     786.674    1096.954  884.769  289.659   91.674    0.648   12.194 0.00000e+00
