    0    16.01667   -97.42896 36.27992      13.375     359.429  964.007  293.316   84.192   -0.098   12.946 0.00000e+00
    1    16.03333   -97.42962 36.28209      10.516     355.367  964.380  293.325   84.039   -0.076   12.925 0.00000e+00
    2    16.05000   -97.43021 36.28396       8.624     352.633  964.628  293.404   83.623   -0.001   12.921 0.00000e+00
    3    16.06667   -97.43052 36.28539       9.734     353.245  964.581  293.454   83.550    0.032   12.950 0.00000e+00
    4    16.08333   -97.43042 36.28654      12.753     356.278  964.309  293.475   83.524    0.084   12.967 0.00000e+00
    5    16.10000   -97.43006 36.28772      18.216     362.035  963.677  293.478   83.547    0.116   12.981 0.00000e+00
    6    16.11667   -97.42968 36.28897      25.612     369.350  962.888  293.479   83.488    0.146   12.984 0.00000e+00
    7    16.13333   -97.42954 36.29038      36.687     379.608  961.796  293.410   83.657    0.229   12.970 0.00000e+00
    8    16.15000   -97.42967 36.29199      50.214     391.866  960.403  293.290   84.107    0.273   12.961 0.00000e+00
    9    16.16667   -97.43015 36.29378      65.157     405.104  958.922  293.131   84.667    0.330   12.938 0.00000e+00
   10    16.18333   -97.43082 36.29579      83.689     421.588  957.115  292.960   85.302    0.449   12.921 0.00000e+00
   11    16.20000   -97.43147 36.29799     112.049     447.058  954.391  292.701   86.254    0.630   12.892 0.00000e+00
   12    16.21667   -97.43185 36.30049     148.603     480.183  950.778  292.379   87.575    0.826   12.877 0.00000e+00
   13    16.23333   -97.43207 36.30310     192.067     520.374  946.411  291.993   89.277    0.840   12.871 0.00000e+00
   14    16.25000   -97.43212 36.30574     223.550     549.986  942.982  291.686   90.661    0.376   12.867 0.00000e+00
   15    16.26667   -97.43207 36.30833     225.265     553.211  942.640  291.642   90.912   -0.154   12.871 0.00000e+00
   16    16.28333   -97.43213 36.31087     199.896     529.387  945.253  291.845   89.877   -0.548   12.853 0.00000e+00
   17    16.30000   -97.43259 36.31339     157.165     488.454  949.763  292.211   87.986   -0.743   12.815 0.00000e+00
   18    16.31667   -97.43378 36.31588     121.475     454.410  953.485  292.550   86.313   -0.341   12.791 0.00000e+00
   19    16.33333   -97.43528 36.31828     127.951     462.160  952.650  292.478   86.495    0.461   12.772 0.00000e+00
   20    16.35000   -97.43631 36.32071     166.860     501.795  948.306  292.092   88.236    0.679   12.775 0.00000e+00
   21    16.36667   -97.43684 36.32314     211.623     545.415  943.615  291.668   90.217    0.715   12.781 0.00000e+00
   22    16.38333   -97.43700 36.32556     254.417     585.933  939.165  291.264   92.126    0.632   12.782 0.00000e+00
   23    16.40000   -97.43703 36.32792     286.720     615.995  935.896  290.978   93.531    0.446   12.789 0.00000e+00
   24    16.41667   -97.43709 36.33022     305.670     632.902  934.007  290.806   94.376    0.198   12.790 0.00000e+00
   25    16.43333   -97.43725 36.33241     312.951     639.113  933.318  290.756   94.688    0.002   12.800 0.00000e+00
   26    16.45000   -97.43752 36.33450     310.144     635.356  933.734  290.802   94.473   -0.133   12.803 0.00000e+00
   27    16.46667   -97.43781 36.33664     301.687     625.932  934.765  290.909   93.972   -0.342   12.808 0.00000e+00
   28    16.48333   -97.43803 36.33890     286.927     609.859  936.530  291.100   93.040   -0.567   12.812 0.00000e+00
   29    16.50000   -97.43811 36.34135     269.611     590.313  938.650  291.346   91.778   -0.934   12.808 0.00000e+00
   30    16.51667   -97.43802 36.34394     246.769     565.104  941.416  291.663   90.167   -1.160   12.799 0.00000e+00
   31    16.53333   -97.43786 36.34653     213.706     529.761  945.210  292.061   88.244   -1.244   12.793 0.00000e+00
   32    16.55000   -97.43773 36.34906     170.646     486.493  949.967  292.524   86.046   -1.126   12.778 0.00000e+00
   33    16.56667   -97.43773 36.35148     130.078     445.928  954.439  292.929   84.195   -0.675   12.765 0.00000e+00
   34    16.58333   -97.43796 36.35376     101.283     417.072  957.605  293.161   83.228   -0.292   12.760 0.00000e+00
   35    16.60000   -97.43835 36.35605      86.000     402.495  959.114  293.262   82.841   -0.238   12.761 0.00000e+00
   36    16.61667   -97.43889 36.35843      74.388     392.649  960.218  293.448   82.212   -0.083   12.797 0.00000e+00
   37    16.63333   -97.43956 36.36091      71.680     391.796  960.354  293.468   82.243   -0.018   12.816 0.00000e+00
   38    16.65000   -97.44028 36.36344      80.279     402.386  959.085  293.557   82.165    0.305   12.892 0.00000e+00
   39    16.66667   -97.44112 36.36586     103.103     427.530  956.297  293.396   82.835    0.518   12.906 0.00000e+00
   40    16.68333   -97.44205 36.36827     128.533     454.978  953.240  293.182   83.664    0.696   12.903 0.00000e+00
   41    16.70000   -97.44298 36.37070     154.369     482.540  950.145  292.943   84.727    0.928   12.915 0.00000e+00
   42    16.71667   -97.44376 36.37337     193.290     522.429  945.818  292.545   86.092    0.903   12.859 0.00000e+00
   43    16.73333   -97.44420 36.37621     231.376     561.355  941.550  292.164   87.444    0.673   12.810 0.00000e+00
   44    16.75000   -97.44431 36.37917     247.498     578.539  939.686  291.997   87.989    0.144   12.780 0.00000e+00
   45    16.76667   -97.44442 36.38218     255.353     588.914  938.490  291.894   88.195   -0.184   12.743 0.00000e+00
   46    16.78333   -97.44461 36.38514     264.393     600.990  937.191  291.800   88.337   -0.327   12.706 0.00000e+00
   47    16.80000   -97.44467 36.38794     264.580     604.039  936.895  291.752   88.668   -0.338   12.719 0.00000e+00
   48    16.81667   -97.44466 36.39051     260.300     601.483  937.197  291.795   88.318   -0.230   12.699 0.00000e+00
   49    16.83333   -97.44475 36.39295     255.699     598.305  937.539  291.839   87.998   -0.241   12.684 0.00000e+00
   50    16.85000   -97.44493 36.39531     248.830     592.858  938.188  291.900   87.633   -0.297   12.671 0.00000e+00
   51    16.86667   -97.44523 36.39767     245.011     588.349  938.853  291.981   87.235    0.170   12.669 0.00000e+00
   52    16.88333   -97.44558 36.40026     264.285     604.170  937.126  291.854   87.781    0.701   12.671 0.00000e+00
   53    16.90000   -97.44576 36.40313     305.795     642.097  933.101  291.515   89.414    0.940   12.687 0.00000e+00
   54    16.91667   -97.44557 36.40619     350.717     683.259  928.606  291.125   91.295    0.851   12.700 0.00000e+00
   55    16.93333   -97.44505 36.40932     386.542     715.331  925.132  290.805   92.828    0.658   12.701 0.00000e+00
   56    16.95000   -97.44436 36.41253     410.825     735.781  922.900  290.641   93.402    0.350   12.677 0.00000e+00
   57    16.96667   -97.44363 36.41577     414.470     736.764  922.757  290.625   93.505   -0.182   12.680 0.00000e+00
   58    16.98333   -97.44288 36.41890     390.112     710.359  925.618  290.943   91.703   -0.757   12.651 0.00000e+00
   59    17.00000   -97.44228 36.42192     336.035     654.428  931.655  291.517   88.822   -1.292   12.625 0.00000e+00
   60    17.01667   -97.44194 36.42479     259.260     576.499  940.122  292.327   84.911   -1.593   12.586 0.00000e+00
   61    17.03333   -97.44188 36.42758     161.407     477.630  950.953  293.323   80.863   -1.811   12.612 0.00000e+00
   62    17.05000   -97.44200 36.43029      71.767     387.037  960.949  294.187   77.455   -1.227   12.615 0.00000e+00
   63    17.06667   -97.44203 36.43307      28.146     342.402  965.891  294.724   75.578   -0.468   12.660 0.00000e+00
   64    17.08333   -97.44167 36.43565      13.966     327.281  967.505  295.211   74.175   -0.110   12.782 0.00000e+00
   65    17.10000   -97.44095 36.43793      10.588     323.183  967.930  295.420   73.727    0.008   12.864 0.00000e+00
   66    17.11667   -97.44010 36.43998      11.004     323.249  967.940  295.600   73.400    0.070   12.949 0.00000e+00
   67    17.13333   -97.43935 36.44183      13.322     325.277  967.725  295.672   73.337    0.083   12.999 0.00000e+00
   68    17.15000   -97.43883 36.44365      16.463     328.084  967.417  295.720   73.294    0.083   13.034 0.00000e+00
   69    17.16667   -97.43853 36.44555      18.753     329.978  967.210  295.740   73.337    0.057   13.060 0.00000e+00
   70    17.18333   -97.43847 36.44753      19.139     329.953  967.222  295.842   73.108    0.026   13.101 0.00000e+00
   71    17.20000   -97.43864 36.44950      20.037     330.489  967.175  295.909   72.868   -0.010   13.112 0.00000e+00
   72    17.21667   -97.43900 36.45141      19.030     329.242  967.352  295.979   72.631   -0.045   13.123 0.00000e+00
   73    17.23333   -97.43951 36.45324      17.815     327.967  967.471  296.019   72.379   -0.066   13.108 0.00000e+00
   74    17.25000   -97.44021 36.45500      14.905     325.287  967.759  296.107   72.024   -0.035   13.110 0.00000e+00
   75    17.26667   -97.44099 36.45662      14.244     325.206  967.735  296.135   71.928   -0.024   13.116 0.00000e+00
   76    17.28333   -97.44176 36.45811      15.848     327.377  967.477  296.329   71.511    0.055   13.199 0.00000e+00
   77    17.30000   -97.44259 36.45953      21.825     333.873  966.725  296.264   71.761    0.105   13.203 0.00000e+00
   78    17.31667   -97.44344 36.46119      30.595     343.118  965.695  296.138   72.227    0.173   13.201 0.00000e+00
   79    17.33333   -97.44444 36.46317      40.018     352.747  964.671  296.070   72.505    0.164   13.211 0.00000e+00
   80    17.35000   -97.44556 36.46542      43.562     354.820  964.381  296.032   72.583   -0.081   13.198 0.00000e+00
   81    17.36667   -97.44676 36.46768      43.265     352.935  964.580  295.999   72.573    0.117   13.167 0.00000e+00
   82    17.38333   -97.44754 36.46980      70.077     378.666  961.760  295.668   73.549    0.857   13.114 0.00000e+00
   83    17.40000   -97.44765 36.47201     166.108     473.750  951.279  294.408   77.214    2.780   12.879 0.00000e+00
   84    17.41667   -97.44733 36.47445     341.668     648.555  932.191  292.542   84.272    3.420   12.770 0.00000e+00
   85    17.43333   -97.44676 36.47689     537.712     843.972  911.214  290.682   92.831    3.688   12.797 0.00000e+00
   86    17.45000   -97.44617 36.47939     734.815    1040.589  890.515  289.024  100.000    3.685   12.702 9.89929e-02
   87    17.46667   -97.44538 36.48239     895.786    1199.707  874.044  288.314  100.000    2.562   12.365 4.38707e-01
   88    17.48333   -97.44372 36.48571    1003.695    1304.787  863.256  287.627  100.000    1.117   11.962 5.00144e-01
   89    17.50000   -97.44118 36.48916    1064.699    1363.366  857.238  287.114  100.000    0.095   11.666 4.18678e-01
   90    17.51667   -97.43777 36.49231    1103.828    1401.018  853.384  286.885  100.000    0.749   11.545 4.19493e-01
   91    17.53333   -97.43410 36.49503    1202.445    1498.118  843.582  286.425  100.000    2.546   11.331 6.09106e-01
   92    17.55000   -97.43089 36.49795    1373.583    1669.794  826.455  285.663  100.000    2.568   11.004 1.01280e+00
   93    17.56667   -97.42822 36.50130    1490.071    1789.982  814.755  285.048  100.000    0.897   10.718 1.20382e+00
   94    17.58333   -97.42598 36.50504    1512.651    1816.282  812.218  284.652  100.000   -0.703   10.469 9.45796e-01
   95    17.60000   -97.42415 36.50914    1469.606    1775.078  816.229  284.298   98.285   -1.598    9.983 3.28822e-01
   96    17.61667   -97.42258 36.51349    1403.306    1711.019  822.445  284.417   97.847   -1.622    9.942 8.81068e-02
   97    17.63333   -97.42076 36.51760    1324.420    1634.088  830.109  285.027   96.914   -1.872   10.160 1.03474e-01
   98    17.65000   -97.41836 36.52133    1235.896    1545.879  838.976  285.757   96.171   -1.619   10.469 4.37388e-05
   99    17.66667   -97.41555 36.52473    1159.714    1467.228  846.885  286.598   90.626   -0.801   10.328 0.00000e+00
  100    17.68333   -97.41259 36.52795    1117.282    1421.807  851.483  287.010   88.060    0.021   10.254 0.00000e+00
  101    17.70000   -97.40961 36.53120    1120.396    1423.596  851.175  286.893   88.843    0.701   10.271 0.00000e+00
  102    17.71667   -97.40674 36.53463    1163.910    1468.368  846.622  286.403   91.461    1.043   10.294 0.00000e+00
  103    17.73333   -97.40404 36.53835    1236.355    1542.918  839.115  285.644   95.503    1.459   10.317 0.00000e+00
  104    17.75000   -97.40147 36.54221    1338.005    1647.008  828.788  284.714   99.991    1.861   10.283 4.13292e-02
  105    17.76667   -97.39878 36.54595    1446.847    1758.269  817.874  284.161  100.000    1.727   10.064 2.50417e-01
  106    17.78333   -97.39584 36.54948    1529.171    1843.455  809.598  283.742  100.000    1.122    9.886 4.00808e-01
  107    17.80000   -97.39267 36.55281    1562.782    1879.809  806.107  283.519  100.000    0.125    9.783 4.29010e-01
  108    17.81667   -97.38938 36.55599    1535.135    1854.926  808.484  283.589  100.000   -1.032    9.800 3.63114e-01
  109    17.83333   -97.38602 36.55908    1454.672    1777.163  816.050  284.016  100.000   -1.628    9.987 2.30912e-01
  110    17.85000   -97.38274 36.56216    1362.541    1686.973  824.889  284.627   98.449   -1.674   10.114 7.75486e-03
  111    17.86667   -97.37952 36.56541    1296.517    1621.881  831.399  285.449   91.619   -1.136    9.862 0.00000e+00
  112    17.88333   -97.37626 36.56889    1267.996    1593.604  834.162  285.776   88.977   -0.203    9.754 0.00000e+00
  113    17.90000   -97.37291 36.57257    1273.579    1601.509  833.309  285.681   89.381    0.365    9.747 0.00000e+00
  114    17.91667   -97.36954 36.57628    1293.210    1624.400  831.077  285.435   91.014    0.346    9.791 0.00000e+00
  115    17.93333   -97.36620 36.57993    1303.818    1637.128  829.873  285.316   91.707    0.118    9.803 0.00000e+00
  116    17.95000   -97.36293 36.58354    1305.344    1638.498  829.735  285.281   92.005    0.054    9.813 0.00000e+00
  117    17.96667   -97.35980 36.58716    1306.464    1639.779  829.630  285.229   92.525    0.224    9.836 0.00000e+00
  118    17.98333   -97.35672 36.59078    1315.572    1648.764  828.704  285.097   93.165    0.247    9.829 0.00000e+00
  119    18.00000   -97.35361 36.59441    1329.609    1663.940  827.282  284.935   94.567    0.313    9.887 0.00000e+00
  120    18.01667   -97.35048 36.59810    1353.530    1682.175  825.770  284.760   95.723    0.519    9.911 0.00000e+00
  121    18.03333   -97.34736 36.60192    1376.388    1694.441  824.536  284.635   96.160    0.352    9.888 0.00000e+00
  122    18.05000   -97.34425 36.60583    1389.225    1698.490  823.980  284.642   95.295    0.173    9.811 0.00000e+00
  123    18.06667   -97.34113 36.60978    1391.833    1696.829  824.116  284.636   95.761   -0.070    9.853 0.00000e+00
  124    18.08333   -97.33795 36.61369    1391.171    1692.573  824.502  284.696   95.216   -0.133    9.831 0.00000e+00
  125    18.10000   -97.33470 36.61752    1380.270    1680.105  825.741  284.851   94.076   -0.276    9.799 0.00000e+00
  126    18.11667   -97.33142 36.62123    1359.351    1657.097  828.063  285.102   92.562   -0.372    9.776 0.00000e+00
  127    18.13333   -97.32818 36.62481    1332.320    1628.427  830.822  285.398   90.852   -0.413    9.753 0.00000e+00
  128    18.15000   -97.32505 36.62835    1306.576    1602.224  833.355  285.605   90.199   -0.336    9.786 0.00000e+00
  129    18.16667   -97.32213 36.63195    1290.042    1585.500  835.047  285.856   88.708   -0.192    9.766 0.00000e+00
  130    18.18333   -97.31943 36.63557    1277.959    1573.632  836.192  285.928   87.966   -0.469    9.717 0.00000e+00
  131    18.20000   -97.31689 36.63911    1249.653    1545.683  839.018  286.069   88.721   -0.798    9.858 0.00000e+00
  132    18.21667   -97.31434 36.64254    1211.591    1507.455  842.870  286.348   88.862   -0.636   10.010 0.00000e+00
  133    18.23333   -97.31168 36.64587    1176.711    1471.993  846.404  286.623   88.792   -0.456   10.142 0.00000e+00
  134    18.25000   -97.30899 36.64913    1147.454    1443.102  849.295  286.906   87.697   -0.439   10.169 0.00000e+00
  135    18.26667   -97.30637 36.65236    1131.549    1427.436  850.834  287.063   86.995   -0.261   10.173 0.00000e+00
  136    18.28333   -97.30384 36.65561    1127.178    1423.047  851.357  287.045   87.582   -0.056   10.224 0.00000e+00
  137    18.30000   -97.30145 36.65887    1127.429    1423.983  851.239  286.937   88.833    0.182   10.298 0.00000e+00
  138    18.31667   -97.29924 36.66214    1137.293    1434.510  850.132  286.772   90.094    0.407   10.345 0.00000e+00
  139    18.33333   -97.29703 36.66544    1156.086    1455.037  848.014  286.415   92.926    0.164   10.450 0.00000e+00
  140    18.35000   -97.29493 36.66880    1155.567    1456.808  847.867  286.414   92.746   -0.281   10.431 0.00000e+00
  141    18.36667   -97.29315 36.67227    1136.589    1440.221  849.569  286.624   91.284   -0.308   10.388 0.00000e+00
  142    18.38333   -97.29166 36.67596    1126.479    1432.862  850.338  286.723   90.524   -0.289   10.359 0.00000e+00
  143    18.40000   -97.29002 36.67990    1106.849    1415.584  852.146  286.797   91.076   -0.842   10.451 0.00000e+00
  144    18.41667   -97.28778 36.68380    1062.408    1371.582  856.533  287.067   92.482   -0.764   10.745 0.00000e+00
  145    18.43333   -97.28509 36.68727    1028.767    1338.363  859.939  287.353   91.493   -0.499   10.788 0.00000e+00
  146    18.45000   -97.28240 36.69056    1014.085    1324.143  861.367  287.421   91.863   -0.173   10.862 0.00000e+00
  147    18.46667   -97.27975 36.69379    1003.530    1314.039  862.437  287.436   93.596    0.064   11.063 0.00000e+00
  148    18.48333   -97.27708 36.69703     992.075    1303.145  863.529  287.476   94.323   -0.058   11.164 0.00000e+00
  149    18.50000   -97.27450 36.70020     966.794    1278.459  866.024  287.751   92.630   -0.316   11.130 0.00000e+00
  150    18.51667   -97.27221 36.70319     932.208    1244.249  869.542  288.034   91.506   -0.557   11.153 0.00000e+00
  151    18.53333   -97.27020 36.70602     898.750    1209.740  873.259  288.370   90.028   -0.470   11.166 0.00000e+00
  152    18.55000   -97.26849 36.70872     877.459    1184.557  875.898  288.630   88.712   -0.262   11.156 0.00000e+00
  153    18.56667   -97.26697 36.71138     872.611    1176.081  876.740  288.740   87.998   -0.015   11.134 0.00000e+00
  154    18.58333   -97.26528 36.71419     878.654    1179.522  876.283  288.745   87.421   -0.190   11.071 0.00000e+00
  155    18.60000   -97.26334 36.71700     850.364    1150.661  879.222  289.046   85.780   -0.950   11.038 0.00000e+00
  156    18.61667   -97.26178 36.71949     795.509    1096.041  884.785  289.578   83.409   -0.967   11.037 0.00000e+00
  157    18.63333   -97.26042 36.72186     753.372    1055.128  888.976  289.993   81.435   -0.650   11.014 0.00000e+00
  158    18.65000   -97.25910 36.72421     727.537    1031.303  891.475  290.203   80.818   -0.209   11.047 0.00000e+00
  159    18.66667   -97.25784 36.72656     719.475    1024.914  892.204  290.260   80.854    0.147   11.083 0.00000e+00
  160    18.68333   -97.25665 36.72897     730.008    1036.783  891.009  290.095   82.441    0.240   11.197 0.00000e+00
  161    18.70000   -97.25546 36.73156     743.665    1051.066  889.555  289.884   84.556    0.209   11.349 0.00000e+00
  162    18.71667   -97.25410 36.73433     748.667    1056.093  889.039  289.805   85.325   -0.051   11.401 0.00000e+00
  163    18.73333   -97.25260 36.73717     735.509    1042.434  890.531  289.942   84.696   -0.312   11.397 0.00000e+00
  164    18.75000   -97.25114 36.74001     708.280    1013.823  893.538  290.236   83.130   -0.588   11.360 0.00000e+00
  165    18.76667   -97.24987 36.74290     669.042     972.913  897.849  290.591   82.068   -0.884   11.416 0.00000e+00
  166    18.78333   -97.24888 36.74585     617.550     919.874  903.356  291.077   80.368   -1.071   11.460 0.00000e+00
  167    18.80000   -97.24829 36.74877     554.309     856.454  910.056  291.685   78.180   -1.183   11.500 0.00000e+00
  168    18.81667   -97.24819 36.75160     470.708     773.337  918.893  292.472   75.503   -1.682   11.558 0.00000e+00
  169    18.83333   -97.24817 36.75423     375.329     678.452  929.049  293.381   72.536   -1.654   11.625 0.00000e+00
  170    18.85000   -97.24816 36.75671     283.706     587.007  938.915  294.267   69.831   -1.537   11.700 0.00000e+00
  171    18.86667   -97.24756 36.75936     223.904     527.113  945.407  294.842   67.771   -0.104   11.685 0.00000e+00
  172    18.88333   -97.24684 36.76181     251.572     554.741  942.412  294.521   69.086    1.193   11.715 0.00000e+00
  173    18.90000   -97.24649 36.76398     342.215     645.562  932.588  293.601   72.572    1.937   11.746 0.00000e+00
  174    18.91667   -97.24634 36.76582     480.402     784.130  917.682  292.293   77.915    2.484   11.809 0.00000e+00
  175    18.93333   -97.24619 36.76743     638.786     942.854  900.925  290.790   84.615    2.422   11.880 0.00000e+00
  176    18.95000   -97.24580 36.76910     779.888    1084.307  886.136  289.425   90.976    1.898   11.902 0.00000e+00
  177    18.96667   -97.24488 36.77092     894.989    1199.788  874.201  288.382   95.931    1.500   11.895 0.00000e+00
  178    18.98333   -97.24374 36.77308     972.161    1277.073  866.286  287.661   99.682    1.007   11.903 9.93353e-03
