    0    16.01667   -97.48809 36.25361      17.651     388.794  960.798  293.503   83.859    0.016   13.090 0.00000e+00
    1    16.03333   -97.48773 36.25533      20.450     390.286  960.673  293.615   83.463    0.067   13.122 0.00000e+00
    2    16.05000   -97.48737 36.25713      25.926     394.215  960.285  293.661   83.350    0.099   13.146 0.00000e+00
    3    16.06667   -97.48694 36.25898      32.799     399.428  959.707  293.625   83.561    0.122   13.158 0.00000e+00
    4    16.08333   -97.48650 36.26094      42.387     407.215  958.857  293.550   83.880    0.177   13.159 0.00000e+00
    5    16.10000   -97.48601 36.26303      57.525     420.435  957.344  293.428   84.384    0.353   13.158 0.00000e+00
    6    16.11667   -97.48537 36.26533      73.686     436.140  955.632  293.289   84.932    0.394   13.153 0.00000e+00
    7    16.13333   -97.48456 36.26779      86.779     448.858  954.215  293.098   85.451    0.163   13.096 0.00000e+00
    8    16.15000   -97.48354 36.27027     103.368     464.403  952.520  292.901   85.890    0.158   13.025 0.00000e+00
    9    16.16667   -97.48244 36.27274     144.246     503.936  948.190  292.542   87.083    0.711   12.971 0.00000e+00
   10    16.18333   -97.48145 36.27524     213.479     571.980  940.667  291.902   89.517    1.326   12.911 0.00000e+00
   11    16.20000   -97.48035 36.27774     302.340     659.554  931.142  290.989   93.359    1.643   12.840 0.00000e+00
   12    16.21667   -97.47890 36.28040     397.998     753.549  920.908  290.105   96.954    1.716   12.745 6.71854e-06
   13    16.23333   -97.47673 36.28323     498.241     852.998  910.142  289.292  100.000    1.879   12.642 4.90138e-02
   14    16.25000   -97.47392 36.28621     592.904     948.020  900.029  288.845  100.000    1.527   12.423 2.38525e-01
   15    16.26667   -97.47079 36.28926     660.119    1015.451  892.996  288.499  100.000    0.978   12.246 3.39700e-01
   16    16.28333   -97.46754 36.29240     690.844    1043.478  890.125  288.335  100.000    0.138   12.157 3.44793e-01
   17    16.30000   -97.46429 36.29567     685.057    1033.626  891.208  288.335  100.000   -0.564   12.142 2.55410e-01
   18    16.31667   -97.46108 36.29906     649.447     994.853  895.246  288.482  100.000   -1.154   12.203 1.32021e-01
   19    16.33333   -97.45790 36.30260     586.968     930.687  901.973  288.821   99.496   -1.740   12.299 1.51927e-02
   20    16.35000   -97.45483 36.30640     495.736     838.478  911.806  289.653   95.569   -1.946   12.327 0.00000e+00
   21    16.36667   -97.45213 36.31045     408.337     750.342  921.245  290.500   91.518   -1.308   12.333 0.00000e+00
   22    16.38333   -97.44969 36.31465     352.618     693.294  927.458  291.047   88.987   -0.616   12.333 0.00000e+00
   23    16.40000   -97.44752 36.31902     326.197     664.052  930.524  291.279   88.105   -0.066   12.351 0.00000e+00
   24    16.41667   -97.44571 36.32345     329.546     664.970  930.492  291.213   88.624    0.580   12.372 0.00000e+00
   25    16.43333   -97.44422 36.32775     361.413     693.170  927.526  290.899   90.198    0.911   12.382 0.00000e+00
   26    16.45000   -97.44300 36.33180     404.033     732.445  923.267  290.486   92.320    0.809   12.403 0.00000e+00
   27    16.46667   -97.44199 36.33570     440.802     766.665  919.559  290.137   94.028    0.638   12.404 0.00000e+00
   28    16.48333   -97.44116 36.33968     464.539     787.350  917.362  289.961   95.050    0.479   12.428 0.00000e+00
   29    16.50000   -97.44040 36.34386     490.597     808.999  914.995  289.731   96.605    0.901   12.479 0.00000e+00
   30    16.51667   -97.43950 36.34817     528.599     844.195  911.121  289.367   98.638    0.932   12.501 9.11058e-04
   31    16.53333   -97.43826 36.35240     560.311     876.085  907.734  289.088   99.981    0.415   12.492 1.26482e-02
   32    16.55000   -97.43672 36.35639     574.663     891.524  906.062  289.006  100.000    0.135   12.469 4.76826e-02
   33    16.56667   -97.43494 36.36022     573.487     892.983  905.920  289.007  100.000    0.021   12.472 4.98567e-02
   34    16.58333   -97.43300 36.36393     561.603     884.281  906.804  289.048  100.000   -0.037   12.492 3.55162e-02
   35    16.60000   -97.43094 36.36761     538.458     865.067  908.867  289.165   99.870   -0.290   12.525 7.61912e-03
   36    16.61667   -97.42878 36.37120     503.592     833.368  912.329  289.466   98.341   -0.677   12.526 0.00000e+00
   37    16.63333   -97.42672 36.37470     463.043     794.101  916.567  289.878   96.101   -0.948   12.510 0.00000e+00
   38    16.65000   -97.42493 36.37811     423.271     755.286  920.694  290.296   93.768   -0.962   12.480 0.00000e+00
   39    16.66667   -97.42350 36.38144     388.352     721.450  924.337  290.675   91.653   -0.704   12.448 0.00000e+00
   40    16.68333   -97.42229 36.38468     366.068     700.465  926.588  290.889   90.605   -0.209   12.443 0.00000e+00
   41    16.70000   -97.42101 36.38779     362.842     698.797  926.828  290.871   90.743    0.033   12.445 0.00000e+00
   42    16.71667   -97.41956 36.39080     362.754     696.201  927.307  290.915   90.898   -0.077   12.495 0.00000e+00
   43    16.73333   -97.41808 36.39378     349.521     678.832  929.119  291.145   90.635   -0.443   12.616 0.00000e+00
   44    16.75000   -97.41688 36.39669     320.026     645.731  932.725  291.472   89.470   -0.632   12.666 0.00000e+00
   45    16.76667   -97.41603 36.39956     284.919     607.781  936.803  291.815   88.056   -0.657   12.683 0.00000e+00
   46    16.78333   -97.41541 36.40253     257.576     577.839  940.090  292.094   86.788   -0.519   12.677 0.00000e+00
   47    16.80000   -97.41489 36.40564     239.456     557.250  942.257  292.299   85.858   -0.371   12.675 0.00000e+00
   48    16.81667   -97.41455 36.40882     230.976     546.747  943.426  292.420   85.361   -0.066   12.682 0.00000e+00
   49    16.83333   -97.41441 36.41190     232.235     546.184  943.477  292.409   85.573    0.166   12.704 0.00000e+00
   50    16.85000   -97.41439 36.41486     238.869     551.502  942.847  292.331   86.131    0.221   12.733 0.00000e+00
   51    16.86667   -97.41439 36.41776     249.055     560.781  941.841  292.241   86.661    0.219   12.753 0.00000e+00
   52    16.88333   -97.41434 36.42068     261.686     572.460  940.551  292.139   87.215    0.142   12.770 0.00000e+00
   53    16.90000   -97.41423 36.42366     271.202     582.232  939.457  292.064   87.703    0.065   12.796 0.00000e+00
   54    16.91667   -97.41423 36.42667     283.258     595.266  938.018  291.959   88.307    0.247   12.818 0.00000e+00
   55    16.93333   -97.41419 36.42955     307.081     620.000  935.332  291.739   89.345    0.411   12.828 0.00000e+00
   56    16.95000   -97.41390 36.43218     332.395     646.446  932.475  291.481   90.486    0.404   12.820 0.00000e+00
   57    16.96667   -97.41345 36.43464     352.318     667.351  930.251  291.264   91.515    0.381   12.820 0.00000e+00
   58    16.98333   -97.41293 36.43701     371.807     687.664  928.044  291.052   92.544    0.454   12.822 0.00000e+00
   59    17.00000   -97.41238 36.43936     398.382     714.628  925.187  290.786   93.790    0.777   12.816 0.00000e+00
   60    17.01667   -97.41169 36.44176     438.045     754.187  920.930  290.434   95.207    1.048   12.781 0.00000e+00
   61    17.03333   -97.41081 36.44423     487.422     803.487  915.572  289.982   97.475    0.883   12.788 0.00000e+00
   62    17.05000   -97.40972 36.44681     531.673     847.835  910.776  289.582   99.468    0.466   12.786 5.82961e-04
   63    17.06667   -97.40833 36.44953     573.912     891.288  906.104  289.319  100.000    0.257   12.722 4.37831e-02
   64    17.08333   -97.40676 36.45233     608.920     927.612  902.290  289.197  100.000    0.434   12.676 1.16482e-01
   65    17.10000   -97.40520 36.45522     640.427     959.985  899.120  289.099  100.000    0.601   12.641 1.75337e-01
   66    17.11667   -97.40359 36.45814     680.098     993.871  895.573  288.931  100.000    0.520   12.556 2.12051e-01
   67    17.13333   -97.40189 36.46114     711.577    1019.544  892.832  288.733  100.000    0.113   12.435 1.77363e-01
   68    17.15000   -97.40018 36.46428     723.247    1026.735  892.044  288.524   99.246   -0.347   12.170 1.41374e-02
   69    17.16667   -97.39864 36.46740     716.286    1015.715  893.228  288.676   97.432   -0.611   12.049 0.00000e+00
   70    17.18333   -97.39729 36.47030     694.185     989.184  896.052  288.933   96.117   -0.513   12.047 9.24026e-04
   71    17.20000   -97.39616 36.47300     671.993     964.132  898.606  289.099   95.935   -0.381   12.118 0.00000e+00
   72    17.21667   -97.39525 36.47575     651.834     942.774  900.858  289.243   95.687   -0.179   12.169 0.00000e+00
   73    17.23333   -97.39440 36.47875     632.377     921.961  903.020  289.438   95.029   -0.232   12.208 0.00000e+00
   74    17.25000   -97.39340 36.48203     613.254     902.607  905.037  289.663   93.945   -0.379   12.217 0.00000e+00
   75    17.26667   -97.39228 36.48549     593.794     884.001  906.986  289.868   93.050   -0.277   12.234 0.00000e+00
   76    17.28333   -97.39111 36.48900     578.133     869.453  908.477  290.027   92.334   -0.191   12.244 0.00000e+00
   77    17.30000   -97.38998 36.49249     562.555     855.865  909.923  290.165   91.886   -0.168   12.272 0.00000e+00
   78    17.31667   -97.38904 36.49584     540.764     836.262  911.993  290.364   91.001   -0.574   12.282 0.00000e+00
   79    17.33333   -97.38823 36.49892     495.875     792.880  916.626  290.785   88.969   -1.097   12.271 0.00000e+00
   80    17.35000   -97.38739 36.50186     429.107     727.417  923.655  291.430   85.830   -1.313   12.238 0.00000e+00
   81    17.36667   -97.38649 36.50475     366.787     666.510  930.186  292.007   83.375   -1.230   12.242 0.00000e+00
   82    17.38333   -97.38556 36.50751     313.764     615.599  935.737  292.490   81.447   -1.070   12.255 0.00000e+00
   83    17.40000   -97.38467 36.51010     264.788     568.534  940.893  292.944   79.675   -1.015   12.267 0.00000e+00
   84    17.41667   -97.38388 36.51256     218.740     524.194  945.726  293.344   78.289   -0.981   12.294 0.00000e+00
   85    17.43333   -97.38307 36.51485     168.959     475.464  951.120  293.819   76.331   -1.005   12.277 0.00000e+00
   86    17.45000   -97.38218 36.51697     134.127     441.419  954.808  294.134   75.358   -0.681   12.312 0.00000e+00
   87    17.46667   -97.38122 36.51889     113.400     421.531  957.001  294.591   74.566   -0.032   12.504 0.00000e+00
   88    17.48333   -97.38034 36.52065     121.074     430.079  956.021  294.620   74.870    0.347   12.590 0.00000e+00
   89    17.50000   -97.37978 36.52231     157.035     466.928  951.950  294.282   76.254    0.789   12.612 0.00000e+00
   90    17.51667   -97.37954 36.52398     204.064     514.846  946.711  293.768   78.394    1.112   12.628 0.00000e+00
   91    17.53333   -97.37944 36.52588     276.287     588.039  938.719  293.058   81.509    1.583   12.668 0.00000e+00
   92    17.55000   -97.37930 36.52818     362.911     675.834  929.221  292.180   85.345    1.669   12.682 0.00000e+00
   93    17.56667   -97.37900 36.53087     431.915     746.211  921.672  291.465   88.291    1.061   12.644 0.00000e+00
   94    17.58333   -97.37831 36.53374     474.473     790.154  917.025  291.046   89.404    0.873   12.532 0.00000e+00
   95    17.60000   -97.37730 36.53679     521.347     838.005  911.883  290.577   90.561    1.338   12.391 0.00000e+00
   96    17.61667   -97.37601 36.54002     579.755     895.958  905.855  290.045   92.544    1.430   12.322 0.00000e+00
   97    17.63333   -97.37463 36.54353     647.534     962.563  898.817  289.407   95.442    1.447   12.295 0.00000e+00
   98    17.65000   -97.37321 36.54726     710.699    1025.003  892.201  288.874   97.715    0.990   12.254 8.48361e-03
   99    17.66667   -97.37157 36.55095     755.856    1070.611  887.435  288.572   98.375    0.231   12.163 2.79129e-02
  100    17.68333   -97.36962 36.55433     779.282    1094.145  884.936  288.388   98.630   -0.427   12.085 0.00000e+00
  101    17.70000   -97.36752 36.55735     783.380    1099.944  884.276  288.415   98.306   -0.695   12.075 1.43556e-02
  102    17.71667   -97.36543 36.56014     765.597    1084.499  885.911  288.582   97.609   -0.776   12.097 4.06203e-04
  103    17.73333   -97.36349 36.56289     732.827    1054.347  888.995  288.848   95.949   -0.676   12.055 0.00000e+00
  104    17.75000   -97.36176 36.56573     690.811    1015.506  893.081  289.225   93.267   -0.924   11.951 0.00000e+00
  105    17.76667   -97.36000 36.56869     634.594     961.688  898.842  289.718   91.155   -1.231   11.978 0.00000e+00
  106    17.78333   -97.35833 36.57176     569.134     897.146  905.749  290.290   89.224   -1.319   12.069 0.00000e+00
  107    17.80000   -97.35683 36.57500     506.183     833.906  912.412  290.871   87.043   -1.088   12.128 0.00000e+00
  108    17.81667   -97.35545 36.57849     456.451     784.638  917.646  291.345   85.039   -0.621   12.140 0.00000e+00
  109    17.83333   -97.35422 36.58221     426.383     756.167  920.616  291.574   84.514   -0.099   12.202 0.00000e+00
  110    17.85000   -97.35311 36.58592     422.505     754.938  920.733  291.499   85.625    0.458   12.302 0.00000e+00
  111    17.86667   -97.35218 36.58939     440.308     774.129  918.863  291.277   87.022    0.669   12.353 0.00000e+00
  112    17.88333   -97.35159 36.59251     473.310     806.286  915.501  290.970   88.753    0.822   12.402 0.00000e+00
  113    17.90000   -97.35125 36.59541     517.933     850.253  910.767  290.580   90.662    0.932   12.422 0.00000e+00
  114    17.91667   -97.35097 36.59819     574.961     904.318  905.141  290.116   92.495    0.993   12.381 0.00000e+00
  115    17.93333   -97.35057 36.60092     639.755     964.083  898.856  289.569   94.749    0.988   12.332 0.00000e+00
  116    17.95000   -97.35000 36.60373     697.738    1016.788  893.282  289.041   97.522    0.788   12.346 0.00000e+00
  117    17.96667   -97.34946 36.60658     747.086    1062.035  888.480  288.644   99.219    0.679   12.310 1.08556e-02
  118    17.98333   -97.34917 36.60936     799.489    1111.554  883.338  288.335  100.000    0.903   12.251 8.68531e-02
  119    18.00000   -97.34890 36.61189     850.828    1160.261  878.298  288.124  100.000    0.872   12.155 1.94081e-01
  120    18.01667   -97.34844 36.61413     892.214    1199.451  874.193  287.956  100.000    0.525   12.080 2.76429e-01
  121    18.03333   -97.34770 36.61633     924.553    1230.026  871.046  287.802  100.000    0.622   12.004 3.18349e-01
  122    18.05000   -97.34657 36.61854     958.416    1261.724  867.799  287.647  100.000    0.764   11.928 3.45750e-01
  123    18.06667   -97.34493 36.62077     986.980    1287.814  865.032  287.449  100.000    0.302   11.814 3.47292e-01
  124    18.08333   -97.34296 36.62305     989.921    1289.900  864.753  287.437  100.000   -0.018   11.808 3.54283e-01
  125    18.10000   -97.34100 36.62552     965.028    1264.687  867.393  287.498  100.000   -0.354   11.819 2.42581e-01
  126    18.11667   -97.33939 36.62825     919.596    1218.402  872.189  287.675   99.733   -0.700   11.839 5.86079e-02
  127    18.13333   -97.33817 36.63126     861.006    1159.059  878.276  288.176   96.991   -0.984   11.812 0.00000e+00
  128    18.15000   -97.33723 36.63453     789.024    1087.056  885.755  288.879   93.407   -1.373   11.803 0.00000e+00
  129    18.16667   -97.33649 36.63797     708.174    1006.285  894.163  289.646   89.828   -1.606   11.812 0.00000e+00
  130    18.18333   -97.33611 36.64133     635.113     933.094  901.865  290.354   86.522   -1.065   11.802 0.00000e+00
  131    18.20000   -97.33625 36.64430     606.235     904.230  904.888  290.611   85.816   -0.046   11.859 0.00000e+00
  132    18.21667   -97.33674 36.64707     619.388     917.375  903.523  290.501   86.654    0.481   11.909 0.00000e+00
  133    18.23333   -97.33729 36.64969     654.162     952.166  899.828  290.145   89.190    1.190   12.032 0.00000e+00
  134    18.25000   -97.33759 36.65223     697.758     995.763  895.246  289.820   89.708    1.173   11.914 0.00000e+00
  135    18.26667   -97.33750 36.65475     734.415    1032.432  891.442  289.558   89.625    0.737   11.755 0.00000e+00
  136    18.28333   -97.33715 36.65720     755.052    1053.290  889.299  289.398   89.698    0.406   11.673 0.00000e+00
  137    18.30000   -97.33665 36.65973     759.277    1057.800  888.789  289.442   87.934    0.080   11.482 0.00000e+00
  138    18.31667   -97.33601 36.66242     749.461    1048.376  889.703  289.575   86.534   -0.154   11.384 0.00000e+00
  139    18.33333   -97.33530 36.66521     731.627    1030.477  891.626  289.775   85.261   -0.247   11.337 0.00000e+00
  140    18.35000   -97.33476 36.66800     720.892    1019.322  892.785  289.884   84.741   -0.063   11.332 0.00000e+00
  141    18.36667   -97.33454 36.67081     734.023    1031.963  891.470  289.791   84.941    0.431   11.308 0.00000e+00
  142    18.38333   -97.33433 36.67365     767.000    1064.769  888.015  289.495   86.085    0.638   11.289 0.00000e+00
  143    18.40000   -97.33406 36.67634     801.871    1099.605  884.489  289.173   87.806    0.661   11.324 0.00000e+00
  144    18.41667   -97.33356 36.67876     841.714    1139.370  880.324  288.785   89.668    0.846   11.332 0.00000e+00
  145    18.43333   -97.33283 36.68107     887.877    1185.960  875.465  288.326   92.124    0.836   11.365 0.00000e+00
  146    18.45000   -97.33189 36.68335     926.060    1225.352  871.424  287.938   94.361    0.657   11.405 0.00000e+00
  147    18.46667   -97.33075 36.68567     947.253    1247.961  869.097  287.729   95.297    0.357   11.393 0.00000e+00
  148    18.48333   -97.32944 36.68799     950.554    1252.932  868.528  287.655   95.884   -0.049   11.416 0.00000e+00
  149    18.50000   -97.32805 36.69032     947.234    1251.040  868.721  287.699   95.462   -0.202   11.396 0.00000e+00
  150    18.51667   -97.32671 36.69270     945.833    1251.142  868.711  287.715   95.426    0.196   11.403 0.00000e+00
  151    18.53333   -97.32532 36.69516     952.479    1259.300  867.912  287.671   95.347    0.598   11.371 0.00000e+00
  152    18.55000   -97.32384 36.69780     964.690    1273.322  866.483  287.626   94.544    0.624   11.261 0.00000e+00
  153    18.56667   -97.32231 36.70049     975.363    1286.028  865.221  287.510   95.121    0.432   11.261 0.00000e+00
  154    18.58333   -97.32075 36.70319     985.182    1297.396  864.093  287.364   96.348    0.187   11.313 0.00000e+00
  155    18.60000   -97.31912 36.70589     992.929    1306.269  863.154  287.257   97.056    0.149   11.329 0.00000e+00
  156    18.61667   -97.31764 36.70862    1006.881    1320.900  861.724  287.190   96.595    0.369   11.245 0.00000e+00
  157    18.63333   -97.31642 36.71131    1028.276    1342.470  859.594  287.016   97.312    0.450   11.229 0.00000e+00
  158    18.65000   -97.31544 36.71394    1051.061    1364.447  857.458  286.852   97.848    0.320   11.198 2.51646e-05
  159    18.66667   -97.31474 36.71652    1069.088    1379.552  855.952  286.737   98.228    0.032   11.177 0.00000e+00
  160    18.68333   -97.31424 36.71907    1076.052    1383.746  855.513  286.764   97.702   -0.158   11.142 1.10679e-02
  161    18.70000   -97.31367 36.72157    1068.986    1374.121  856.418  286.823   97.580   -0.410   11.160 2.40088e-03
  162    18.71667   -97.31300 36.72404    1046.179    1350.616  858.762  287.150   95.500   -0.581   11.127 1.29133e-02
  163    18.73333   -97.31235 36.72651    1011.094    1315.249  862.336  287.466   94.453   -1.024   11.188 0.00000e+00
  164    18.75000   -97.31179 36.72889     956.736    1260.748  867.914  288.090   90.628   -1.290   11.107 0.00000e+00
  165    18.76667   -97.31152 36.73108     896.378    1200.601  874.028  288.616   89.174   -1.090   11.228 0.00000e+00
  166    18.78333   -97.31150 36.73314     845.614    1150.329  879.236  289.041   88.216   -0.798   11.348 0.00000e+00
  167    18.80000   -97.31162 36.73519     802.559    1107.754  883.648  289.400   87.282   -0.701   11.432 0.00000e+00
  168    18.81667   -97.31200 36.73731     759.981    1065.650  887.992  289.797   85.610   -0.753   11.446 0.00000e+00
  169    18.83333   -97.31261 36.73956     710.958    1017.071  893.036  290.227   84.500   -0.976   11.547 0.00000e+00
  170    18.85000   -97.31321 36.74194     655.598     962.132  898.799  290.758   82.377   -1.100   11.569 0.00000e+00
  171    18.86667   -97.31364 36.74425     596.229     903.164  905.025  291.319   80.234   -1.065   11.596 0.00000e+00
  172    18.88333   -97.31397 36.74647     540.475     847.792  910.878  291.850   78.088   -0.972   11.596 0.00000e+00
  173    18.90000   -97.31424 36.74860     486.147     793.912  916.571  292.362   76.203   -0.947   11.614 0.00000e+00
  174    18.91667   -97.31445 36.75069     428.917     737.181  922.640  292.901   74.154   -1.123   11.613 0.00000e+00
  175    18.93333   -97.31459 36.75274     365.388     674.179  929.423  293.513   71.914   -1.181   11.616 0.00000e+00
  176    18.95000   -97.31448 36.75482     302.732     612.068  936.087  294.111   69.884   -1.061   11.632 0.00000e+00
  177    18.96667   -97.31419 36.75698     249.244     559.218  941.832  294.628   68.134   -0.851   11.638 0.00000e+00
  178    18.98333   -97.31371 36.75917     200.229     510.783  947.098  295.091   66.430   -0.867   11.610 0.00000e+00
