    0    16.01667   -97.42033 36.25187      67.245     434.725  955.818  292.650   86.166    0.128   12.818 0.00000e+00
    1    16.03333   -97.42127 36.25549      76.057     441.431  955.105  292.615   86.461    0.163   12.843 0.00000e+00
    2    16.05000   -97.42227 36.25895      89.140     448.404  954.323  292.564   86.862    0.211   12.873 0.00000e+00
    3    16.06667   -97.42339 36.26223     101.505     454.977  953.597  292.498   87.235    0.196   12.884 0.00000e+00
    4    16.08333   -97.42465 36.26539     113.762     465.396  952.284  292.371   87.821    0.268   12.886 0.00000e+00
    5    16.10000   -97.42601 36.26827     142.057     494.162  949.111  292.091   89.014    0.339   12.876 0.00000e+00
    6    16.11667   -97.42681 36.27091     159.297     511.866  947.221  291.930   89.740    0.073   12.875 0.00000e+00
    7    16.13333   -97.42715 36.27366     173.315     524.761  945.794  291.813   90.256    0.371   12.874 0.00000e+00
    8    16.15000   -97.42714 36.27673     203.457     552.952  942.692  291.551   91.438    0.627   12.871 0.00000e+00
    9    16.16667   -97.42682 36.27996     243.087     590.831  938.471  291.184   93.120    0.624   12.865 0.00000e+00
   10    16.18333   -97.42630 36.28325     280.736     628.420  934.340  290.816   94.833    0.431   12.855 0.00000e+00
   11    16.20000   -97.42570 36.28661     310.603     658.562  931.016  290.509   96.190    0.330   12.833 0.00000e+00
   12    16.21667   -97.42511 36.29002     330.480     677.581  929.047  290.325   97.026    0.271   12.821 0.00000e+00
   13    16.23333   -97.42448 36.29348     336.310     681.041  928.669  290.288   97.191    0.116   12.817 0.00000e+00
   14    16.25000   -97.42394 36.29698     324.859     666.600  930.354  290.433   96.447    0.069   12.814 0.00000e+00
   15    16.26667   -97.42355 36.30040     308.225     642.579  933.080  290.696   94.993   -0.146   12.797 0.00000e+00
   16    16.28333   -97.42327 36.30379     290.452     617.131  935.852  290.957   93.616   -0.270   12.784 0.00000e+00
   17    16.30000   -97.42310 36.30714     271.214     595.205  938.068  291.161   92.587   -0.486   12.778 0.00000e+00
   18    16.31667   -97.42296 36.31042     251.800     575.983  940.233  291.362   91.601   -0.326   12.774 0.00000e+00
   19    16.33333   -97.42288 36.31363     238.002     562.612  941.641  291.494   90.961   -0.106   12.772 0.00000e+00
   20    16.35000   -97.42271 36.31682     226.363     553.580  942.564  291.584   90.522   -0.132   12.770 0.00000e+00
   21    16.36667   -97.42245 36.32000     213.306     543.159  943.696  291.712   89.813   -0.345   12.758 0.00000e+00
   22    16.38333   -97.42216 36.32321     199.186     529.591  945.346  291.912   88.610   -0.164   12.724 0.00000e+00
   23    16.40000   -97.42178 36.32645     190.171     518.637  946.557  292.045   87.886   -0.065   12.710 0.00000e+00
   24    16.41667   -97.42137 36.32973     183.069     509.620  947.537  292.161   87.239   -0.061   12.696 0.00000e+00
   25    16.43333   -97.42090 36.33306     179.794     503.080  948.263  292.233   86.907    0.097   12.695 0.00000e+00
   26    16.45000   -97.42038 36.33647     184.727     504.587  948.085  292.223   86.926    0.384   12.693 0.00000e+00
   27    16.46667   -97.41973 36.33994     196.233     512.695  947.220  292.147   87.275    0.501   12.694 0.00000e+00
   28    16.48333   -97.41890 36.34346     208.488     521.426  946.308  292.074   87.649    0.384   12.703 0.00000e+00
   29    16.50000   -97.41798 36.34698     218.840     528.604  945.384  291.999   88.008    0.232   12.707 0.00000e+00
   30    16.51667   -97.41714 36.35046     219.602     530.078  945.131  291.988   88.098   -0.007   12.714 0.00000e+00
   31    16.53333   -97.41653 36.35391     209.881     521.691  945.968  292.072   87.665   -0.378   12.708 0.00000e+00
   32    16.55000   -97.41626 36.35733     175.971     491.327  949.238  292.433   86.202   -0.821   12.739 0.00000e+00
   33    16.56667   -97.41623 36.36073     122.453     442.159  954.656  292.943   84.070   -0.922   12.754 0.00000e+00
   34    16.58333   -97.41611 36.36402      76.907     400.246  959.388  293.364   82.250   -0.597   12.747 0.00000e+00
   35    16.60000   -97.41586 36.36711      48.863     373.320  962.429  293.681   81.004   -0.343   12.763 0.00000e+00
   36    16.61667   -97.41550 36.37011      33.505     359.014  964.032  293.915   80.162   -0.260   12.795 0.00000e+00
   37    16.63333   -97.41523 36.37273      25.818     352.363  964.759  294.129   79.584   -0.159   12.863 0.00000e+00
   38    16.65000   -97.41508 36.37497      22.115     349.741  965.011  294.199   79.402   -0.115   12.886 0.00000e+00
   39    16.66667   -97.41499 36.37698      19.120     347.698  965.257  294.310   79.150   -0.049   12.931 0.00000e+00
   40    16.68333   -97.41493 36.37886      17.587     347.057  965.335  294.419   78.950   -0.014   12.984 0.00000e+00
   41    16.70000   -97.41486 36.38066      16.326     346.344  965.478  294.541   78.720   -0.002   13.043 0.00000e+00
   42    16.71667   -97.41479 36.38238      16.874     346.924  965.443  294.676   78.446    0.004   13.107 0.00000e+00
   43    16.73333   -97.41478 36.38402      17.950     348.029  965.363  294.739   78.321    0.022   13.138 0.00000e+00
   44    16.75000   -97.41487 36.38563      20.082     350.267  965.127  294.794   78.156    0.055   13.158 0.00000e+00
   45    16.76667   -97.41505 36.38726      24.283     354.713  964.677  294.802   78.081    0.110   13.159 0.00000e+00
   46    16.78333   -97.41525 36.38899      30.747     360.971  964.031  294.790   78.113    0.164   13.163 0.00000e+00
   47    16.80000   -97.41541 36.39089      39.287     368.250  963.220  294.732   78.213    0.205   13.144 0.00000e+00
   48    16.81667   -97.41555 36.39296      46.401     373.884  962.589  294.650   78.264    0.191   13.094 0.00000e+00
   49    16.83333   -97.41553 36.39518      52.763     378.503  962.070  294.552   78.402    0.159   13.046 0.00000e+00
   50    16.85000   -97.41539 36.39747      57.121     381.007  961.787  294.447   78.475    0.081   12.977 0.00000e+00
   51    16.86667   -97.41510 36.39978      60.329     382.336  961.613  294.417   78.232    0.040   12.915 0.00000e+00
   52    16.88333   -97.41473 36.40210      66.402     386.506  961.155  294.340   78.230    0.083   12.859 0.00000e+00
   53    16.90000   -97.41444 36.40451      78.068     396.316  960.013  294.236   78.758    0.189   12.878 0.00000e+00
   54    16.91667   -97.41426 36.40703      93.702     410.347  958.460  294.093   79.443    0.419   12.896 0.00000e+00
   55    16.93333   -97.41427 36.40974     117.737     432.854  955.924  293.845   80.346    0.634   12.878 0.00000e+00
   56    16.95000   -97.41447 36.41255     137.447     451.055  953.923  293.667   80.957    0.469   12.860 0.00000e+00
   57    16.96667   -97.41489 36.41545     137.014     449.660  954.046  293.692   80.884    0.123   12.867 0.00000e+00
   58    16.98333   -97.41543 36.41836     137.235     449.223  954.075  293.701   80.688    0.390   12.843 0.00000e+00
   59    17.00000   -97.41602 36.42129     153.184     464.617  952.407  293.539   81.262    0.860   12.826 0.00000e+00
   60    17.01667   -97.41658 36.42437     185.455     498.033  948.685  293.184   82.658    0.850   12.811 0.00000e+00
   61    17.03333   -97.41702 36.42740     206.952     520.994  946.143  292.949   83.486    0.254   12.785 0.00000e+00
   62    17.05000   -97.41720 36.43033     207.876     523.311  945.888  292.921   83.611   -0.392   12.785 0.00000e+00
   63    17.06667   -97.41727 36.43311     188.877     506.176  947.755  293.058   82.940   -0.603   12.767 0.00000e+00
   64    17.08333   -97.41743 36.43581     163.200     482.400  950.389  293.312   81.908   -0.377   12.773 0.00000e+00
   65    17.10000   -97.41756 36.43847     136.091     457.052  953.242  293.564   80.780   -0.439   12.759 0.00000e+00
   66    17.11667   -97.41772 36.44108     106.709     428.046  956.440  293.792   79.681   -0.633   12.722 0.00000e+00
   67    17.13333   -97.41788 36.44356      75.530     397.139  959.859  294.065   78.491   -0.663   12.701 0.00000e+00
   68    17.15000   -97.41800 36.44587      47.891     369.743  962.862  294.277   77.568   -0.626   12.678 0.00000e+00
   69    17.16667   -97.41809 36.44805      26.734     347.940  965.308  294.737   76.367   -0.346   12.810 0.00000e+00
   70    17.18333   -97.41830 36.44999      15.090     335.204  966.663  295.160   75.128   -0.188   12.917 0.00000e+00
   71    17.20000   -97.41858 36.45168       9.415     328.459  967.312  295.381   74.298   -0.101   12.941 0.00000e+00
   72    17.21667   -97.41896 36.45314       6.090     324.024  967.689  295.586   73.439   -0.043   12.949 0.00000e+00
   73    17.23333   -97.41932 36.45431       5.722     322.618  967.811  295.742   72.939   -0.006   12.983 0.00000e+00
   74    17.25000   -97.41964 36.45531       8.506     324.424  967.709  295.970   72.442    0.138   13.077 0.00000e+00
   75    17.26667   -97.41994 36.45651      14.151     328.788  967.277  296.074   72.306    0.105   13.142 0.00000e+00
   76    17.28333   -97.42043 36.45798      18.478     331.449  967.031  296.091   72.169   -0.039   13.135 0.00000e+00
   77    17.30000   -97.42073 36.45963      34.282     345.520  965.470  295.984   72.510    0.557   13.131 0.00000e+00
   78    17.31667   -97.42027 36.46170      87.575     396.903  959.704  295.520   74.132    1.755   13.127 0.00000e+00
   79    17.33333   -97.41911 36.46465     171.001     478.066  950.771  294.570   77.412    1.914   13.050 0.00000e+00
   80    17.35000   -97.41766 36.46822     250.974     555.772  942.216  293.624   80.553    1.598   12.921 0.00000e+00
   81    17.36667   -97.41643 36.47178     332.924     635.834  933.537  292.722   83.855    1.887   12.832 0.00000e+00
   82    17.38333   -97.41557 36.47519     411.067     712.450  925.320  291.825   87.207    1.888   12.726 0.00000e+00
   83    17.40000   -97.41509 36.47857     476.825     776.203  918.510  291.146   89.975    1.469   12.671 0.00000e+00
   84    17.41667   -97.41483 36.48185     530.623     828.083  913.013  290.640   92.256    1.182   12.658 0.00000e+00
   85    17.43333   -97.41458 36.48486     577.956     873.805  908.120  290.161   94.575    0.944   12.654 0.00000e+00
   86    17.45000   -97.41402 36.48767     618.388     912.755  903.983  289.743   96.748    0.649   12.661 0.00000e+00
   87    17.46667   -97.41280 36.49027     661.458     955.875  899.391  289.310   99.014    0.651   12.667 1.09884e-04
   88    17.48333   -97.41103 36.49272     702.490     997.405  895.041  289.005  100.000    0.449   12.617 3.18401e-02
   89    17.50000   -97.40890 36.49508     729.095    1024.060  892.246  288.884  100.000    0.269   12.565 7.85475e-02
   90    17.51667   -97.40665 36.49739     740.983    1036.282  890.971  288.763  100.000    0.152   12.481 5.06837e-02
   91    17.53333   -97.40435 36.49988     745.143    1040.659  890.575  288.703   99.776    0.006   12.398 1.46688e-02
   92    17.55000   -97.40215 36.50240     748.437    1043.740  890.191  288.723   98.396   -0.400   12.246 0.00000e+00
   93    17.56667   -97.39992 36.50488     749.420    1045.041  890.097  288.824   96.089   -0.626   12.040 0.00000e+00
   94    17.58333   -97.39763 36.50725     752.219    1048.203  889.721  288.912   93.726   -0.583   11.815 0.00000e+00
   95    17.60000   -97.39525 36.50949     754.664    1050.880  889.349  288.964   91.983   -0.516   11.639 0.00000e+00
   96    17.61667   -97.39260 36.51172     756.653    1055.255  888.810  288.934   91.507   -0.489   11.564 0.00000e+00
   97    17.63333   -97.38969 36.51413     747.255    1049.927  889.398  288.976   91.766   -0.654   11.620 0.00000e+00
   98    17.65000   -97.38663 36.51674     717.249    1023.691  892.182  289.228   90.920   -0.980   11.665 0.00000e+00
   99    17.66667   -97.38364 36.51946     676.415     984.348  896.356  289.606   89.872   -0.847   11.759 0.00000e+00
  100    17.68333   -97.38062 36.52219     641.003     950.628  899.861  289.922   88.604   -0.637   11.783 0.00000e+00
  101    17.70000   -97.37759 36.52495     612.538     923.869  902.843  290.152   88.179   -0.382   11.861 0.00000e+00
  102    17.71667   -97.37456 36.52779     591.433     902.825  905.067  290.297   88.561   -0.182   11.993 0.00000e+00
  103    17.73333   -97.37167 36.53073     572.745     883.811  907.123  290.418   89.550   -0.098   12.193 0.00000e+00
  104    17.75000   -97.36907 36.53368     551.172     860.694  909.635  290.658   88.661   -0.138   12.224 0.00000e+00
  105    17.76667   -97.36711 36.53658     541.862     849.736  910.826  290.807   87.483    0.272   12.161 0.00000e+00
  106    17.78333   -97.36584 36.53925     583.728     890.785  906.428  290.550   92.582    1.727   12.723 0.00000e+00
  107    17.80000   -97.36459 36.54180     685.885     992.796  895.631  289.616   97.592    2.655   12.787 0.00000e+00
  108    17.81667   -97.36301 36.54457     810.402    1117.339  882.613  288.741  100.000    2.325   12.587 1.56300e-01
  109    17.83333   -97.36131 36.54760     920.188    1227.888  871.102  288.302  100.000    2.155   12.398 4.10118e-01
  110    17.85000   -97.35954 36.55088    1019.281    1328.959  860.771  287.853  100.000    2.061   12.189 6.33703e-01
  111    17.86667   -97.35770 36.55450    1108.928    1420.708  851.454  287.318  100.000    1.649   11.904 7.49400e-01
  112    17.88333   -97.35582 36.55840    1171.437    1486.218  844.839  286.551  100.000    0.521   11.413 5.99825e-01
  113    17.90000   -97.35359 36.56210    1197.517    1514.736  842.007  286.186  100.000   -0.121   11.179 4.20543e-01
  114    17.91667   -97.35121 36.56550    1208.279    1525.981  840.910  285.987  100.000   -0.297   11.027 2.80342e-01
  115    17.93333   -97.34873 36.56865    1207.456    1524.810  841.054  285.810  100.000   -0.452   10.909 1.28691e-01
  116    17.95000   -97.34612 36.57155    1197.289    1514.162  842.116  285.783  100.000   -0.569   10.879 5.06011e-02
  117    17.96667   -97.34335 36.57417    1187.401    1503.822  843.208  285.889   99.955    0.317   10.921 6.00456e-02
  118    17.98333   -97.34061 36.57661    1204.014    1518.448  841.839  285.774   99.973    1.055   10.857 8.91792e-02
  119    18.00000   -97.33822 36.57898    1258.931    1570.680  836.660  285.453  100.000    1.299   10.715 1.55759e-01
  120    18.01667   -97.33619 36.58138    1330.325    1639.926  829.697  284.947  100.000    1.073   10.452 1.66347e-01
  121    18.03333   -97.33440 36.58379    1387.700    1696.804  824.065  284.590  100.000    0.680   10.277 2.13408e-01
  122    18.05000   -97.33259 36.58618    1414.069    1722.662  821.560  284.394  100.000    0.009   10.176 2.02970e-01
  123    18.06667   -97.33059 36.58862    1400.105    1707.469  823.092  284.465  100.000   -0.660   10.206 1.64547e-01
  124    18.08333   -97.32835 36.59113    1354.870    1659.818  827.736  284.698  100.000   -1.181   10.300 7.26878e-02
  125    18.10000   -97.32592 36.59371    1294.600    1597.778  833.871  285.131   98.858   -1.309   10.388 2.21427e-03
  126    18.11667   -97.32349 36.59650    1235.942    1537.558  839.863  285.721   95.483   -1.096   10.358 0.00000e+00
  127    18.13333   -97.32104 36.59935    1187.172    1487.790  844.843  286.235   92.640   -0.744   10.334 0.00000e+00
  128    18.15000   -97.31850 36.60221    1154.467    1454.806  848.085  286.543   91.393   -0.408   10.363 0.00000e+00
  129    18.16667   -97.31581 36.60510    1138.511    1439.767  849.589  286.650   91.250    0.087   10.402 0.00000e+00
  130    18.18333   -97.31297 36.60815    1145.274    1446.975  848.897  286.616   91.484    0.637   10.414 0.00000e+00
  131    18.20000   -97.30996 36.61134    1174.090    1474.510  846.225  286.364   92.537    0.862   10.394 0.00000e+00
  132    18.21667   -97.30669 36.61452    1205.836    1503.154  843.336  286.034   94.392    0.535   10.410 0.00000e+00
  133    18.23333   -97.30324 36.61763    1214.783    1509.855  842.614  286.009   93.869   -0.247   10.344 0.00000e+00
  134    18.25000   -97.29980 36.62066    1188.434    1482.582  845.397  286.313   91.794   -0.788   10.286 0.00000e+00
  135    18.26667   -97.29649 36.62357    1136.674    1430.898  850.555  286.837   89.033   -0.966   10.262 0.00000e+00
  136    18.28333   -97.29330 36.62634    1075.634    1370.190  856.687  287.430   86.221   -0.929   10.256 0.00000e+00
  137    18.30000   -97.29025 36.62904    1022.495    1317.382  862.062  287.940   83.876   -0.742   10.250 0.00000e+00
  138    18.31667   -97.28735 36.63171     987.174    1282.025  865.705  288.294   82.422   -0.371   10.262 0.00000e+00
  139    18.33333   -97.28455 36.63437     977.850    1272.217  866.740  288.390   81.895    0.082   10.248 0.00000e+00
  140    18.35000   -97.28179 36.63701     995.684    1289.384  864.988  288.221   82.687    0.515   10.255 0.00000e+00
  141    18.36667   -97.27904 36.63964    1035.733    1329.003  860.924  287.821   84.621    0.839   10.275 0.00000e+00
  142    18.38333   -97.27626 36.64226    1091.192    1384.761  855.264  287.274   87.274    1.069   10.294 0.00000e+00
  143    18.40000   -97.27341 36.64491    1155.962    1449.853  848.737  286.650   90.319    1.209   10.306 0.00000e+00
  144    18.41667   -97.27048 36.64759    1224.921    1519.846  841.570  285.968   93.701    1.251   10.311 0.00000e+00
  145    18.43333   -97.26740 36.65030    1291.326    1588.906  834.755  285.314   97.125    1.306   10.319 0.00000e+00
  146    18.45000   -97.26420 36.65307    1356.014    1655.060  828.258  284.747  100.000    1.111   10.322 4.44614e-02
  147    18.46667   -97.26086 36.65595    1420.177    1719.033  822.007  284.513  100.000    0.666   10.252 2.13520e-01
  148    18.48333   -97.25742 36.65904    1475.344    1772.938  816.709  284.278  100.000   -0.032   10.159 3.18027e-01
  149    18.50000   -97.25406 36.66220    1493.338    1789.728  815.028  284.183  100.000   -0.831   10.105 2.88253e-01
  150    18.51667   -97.25101 36.66517    1476.332    1772.223  816.714  284.232   99.693   -1.286   10.076 1.39832e-01
  151    18.53333   -97.24851 36.66807    1438.655    1734.052  820.519  284.496   99.534   -1.090   10.191 1.15049e-01
  152    18.55000   -97.24682 36.67108    1399.275    1693.901  824.431  284.955  100.000   -0.976   10.519 2.87990e-01
  153    18.56667   -97.24562 36.67426    1366.217    1660.454  827.686  284.934   98.654    0.782   10.309 2.70265e-02
  154    18.58333   -97.24496 36.67779    1371.321    1665.448  827.270  284.852   97.746    1.324   10.163 3.81816e-03
  155    18.60000   -97.24406 36.68110    1430.232    1724.441  821.443  284.402   99.031    0.965   10.065 2.55450e-02
  156    18.61667   -97.24333 36.68410    1479.003    1773.567  816.668  284.039   98.877    0.575    9.866 2.50037e-02
  157    18.63333   -97.24277 36.68712    1517.166    1812.041  812.947  283.672  100.000   -0.280    9.782 2.93903e-02
  158    18.65000   -97.24215 36.69056    1517.857    1813.485  812.790  283.802   99.821   -1.005    9.850 8.27748e-02
  159    18.66667   -97.24129 36.69433    1492.310    1788.886  815.173  283.915   99.755   -1.039    9.889 7.49398e-03
  160    18.68333   -97.24042 36.69837    1449.281    1746.374  819.387  284.280   96.966   -1.163    9.799 0.00000e+00
  161    18.70000   -97.23938 36.70265    1369.135    1666.324  827.247  284.960   95.054   -1.920    9.955 0.00000e+00
  162    18.71667   -97.23778 36.70686    1242.304    1539.810  839.755  286.167   89.364   -2.551    9.985 0.00000e+00
  163    18.73333   -97.23547 36.71071    1145.163    1442.842  849.477  287.088   85.411   -1.868   10.021 0.00000e+00
  164    18.75000   -97.23297 36.71438    1091.699    1389.843  854.850  287.608   83.464   -0.932   10.066 0.00000e+00
  165    18.76667   -97.23053 36.71796    1069.260    1367.597  857.107  287.743   83.736   -0.296   10.161 0.00000e+00
  166    18.78333   -97.22801 36.72152    1066.816    1364.904  857.361  287.660   85.190   -0.047   10.279 0.00000e+00
  167    18.80000   -97.22538 36.72512    1064.666    1363.074  857.487  287.556   87.035   -0.008   10.429 0.00000e+00
  168    18.81667   -97.22284 36.72874    1044.691    1343.538  859.535  287.604   88.539   -0.535   10.617 0.00000e+00
  169    18.83333   -97.22050 36.73220    1013.856    1312.885  862.683  287.806   88.558   -0.507   10.720 0.00000e+00
  170    18.85000   -97.21829 36.73542     997.603    1296.871  864.304  287.915   88.197   -0.175   10.732 0.00000e+00
  171    18.86667   -97.21632 36.73852     993.155    1292.630  864.730  288.006   87.414    0.017   10.695 0.00000e+00
  172    18.88333   -97.21468 36.74152    1000.397    1300.523  863.901  288.030   86.558    0.440   10.617 0.00000e+00
  173    18.90000   -97.21326 36.74441    1028.706    1329.362  861.000  287.806   87.251    0.752   10.583 0.00000e+00
  174    18.91667   -97.21190 36.74726    1074.584    1375.653  856.267  287.407   88.534    0.845   10.521 0.00000e+00
  175    18.93333   -97.21050 36.75022    1135.889    1437.409  850.024  286.920   89.581    0.893   10.388 0.00000e+00
  176    18.95000   -97.20898 36.75339    1205.900    1507.972  842.927  286.373   90.604    1.064   10.223 0.00000e+00
  177    18.96667   -97.20744 36.75676    1258.804    1562.280  837.491  285.850   92.884    1.055   10.191 0.00000e+00
  178    18.98333   -97.20580 36.76014    1280.416    1586.330  835.102  285.630   94.283    0.705   10.225 4.17707e-05
