    0    16.01667   -97.46378 36.25191      43.427     404.784  959.244  292.736   85.766   -0.568   12.782 0.00000e+00
    1    16.03333   -97.46529 36.25489      24.920     385.306  961.365  292.967   84.801   -0.307   12.793 0.00000e+00
    2    16.05000   -97.46704 36.25708      15.718     376.402  962.306  293.143   84.169   -0.147   12.826 0.00000e+00
    3    16.06667   -97.46873 36.25880      17.064     377.992  962.137  293.201   84.094    0.127   12.864 0.00000e+00
    4    16.08333   -97.46988 36.26048      29.211     388.936  960.869  293.157   84.563    0.323   12.917 0.00000e+00
    5    16.10000   -97.47086 36.26226      50.447     408.034  958.709  292.968   85.480    0.504   12.933 0.00000e+00
    6    16.11667   -97.47196 36.26411      79.797     435.088  955.679  292.701   86.662    0.641   12.935 0.00000e+00
    7    16.13333   -97.47294 36.26623     113.905     467.323  952.055  292.357   88.112    0.715   12.920 0.00000e+00
    8    16.15000   -97.47346 36.26859     152.234     504.062  948.068  292.012   89.662    0.847   12.919 0.00000e+00
    9    16.16667   -97.47339 36.27105     201.731     551.970  942.821  291.547   91.625    0.982   12.892 0.00000e+00
   10    16.18333   -97.47282 36.27366     261.175     610.869  936.332  290.985   93.802    1.228   12.825 0.00000e+00
   11    16.20000   -97.47192 36.27643     323.341     672.752  929.636  290.394   96.597    0.899   12.812 0.00000e+00
   12    16.21667   -97.47084 36.27939     364.917     713.778  925.131  290.007   98.355    0.419   12.789 6.45810e-05
   13    16.23333   -97.46969 36.28254     383.054     733.104  923.004  289.827   99.033    0.156   12.759 1.96380e-03
   14    16.25000   -97.46851 36.28584     382.204     734.194  922.908  289.810   99.008   -0.178   12.743 9.52258e-04
   15    16.26667   -97.46755 36.28929     365.947     719.246  924.660  289.969   98.145   -0.483   12.738 6.79008e-07
   16    16.28333   -97.46700 36.29274     350.495     702.564  926.474  290.150   97.228   -0.283   12.740 0.00000e+00
   17    16.30000   -97.46683 36.29610     343.495     694.599  927.317  290.265   96.437   -0.157   12.718 0.00000e+00
   18    16.31667   -97.46687 36.29936     345.366     697.020  927.014  290.270   96.214    0.064   12.697 0.00000e+00
   19    16.33333   -97.46716 36.30245     352.010     704.706  926.185  290.201   96.473    0.161   12.687 0.00000e+00
   20    16.35000   -97.46767 36.30536     355.683     709.277  925.720  290.156   96.676    0.231   12.683 0.00000e+00
   21    16.36667   -97.46841 36.30837     374.426     726.357  923.796  289.985   97.564    0.926   12.687 0.00000e+00
   22    16.38333   -97.46892 36.31156     432.417     781.547  917.792  289.535   99.533    1.549   12.658 8.36861e-03
   23    16.40000   -97.46864 36.31472     508.153     854.336  909.983  289.154  100.000    1.340   12.533 1.25969e-01
   24    16.41667   -97.46750 36.31782     560.253     904.135  904.681  288.946  100.000    0.377   12.440 2.50790e-01
   25    16.43333   -97.46597 36.32080     563.917     906.290  904.469  288.939  100.000   -0.403   12.438 2.60901e-01
   26    16.45000   -97.46455 36.32361     536.619     877.146  907.564  289.065  100.000   -0.827   12.497 1.88542e-01
   27    16.46667   -97.46349 36.32622     495.189     833.577  912.201  289.260  100.000   -0.887   12.573 5.70632e-02
   28    16.48333   -97.46281 36.32873     450.867     786.967  917.201  289.638   98.299   -0.591   12.592 5.15650e-04
   29    16.50000   -97.46241 36.33122     409.106     741.776  922.228  290.079   96.149   -0.365   12.600 0.00000e+00
   30    16.51667   -97.46208 36.33369     368.168     696.294  927.192  290.536   93.928   -0.629   12.605 0.00000e+00
   31    16.53333   -97.46190 36.33616     323.037     646.457  932.649  291.033   91.558   -0.827   12.607 0.00000e+00
   32    16.55000   -97.46196 36.33853     271.739     591.267  938.384  291.554   89.117   -0.948   12.605 0.00000e+00
   33    16.56667   -97.46236 36.34077     216.845     537.848  944.239  292.070   86.891   -0.888   12.617 0.00000e+00
   34    16.58333   -97.46298 36.34293     172.267     495.068  948.910  292.512   84.899   -0.376   12.613 0.00000e+00
   35    16.60000   -97.46363 36.34516     153.617     478.306  950.747  292.690   84.153    0.063   12.617 0.00000e+00
   36    16.61667   -97.46407 36.34744     145.795     471.640  951.613  292.811   83.885    0.032   12.662 0.00000e+00
   37    16.63333   -97.46434 36.34976     134.948     460.442  952.841  292.942   83.428   -0.199   12.680 0.00000e+00
   38    16.65000   -97.46468 36.35213     113.041     438.213  955.296  293.146   82.529   -0.354   12.672 0.00000e+00
   39    16.66667   -97.46530 36.35445      87.520     412.535  958.154  293.371   81.579   -0.271   12.665 0.00000e+00
   40    16.68333   -97.46631 36.35664      70.201     394.046  960.235  293.552   80.895   -0.031   12.674 0.00000e+00
   41    16.70000   -97.46762 36.35855      67.584     390.026  960.673  293.597   80.804    0.058   12.689 0.00000e+00
   42    16.71667   -97.46909 36.36028      67.510     388.663  960.807  293.626   80.784   -0.046   12.707 0.00000e+00
   43    16.73333   -97.47054 36.36191      67.709     387.469  960.937  293.723   80.554    0.075   12.746 0.00000e+00
   44    16.75000   -97.47178 36.36370      80.999     399.849  959.352  293.693   80.844    0.280   12.790 0.00000e+00
   45    16.76667   -97.47273 36.36583     105.132     425.499  956.534  293.488   81.753    0.359   12.807 0.00000e+00
   46    16.78333   -97.47354 36.36815     130.040     451.915  953.615  293.257   82.712    0.361   12.811 0.00000e+00
   47    16.80000   -97.47435 36.37054     152.816     476.023  950.926  293.025   83.585    0.372   12.796 0.00000e+00
   48    16.81667   -97.47512 36.37288     172.346     497.089  948.595  292.819   84.366    0.316   12.782 0.00000e+00
   49    16.83333   -97.47592 36.37522     182.634     509.615  947.295  292.675   84.895    0.089   12.764 0.00000e+00
   50    16.85000   -97.47675 36.37746     183.420     512.933  946.920  292.652   85.038   -0.015   12.772 0.00000e+00
   51    16.86667   -97.47755 36.37956     176.630     508.704  947.402  292.700   84.845   -0.230   12.775 0.00000e+00
   52    16.88333   -97.47830 36.38155     162.481     496.174  948.804  292.821   84.339   -0.410   12.776 0.00000e+00
   53    16.90000   -97.47913 36.38341     148.858     483.331  950.137  292.953   83.770   -0.265   12.777 0.00000e+00
   54    16.91667   -97.47993 36.38522     139.742     474.744  951.048  293.061   83.356   -0.216   12.788 0.00000e+00
   55    16.93333   -97.48070 36.38706     133.902     469.316  951.597  293.129   83.110   -0.182   12.798 0.00000e+00
   56    16.95000   -97.48142 36.38900     132.889     468.723  951.716  293.175   82.975   -0.030   12.812 0.00000e+00
   57    16.96667   -97.48214 36.39104     136.618     473.068  951.196  293.167   83.079    0.085   12.829 0.00000e+00
   58    16.98333   -97.48279 36.39322     141.683     478.974  950.533  293.163   83.193    0.118   12.852 0.00000e+00
   59    17.00000   -97.48328 36.39552     145.308     483.743  950.026  293.151   83.354    0.016   12.874 0.00000e+00
   60    17.01667   -97.48353 36.39798     143.668     482.180  950.330  293.214   83.117   -0.134   12.884 0.00000e+00
   61    17.03333   -97.48352 36.40054     132.051     469.516  951.731  293.366   82.441   -0.448   12.882 0.00000e+00
   62    17.05000   -97.48341 36.40302     106.655     443.125  954.616  293.639   81.237   -0.654   12.873 0.00000e+00
   63    17.06667   -97.48334 36.40520      78.161     413.646  957.961  293.931   79.902   -0.441   12.848 0.00000e+00
   64    17.08333   -97.48341 36.40704      60.094     394.308  960.078  294.131   79.043   -0.204   12.840 0.00000e+00
   65    17.10000   -97.48356 36.40865      51.256     384.327  961.202  294.269   78.569   -0.093   12.857 0.00000e+00
   66    17.11667   -97.48380 36.41013      45.469     377.502  961.922  294.401   78.162   -0.096   12.887 0.00000e+00
   67    17.13333   -97.48416 36.41153      39.770     370.827  962.665  294.549   77.730   -0.106   12.923 0.00000e+00
   68    17.15000   -97.48459 36.41291      33.047     363.151  963.564  294.709   77.244   -0.148   12.958 0.00000e+00
   69    17.16667   -97.48489 36.41430      25.742     354.903  964.439  294.938   76.598   -0.145   13.021 0.00000e+00
   70    17.18333   -97.48508 36.41576      20.390     348.553  965.160  295.172   75.908   -0.063   13.081 0.00000e+00
   71    17.20000   -97.48518 36.41738      17.935     344.973  965.543  295.302   75.366   -0.023   13.087 0.00000e+00
   72    17.21667   -97.48524 36.41912      16.887     342.708  965.769  295.363   74.985   -0.002   13.067 0.00000e+00
   73    17.23333   -97.48538 36.42086      16.761     341.357  965.931  295.435   74.509    0.006   13.040 0.00000e+00
   74    17.25000   -97.48557 36.42258      15.999     339.395  966.163  295.499   74.235    0.006   13.039 0.00000e+00
   75    17.26667   -97.48581 36.42428      16.088     338.285  966.301  295.580   74.021    0.009   13.065 0.00000e+00
   76    17.28333   -97.48606 36.42599      17.872     338.926  966.204  295.685   73.789    0.069   13.110 0.00000e+00
   77    17.30000   -97.48616 36.42777      24.566     344.420  965.597  295.777   73.617    0.184   13.162 0.00000e+00
   78    17.31667   -97.48610 36.42963      39.058     357.626  964.065  295.663   73.986    0.365   13.157 0.00000e+00
   79    17.33333   -97.48588 36.43161      64.853     383.789  961.090  295.417   74.851    0.633   13.151 0.00000e+00
   80    17.35000   -97.48552 36.43364     100.090     419.980  957.124  294.991   76.298    0.757   13.113 0.00000e+00
   81    17.36667   -97.48508 36.43572     132.682     453.333  953.492  294.581   77.674    0.592   13.066 0.00000e+00
   82    17.38333   -97.48474 36.43794     157.954     479.276  950.704  294.265   78.635    0.555   13.009 0.00000e+00
   83    17.40000   -97.48468 36.44032     186.727     507.384  947.652  293.901   79.686    0.872   12.929 0.00000e+00
   84    17.41667   -97.48488 36.44283     237.837     557.601  942.137  293.358   81.619    1.427   12.878 0.00000e+00
   85    17.43333   -97.48517 36.44525     314.860     633.806  933.884  292.571   84.713    1.925   12.837 0.00000e+00
   86    17.45000   -97.48527 36.44740     404.707     722.733  924.245  291.643   88.495    2.006   12.781 0.00000e+00
   87    17.46667   -97.48499 36.44930     490.136     807.053  915.220  290.776   92.371    1.580   12.753 0.00000e+00
   88    17.48333   -97.48437 36.45107     557.354     872.961  908.203  290.117   95.456    1.038   12.734 0.00000e+00
   89    17.50000   -97.48331 36.45278     591.457     905.477  904.757  289.792   97.163    0.512   12.744 0.00000e+00
   90    17.51667   -97.48189 36.45453     589.785     901.869  905.161  289.837   96.637   -0.070   12.707 0.00000e+00
   91    17.53333   -97.48026 36.45643     566.560     876.481  907.852  290.103   95.048   -0.379   12.674 0.00000e+00
   92    17.55000   -97.47869 36.45851     533.547     841.354  911.545  290.458   93.032   -0.537   12.638 0.00000e+00
   93    17.56667   -97.47723 36.46070     497.977     804.408  915.390  290.827   91.059   -0.527   12.611 0.00000e+00
   94    17.58333   -97.47600 36.46299     462.072     767.903  919.276  291.200   89.066   -0.506   12.576 0.00000e+00
   95    17.60000   -97.47503 36.46542     422.858     728.671  923.482  291.596   87.048   -0.657   12.546 0.00000e+00
   96    17.61667   -97.47438 36.46801     372.494     678.236  928.917  292.109   84.639   -1.102   12.526 0.00000e+00
   97    17.63333   -97.47396 36.47073     301.277     606.844  936.634  292.823   81.746   -1.423   12.548 0.00000e+00
   98    17.65000   -97.47361 36.47352     222.002     527.016  945.334  293.610   78.786   -1.465   12.585 0.00000e+00
   99    17.66667   -97.47324 36.47636     149.289     453.481  953.418  294.327   76.091   -1.029   12.600 0.00000e+00
  100    17.68333   -97.47292 36.47932     100.525     403.763  958.879  294.842   74.094   -0.576   12.594 0.00000e+00
  101    17.70000   -97.47253 36.48254      78.082     380.297  961.485  295.045   73.082   -0.173   12.544 0.00000e+00
  102    17.71667   -97.47188 36.48612      81.637     382.487  961.234  295.425   72.454    0.536   12.735 0.00000e+00
  103    17.73333   -97.47148 36.49008     127.628     428.263  956.062  295.076   73.889    1.275   12.780 0.00000e+00
  104    17.75000   -97.47184 36.49320     213.414     515.631  946.539  294.143   76.905    0.944   12.683 0.00000e+00
  105    17.76667   -97.47211 36.49546     267.591     570.947  940.549  293.686   78.475    0.648   12.659 0.00000e+00
  106    17.78333   -97.47211 36.49747     295.033     598.719  937.598  293.377   79.581    0.277   12.633 0.00000e+00
  107    17.80000   -97.47188 36.49954     302.446     605.477  936.857  293.359   79.660    0.095   12.641 0.00000e+00
  108    17.81667   -97.47160 36.50185     305.652     607.978  936.568  293.351   79.634    0.145   12.635 0.00000e+00
  109    17.83333   -97.47148 36.50431     296.117     597.755  937.643  293.415   79.161   -0.138   12.595 0.00000e+00
  110    17.85000   -97.47152 36.50684     254.594     555.341  942.275  293.836   77.423   -0.763   12.584 0.00000e+00
  111    17.86667   -97.47107 36.50940     191.664     491.340  949.208  294.418   74.646   -1.039   12.487 0.00000e+00
  112    17.88333   -97.47009 36.51179     142.624     441.283  954.678  294.862   72.785   -0.624   12.442 0.00000e+00
  113    17.90000   -97.46877 36.51393     132.898     431.993  955.525  294.978   72.424    0.098   12.458 0.00000e+00
  114    17.91667   -97.46732 36.51585     145.811     447.642  953.820  294.887   72.784    0.172   12.472 0.00000e+00
  115    17.93333   -97.46593 36.51756     149.142     453.275  953.213  294.880   73.022   -0.087   12.516 0.00000e+00
  116    17.95000   -97.46462 36.51912     140.150     446.208  953.963  294.942   72.946   -0.098   12.540 0.00000e+00
  117    17.96667   -97.46329 36.52060     138.835     446.602  953.983  294.953   72.936    0.313   12.547 0.00000e+00
  118    17.98333   -97.46214 36.52231     161.562     470.752  951.346  294.757   73.838    0.623   12.584 0.00000e+00
  119    18.00000   -97.46121 36.52422     206.728     516.935  946.338  294.421   75.461    1.024   12.664 0.00000e+00
  120    18.01667   -97.46056 36.52626     280.229     591.454  938.235  293.685   78.476    1.222   12.691 0.00000e+00
  121    18.03333   -97.46005 36.52829     363.634     675.831  929.124  292.874   81.823    1.296   12.702 0.00000e+00
  122    18.05000   -97.45963 36.53055     442.429     755.681  920.542  292.094   84.959    1.065   12.676 0.00000e+00
  123    18.06667   -97.45924 36.53296     505.731     820.057  913.723  291.456   87.306    0.914   12.606 0.00000e+00
  124    18.08333   -97.45890 36.53538     559.067     874.354  907.998  290.927   89.041    0.848   12.511 0.00000e+00
  125    18.10000   -97.45854 36.53782     604.596     920.706  903.129  290.492   90.169    0.673   12.391 0.00000e+00
  126    18.11667   -97.45827 36.54026     634.843     950.879  899.992  290.215   90.552    0.396   12.268 0.00000e+00
  127    18.13333   -97.45807 36.54265     653.057     968.793  898.130  290.059   91.252    0.225   12.266 0.00000e+00
  128    18.15000   -97.45796 36.54501     664.526     980.051  896.910  289.968   92.490    0.135   12.377 0.00000e+00
  129    18.16667   -97.45815 36.54734     673.393     988.781  896.013  289.916   93.445    0.077   12.476 0.00000e+00
  130    18.18333   -97.45865 36.54962     681.353     996.598  895.135  289.854   93.989    0.085   12.511 0.00000e+00
  131    18.20000   -97.45918 36.55182     699.335    1014.394  893.280  289.693   94.889    0.457   12.527 0.00000e+00
  132    18.21667   -97.45955 36.55390     720.580    1035.339  891.107  289.486   95.825    0.424   12.515 0.00000e+00
  133    18.23333   -97.45972 36.55595     722.156    1036.922  890.881  289.450   95.988   -0.263   12.510 0.00000e+00
  134    18.25000   -97.45980 36.55797     677.215     992.380  895.513  289.880   93.591   -1.215   12.474 0.00000e+00
  135    18.26667   -97.45987 36.55999     587.177     902.720  904.967  290.762   89.068   -1.858   12.426 0.00000e+00
  136    18.28333   -97.45996 36.56198     472.382     788.304  917.081  291.876   83.849   -2.106   12.387 0.00000e+00
  137    18.30000   -97.45998 36.56392     358.323     674.280  929.338  292.997   79.017   -2.006   12.358 0.00000e+00
  138    18.31667   -97.45982 36.56582     251.971     567.309  940.917  294.066   74.487   -1.846   12.299 0.00000e+00
  139    18.33333   -97.45951 36.56769     151.006     465.755  951.940  295.070   70.507   -1.566   12.244 0.00000e+00
  140    18.35000   -97.45942 36.56953      74.893     389.056  960.335  295.815   67.727   -0.880   12.204 0.00000e+00
  141    18.36667   -97.45975 36.57137      36.969     350.437  964.620  296.190   66.481   -0.353   12.203 0.00000e+00
  142    18.38333   -97.46058 36.57314      25.787     338.404  965.944  296.799   65.573   -0.008   12.476 0.00000e+00
  143    18.40000   -97.46157 36.57468      27.655     339.682  965.816  296.841   65.235    0.093   12.445 0.00000e+00
  144    18.41667   -97.46230 36.57613      38.801     350.382  964.622  297.042   65.232    0.351   12.614 0.00000e+00
  145    18.43333   -97.46265 36.57759      73.958     385.041  960.811  296.700   66.249    0.935   12.596 0.00000e+00
  146    18.45000   -97.46287 36.57915     150.884     461.409  952.484  295.904   68.783    1.798   12.566 0.00000e+00
  147    18.46667   -97.46299 36.58082     239.796     549.789  942.816  294.962   71.728    1.506   12.494 0.00000e+00
  148    18.48333   -97.46294 36.58270     313.319     622.799  934.916  294.229   73.845    1.425   12.397 0.00000e+00
  149    18.50000   -97.46276 36.58475     399.636     708.486  925.693  293.354   76.530    1.566   12.289 0.00000e+00
  150    18.51667   -97.46184 36.58694     485.363     793.169  916.600  292.386   80.307    1.354   12.258 0.00000e+00
  151    18.53333   -97.46051 36.58918     551.410     858.232  909.655  291.713   82.631    0.409   12.182 0.00000e+00
  152    18.55000   -97.45958 36.59161     579.421     885.791  906.745  291.495   82.111   -0.143   11.978 0.00000e+00
  153    18.56667   -97.45886 36.59403     586.170     892.203  906.081  291.517   80.705   -0.337   11.797 0.00000e+00
  154    18.58333   -97.45815 36.59640     572.433     878.256  907.573  291.739   78.582   -0.515   11.631 0.00000e+00
  155    18.60000   -97.45743 36.59874     543.374     849.404  910.609  292.057   76.418   -0.719   11.500 0.00000e+00
  156    18.61667   -97.45667 36.60103     502.290     808.750  914.850  292.435   74.900   -0.826   11.490 0.00000e+00
  157    18.63333   -97.45592 36.60323     452.474     759.513  920.125  292.904   72.958   -0.928   11.459 0.00000e+00
  158    18.65000   -97.45515 36.60532     396.025     703.605  926.085  293.384   71.745   -1.021   11.537 0.00000e+00
  159    18.66667   -97.45439 36.60727     340.719     648.153  932.073  293.912   69.943   -0.914   11.548 0.00000e+00
  160    18.68333   -97.45366 36.60911     288.053     595.248  937.760  294.419   67.993   -0.824   11.515 0.00000e+00
  161    18.70000   -97.45302 36.61081     240.607     547.488  942.928  294.892   66.517   -0.917   11.535 0.00000e+00
  162    18.71667   -97.45251 36.61232     179.744     486.285  949.616  295.494   64.516   -1.275   11.529 0.00000e+00
  163    18.73333   -97.45213 36.61371     104.711     410.981  957.828  296.223   62.382   -1.098   11.556 0.00000e+00
  164    18.75000   -97.45181 36.61513      55.487     361.637  963.270  296.679   61.359   -0.688   11.621 0.00000e+00
  165    18.76667   -97.45166 36.61657      22.942     328.912  966.881  297.216   60.235   -0.408   11.744 0.00000e+00
  166    18.78333   -97.45206 36.61793       9.506     315.168  968.349  297.617   59.285   -0.091   11.825 0.00000e+00
  167    18.80000   -97.45284 36.61934       8.959     314.248  968.412  298.091   58.983    0.074   12.107 0.00000e+00
  168    18.81667   -97.45317 36.62059      18.417     323.484  967.450  298.125   59.680    0.283   12.287 0.00000e+00
  169    18.83333   -97.45327 36.62191      45.017     349.915  964.550  297.686   60.956    0.781   12.258 0.00000e+00
  170    18.85000   -97.45352 36.62341      89.907     394.577  959.611  297.017   62.605    0.831   12.151 0.00000e+00
  171    18.86667   -97.45423 36.62513     117.331     421.682  956.654  296.609   63.564    0.327   12.072 0.00000e+00
  172    18.88333   -97.45525 36.62693     124.726     428.725  955.866  296.418   63.845   -0.016   11.995 0.00000e+00
  173    18.90000   -97.45628 36.62872     121.526     425.224  956.260  296.406   63.618   -0.130   11.938 0.00000e+00
  174    18.91667   -97.45719 36.63057     115.503     418.998  956.906  296.468   63.400   -0.176   11.934 0.00000e+00
  175    18.93333   -97.45811 36.63261     118.613     421.996  956.542  296.441   63.532   -0.105   11.944 0.00000e+00
  176    18.95000   -97.45908 36.63490     142.389     445.655  953.965  296.241   64.172    0.419   11.950 0.00000e+00
  177    18.96667   -97.45994 36.63733     200.484     503.637  947.671  295.786   65.509    1.285   11.943 0.00000e+00
  178    18.98333   -97.46037 36.63977     298.921     602.178  936.968  294.878   68.506    1.728   11.946 0.00000e+00
