    0    16.01667   -97.46455 36.23815      70.001     442.893  954.883  292.307   88.245    0.126   12.860 0.00000e+00
    1    16.03333   -97.46552 36.24040      78.349     450.664  953.995  292.234   88.555    0.168   12.858 0.00000e+00
    2    16.05000   -97.46623 36.24274      88.612     460.222  952.995  292.156   88.941    0.125   12.864 0.00000e+00
    3    16.06667   -97.46677 36.24498      98.751     469.616  951.964  292.083   89.304    0.129   12.872 0.00000e+00
    4    16.08333   -97.46713 36.24710     112.580     482.496  950.556  291.976   89.755    0.187   12.869 0.00000e+00
    5    16.10000   -97.46735 36.24918     120.775     489.067  949.842  291.937   89.910    0.444   12.869 0.00000e+00
    6    16.11667   -97.46736 36.25127     133.613     500.044  948.648  291.851   90.283    0.229   12.869 0.00000e+00
    7    16.13333   -97.46719 36.25335     143.774     508.091  947.730  291.825   90.193   -0.046   12.848 0.00000e+00
    8    16.15000   -97.46691 36.25538     149.204     511.302  947.417  291.876   89.629   -0.132   12.813 0.00000e+00
    9    16.16667   -97.46659 36.25743     156.197     516.005  946.854  291.859   89.628    0.215   12.807 0.00000e+00
   10    16.18333   -97.46581 36.25957     168.908     525.939  945.737  291.786   90.051    0.460   12.824 0.00000e+00
   11    16.20000   -97.46467 36.26183     166.795     520.844  946.276  291.891   89.672   -0.073   12.847 0.00000e+00
   12    16.21667   -97.46375 36.26434     134.441     485.583  950.148  292.261   87.900   -0.461   12.837 0.00000e+00
   13    16.23333   -97.46331 36.26714      98.747     446.991  954.420  292.673   85.849   -0.530   12.808 0.00000e+00
   14    16.25000   -97.46339 36.27011      76.737     422.373  957.125  292.944   84.685   -0.009   12.815 0.00000e+00
   15    16.26667   -97.46352 36.27309      90.829     434.741  955.729  292.900   84.972    0.684   12.842 0.00000e+00
   16    16.28333   -97.46329 36.27589     141.026     484.032  950.281  292.475   86.984    1.206   12.873 0.00000e+00
   17    16.30000   -97.46264 36.27862     215.527     557.187  942.232  291.759   90.353    1.139   12.892 0.00000e+00
   18    16.31667   -97.46165 36.28119     278.225     619.827  935.275  291.164   93.187    0.747   12.901 0.00000e+00
   19    16.33333   -97.46045 36.28372     318.439     661.731  930.763  290.769   94.913    0.353   12.877 0.00000e+00
   20    16.35000   -97.45914 36.28622     344.445     688.930  927.835  290.506   95.921    0.117   12.839 0.00000e+00
   21    16.36667   -97.45772 36.28871     362.459     706.913  926.001  290.353   96.398    0.053   12.803 0.00000e+00
   22    16.38333   -97.45632 36.29121     373.246     715.305  925.102  290.285   96.518   -0.101   12.776 0.00000e+00
   23    16.40000   -97.45502 36.29379     375.037     714.879  925.136  290.288   96.432   -0.099   12.767 0.00000e+00
   24    16.41667   -97.45387 36.29651     368.328     706.352  925.991  290.391   95.653   -0.159   12.735 0.00000e+00
   25    16.43333   -97.45279 36.29938     358.810     697.064  926.942  290.504   94.749   -0.311   12.693 0.00000e+00
   26    16.45000   -97.45180 36.30237     350.199     689.538  927.708  290.583   94.207   -0.262   12.673 0.00000e+00
   27    16.46667   -97.45084 36.30544     344.475     685.244  928.200  290.623   94.014   -0.063   12.673 0.00000e+00
   28    16.48333   -97.44994 36.30857     346.529     687.546  927.998  290.605   94.072   -0.085   12.668 0.00000e+00
   29    16.50000   -97.44913 36.31158     342.038     683.069  928.503  290.654   93.798   -0.261   12.664 0.00000e+00
   30    16.51667   -97.44850 36.31445     318.662     658.973  931.200  290.892   92.672   -0.494   12.666 0.00000e+00
   31    16.53333   -97.44820 36.31716     278.459     617.285  935.699  291.307   90.709   -0.622   12.667 0.00000e+00
   32    16.55000   -97.44826 36.31986     239.681     577.170  940.002  291.736   88.679   -0.277   12.665 0.00000e+00
   33    16.56667   -97.44848 36.32266     218.843     554.585  942.487  292.013   87.541    0.109   12.690 0.00000e+00
   34    16.58333   -97.44861 36.32561     215.939     549.182  943.123  292.115   87.235    0.040   12.718 0.00000e+00
   35    16.60000   -97.44862 36.32876     215.612     546.204  943.438  292.154   87.167   -0.186   12.735 0.00000e+00
   36    16.61667   -97.44865 36.33200     212.595     540.600  944.083  292.210   86.971   -0.183   12.743 0.00000e+00
   37    16.63333   -97.44888 36.33519     205.695     531.152  945.045  292.285   86.513   -0.282   12.723 0.00000e+00
   38    16.65000   -97.44926 36.33829     190.598     513.437  946.958  292.464   85.650   -0.437   12.712 0.00000e+00
   39    16.66667   -97.44972 36.34127     171.454     491.812  949.401  292.679   84.697   -0.462   12.708 0.00000e+00
   40    16.68333   -97.45019 36.34419     155.889     474.034  951.324  292.848   83.997   -0.230   12.712 0.00000e+00
   41    16.70000   -97.45066 36.34715     141.269     457.681  953.102  293.006   83.353   -0.276   12.716 0.00000e+00
   42    16.71667   -97.45101 36.35012     118.325     434.524  955.665  293.237   82.404   -0.382   12.720 0.00000e+00
   43    16.73333   -97.45128 36.35305      94.916     410.885  958.259  293.486   81.443   -0.261   12.734 0.00000e+00
   44    16.75000   -97.45149 36.35593      81.018     397.114  959.725  293.637   80.852   -0.170   12.741 0.00000e+00
   45    16.76667   -97.45182 36.35881      71.308     388.381  960.685  293.782   80.343   -0.119   12.763 0.00000e+00
   46    16.78333   -97.45218 36.36167      63.334     381.207  961.463  293.928   79.908   -0.085   12.799 0.00000e+00
   47    16.80000   -97.45262 36.36450      57.757     377.012  961.858  294.102   79.501   -0.025   12.867 0.00000e+00
   48    16.81667   -97.45313 36.36724      55.740     377.499  961.820  294.232   79.256    0.120   12.932 0.00000e+00
   49    16.83333   -97.45368 36.36992      59.560     383.956  961.102  294.215   79.417    0.192   12.955 0.00000e+00
   50    16.85000   -97.45420 36.37250      73.031     400.113  959.345  294.237   79.722    0.580   13.046 0.00000e+00
   51    16.86667   -97.45474 36.37506      94.000     423.700  956.726  293.931   80.745    0.635   13.001 0.00000e+00
   52    16.88333   -97.45529 36.37763     121.337     453.509  953.406  293.582   81.965    0.751   12.959 0.00000e+00
   53    16.90000   -97.45583 36.38026     158.949     493.224  949.081  293.127   83.680    0.825   12.918 0.00000e+00
   54    16.91667   -97.45625 36.38292     199.996     534.707  944.515  292.691   85.444    0.823   12.897 0.00000e+00
   55    16.93333   -97.45654 36.38554     249.030     584.027  939.128  292.163   87.695    0.780   12.879 0.00000e+00
   56    16.95000   -97.45659 36.38813     301.054     636.427  933.394  291.596   90.095    0.753   12.846 0.00000e+00
   57    16.96667   -97.45622 36.39077     354.747     691.208  927.458  291.074   92.243    0.782   12.806 0.00000e+00
   58    16.98333   -97.45524 36.39350     406.590     744.521  921.755  290.581   94.189    0.917   12.752 0.00000e+00
   59    17.00000   -97.45353 36.39622     450.586     790.191  916.833  290.166   95.936    0.522   12.717 0.00000e+00
   60    17.01667   -97.45130 36.39890     468.490     808.869  914.920  290.009   96.766    0.026   12.725 0.00000e+00
   61    17.03333   -97.44914 36.40150     458.171     797.291  916.265  290.165   96.074   -0.299   12.743 0.00000e+00
   62    17.05000   -97.44749 36.40404     432.195     768.536  919.452  290.489   94.537   -0.458   12.756 0.00000e+00
   63    17.06667   -97.44649 36.40649     399.368     732.356  923.367  290.862   92.549   -0.485   12.733 0.00000e+00
   64    17.08333   -97.44602 36.40884     366.817     696.908  927.180  291.210   90.716   -0.576   12.707 0.00000e+00
   65    17.10000   -97.44612 36.41116     341.378     669.096  930.193  291.509   89.506   -0.521   12.736 0.00000e+00
   66    17.11667   -97.44645 36.41349     338.437     664.126  930.680  291.628   89.185    0.192   12.779 0.00000e+00
   67    17.13333   -97.44671 36.41586     360.497     684.678  928.472  291.453   90.005    0.592   12.785 0.00000e+00
   68    17.15000   -97.44662 36.41818     396.212     718.653  924.796  291.148   91.525    0.753   12.803 0.00000e+00
   69    17.16667   -97.44611 36.42035     435.598     756.207  920.712  290.820   93.250    0.655   12.833 0.00000e+00
   70    17.18333   -97.44512 36.42217     467.375     786.454  917.460  290.542   94.227   -0.283   12.785 0.00000e+00
   71    17.20000   -97.44357 36.42373     465.565     783.559  917.726  290.638   92.635   -0.733   12.643 0.00000e+00
   72    17.21667   -97.44169 36.42518     435.978     753.019  920.976  290.990   89.938   -0.978   12.507 0.00000e+00
   73    17.23333   -97.43974 36.42674     380.861     696.872  927.033  291.569   87.029   -1.486   12.473 0.00000e+00
   74    17.25000   -97.43803 36.42856     301.884     616.801  935.699  292.350   83.861   -1.512   12.508 0.00000e+00
   75    17.26667   -97.43679 36.43052     222.574     536.678  944.365  293.080   80.523   -1.635   12.457 0.00000e+00
   76    17.28333   -97.43590 36.43255     144.346     458.429  952.906  293.852   78.053   -1.195   12.556 0.00000e+00
   77    17.30000   -97.43502 36.43472      84.917     399.289  959.367  294.433   75.886   -0.739   12.570 0.00000e+00
   78    17.31667   -97.43401 36.43685      55.638     370.644  962.551  294.741   74.759   -0.296   12.579 0.00000e+00
   79    17.33333   -97.43304 36.43888      58.083     373.727  962.227  294.786   74.714    0.189   12.611 0.00000e+00
   80    17.35000   -97.43213 36.44097      78.471     394.520  959.932  294.645   75.255    0.701   12.622 0.00000e+00
   81    17.36667   -97.43120 36.44310     111.791     428.312  956.172  294.257   76.260    0.506   12.536 0.00000e+00
   82    17.38333   -97.43034 36.44530     136.279     453.241  953.437  294.026   77.146    0.332   12.538 0.00000e+00
   83    17.40000   -97.42962 36.44760     154.897     471.946  951.443  293.837   77.910    0.263   12.541 0.00000e+00
   84    17.41667   -97.42902 36.45000     178.773     495.240  948.910  293.652   78.670    0.366   12.551 0.00000e+00
   85    17.43333   -97.42859 36.45251     207.679     523.335  945.827  293.413   79.440    0.185   12.528 0.00000e+00
   86    17.45000   -97.42831 36.45511     216.934     531.380  945.026  293.368   79.481   -0.538   12.510 0.00000e+00
   87    17.46667   -97.42793 36.45770     202.698     514.164  946.982  293.625   78.603   -0.405   12.545 0.00000e+00
   88    17.48333   -97.42754 36.46032     199.932     508.176  947.594  293.677   78.323   -0.138   12.534 0.00000e+00
   89    17.50000   -97.42712 36.46300     197.034     502.008  948.187  293.752   77.386   -0.202   12.433 0.00000e+00
   90    17.51667   -97.42662 36.46579     200.061     504.612  947.882  293.794   77.229    0.282   12.445 0.00000e+00
   91    17.53333   -97.42602 36.46866     232.243     536.614  944.435  293.472   78.617    0.701   12.463 0.00000e+00
   92    17.55000   -97.42520 36.47161     274.390     578.103  939.918  292.968   80.772    0.442   12.467 0.00000e+00
   93    17.56667   -97.42418 36.47453     317.981     621.214  935.250  292.626   81.911    0.279   12.437 0.00000e+00
   94    17.58333   -97.42286 36.47751     345.325     647.547  932.405  292.455   82.207    0.180   12.386 0.00000e+00
   95    17.60000   -97.42136 36.48052     358.346     658.607  931.228  292.345   82.600   -0.087   12.375 0.00000e+00
   96    17.61667   -97.41981 36.48346     345.547     642.760  932.878  292.517   82.290   -0.664   12.441 0.00000e+00
   97    17.63333   -97.41850 36.48628     295.581     590.797  938.476  292.988   80.680   -1.166   12.488 0.00000e+00
   98    17.65000   -97.41783 36.48909     224.533     518.619  946.242  293.662   78.255   -1.363   12.529 0.00000e+00
   99    17.66667   -97.41775 36.49199     162.932     457.457  952.939  294.264   75.977   -0.852   12.539 0.00000e+00
  100    17.68333   -97.41777 36.49486     135.704     430.646  955.903  294.513   75.107   -0.306   12.548 0.00000e+00
  101    17.70000   -97.41756 36.49769     128.696     424.895  956.401  294.829   74.653    0.010   12.712 0.00000e+00
  102    17.71667   -97.41731 36.50037     142.416     441.334  954.600  294.926   74.729    0.658   12.826 0.00000e+00
  103    17.73333   -97.41710 36.50296     195.353     496.901  948.535  294.395   76.544    1.667   12.795 0.00000e+00
  104    17.75000   -97.41676 36.50559     289.855     593.844  937.983  293.406   80.174    2.397   12.745 0.00000e+00
  105    17.76667   -97.41615 36.50827     419.374     724.990  923.840  292.124   85.395    2.573   12.720 0.00000e+00
  106    17.78333   -97.41492 36.51109     544.660     852.012  910.341  290.850   91.285    2.015   12.731 0.00000e+00
  107    17.80000   -97.41290 36.51405     629.553     938.180  901.278  290.004   95.655    1.170   12.767 0.00000e+00
  108    17.81667   -97.41058 36.51718     671.402     977.901  897.185  289.653   96.842    0.544   12.697 0.00000e+00
  109    17.83333   -97.40838 36.52031     685.646     989.263  895.968  289.549   97.017    0.252   12.652 0.00000e+00
  110    17.85000   -97.40640 36.52333     687.202     989.443  895.939  289.579   95.808    0.101   12.519 0.00000e+00
  111    17.86667   -97.40456 36.52616     684.531     986.556  896.210  289.627   94.818    0.059   12.424 0.00000e+00
  112    17.88333   -97.40269 36.52876     679.853     982.805  896.431  289.660   94.015   -0.037   12.342 0.00000e+00
  113    17.90000   -97.40083 36.53115     663.954     969.710  897.790  289.804   92.857   -0.292   12.284 0.00000e+00
  114    17.91667   -97.39906 36.53338     637.400     945.846  900.341  290.065   90.985   -0.470   12.204 0.00000e+00
  115    17.93333   -97.39729 36.53552     605.125     915.989  903.508  290.418   88.359   -0.730   12.079 0.00000e+00
  116    17.95000   -97.39552 36.53762     569.034     882.107  907.117  290.771   86.462   -0.998   12.041 0.00000e+00
  117    17.96667   -97.39377 36.53971     530.371     844.850  911.128  291.168   84.415   -0.940   12.003 0.00000e+00
  118    17.98333   -97.39218 36.54178     491.651     806.760  915.182  291.544   82.801   -0.873   12.003 0.00000e+00
  119    18.00000   -97.39101 36.54373     441.362     756.693  920.558  292.026   80.800   -1.048   12.004 0.00000e+00
  120    18.01667   -97.39006 36.54556     385.644     700.959  926.488  292.571   79.183   -0.863   12.096 0.00000e+00
  121    18.03333   -97.38913 36.54734     342.809     658.476  930.995  292.944   77.994   -0.490   12.136 0.00000e+00
  122    18.05000   -97.38823 36.54915     318.687     635.559  933.455  293.155   77.293   -0.431   12.155 0.00000e+00
  123    18.06667   -97.38736 36.55104     292.181     610.412  936.173  293.389   76.430   -0.659   12.160 0.00000e+00
  124    18.08333   -97.38641 36.55305     245.473     565.218  941.073  293.791   74.863   -1.160   12.149 0.00000e+00
  125    18.10000   -97.38518 36.55510     184.342     505.617  947.578  294.388   72.751   -1.143   12.168 0.00000e+00
  126    18.11667   -97.38367 36.55706     144.887     467.250  951.825  294.790   71.425   -0.404   12.192 0.00000e+00
  127    18.13333   -97.38225 36.55894     139.404     462.785  952.284  294.969   70.840    0.258   12.221 0.00000e+00
  128    18.15000   -97.38117 36.56073     177.762     502.043  948.012  294.764   71.499    0.911   12.235 0.00000e+00
  129    18.16667   -97.38036 36.56263     263.658     588.830  938.590  293.969   74.723    1.631   12.295 0.00000e+00
  130    18.18333   -97.37959 36.56456     369.259     694.753  927.158  292.909   78.562    1.958   12.249 0.00000e+00
  131    18.20000   -97.37872 36.56637     495.257     820.679  913.723  291.678   83.807    1.847   12.272 0.00000e+00
  132    18.21667   -97.37785 36.56802     605.929     931.327  902.010  290.598   88.651    1.468   12.280 0.00000e+00
  133    18.23333   -97.37701 36.56956     669.146     994.636  895.368  289.990   91.521    0.664   12.286 0.00000e+00
  134    18.25000   -97.37613 36.57107     690.790    1016.617  893.007  289.812   92.047   -0.352   12.249 0.00000e+00
  135    18.26667   -97.37521 36.57246     687.014    1013.812  893.233  289.856   90.892   -0.467   12.126 0.00000e+00
  136    18.28333   -97.37433 36.57374     669.707     997.708  894.935  290.038   89.307   -0.286   12.032 0.00000e+00
  137    18.30000   -97.37350 36.57510     652.042     981.198  896.681  290.208   88.406   -0.310   12.017 0.00000e+00
  138    18.31667   -97.37265 36.57661     633.166     963.500  898.517  290.377   88.001   -0.258   12.066 0.00000e+00
  139    18.33333   -97.37185 36.57832     607.036     938.586  901.170  290.635   86.622   -0.481   12.039 0.00000e+00
  140    18.35000   -97.37104 36.58023     572.375     904.876  904.795  290.971   85.137   -0.785   12.039 0.00000e+00
  141    18.36667   -97.37025 36.58230     520.726     852.601  910.334  291.517   82.253   -0.986   11.967 0.00000e+00
  142    18.38333   -97.36958 36.58428     453.869     784.947  917.518  292.181   79.171   -1.626   11.917 0.00000e+00
  143    18.40000   -97.36915 36.58596     362.313     692.711  927.377  293.086   75.917   -2.050   11.965 0.00000e+00
  144    18.41667   -97.36861 36.58744     247.230     577.110  939.801  294.237   71.874   -2.187   12.009 0.00000e+00
  145    18.43333   -97.36730 36.58912     161.318     491.003  949.190  295.262   68.861   -1.135   12.136 0.00000e+00
  146    18.45000   -97.36620 36.59135     117.671     446.444  954.078  295.918   67.282   -0.840   12.282 0.00000e+00
  147    18.46667   -97.36575 36.59385      79.821     407.137  958.410  296.398   65.825   -0.598   12.318 0.00000e+00
  148    18.48333   -97.36544 36.59612      77.610     403.506  958.794  296.522   65.495    0.201   12.345 0.00000e+00
  149    18.50000   -97.36492 36.59806     110.769     435.615  955.313  296.258   66.395    0.733   12.359 0.00000e+00
  150    18.51667   -97.36440 36.59967     169.573     493.497  948.993  295.678   68.428    0.873   12.375 0.00000e+00
  151    18.53333   -97.36372 36.60110     256.072     579.002  939.725  294.928   70.910    1.552   12.367 0.00000e+00
  152    18.55000   -97.36241 36.60266     436.496     757.925  920.461  293.329   77.045    3.367   12.423 0.00000e+00
  153    18.56667   -97.35965 36.60439     622.771     942.815  900.762  291.465   84.635    2.220   12.405 0.00000e+00
  154    18.58333   -97.35678 36.60657     678.364     997.309  895.053  290.789   87.229   -0.002   12.327 0.00000e+00
  155    18.60000   -97.35574 36.60929     674.256     991.189  895.709  290.776   87.139    0.871   12.295 0.00000e+00
  156    18.61667   -97.35547 36.61187     749.874    1064.705  888.100  290.030   90.569    2.028   12.290 0.00000e+00
  157    18.63333   -97.35490 36.61399     883.314    1196.493  874.498  288.745   96.983    2.734   12.307 0.00000e+00
  158    18.65000   -97.35402 36.61575    1040.332    1352.397  858.621  287.673  100.000    2.854   12.077 1.96083e-01
  159    18.66667   -97.35292 36.61736    1222.714    1533.468  840.466  286.862  100.000    3.707   11.704 6.01494e-01
  160    18.68333   -97.35141 36.61906    1439.827    1748.371  819.290  285.712  100.000    3.530   11.137 9.55528e-01
  161    18.70000   -97.34933 36.62101    1629.908    1935.285  801.210  284.763  100.000    3.119   10.696 1.26528e+00
  162    18.71667   -97.34692 36.62307    1739.788    2042.296  791.002  284.124  100.000    2.516   10.382 1.30578e+00
  163    18.73333   -97.34427 36.62498    1790.171    2090.551  786.362  282.652   99.891    0.877    9.432 4.58192e-01
  164    18.75000   -97.34102 36.62670    1770.459    2070.023  788.347  282.636  100.000   -0.800    9.425 1.61842e-01
  165    18.76667   -97.33739 36.62892    1692.928    1990.762  795.852  283.464   99.954   -1.956    9.848 4.03885e-01
  166    18.78333   -97.33331 36.63140    1591.954    1888.688  805.536  283.921  100.000   -1.706   10.057 2.24559e-01
  167    18.80000   -97.32896 36.63368    1528.902    1825.071  811.678  284.343   96.446   -0.283    9.882 3.22630e-02
  168    18.81667   -97.32494 36.63640    1531.288    1827.201  811.483  284.289   95.735    0.346    9.775 9.46393e-04
  169    18.83333   -97.32121 36.63947    1555.994    1852.126  809.114  284.090   95.510    0.461    9.652 0.00000e+00
  170    18.85000   -97.31763 36.64268    1584.711    1880.981  806.339  283.882   95.271    0.411    9.528 0.00000e+00
  171    18.86667   -97.31414 36.64601    1609.411    1905.115  804.061  283.664   96.255    0.218    9.514 0.00000e+00
  172    18.88333   -97.31071 36.64946    1623.548    1918.478  802.694  283.517   97.257   -0.046    9.534 0.00000e+00
  173    18.90000   -97.30737 36.65295    1618.600    1914.028  803.169  283.551   97.184   -0.427    9.544 0.00000e+00
  174    18.91667   -97.30411 36.65645    1591.205    1887.099  805.733  283.823   95.201   -0.846    9.491 0.00000e+00
  175    18.93333   -97.30092 36.65989    1542.556    1839.287  810.384  284.329   91.747   -1.070    9.406 0.00000e+00
  176    18.95000   -97.29787 36.66324    1484.894    1782.517  815.846  284.905   88.231   -0.985    9.336 0.00000e+00
  177    18.96667   -97.29497 36.66654    1436.437    1736.326  820.364  285.343   86.439   -0.625    9.364 0.00000e+00
  178    18.98333   -97.29207 36.66989    1413.389    1715.810  822.385  285.545   85.577   -0.203    9.372 0.00000e+00
