    0    16.01667   -97.42548 36.22441     165.998     538.531  944.218  291.987   89.274    1.368   12.895 0.00000e+00
    1    16.03333   -97.42468 36.22696     247.535     621.012  935.175  291.185   92.989    1.764   12.893 0.00000e+00
    2    16.05000   -97.42366 36.22949     324.694     698.838  926.793  290.442   96.510    1.659   12.879 0.00000e+00
    3    16.06667   -97.42228 36.23181     387.252     761.058  920.096  289.801   99.412    0.884   12.828 1.64453e-03
    4    16.08333   -97.42031 36.23437     442.909     815.808  914.277  289.458   99.661    0.852   12.661 4.41764e-02
    5    16.10000   -97.41788 36.23722     494.614     864.777  909.162  289.155  100.000    0.492   12.532 5.06735e-02
    6    16.11667   -97.41544 36.24026     528.017     892.922  906.235  288.981  100.000   -0.101   12.433 1.94680e-02
    7    16.13333   -97.41307 36.24325     536.602     895.375  905.999  289.050   98.665   -0.445   12.322 1.13448e-02
    8    16.15000   -97.41084 36.24618     521.161     874.742  907.918  289.281   96.840   -0.715   12.249 3.27296e-04
    9    16.16667   -97.40875 36.24915     489.051     841.827  911.455  289.668   94.455   -0.960   12.200 0.00000e+00
   10    16.18333   -97.40665 36.25235     450.619     801.440  915.845  290.040   92.873   -0.815   12.225 0.00000e+00
   11    16.20000   -97.40446 36.25585     414.957     762.324  919.979  290.374   91.543   -0.462   12.255 0.00000e+00
   12    16.21667   -97.40215 36.25955     389.259     736.231  922.684  290.541   91.217    0.025   12.305 0.00000e+00
   13    16.23333   -97.39973 36.26334     386.398     733.716  923.049  290.469   92.169    0.552   12.372 0.00000e+00
   14    16.25000   -97.39730 36.26711     410.330     754.815  920.938  290.212   93.727    0.917   12.405 0.00000e+00
   15    16.26667   -97.39494 36.27076     453.275     792.808  916.722  289.783   96.159    1.083   12.439 0.00000e+00
   16    16.28333   -97.39261 36.27433     508.515     846.001  910.944  289.250   98.991    1.111   12.455 5.86409e-03
   17    16.30000   -97.39033 36.27783     571.215     908.009  904.294  288.849  100.000    1.059   12.364 8.29692e-02
   18    16.31667   -97.38807 36.28126     634.485     971.341  897.615  288.562  100.000    1.052   12.232 2.12962e-01
   19    16.33333   -97.38582 36.28468     700.039    1036.584  890.920  288.272  100.000    1.128   12.096 3.27301e-01
   20    16.35000   -97.38339 36.28812     770.773    1104.299  883.898  287.938  100.000    1.007   11.932 3.93411e-01
   21    16.36667   -97.38062 36.29160     826.747    1156.557  878.440  287.663  100.000    0.402   11.795 4.15750e-01
   22    16.38333   -97.37762 36.29514     839.379    1166.423  877.437  287.589  100.000   -0.324   11.752 3.62856e-01
   23    16.40000   -97.37458 36.29881     811.154    1135.536  880.612  287.690  100.000   -0.884   11.787 2.17750e-01
   24    16.41667   -97.37148 36.30259     754.017    1076.644  886.695  287.969   99.966   -1.249   11.896 7.58048e-02
   25    16.43333   -97.36838 36.30655     680.887    1003.021  894.376  288.470   98.461   -1.176   12.000 1.90123e-03
   26    16.45000   -97.36526 36.31065     615.522     936.651  901.437  289.066   95.903   -0.767   12.050 0.00000e+00
   27    16.46667   -97.36203 36.31484     577.789     896.965  905.600  289.473   93.693   -0.401   12.029 0.00000e+00
   28    16.48333   -97.35865 36.31900     574.470     895.256  905.771  289.549   92.804    0.063   11.971 0.00000e+00
   29    16.50000   -97.35514 36.32295     619.041     940.447  900.897  289.085   95.243    0.904   11.989 0.00000e+00
   30    16.51667   -97.35155 36.32657     690.775    1016.469  892.903  288.377   99.219    1.132   12.040 3.11100e-02
   31    16.53333   -97.34792 36.32990     751.586    1078.800  886.572  288.040  100.000    0.889   11.975 1.33887e-01
   32    16.55000   -97.34422 36.33325     781.103    1103.389  883.999  287.958  100.000    0.271   11.947 2.42483e-01
   33    16.56667   -97.34048 36.33688     772.374    1090.408  885.344  288.053  100.000   -0.419   12.002 2.64446e-01
   34    16.58333   -97.33694 36.34066     729.966    1042.954  890.388  288.301  100.000   -0.914   12.127 1.98235e-01
   35    16.60000   -97.33366 36.34444     668.477     973.663  897.744  288.622  100.000   -1.088   12.279 3.38133e-02
   36    16.61667   -97.33065 36.34821     601.280     902.264  905.046  289.239   97.073   -1.195   12.285 0.00000e+00
   37    16.63333   -97.32777 36.35192     540.758     843.839  911.295  289.856   93.650   -0.942   12.245 0.00000e+00
   38    16.65000   -97.32494 36.35558     501.029     806.051  915.296  290.250   91.510   -0.511   12.217 0.00000e+00
   39    16.66667   -97.32217 36.35920     487.239     793.997  916.622  290.352   91.163   -0.034   12.232 0.00000e+00
   40    16.68333   -97.31963 36.36277     499.720     807.495  915.222  290.198   91.979    0.604   12.239 0.00000e+00
   41    16.70000   -97.31736 36.36629     529.961     840.006  911.709  289.831   94.134    0.804   12.283 0.00000e+00
   42    16.71667   -97.31512 36.36972     573.907     886.960  906.661  289.313   97.341    0.885   12.354 0.00000e+00
   43    16.73333   -97.31270 36.37311     626.675     942.888  900.720  288.788  100.000    0.828   12.357 1.86309e-02
   44    16.75000   -97.31009 36.37642     673.185     991.336  895.648  288.567  100.000    0.434   12.263 1.12194e-01
   45    16.76667   -97.30737 36.37957     699.589    1019.303  892.685  288.466  100.000   -0.084   12.225 1.82507e-01
   46    16.78333   -97.30473 36.38251     702.931    1023.767  892.239  288.456  100.000   -0.419   12.224 1.88608e-01
   47    16.80000   -97.30228 36.38523     691.308    1012.836  893.452  288.478  100.000   -0.362   12.224 1.24234e-01
   48    16.81667   -97.29984 36.38783     669.087     989.429  896.038  288.566   99.982   -0.376   12.237 3.90103e-02
   49    16.83333   -97.29733 36.39041     621.717     938.592  901.495  288.983   97.968   -0.714   12.243 0.00000e+00
   50    16.85000   -97.29485 36.39291     556.129     868.590  908.952  289.664   94.499   -1.051   12.236 0.00000e+00
   51    16.86667   -97.29240 36.39535     495.524     803.708  915.814  290.307   91.249   -0.937   12.219 0.00000e+00
   52    16.88333   -97.29004 36.39768     449.266     754.159  921.085  290.771   89.151   -0.663   12.225 0.00000e+00
   53    16.90000   -97.28777 36.39999     415.231     717.644  925.004  291.127   87.502   -0.580   12.221 0.00000e+00
   54    16.91667   -97.28550 36.40234     384.686     684.877  928.558  291.440   86.135   -0.482   12.224 0.00000e+00
   55    16.93333   -97.28339 36.40474     376.573     674.931  929.622  291.549   85.587   -0.070   12.217 0.00000e+00
   56    16.95000   -97.28152 36.40733     393.556     690.714  927.882  291.377   86.399    0.394   12.222 0.00000e+00
   57    16.96667   -97.27973 36.41002     426.874     723.270  924.335  291.057   87.882    0.566   12.229 0.00000e+00
   58    16.98333   -97.27800 36.41285     464.222     760.119  920.397  290.670   89.808    0.701   12.246 0.00000e+00
   59    17.00000   -97.27621 36.41581     513.619     807.277  915.341  290.213   92.472    0.952   12.315 0.00000e+00
   60    17.01667   -97.27408 36.41896     559.205     850.453  910.704  289.822   94.253    0.619   12.305 0.00000e+00
   61    17.03333   -97.27174 36.42227     579.909     869.122  908.724  289.668   94.865    0.137   12.290 0.00000e+00
   62    17.05000   -97.26933 36.42570     572.902     859.871  909.742  289.756   94.521   -0.285   12.301 0.00000e+00
   63    17.06667   -97.26700 36.42922     545.600     830.581  912.784  290.020   93.361   -0.494   12.316 0.00000e+00
   64    17.08333   -97.26483 36.43276     510.531     794.590  916.590  290.358   91.797   -0.598   12.322 0.00000e+00
   65    17.10000   -97.26276 36.43618     477.203     761.482  920.142  290.688   90.096   -0.572   12.302 0.00000e+00
   66    17.11667   -97.26088 36.43932     455.873     740.266  922.519  290.924   88.761   -0.312   12.271 0.00000e+00
   67    17.13333   -97.25916 36.44220     452.617     735.205  923.099  291.031   87.752    0.042   12.207 0.00000e+00
   68    17.15000   -97.25744 36.44495     470.765     751.440  921.324  290.903   88.039    0.477   12.172 0.00000e+00
   69    17.16667   -97.25568 36.44769     511.517     790.916  917.008  290.508   89.879    0.884   12.175 0.00000e+00
   70    17.18333   -97.25377 36.45043     563.341     842.888  911.460  289.978   92.578    0.959   12.197 0.00000e+00
   71    17.20000   -97.25174 36.45330     607.345     887.167  906.735  289.526   95.072    0.648   12.232 0.00000e+00
   72    17.21667   -97.24976 36.45627     630.285     910.320  904.326  289.300   96.297    0.154   12.244 0.00000e+00
   73    17.23333   -97.24792 36.45930     629.547     909.439  904.426  289.309   96.297   -0.204   12.250 0.00000e+00
   74    17.25000   -97.24633 36.46233     613.935     893.386  906.129  289.471   95.421   -0.366   12.242 0.00000e+00
   75    17.26667   -97.24485 36.46543     591.297     871.621  908.413  289.679   94.455   -0.420   12.249 0.00000e+00
   76    17.28333   -97.24342 36.46859     565.275     847.405  910.949  289.907   93.312   -0.468   12.245 0.00000e+00
   77    17.30000   -97.24194 36.47180     536.789     820.837  913.772  290.164   92.047   -0.531   12.241 0.00000e+00
   78    17.31667   -97.24042 36.47506     505.331     791.352  916.851  290.451   90.632   -0.579   12.234 0.00000e+00
   79    17.33333   -97.23884 36.47832     471.731     760.024  920.238  290.749   89.379   -0.542   12.251 0.00000e+00
   80    17.35000   -97.23724 36.48154     442.225     732.599  923.290  291.030   88.049   -0.388   12.245 0.00000e+00
   81    17.36667   -97.23566 36.48458     427.926     719.420  924.716  291.155   87.556   -0.072   12.255 0.00000e+00
   82    17.38333   -97.23399 36.48733     433.932     725.838  924.046  291.092   88.315    0.073   12.320 0.00000e+00
   83    17.40000   -97.23215 36.48997     444.565     735.504  923.033  291.008   89.186    0.265   12.389 0.00000e+00
   84    17.41667   -97.23023 36.49270     469.058     758.551  920.535  290.775   90.810    0.703   12.463 0.00000e+00
   85    17.43333   -97.22828 36.49556     501.422     789.769  917.152  290.459   92.705    0.477   12.516 0.00000e+00
   86    17.45000   -97.22660 36.49846     514.699     804.685  915.448  290.301   93.618    0.122   12.537 0.00000e+00
   87    17.46667   -97.22559 36.50137     511.357     804.402  915.509  290.377   92.276   -0.024   12.416 0.00000e+00
   88    17.48333   -97.22528 36.50430     499.725     795.673  916.411  290.470   92.065   -0.072   12.449 0.00000e+00
   89    17.50000   -97.22539 36.50721     486.360     784.485  917.635  290.575   92.326   -0.150   12.551 0.00000e+00
   90    17.51667   -97.22594 36.50985     477.191     777.172  918.443  290.665   92.044   -0.104   12.574 0.00000e+00
   91    17.53333   -97.22652 36.51223     474.367     776.197  918.592  290.694   91.752   -0.077   12.555 0.00000e+00
   92    17.55000   -97.22692 36.51458     475.222     777.651  918.518  290.677   92.219    0.121   12.606 0.00000e+00
   93    17.56667   -97.22723 36.51717     489.453     791.184  917.145  290.549   93.021    0.007   12.632 0.00000e+00
   94    17.58333   -97.22736 36.52003     498.974     799.986  916.242  290.458   93.675   -0.234   12.659 0.00000e+00
   95    17.60000   -97.22762 36.52311     496.518     796.476  916.599  290.491   93.704   -0.124   12.685 0.00000e+00
   96    17.61667   -97.22787 36.52642     494.129     792.406  916.959  290.538   93.555   -0.083   12.698 0.00000e+00
   97    17.63333   -97.22797 36.52994     485.743     782.273  917.971  290.648   92.987   -0.236   12.695 0.00000e+00
   98    17.65000   -97.22806 36.53363     467.823     765.009  919.797  290.814   92.110   -0.247   12.683 0.00000e+00
   99    17.66667   -97.22826 36.53739     457.658     755.662  920.747  290.899   91.722   -0.129   12.685 0.00000e+00
  100    17.68333   -97.22850 36.54107     459.377     759.439  920.287  290.867   91.897    0.077   12.690 0.00000e+00
  101    17.70000   -97.22864 36.54457     464.612     767.030  919.492  290.782   92.277    0.094   12.685 0.00000e+00
  102    17.71667   -97.22868 36.54788     458.863     763.121  919.944  290.812   92.147   -0.100   12.685 0.00000e+00
  103    17.73333   -97.22873 36.55104     449.672     755.007  920.837  290.900   91.615   -0.071   12.670 0.00000e+00
  104    17.75000   -97.22871 36.55401     453.113     759.494  920.291  290.950   91.216    0.005   12.663 0.00000e+00
  105    17.76667   -97.22833 36.55679     475.177     782.467  917.828  290.810   91.762    0.308   12.660 0.00000e+00
  106    17.78333   -97.22743 36.55939     504.069     812.311  914.673  290.542   92.832    0.186   12.634 0.00000e+00
  107    17.80000   -97.22598 36.56186     514.205     823.556  913.461  290.442   93.388   -0.248   12.646 0.00000e+00
  108    17.81667   -97.22407 36.56424     487.636     798.212  916.200  290.712   92.087   -0.877   12.648 0.00000e+00
  109    17.83333   -97.22210 36.56668     426.380     737.850  922.673  291.341   88.864   -1.340   12.613 0.00000e+00
  110    17.85000   -97.22057 36.56940     348.418     660.323  931.093  292.125   85.054   -1.404   12.570 0.00000e+00
  111    17.86667   -97.21966 36.57253     275.137     586.055  939.231  292.890   81.319   -0.968   12.500 0.00000e+00
  112    17.88333   -97.21945 36.57604     228.212     534.402  944.888  293.449   78.524   -0.455   12.424 0.00000e+00
  113    17.90000   -97.21964 36.57985     248.645     549.806  943.205  293.344   78.891    1.324   12.423 0.00000e+00
  114    17.91667   -97.21936 36.58340     353.815     650.724  932.254  292.361   82.980    1.951   12.431 0.00000e+00
  115    17.93333   -97.21815 36.58650     470.117     763.302  920.135  291.313   87.636    1.661   12.452 0.00000e+00
  116    17.95000   -97.21602 36.58909     557.426     848.419  910.935  290.593   89.895    1.076   12.326 0.00000e+00
  117    17.96667   -97.21346 36.59140     577.225     868.224  908.776  290.456   90.193   -0.026   12.288 0.00000e+00
  118    17.98333   -97.21119 36.59388     546.370     837.400  912.038  290.761   88.703   -0.608   12.278 0.00000e+00
  119    18.00000   -97.20945 36.59642     503.504     794.721  916.628  291.188   86.931   -0.715   12.301 0.00000e+00
  120    18.01667   -97.20803 36.59903     464.607     756.059  920.742  291.558   85.917   -0.627   12.390 0.00000e+00
  121    18.03333   -97.20681 36.60165     429.550     721.042  924.541  291.895   84.634   -0.548   12.416 0.00000e+00
  122    18.05000   -97.20566 36.60427     408.557     699.911  926.864  292.089   83.817   -0.441   12.416 0.00000e+00
  123    18.06667   -97.20438 36.60699     407.475     698.257  927.037  292.105   83.882    0.041   12.436 0.00000e+00
  124    18.08333   -97.20300 36.60981     421.803     711.704  925.567  292.000   84.499    0.367   12.465 0.00000e+00
  125    18.10000   -97.20161 36.61275     440.952     729.943  923.585  291.843   85.338    0.376   12.491 0.00000e+00
  126    18.11667   -97.20033 36.61590     455.081     745.396  921.890  291.681   86.327    0.116   12.530 0.00000e+00
  127    18.13333   -97.19914 36.61906     450.865     742.873  922.144  291.688   86.556   -0.509   12.566 0.00000e+00
  128    18.15000   -97.19817 36.62196     424.348     717.721  924.846  291.965   84.841   -0.966   12.497 0.00000e+00
  129    18.16667   -97.19746 36.62454     388.026     682.291  928.666  292.340   82.666   -0.744   12.416 0.00000e+00
  130    18.18333   -97.19715 36.62698     366.665     661.913  930.853  292.587   81.960   -0.384   12.473 0.00000e+00
  131    18.20000   -97.19733 36.62939     347.072     643.437  932.802  292.810   80.851   -0.564   12.452 0.00000e+00
  132    18.21667   -97.19774 36.63187     310.087     607.113  936.815  293.194   79.410   -0.736   12.473 0.00000e+00
  133    18.23333   -97.19809 36.63446     258.903     556.354  942.307  293.692   77.494   -1.117   12.483 0.00000e+00
  134    18.25000   -97.19817 36.63710     186.527     484.354  950.149  294.408   74.619   -1.373   12.462 0.00000e+00
  135    18.26667   -97.19801 36.63962     112.677     410.742  958.258  295.133   71.896   -1.153   12.451 0.00000e+00
  136    18.28333   -97.19765 36.64186      59.186     357.338  964.151  295.678   69.930   -0.748   12.446 0.00000e+00
  137    18.30000   -97.19723 36.64383      27.720     325.924  967.639  296.188   68.321   -0.398   12.500 0.00000e+00
  138    18.31667   -97.19675 36.64536      13.008     311.217  969.293  296.586   67.274   -0.147   12.590 0.00000e+00
  139    18.33333   -97.19614 36.64666       7.349     305.552  969.831  296.840   66.459   -0.044   12.625 0.00000e+00
  140    18.35000   -97.19537 36.64808       4.420     302.804  970.058  297.116   65.740   -0.036   12.697 0.00000e+00
  141    18.36667   -97.19426 36.64954       3.053     301.719  970.083  297.365   65.165   -0.007   12.778 0.00000e+00
  142    18.38333   -97.19313 36.65080       3.932     302.827  969.978  297.641   64.683    0.037   12.898 0.00000e+00
  143    18.40000   -97.19264 36.65209       7.367     306.509  969.632  297.863   64.341    0.078   13.009 0.00000e+00
  144    18.41667   -97.19276 36.65356      12.353     311.819  969.168  297.763   64.627    0.104   12.994 0.00000e+00
  145    18.43333   -97.19323 36.65516      18.408     318.238  968.458  297.646   64.774    0.172   12.941 0.00000e+00
  146    18.45000   -97.19395 36.65691      30.789     330.756  967.030  297.483   65.146    0.375   12.906 0.00000e+00
  147    18.46667   -97.19469 36.65901      52.856     352.836  964.573  297.220   65.764    0.659   12.856 0.00000e+00
  148    18.48333   -97.19551 36.66152      85.908     385.804  960.928  296.707   67.251    0.877   12.791 0.00000e+00
  149    18.50000   -97.19653 36.66445     125.504     425.397  956.558  296.133   68.920    0.822   12.714 0.00000e+00
  150    18.51667   -97.19759 36.66761     155.616     455.770  953.160  295.696   70.101    0.674   12.636 0.00000e+00
  151    18.53333   -97.19830 36.67077     203.183     503.631  947.912  295.191   71.853    1.131   12.625 0.00000e+00
  152    18.55000   -97.19874 36.67361     283.035     583.773  939.204  294.317   74.879    1.668   12.581 0.00000e+00
  153    18.56667   -97.19901 36.67624     399.495     700.515  926.609  293.135   79.274    2.328   12.544 0.00000e+00
  154    18.58333   -97.19926 36.67873     552.393     853.685  910.303  291.628   85.581    2.871   12.540 0.00000e+00
  155    18.60000   -97.19984 36.68094     715.127    1016.508  893.172  289.946   93.264    2.576   12.516 0.00000e+00
  156    18.61667   -97.20055 36.68292     871.998    1173.288  876.885  288.461   99.966    2.564   12.421 2.85037e-02
  157    18.63333   -97.20104 36.68484    1042.128    1343.358  859.424  287.616  100.000    3.619   12.020 3.47273e-01
  158    18.65000   -97.20107 36.68755    1259.005    1560.237  837.662  286.577  100.000    3.973   11.526 7.66972e-01
  159    18.66667   -97.20089 36.69114    1440.017    1740.846  819.842  285.656  100.000    3.138   11.087 1.08322e+00
  160    18.68333   -97.20018 36.69518    1593.807    1894.323  804.890  284.413   99.999    3.131   10.381 9.08450e-01
  161    18.70000   -97.19819 36.69954    1735.800    2037.241  791.166  283.195  100.000    2.159    9.748 5.01908e-01
  162    18.71667   -97.19553 36.70402    1819.272    2121.934  783.181  282.671   99.032    0.820    9.401 4.08103e-01
  163    18.73333   -97.19198 36.70865    1857.755    2162.578  779.348  282.294   97.962   -0.499    9.109 2.03193e-01
  164    18.75000   -97.18748 36.71321    1870.636    2178.162  778.012  283.234   66.810   -2.249    6.631 0.00000e+00
  165    18.76667   -97.18272 36.71743    1815.526    2124.442  783.140  284.430   53.390   -2.139    5.704 0.00000e+00
  166    18.78333   -97.17841 36.72175    1739.032    2049.005  790.300  284.878   56.524   -1.177    6.165 0.00000e+00
  167    18.80000   -97.17455 36.72635    1719.610    2030.543  792.024  285.172   55.529   -0.198    6.162 0.00000e+00
  168    18.81667   -97.17068 36.73114    1762.321    2074.742  787.740  285.323   50.048    1.130    5.640 0.00000e+00
  169    18.83333   -97.16648 36.73623    1823.851    2140.060  781.555  284.256   56.202    1.141    5.947 0.00000e+00
  170    18.85000   -97.16176 36.74176    1848.823    2169.178  778.846  283.326   66.127    0.374    6.597 0.00000e+00
  171    18.86667   -97.15651 36.74664    1857.871    2178.017  778.186  282.711   73.671    0.906    7.057 0.00000e+00
  172    18.88333   -97.15100 36.75097    1857.851    2174.325  778.577  282.203   83.737   -0.258    7.747 0.00000e+00
  173    18.90000   -97.14604 36.75546    1790.809    2103.961  785.156  282.866   79.881   -1.893    7.664 0.00000e+00
  174    18.91667   -97.14198 36.76031    1692.908    2007.354  794.241  283.895   72.830   -1.862    7.402 0.00000e+00
  175    18.93333   -97.13783 36.76493    1645.506    1961.803  798.598  284.361   71.803   -0.221    7.487 0.00000e+00
  176    18.95000   -97.13373 36.76932    1678.748    1996.219  795.306  284.358   68.714    1.004    7.193 0.00000e+00
  177    18.96667   -97.13006 36.77378    1740.363    2059.797  789.258  283.697   71.951    1.255    7.261 0.00000e+00
  178    18.98333   -97.12704 36.77819    1801.993    2123.516  783.249  283.159   72.786    0.852    7.140 0.00000e+00
