    0    16.01667   -97.43903 36.28973      14.283     349.051  965.279  293.660   81.895   -0.108   12.849 0.00000e+00
    1    16.03333   -97.43871 36.29225      11.518     345.275  965.682  293.673   81.947   -0.088   12.862 0.00000e+00
    2    16.05000   -97.43875 36.29487       7.943     340.480  966.145  293.855   81.133   -0.005   12.874 0.00000e+00
    3    16.06667   -97.43912 36.29731       7.250     338.902  966.308  294.010   80.469   -0.001   12.890 0.00000e+00
    4    16.08333   -97.43945 36.29945       7.461     339.170  966.340  294.041   80.338    0.016   12.893 0.00000e+00
    5    16.10000   -97.43970 36.30135       8.176     340.162  966.277  294.025   80.573    0.028   12.919 0.00000e+00
    6    16.11667   -97.43989 36.30310      11.269     343.610  965.982  293.944   81.124    0.045   12.945 0.00000e+00
    7    16.13333   -97.44002 36.30477      15.782     348.565  965.464  293.893   81.383    0.065   12.953 0.00000e+00
    8    16.15000   -97.44012 36.30647      21.268     354.784  964.677  293.855   81.597    0.098   12.967 0.00000e+00
    9    16.16667   -97.44020 36.30832      28.187     362.542  963.875  293.788   81.851    0.152   12.964 0.00000e+00
   10    16.18333   -97.44025 36.31035      37.343     372.535  962.662  293.658   82.322    0.233   12.949 0.00000e+00
   11    16.20000   -97.44028 36.31246      52.882     388.924  960.807  293.437   83.164    0.404   12.928 0.00000e+00
   12    16.21667   -97.44044 36.31461      79.140     415.571  957.892  293.097   84.522    0.642   12.903 0.00000e+00
   13    16.23333   -97.44101 36.31686     112.589     449.118  954.143  292.726   86.070    0.732   12.888 0.00000e+00
   14    16.25000   -97.44182 36.31926     127.772     464.382  952.455  292.557   86.734    0.035   12.873 0.00000e+00
   15    16.26667   -97.44254 36.32175     105.558     441.895  954.996  292.772   85.580   -0.590   12.840 0.00000e+00
   16    16.28333   -97.44301 36.32416      67.477     401.987  959.470  293.150   83.757   -0.675   12.807 0.00000e+00
   17    16.30000   -97.44318 36.32637      37.301     369.951  963.043  293.460   82.396   -0.422   12.797 0.00000e+00
   18    16.31667   -97.44310 36.32831      21.098     352.047  965.032  293.714   81.509   -0.190   12.835 0.00000e+00
   19    16.33333   -97.44289 36.32990      12.847     342.393  966.083  293.872   81.037   -0.092   12.872 0.00000e+00
   20    16.35000   -97.44255 36.33134       7.660     336.169  966.708  294.006   80.472   -0.062   12.881 0.00000e+00
   21    16.36667   -97.44213 36.33281       4.195     331.731  967.126  294.120   79.858   -0.050   12.868 0.00000e+00
   22    16.38333   -97.44165 36.33435       2.063     328.583  967.394  294.177   79.569   -0.030   12.864 0.00000e+00
   23    16.40000   -97.44110 36.33585       0.872     326.401  967.594  294.256   79.137   -0.013   12.854 0.00000e+00
   24    16.41667   -97.44058 36.33730       0.647     325.275  967.725  294.325   78.720   -0.004   12.839 0.00000e+00
   25    16.43333   -97.44033 36.33866       0.406     324.046  967.887  294.486   78.115   -0.001   12.866 0.00000e+00
   26    16.45000   -97.44044 36.34006       0.204     322.485  968.017  294.600   77.712   -0.000   12.889 0.00000e+00
   27    16.46667   -97.44080 36.34147       0.944     321.817  968.069  294.680   77.408    0.002   12.901 0.00000e+00
   28    16.48333   -97.44103 36.34291       0.735     320.128  968.255  294.748   77.197    0.002   12.918 0.00000e+00
   29    16.50000   -97.44093 36.34439       1.074     318.926  968.401  294.766   77.222    0.001   12.935 0.00000e+00
   30    16.51667   -97.44054 36.34590       1.218     317.498  968.562  294.807   77.197   -0.000   12.961 0.00000e+00
   31    16.53333   -97.43997 36.34746       1.217     316.748  968.537  294.864   77.274    0.006   13.020 0.00000e+00
   32    16.55000   -97.43952 36.34895       2.012     317.627  968.455  294.926   77.454    0.019   13.101 0.00000e+00
   33    16.56667   -97.43948 36.35025       3.613     319.232  968.315  294.946   77.664    0.036   13.155 0.00000e+00
   34    16.58333   -97.43980 36.35151       5.281     320.863  968.175  294.915   77.970    0.027   13.184 0.00000e+00
   35    16.60000   -97.44033 36.35285       6.219     321.737  968.104  294.931   78.039   -0.001   13.209 0.00000e+00
   36    16.61667   -97.44109 36.35421       5.109     320.512  968.174  294.993   77.792   -0.015   13.218 0.00000e+00
   37    16.63333   -97.44212 36.35558       3.997     319.753  968.169  295.090   77.175   -0.014   13.191 0.00000e+00
   38    16.65000   -97.44338 36.35696       3.610     320.339  968.052  295.061   76.913   -0.009   13.124 0.00000e+00
   39    16.66667   -97.44489 36.35838       3.178     320.938  967.960  295.221   76.256    0.001   13.143 0.00000e+00
   40    16.68333   -97.44648 36.35972       4.429     322.969  967.750  295.371   76.131    0.080   13.246 0.00000e+00
   41    16.70000   -97.44746 36.36097      13.599     332.721  966.768  295.323   77.115    0.341   13.391 0.00000e+00
   42    16.71667   -97.44782 36.36252      38.733     358.689  963.898  295.001   78.101    0.634   13.336 0.00000e+00
   43    16.73333   -97.44778 36.36478      76.958     398.588  959.422  294.421   79.819    0.651   13.211 0.00000e+00
   44    16.75000   -97.44744 36.36765     121.344     445.430  954.292  293.811   81.659    0.849   13.083 0.00000e+00
   45    16.76667   -97.44724 36.37085     187.378     514.074  946.728  292.999   84.353    1.977   12.950 0.00000e+00
   46    16.78333   -97.44701 36.37381     299.877     628.492  934.313  291.821   88.838    2.389   12.835 0.00000e+00
   47    16.80000   -97.44612 36.37646     415.689     745.632  921.623  290.654   93.965    2.044   12.782 0.00000e+00
   48    16.81667   -97.44438 36.37890     503.958     834.865  912.113  289.798   97.613    1.226   12.704 0.00000e+00
   49    16.83333   -97.44202 36.38136     547.805     881.538  907.057  289.395   99.263    0.362   12.660 1.13986e-02
   50    16.85000   -97.43935 36.38400     553.379     890.331  906.157  289.339   98.897   -0.291   12.580 1.09159e-02
   51    16.86667   -97.43662 36.38689     530.027     869.225  908.443  289.553   97.250   -0.969   12.510 0.00000e+00
   52    16.88333   -97.43402 36.39013     483.438     823.661  913.336  290.035   94.434   -1.324   12.462 0.00000e+00
   53    16.90000   -97.43169 36.39360     426.406     766.694  919.480  290.608   91.674   -1.294   12.463 0.00000e+00
   54    16.91667   -97.42970 36.39716     371.859     710.822  925.630  291.175   88.983   -0.839   12.457 0.00000e+00
   55    16.93333   -97.42802 36.40065     330.904     665.448  930.568  291.597   87.131   -0.353   12.462 0.00000e+00
   56    16.95000   -97.42648 36.40406     298.017     628.074  934.703  291.932   86.075   -0.330   12.518 0.00000e+00
   57    16.96667   -97.42510 36.40743     260.621     585.329  939.350  292.346   84.622   -0.396   12.569 0.00000e+00
   58    16.98333   -97.42396 36.41072     219.862     539.825  944.250  292.785   82.879   -0.400   12.588 0.00000e+00
   59    17.00000   -97.42305 36.41397     185.747     502.223  948.285  293.134   81.353   -0.429   12.575 0.00000e+00
   60    17.01667   -97.42241 36.41717     161.419     476.683  951.078  293.402   80.253   -0.240   12.577 0.00000e+00
   61    17.03333   -97.42194 36.42037     152.156     466.340  952.209  293.511   79.802   -0.408   12.577 0.00000e+00
   62    17.05000   -97.42151 36.42363     153.783     468.321  951.907  293.575   79.948   -0.016   12.654 0.00000e+00
   63    17.06667   -97.42097 36.42679     180.349     496.188  948.884  293.362   81.050    0.641   12.700 0.00000e+00
   64    17.08333   -97.42044 36.42994     224.570     541.748  943.858  292.910   82.909    0.970   12.697 0.00000e+00
   65    17.10000   -97.41988 36.43297     274.188     593.190  938.208  292.390   85.294    1.105   12.719 0.00000e+00
   66    17.11667   -97.41914 36.43603     321.293     642.102  932.943  291.925   87.478    0.851   12.741 0.00000e+00
   67    17.13333   -97.41838 36.43911     356.586     678.460  929.114  291.594   89.215    0.648   12.778 0.00000e+00
   68    17.15000   -97.41768 36.44215     377.343     698.700  926.921  291.447   90.039    0.442   12.807 0.00000e+00
   69    17.16667   -97.41693 36.44518     388.319     709.254  925.748  291.413   90.290    0.359   12.831 0.00000e+00
   70    17.18333   -97.41616 36.44827     392.017     712.217  925.368  291.450   89.736    0.313   12.788 0.00000e+00
   71    17.20000   -97.41528 36.45149     392.748     712.494  925.279  291.451   89.462    0.153   12.751 0.00000e+00
   72    17.21667   -97.41429 36.45464     380.087     700.428  926.586  291.566   88.409   -0.160   12.674 0.00000e+00
   73    17.23333   -97.41320 36.45774     361.119     678.704  929.030  291.756   87.622   -0.241   12.680 0.00000e+00
   74    17.25000   -97.41208 36.46087     329.874     643.448  932.926  292.098   85.685   -0.587   12.616 0.00000e+00
   75    17.26667   -97.41101 36.46409     289.339     598.657  937.757  292.538   83.450   -0.807   12.567 0.00000e+00
   76    17.28333   -97.40993 36.46743     245.640     552.387  942.867  292.966   81.876   -1.013   12.596 0.00000e+00
   77    17.30000   -97.40878 36.47087     201.816     505.046  948.077  293.435   80.079   -0.924   12.615 0.00000e+00
   78    17.31667   -97.40767 36.47449     162.676     462.525  952.677  293.883   78.201   -0.640   12.607 0.00000e+00
   79    17.33333   -97.40683 36.47830     134.153     431.736  956.004  294.145   77.013   -0.470   12.575 0.00000e+00
   80    17.35000   -97.40656 36.48218     117.352     413.039  958.063  294.343   76.301   -0.229   12.586 0.00000e+00
   81    17.36667   -97.40712 36.48593     111.057     404.864  958.972  294.433   76.332    0.165   12.649 0.00000e+00
   82    17.38333   -97.40826 36.48931     127.992     421.146  957.103  294.228   77.378    0.772   12.685 0.00000e+00
   83    17.40000   -97.40954 36.49249     166.083     460.552  952.719  293.850   78.966    0.685   12.704 0.00000e+00
   84    17.41667   -97.41058 36.49545     196.696     492.161  949.247  293.596   80.131    0.147   12.736 0.00000e+00
   85    17.43333   -97.41113 36.49822     209.196     506.647  947.587  293.497   80.562   -0.086   12.748 0.00000e+00
   86    17.45000   -97.41120 36.50099     209.428     509.771  947.275  293.489   80.591    0.024   12.751 0.00000e+00
   87    17.46667   -97.41094 36.50378     208.633     511.826  947.125  293.486   80.531    0.334   12.740 0.00000e+00
   88    17.48333   -97.41043 36.50659     201.238     505.997  947.829  293.577   79.619    0.139   12.658 0.00000e+00
   89    17.50000   -97.40941 36.50930     206.466     511.386  947.283  293.568   78.654   -0.142   12.505 0.00000e+00
   90    17.51667   -97.40791 36.51223     224.945     529.390  945.305  293.522   77.530   -0.102   12.317 0.00000e+00
   91    17.53333   -97.40625 36.51544     236.814     539.521  944.209  293.537   77.184    0.021   12.288 0.00000e+00
   92    17.55000   -97.40469 36.51881     242.113     543.139  943.773  293.541   76.845   -0.076   12.242 0.00000e+00
   93    17.56667   -97.40315 36.52207     246.194     546.666  943.225  293.505   77.558    0.238   12.336 0.00000e+00
   94    17.58333   -97.40173 36.52521     279.211     581.287  939.387  293.143   79.218    0.705   12.369 0.00000e+00
   95    17.60000   -97.40057 36.52824     320.801     625.369  934.511  292.629   81.213    0.797   12.343 0.00000e+00
   96    17.61667   -97.39964 36.53130     357.618     664.718  930.277  292.224   83.074    0.634   12.365 0.00000e+00
   97    17.63333   -97.39877 36.53437     376.282     685.369  928.059  292.019   84.221    0.351   12.405 0.00000e+00
   98    17.65000   -97.39799 36.53731     390.055     700.895  926.464  291.886   84.921    0.262   12.425 0.00000e+00
   99    17.66667   -97.39740 36.54020     398.236     710.075  925.483  291.810   85.240    0.115   12.425 0.00000e+00
  100    17.68333   -97.39693 36.54305     402.085     714.486  924.995  291.796   85.101   -0.132   12.400 0.00000e+00
  101    17.70000   -97.39659 36.54575     403.847     716.630  924.785  291.800   85.172   -0.053   12.417 0.00000e+00
  102    17.71667   -97.39639 36.54848     407.713     721.305  924.236  291.784   85.387    0.087   12.443 0.00000e+00
  103    17.73333   -97.39625 36.55113     410.590     725.230  923.838  291.763   85.758    0.187   12.486 0.00000e+00
  104    17.75000   -97.39610 36.55368     403.130     718.771  924.552  291.822   85.701   -0.040   12.515 0.00000e+00
  105    17.76667   -97.39600 36.55616     373.449     689.816  927.729  292.122   84.677   -0.414   12.557 0.00000e+00
  106    17.78333   -97.39598 36.55870     325.139     641.917  932.877  292.638   82.778   -0.659   12.611 0.00000e+00
  107    17.80000   -97.39600 36.56133     266.965     584.149  939.123  293.230   80.417   -0.806   12.628 0.00000e+00
  108    17.81667   -97.39597 36.56406     203.807     521.744  945.861  293.822   77.874   -0.983   12.598 0.00000e+00
  109    17.83333   -97.39580 36.56689     141.316     461.014  952.498  294.388   75.524   -0.712   12.566 0.00000e+00
  110    17.85000   -97.39537 36.56979      95.106     416.693  957.370  294.869   73.797   -0.364   12.585 0.00000e+00
  111    17.86667   -97.39482 36.57277      65.062     388.402  960.527  295.192   72.587   -0.300   12.586 0.00000e+00
  112    17.88333   -97.39420 36.57576      50.223     375.163  962.004  295.432   71.920    0.011   12.636 0.00000e+00
  113    17.90000   -97.39368 36.57855      65.753     392.213  960.088  295.636   71.670    0.746   12.777 0.00000e+00
  114    17.91667   -97.39317 36.58107     125.282     452.673  953.484  295.122   73.239    1.908   12.738 0.00000e+00
  115    17.93333   -97.39263 36.58340     247.533     575.023  940.128  293.834   78.013    2.638   12.708 0.00000e+00
  116    17.95000   -97.39195 36.58553     391.788     719.436  924.522  292.450   83.865    3.171   12.741 0.00000e+00
  117    17.96667   -97.39086 36.58744     546.687     874.583  907.949  290.907   90.398    3.375   12.687 0.00000e+00
  118    17.98333   -97.38943 36.58942     677.894    1006.386  894.079  289.555   96.528    2.645   12.620 0.00000e+00
  119    18.00000   -97.38779 36.59166     772.443    1101.873  884.104  288.642  100.000    1.536   12.470 3.06627e-02
  120    18.01667   -97.38615 36.59405     832.242    1162.567  877.840  288.281  100.000    0.700   12.286 1.17678e-01
  121    18.03333   -97.38465 36.59655     860.688    1191.502  874.815  288.043  100.000    0.070   12.138 1.25649e-01
  122    18.05000   -97.38333 36.59917     870.546    1202.073  873.759  287.901  100.000   -0.005   12.027 7.46833e-02
  123    18.06667   -97.38214 36.60185     883.614    1215.966  872.319  287.758   99.886    0.447   11.919 4.63334e-02
  124    18.08333   -97.38110 36.60461     915.441    1248.626  869.075  287.518  100.000    1.070   11.802 6.48179e-02
  125    18.10000   -97.38017 36.60746     969.330    1301.384  863.676  287.260  100.000    1.400   11.687 1.59457e-01
  126    18.11667   -97.37920 36.61038    1040.771    1371.013  856.628  286.863  100.000    1.433   11.482 2.14388e-01
  127    18.13333   -97.37780 36.61336    1116.913    1444.659  849.245  286.595  100.000    1.454   11.382 3.71583e-01
  128    18.15000   -97.37610 36.61642    1188.883    1513.001  842.412  286.235  100.000    1.388   11.207 4.68988e-01
  129    18.16667   -97.37425 36.61962    1246.040    1566.313  837.096  285.897  100.000    1.249   11.031 4.65167e-01
  130    18.18333   -97.37250 36.62293    1269.345    1586.397  835.050  285.531  100.000    0.450   10.795 2.75531e-01
  131    18.20000   -97.37093 36.62627    1242.118    1557.015  837.970  285.472   99.831   -0.310   10.677 4.91707e-02
  132    18.21667   -97.36964 36.62949    1172.718    1485.835  845.126  286.110   94.977   -0.695   10.505 0.00000e+00
  133    18.23333   -97.36860 36.63253    1093.383    1403.687  853.406  286.960   89.962   -0.886   10.418 0.00000e+00
  134    18.25000   -97.36768 36.63539    1024.687    1332.371  860.606  287.727   85.584   -0.972   10.332 0.00000e+00
  135    18.26667   -97.36682 36.63802     972.049    1277.636  866.180  288.305   82.350   -0.677   10.255 0.00000e+00
  136    18.28333   -97.36599 36.64046     949.675    1254.035  868.540  288.573   80.976    0.033   10.232 0.00000e+00
  137    18.30000   -97.36514 36.64294     955.015    1258.292  868.151  288.325   84.591    0.531   10.523 0.00000e+00
  138    18.31667   -97.36435 36.64550     978.292    1280.456  865.890  287.962   88.684    0.553   10.804 0.00000e+00
  139    18.33333   -97.36348 36.64819    1005.047    1306.161  863.247  287.639   91.240    0.567   10.918 0.00000e+00
  140    18.35000   -97.36253 36.65097    1035.868    1336.042  860.199  287.311   93.251    0.482   10.962 0.00000e+00
  141    18.36667   -97.36148 36.65379    1074.256    1373.583  856.351  286.976   93.806    0.550   10.837 0.00000e+00
  142    18.38333   -97.36038 36.65661    1121.038    1420.084  851.673  286.531   95.399    0.737   10.763 1.91201e-04
  143    18.40000   -97.35918 36.65933    1177.460    1476.593  845.977  286.052   97.933    0.942   10.779 4.64965e-02
  144    18.41667   -97.35789 36.66191    1237.973    1537.046  839.955  285.746  100.000    1.040   10.884 1.71195e-01
  145    18.43333   -97.35632 36.66434    1298.566    1597.393  833.920  285.612  100.000    0.953   10.859 3.68749e-01
  146    18.45000   -97.35426 36.66664    1359.050    1657.627  827.917  285.425  100.000    0.956   10.815 4.87882e-01
  147    18.46667   -97.35147 36.66893    1408.878    1707.308  823.052  285.193  100.000    0.829   10.692 5.44035e-01
  148    18.48333   -97.34818 36.67150    1423.164    1721.021  821.653  284.929   99.881    0.249   10.511 3.68562e-01
  149    18.50000   -97.34512 36.67446    1393.724    1691.145  824.610  284.935   99.528   -0.430   10.440 1.07185e-01
  150    18.51667   -97.34275 36.67754    1357.741    1655.507  828.147  285.162   97.230   -0.371   10.309 6.39828e-03
  151    18.53333   -97.34067 36.68031    1319.126    1617.221  831.896  285.610   91.827   -0.412    9.984 0.00000e+00
  152    18.55000   -97.33899 36.68285    1272.138    1571.043  836.498  285.969   91.087   -0.565   10.085 0.00000e+00
  153    18.56667   -97.33733 36.68553    1217.580    1517.479  841.849  286.375   90.634   -0.980   10.241 0.00000e+00
  154    18.58333   -97.33544 36.68835    1177.533    1478.740  845.717  286.705   89.709   -0.727   10.310 0.00000e+00
  155    18.60000   -97.33354 36.69123    1163.539    1466.461  846.960  286.836   88.151   -0.043   10.203 0.00000e+00
  156    18.61667   -97.33154 36.69422    1167.495    1472.042  846.386  286.732   88.800    0.361   10.216 0.00000e+00
  157    18.63333   -97.32936 36.69735    1178.263    1484.629  845.105  286.513   90.802    0.463   10.313 0.00000e+00
  158    18.65000   -97.32705 36.70059    1182.633    1492.136  844.342  286.298   92.942    0.223   10.417 0.00000e+00
  159    18.66667   -97.32485 36.70389    1170.037    1482.293  845.306  286.236   94.687   -0.282   10.558 0.00000e+00
  160    18.68333   -97.32294 36.70724    1147.709    1461.505  847.456  286.335   96.774   -0.370   10.833 0.00000e+00
  161    18.70000   -97.32114 36.71066    1124.915    1439.945  849.650  286.557   96.529   -0.446   10.936 0.00000e+00
  162    18.71667   -97.31944 36.71409    1096.686    1411.765  852.673  286.875   94.909   -0.963   10.939 0.00000e+00
  163    18.73333   -97.31796 36.71748    1052.207    1363.085  857.621  287.328   92.380   -1.255   10.905 0.00000e+00
  164    18.75000   -97.31691 36.72072     999.206    1306.237  863.345  287.944   88.493   -1.068   10.801 0.00000e+00
  165    18.76667   -97.31624 36.72385     956.532    1261.845  867.855  288.301   87.244   -0.590   10.841 0.00000e+00
  166    18.78333   -97.31580 36.72694     932.508    1237.108  870.367  288.504   86.792   -0.118   10.895 0.00000e+00
  167    18.80000   -97.31555 36.73006     919.119    1223.210  871.699  288.592   86.861   -0.205   10.949 0.00000e+00
  168    18.81667   -97.31544 36.73315     902.986    1207.547  873.335  288.735   86.426   -0.300   10.975 0.00000e+00
  169    18.83333   -97.31541 36.73619     886.788    1191.900  874.990  288.864   86.120   -0.216   11.006 0.00000e+00
  170    18.85000   -97.31535 36.73911     869.151    1174.800  876.688  288.992   85.886   -0.209   11.046 0.00000e+00
  171    18.86667   -97.31526 36.74186     849.431    1155.595  878.692  289.141   85.641   -0.325   11.095 0.00000e+00
  172    18.88333   -97.31519 36.74445     825.469    1132.121  881.085  289.319   85.352   -0.438   11.154 0.00000e+00
  173    18.90000   -97.31521 36.74689     799.031    1106.166  883.802  289.525   85.113   -0.614   11.237 0.00000e+00
  174    18.91667   -97.31522 36.74922     767.745    1075.534  886.987  289.799   84.450   -0.692   11.306 0.00000e+00
  175    18.93333   -97.31524 36.75145     734.939    1043.371  890.328  290.103   83.450   -0.678   11.348 0.00000e+00
  176    18.95000   -97.31522 36.75359     699.278    1008.325  893.983  290.453   81.876   -0.665   11.339 0.00000e+00
  177    18.96667   -97.31518 36.75561     660.755     970.420  897.997  290.818   80.543   -0.607   11.365 0.00000e+00
  178    18.98333   -97.31519 36.75751     623.071     933.410  901.891  291.175   79.185   -0.529   11.380 0.00000e+00
