    0    16.01667   -97.51298 36.28934       9.893     369.904  962.828  293.612   82.704    0.018   12.971 0.00000e+00
    1    16.03333   -97.51270 36.29107      11.319     370.263  962.847  293.643   82.633    0.015   12.984 0.00000e+00
    2    16.05000   -97.51266 36.29277      11.637     369.494  962.913  293.734   82.362    0.006   13.014 0.00000e+00
    3    16.06667   -97.51279 36.29446      11.955     368.738  963.010  293.840   81.982   -0.001   13.038 0.00000e+00
    4    16.08333   -97.51297 36.29614      13.055     368.795  963.050  293.838   81.923   -0.001   13.027 0.00000e+00
    5    16.10000   -97.51315 36.29778      14.370     368.529  963.128  293.883   81.740    0.045   13.033 0.00000e+00
    6    16.11667   -97.51340 36.29942      17.049     369.362  963.093  293.884   81.740    0.053   13.034 0.00000e+00
    7    16.13333   -97.51378 36.30115      19.629     370.229  963.036  293.877   81.699    0.050   13.023 0.00000e+00
    8    16.15000   -97.51434 36.30298      23.091     372.247  962.776  293.853   81.711    0.093   13.009 0.00000e+00
    9    16.16667   -97.51513 36.30494      30.075     378.333  962.055  293.777   82.013    0.198   13.005 0.00000e+00
   10    16.18333   -97.51598 36.30708      43.703     392.562  960.430  293.598   82.754    0.362   12.999 0.00000e+00
   11    16.20000   -97.51688 36.30933      68.200     417.681  957.656  293.301   83.992    0.568   12.990 0.00000e+00
   12    16.21667   -97.51790 36.31167      98.201     448.241  954.245  292.909   85.543    0.569   12.956 0.00000e+00
   13    16.23333   -97.51915 36.31417     119.538     468.823  951.995  292.674   86.484    0.309   12.937 0.00000e+00
   14    16.25000   -97.52066 36.31683     111.434     456.569  953.276  292.740   86.079   -0.497   12.913 0.00000e+00
   15    16.26667   -97.52237 36.31953      81.863     423.045  956.976  293.037   84.737   -0.384   12.900 0.00000e+00
   16    16.28333   -97.52413 36.32211      73.785     413.088  957.948  293.095   84.394   -0.141   12.881 0.00000e+00
   17    16.30000   -97.52569 36.32457      72.930     413.624  957.897  293.071   84.411   -0.062   12.865 0.00000e+00
   18    16.31667   -97.52698 36.32700      76.346     418.897  957.375  293.025   84.566    0.147   12.858 0.00000e+00
   19    16.33333   -97.52802 36.32955      84.441     429.135  956.263  292.936   84.904    0.264   12.853 0.00000e+00
   20    16.35000   -97.52892 36.33226      96.602     442.278  954.796  292.813   85.397    0.278   12.848 0.00000e+00
   21    16.36667   -97.52978 36.33506     105.367     451.657  953.771  292.733   85.695    0.236   12.843 0.00000e+00
   22    16.38333   -97.53078 36.33786     113.590     460.611  952.705  292.637   86.057    0.305   12.834 0.00000e+00
   23    16.40000   -97.53183 36.34069     126.729     475.931  950.984  292.490   86.694    0.372   12.834 0.00000e+00
   24    16.41667   -97.53279 36.34347     140.295     491.626  949.262  292.353   87.274    0.187   12.832 0.00000e+00
   25    16.43333   -97.53366 36.34605     143.133     496.135  948.800  292.333   87.221   -0.073   12.814 0.00000e+00
   26    16.45000   -97.53445 36.34868     143.404     494.823  949.037  292.383   86.840   -0.084   12.795 0.00000e+00
   27    16.46667   -97.53516 36.35161     154.432     502.591  948.141  292.342   86.970   -0.049   12.794 0.00000e+00
   28    16.48333   -97.53558 36.35490     173.823     518.059  946.453  292.243   87.327    0.029   12.789 0.00000e+00
   29    16.50000   -97.53582 36.35842     193.764     532.300  944.973  292.160   87.620    0.092   12.786 0.00000e+00
   30    16.51667   -97.53603 36.36203     202.900     535.401  944.541  292.148   87.566    0.025   12.773 0.00000e+00
   31    16.53333   -97.53653 36.36559     193.822     522.381  945.845  292.251   87.304   -0.476   12.800 0.00000e+00
   32    16.55000   -97.53718 36.36890     177.945     504.220  947.995  292.469   86.137   -0.372   12.774 0.00000e+00
   33    16.56667   -97.53745 36.37201     176.611     501.285  948.164  292.503   85.917   -0.174   12.767 0.00000e+00
   34    16.58333   -97.53741 36.37511     182.639     510.169  947.152  292.467   86.122    0.099   12.782 0.00000e+00
   35    16.60000   -97.53722 36.37815     200.400     530.812  944.891  292.318   86.853    0.322   12.801 0.00000e+00
   36    16.61667   -97.53703 36.38105     223.258     555.726  942.259  292.114   87.758    0.390   12.806 0.00000e+00
   37    16.63333   -97.53703 36.38388     244.551     577.785  939.834  291.906   88.668    0.336   12.803 0.00000e+00
   38    16.65000   -97.53736 36.38670     261.382     595.505  937.888  291.734   89.452    0.306   12.804 0.00000e+00
   39    16.66667   -97.53791 36.38945     283.296     618.592  935.392  291.540   90.527    0.449   12.834 0.00000e+00
   40    16.68333   -97.53844 36.39218     315.847     652.478  931.749  291.233   92.086    0.578   12.854 0.00000e+00
   41    16.70000   -97.53871 36.39499     354.208     692.027  927.449  290.869   93.775    0.577   12.850 0.00000e+00
   42    16.71667   -97.53874 36.39788     392.247     731.380  923.129  290.546   94.887    0.775   12.798 0.00000e+00
   43    16.73333   -97.53838 36.40092     436.204     776.971  918.191  290.170   96.110    0.892   12.724 0.00000e+00
   44    16.75000   -97.53757 36.40396     478.927     821.372  913.454  289.761   98.047    0.621   12.711 3.57828e-04
   45    16.76667   -97.53632 36.40698     505.715     849.446  910.421  289.500   99.222    0.110   12.693 1.36091e-04
   46    16.78333   -97.53483 36.40995     505.485     850.426  910.335  289.493   99.211   -0.393   12.687 8.77177e-04
   47    16.80000   -97.53324 36.41288     474.688     820.881  913.503  289.780   97.773   -0.855   12.691 0.00000e+00
   48    16.81667   -97.53168 36.41578     418.294     765.719  919.462  290.344   94.835   -1.213   12.678 0.00000e+00
   49    16.83333   -97.53020 36.41865     344.968     693.616  927.203  291.062   91.223   -1.243   12.658 0.00000e+00
   50    16.85000   -97.52878 36.42147     273.783     623.566  934.878  291.754   88.057   -1.124   12.660 0.00000e+00
   51    16.86667   -97.52748 36.42429     212.485     561.807  941.734  292.377   85.259   -0.968   12.656 0.00000e+00
   52    16.88333   -97.52635 36.42709     164.906     512.616  947.150  292.846   83.285   -0.596   12.659 0.00000e+00
   53    16.90000   -97.52534 36.42986     135.957     481.560  950.619  293.152   81.916   -0.380   12.645 0.00000e+00
   54    16.91667   -97.52448 36.43266     112.204     455.279  953.464  293.442   80.589   -0.240   12.629 0.00000e+00
   55    16.93333   -97.52379 36.43555      82.274     423.591  956.920  293.763   79.090   -0.611   12.599 0.00000e+00
   56    16.95000   -97.52341 36.43866      50.255     390.335  960.550  294.153   77.802   -0.434   12.649 0.00000e+00
   57    16.96667   -97.52370 36.44208      38.267     376.715  962.017  294.514   77.272    0.093   12.828 0.00000e+00
   58    16.98333   -97.52469 36.44529      79.056     416.080  957.675  294.304   78.913    1.601   12.990 0.00000e+00
   59    17.00000   -97.52522 36.44802     176.363     511.963  947.115  293.256   83.069    1.777   12.955 0.00000e+00
   60    17.01667   -97.52514 36.45055     287.396     621.561  935.170  292.149   87.649    2.094   12.916 0.00000e+00
   61    17.03333   -97.52444 36.45314     410.205     742.819  922.022  290.934   93.286    2.275   12.912 0.00000e+00
   62    17.05000   -97.52312 36.45602     525.900     856.682  909.816  289.810   98.743    1.904   12.894 0.00000e+00
   63    17.06667   -97.52122 36.45921     600.644     929.259  902.116  289.310  100.000    0.830   12.771 9.29910e-02
   64    17.08333   -97.51906 36.46257     604.741     931.032  901.957  289.212  100.000   -0.563   12.687 6.40431e-02
   65    17.10000   -97.51714 36.46595     543.110     866.962  908.731  289.690   97.699   -1.357   12.675 0.00000e+00
   66    17.11667   -97.51562 36.46926     458.137     779.639  918.098  290.557   93.080   -1.271   12.633 0.00000e+00
   67    17.13333   -97.51443 36.47239     388.806     708.278  925.772  291.250   89.761   -0.864   12.625 0.00000e+00
   68    17.15000   -97.51341 36.47529     344.016     662.110  930.768  291.724   87.327   -0.598   12.587 0.00000e+00
   69    17.16667   -97.51249 36.47801     319.729     636.632  933.523  292.022   85.421   -0.403   12.510 0.00000e+00
   70    17.18333   -97.51160 36.48059     303.079     618.829  935.493  292.207   84.526   -0.250   12.497 0.00000e+00
   71    17.20000   -97.51066 36.48299     290.096     604.407  937.032  292.319   84.049   -0.214   12.493 0.00000e+00
   72    17.21667   -97.50967 36.48531     275.581     588.436  938.760  292.433   83.872   -0.310   12.533 0.00000e+00
   73    17.23333   -97.50882 36.48758     259.152     570.405  940.741  292.574   83.980   -0.344   12.635 0.00000e+00
   74    17.25000   -97.50809 36.48983     243.616     554.010  942.505  292.734   83.586   -0.693   12.678 0.00000e+00
   75    17.26667   -97.50734 36.49183     231.064     540.992  943.922  292.903   82.759   -0.573   12.668 0.00000e+00
   76    17.28333   -97.50665 36.49371     231.465     540.831  943.968  292.918   82.128   -0.252   12.582 0.00000e+00
   77    17.30000   -97.50600 36.49557     243.420     552.124  942.739  292.814   82.570    0.013   12.584 0.00000e+00
   78    17.31667   -97.50514 36.49722     290.598     598.683  937.610  292.474   85.130    1.443   12.771 0.00000e+00
   79    17.33333   -97.50394 36.49874     385.378     693.056  927.338  291.523   89.269    1.422   12.752 0.00000e+00
   80    17.35000   -97.50212 36.50039     432.909     740.200  922.281  291.063   91.291    0.099   12.737 0.00000e+00
   81    17.36667   -97.50040 36.50237     403.391     710.010  925.593  291.361   89.981   -0.840   12.747 0.00000e+00
   82    17.38333   -97.49927 36.50474     340.118     645.519  932.600  292.087   86.358   -0.992   12.711 0.00000e+00
   83    17.40000   -97.49861 36.50745     278.500     582.378  939.448  292.717   82.913   -0.930   12.604 0.00000e+00
   84    17.41667   -97.49817 36.51043     223.355     525.872  945.607  293.275   79.983   -0.609   12.508 0.00000e+00
   85    17.43333   -97.49780 36.51348     184.552     486.057  949.878  293.633   78.546   -0.334   12.504 0.00000e+00
   86    17.45000   -97.49728 36.51646     151.635     454.196  953.357  293.953   76.942   -0.496   12.449 0.00000e+00
   87    17.46667   -97.49655 36.51934     126.140     429.909  955.995  294.182   76.131   -0.200   12.460 0.00000e+00
   88    17.48333   -97.49561 36.52223     115.612     420.641  957.045  294.276   75.992   -0.008   12.496 0.00000e+00
   89    17.50000   -97.49459 36.52511     114.039     419.847  957.135  294.293   75.987    0.035   12.507 0.00000e+00
   90    17.51667   -97.49355 36.52798     111.066     417.474  957.330  294.325   75.924   -0.098   12.519 0.00000e+00
   91    17.53333   -97.49261 36.53086     102.899     409.968  958.203  294.428   75.755   -0.101   12.559 0.00000e+00
   92    17.55000   -97.49184 36.53366     101.301     409.416  958.253  294.449   75.843    0.099   12.590 0.00000e+00
   93    17.56667   -97.49120 36.53638     107.432     416.619  957.468  294.400   76.393    0.283   12.653 0.00000e+00
   94    17.58333   -97.49068 36.53906     122.651     433.020  955.665  294.276   77.049    0.456   12.688 0.00000e+00
   95    17.60000   -97.49025 36.54174     141.921     453.730  953.345  294.053   77.951    0.494   12.691 0.00000e+00
   96    17.61667   -97.48986 36.54440     157.181     470.384  951.534  293.905   78.380    0.378   12.668 0.00000e+00
   97    17.63333   -97.48958 36.54697     165.993     480.613  950.403  293.810   78.149    0.179   12.572 0.00000e+00
   98    17.65000   -97.48943 36.54944     170.053     486.524  949.791  293.712   78.201   -0.019   12.512 0.00000e+00
   99    17.66667   -97.48949 36.55173     174.767     492.994  949.080  293.729   78.929    0.140   12.651 0.00000e+00
  100    17.68333   -97.48959 36.55375     187.817     507.627  947.428  293.691   79.729    0.327   12.772 0.00000e+00
  101    17.70000   -97.48958 36.55566     206.242     527.403  945.257  293.563   80.425    0.300   12.810 0.00000e+00
  102    17.71667   -97.48921 36.55766     229.533     551.893  942.540  293.357   81.016    0.253   12.776 0.00000e+00
  103    17.73333   -97.48851 36.55994     247.060     570.930  940.442  293.200   81.155   -0.067   12.702 0.00000e+00
  104    17.75000   -97.48767 36.56258     231.296     557.223  941.922  293.337   80.470   -0.553   12.683 0.00000e+00
  105    17.76667   -97.48704 36.56554     194.509     522.034  945.798  293.684   79.086   -0.847   12.685 0.00000e+00
  106    17.78333   -97.48676 36.56886     157.834     486.523  949.722  294.018   77.698   -0.848   12.672 0.00000e+00
  107    17.80000   -97.48702 36.57238     139.570     469.004  951.748  294.200   76.992   -0.287   12.672 0.00000e+00
  108    17.81667   -97.48766 36.57575     135.473     463.221  952.347  294.294   76.649   -0.076   12.681 0.00000e+00
  109    17.83333   -97.48835 36.57875     134.006     460.353  952.658  294.353   76.553   -0.056   12.708 0.00000e+00
  110    17.85000   -97.48897 36.58142     137.931     462.275  952.519  294.367   76.420    0.177   12.698 0.00000e+00
  111    17.86667   -97.48964 36.58392     149.791     471.847  951.508  294.276   76.540    0.326   12.660 0.00000e+00
  112    17.88333   -97.49026 36.58630     172.580     492.734  949.191  294.096   77.246    0.551   12.666 0.00000e+00
  113    17.90000   -97.49089 36.58866     200.710     519.403  946.245  293.830   78.228    0.571   12.656 0.00000e+00
  114    17.91667   -97.49148 36.59103     220.603     538.585  944.122  293.644   78.969    0.519   12.657 0.00000e+00
  115    17.93333   -97.49192 36.59345     228.163     545.280  943.394  293.591   78.976    0.278   12.626 0.00000e+00
  116    17.95000   -97.49222 36.59594     228.044     544.107  943.486  293.590   78.548   -0.005   12.556 0.00000e+00
  117    17.96667   -97.49236 36.59849     224.356     539.669  943.946  293.631   78.042   -0.036   12.501 0.00000e+00
  118    17.98333   -97.49242 36.60111     224.018     538.727  944.016  293.635   77.871    0.014   12.476 0.00000e+00
  119    18.00000   -97.49241 36.60377     224.326     538.427  944.030  293.630   77.849    0.032   12.468 0.00000e+00
  120    18.01667   -97.49239 36.60645     222.651     535.866  944.296  293.636   77.786   -0.024   12.460 0.00000e+00
  121    18.03333   -97.49241 36.60908     216.867     528.958  945.151  293.695   77.451   -0.140   12.440 0.00000e+00
  122    18.05000   -97.49240 36.61161     205.837     516.852  946.396  293.806   76.961   -0.186   12.431 0.00000e+00
  123    18.06667   -97.49236 36.61405     194.251     504.230  947.728  293.928   76.467   -0.148   12.428 0.00000e+00
  124    18.08333   -97.49234 36.61644     185.989     494.958  948.857  294.043   75.953   -0.081   12.417 0.00000e+00
  125    18.10000   -97.49226 36.61880     179.974     487.931  949.600  294.137   75.406   -0.089   12.390 0.00000e+00
  126    18.11667   -97.49221 36.62117     174.475     481.424  950.381  294.232   74.910   -0.030   12.371 0.00000e+00
  127    18.13333   -97.49225 36.62354     172.465     479.544  950.508  294.296   74.541    0.074   12.358 0.00000e+00
  128    18.15000   -97.49236 36.62592     178.231     485.828  949.813  294.283   74.549    0.109   12.358 0.00000e+00
  129    18.16667   -97.49255 36.62826     183.072     491.206  949.218  294.304   74.314   -0.146   12.344 0.00000e+00
  130    18.18333   -97.49292 36.63056     175.162     483.565  950.082  294.445   73.725   -0.511   12.342 0.00000e+00
  131    18.20000   -97.49340 36.63275     145.067     452.854  953.445  294.797   72.506   -0.803   12.361 0.00000e+00
  132    18.21667   -97.49397 36.63477     114.246     421.420  956.929  295.131   71.317   -0.893   12.366 0.00000e+00
  133    18.23333   -97.49461 36.63666      66.611     373.161  962.230  295.643   69.498   -0.812   12.367 0.00000e+00
  134    18.25000   -97.49506 36.63852      36.771     342.617  965.587  295.829   68.827   -0.480   12.345 0.00000e+00
  135    18.26667   -97.49534 36.64034      17.273     322.662  967.760  296.256   67.482   -0.243   12.397 0.00000e+00
  136    18.28333   -97.49549 36.64190       7.695     312.731  968.767  296.645   66.416   -0.072   12.481 0.00000e+00
  137    18.30000   -97.49568 36.64336       4.453     309.160  969.087  296.979   65.665   -0.021   12.590 0.00000e+00
  138    18.31667   -97.49593 36.64482       3.767     308.147  969.201  297.228   65.246   -0.007   12.699 0.00000e+00
  139    18.33333   -97.49622 36.64639       3.188     307.275  969.244  297.289   64.858   -0.015   12.670 0.00000e+00
  140    18.35000   -97.49662 36.64808       2.528     306.559  969.346  297.270   64.406   -0.019   12.565 0.00000e+00
  141    18.36667   -97.49710 36.64987       1.778     305.890  969.366  297.426   63.764   -0.011   12.559 0.00000e+00
  142    18.38333   -97.49777 36.65178       1.255     305.483  969.406  297.412   63.662   -0.013   12.527 0.00000e+00
  143    18.40000   -97.49855 36.65372       1.400     305.797  969.354  297.525   63.504    0.006   12.583 0.00000e+00
  144    18.41667   -97.49930 36.65549       2.028     306.553  969.324  297.657   63.579    0.022   12.699 0.00000e+00
  145    18.43333   -97.49988 36.65686       3.967     308.460  969.145  297.786   63.710    0.075   12.827 0.00000e+00
  146    18.45000   -97.50032 36.65812      10.628     315.058  968.520  297.461   64.883    0.211   12.818 0.00000e+00
  147    18.46667   -97.50060 36.65963      22.640     326.960  967.234  297.175   65.340    0.334   12.702 0.00000e+00
  148    18.48333   -97.50085 36.66137      44.377     348.555  964.819  296.873   66.050    0.581   12.638 0.00000e+00
  149    18.50000   -97.50114 36.66321      84.473     388.484  960.424  296.344   67.460    1.071   12.556 0.00000e+00
  150    18.51667   -97.50145 36.66523     151.740     455.553  953.023  295.549   69.699    1.554   12.452 0.00000e+00
  151    18.53333   -97.50169 36.66731     239.069     542.667  943.534  294.635   72.684    1.770   12.397 0.00000e+00
  152    18.55000   -97.50192 36.66930     339.975     643.352  932.597  293.601   76.454    1.852   12.374 0.00000e+00
  153    18.56667   -97.50206 36.67139     445.840     749.016  921.245  292.550   80.582    1.642   12.364 0.00000e+00
  154    18.58333   -97.50211 36.67368     531.446     835.000  912.062  291.694   84.118    1.078   12.353 0.00000e+00
  155    18.60000   -97.50200 36.67608     575.394     879.497  907.376  291.220   86.076    0.220   12.330 0.00000e+00
  156    18.61667   -97.50178 36.67843     569.497     874.137  907.914  291.256   85.668   -0.610   12.293 0.00000e+00
  157    18.63333   -97.50166 36.68060     523.914     829.047  912.746  291.694   83.731   -1.029   12.287 0.00000e+00
  158    18.65000   -97.50190 36.68248     463.422     769.008  919.125  292.276   81.329   -0.953   12.294 0.00000e+00
  159    18.66667   -97.50255 36.68420     420.972     726.969  923.606  292.748   79.398   -0.359   12.303 0.00000e+00
  160    18.68333   -97.50338 36.68587     398.574     704.973  925.963  293.064   78.041   -0.412   12.303 0.00000e+00
  161    18.70000   -97.50423 36.68781     367.087     673.955  929.288  293.396   76.603   -0.800   12.285 0.00000e+00
  162    18.71667   -97.50500 36.69003     302.538     610.533  936.089  294.001   74.216   -1.444   12.269 0.00000e+00
  163    18.73333   -97.50565 36.69217     205.467     514.745  946.493  294.917   70.762   -1.971   12.243 0.00000e+00
  164    18.75000   -97.50583 36.69406     106.445     416.853  957.186  295.847   67.593   -1.480   12.244 0.00000e+00
  165    18.76667   -97.50518 36.69554      46.372     357.688  963.732  296.416   65.519   -0.538   12.205 0.00000e+00
  166    18.78333   -97.50372 36.69664      30.123     342.055  965.470  296.733   64.498   -0.035   12.228 0.00000e+00
  167    18.80000   -97.50207 36.69756      34.073     346.278  964.942  296.898   64.197    0.168   12.301 0.00000e+00
  168    18.81667   -97.50058 36.69849      48.636     360.931  963.373  296.960   64.295    0.343   12.386 0.00000e+00
  169    18.83333   -97.49941 36.69947      79.278     391.703  959.935  296.681   65.183    0.766   12.391 0.00000e+00
  170    18.85000   -97.49871 36.70047     152.511     465.128  951.915  296.084   67.210    1.817   12.423 0.00000e+00
  171    18.86667   -97.49844 36.70164     271.707     584.618  938.925  294.827   70.652    2.070   12.256 0.00000e+00
  172    18.88333   -97.49802 36.70299     380.863     694.083  927.173  293.724   74.264    1.624   12.184 0.00000e+00
  173    18.90000   -97.49744 36.70430     464.705     778.169  918.210  292.904   77.205    1.258   12.152 0.00000e+00
  174    18.91667   -97.49699 36.70565     526.125     839.960  911.633  292.296   78.827    1.228   12.030 0.00000e+00
  175    18.93333   -97.49648 36.70711     604.009     918.380  903.311  291.558   80.947    1.807   11.900 0.00000e+00
  176    18.95000   -97.49566 36.70864     708.022    1022.944  892.348  290.530   85.348    2.052   11.900 0.00000e+00
  177    18.96667   -97.49437 36.71035     792.668    1108.289  883.460  289.679   88.540    1.224   11.810 0.00000e+00
  178    18.98333   -97.49277 36.71232     833.640    1150.329  879.063  289.258   89.544    0.406   11.683 0.00000e+00
