44, 1001
John Shilling
PNNL
Aerodyne HR-ToF AMS
HiScale IOP2
1, 1
2016, 08, 29, 2017, 03, 06
13
dat_ams_utc, seconds_past_midnight, AMS UTC Time
11
1, 1, 1, 1, 1, 1, 1, 1, 1, 1, 1
-9999, -9999, -9999, -9999, -9999, -9999, -9999, -9999, -9999, -9999, -9999
Org, ug/M3, organic mass loading
Org_err, ug/M3, organic error
NO3, ug/M3, nitrate mass loading
NO3_err, ug/M3, nitrate error
SO4, ug/M3, sulfate mass loading
SO4_err, ug/M3, sulfate error
NH4, ug/M3, ammonium mass loading
NH4_err, ug/M3, ammonium error
Chl, ug/M3, chloride mass loading
Chl_err, ug/M3, chloride error
flag, unitless, data quality flag 0=good isokinetic inlet, 1=good CVI inlet, 2=blank isoK, 3=blank CVI, 4=bad data
1
Tuning on this flight is different from other flights.
18
PI_CONTACT_INFO: Address: 902 Battelle Blvd, Richland, WA 
PLATFORM: Platform: DOE G-1 Aircraft
LOCATION: Location: Bartlesville, OK
ASSOCIATED_DATA: N/A
INSTRUMENT_INFO: N/A
DATA_INFO: Units:
UNCERTAINTY: N/A
ULOD_FLAG: -7777
ULOD_VALUE: N/A
LLOD_FLAG: -8888
LLOD_VALUE: N/A
DM_CONTACT_INFO: Data Manager:
PROJECT_INFO: Project Info: 
STIPULATIONS_ON_USE: Use of these data require prior ok from PI.
OTHER_COMMENTS: e-mail: john.shilling@pnnl.gov
REVISION: R0
R0 Initial Release
dat_ams_utc, Org, Org_err, NO3, NO3_err, SO4, SO4_err, NH4, NH4_err, Chl, Chl_err, flag
52979,0.047,0.127,-0.018,0.022,-0.032,0.026,0.097,0.125,-0.049,0.045,2.000
52993,-0.009,0.129,0.001,0.022,-0.020,0.026,-0.097,0.127,-0.062,0.046,2.000
53006,-0.193,0.127,-0.017,0.022,0.051,0.025,0.161,0.124,-0.031,0.045,2.000
53018,-0.013,0.131,0.014,0.022,0.009,0.026,-0.024,0.129,-0.041,0.047,2.000
53031,-0.040,0.127,0.020,0.022,0.012,0.025,0.115,0.125,0.115,0.044,2.000
53044,-0.200,0.126,-0.001,0.022,0.019,0.025,0.054,0.124,0.014,0.044,2.000
53057,-0.104,0.127,0.044,0.021,0.019,0.025,-0.052,0.125,-0.020,0.044,2.000
53070,0.160,0.127,-0.020,0.022,0.025,0.025,0.038,0.125,-0.007,0.043,2.000
53082,-0.012,0.131,0.003,0.022,-0.039,0.027,-0.080,0.129,-0.028,0.044,2.000
53095,0.162,0.127,0.027,0.022,-0.003,0.025,0.059,0.125,0.088,0.043,2.000
53108,-0.071,0.128,-0.023,0.022,-0.004,0.025,0.044,0.125,0.035,0.043,2.000
53121,-0.208,0.127,0.007,0.022,0.029,0.025,0.048,0.125,0.004,0.043,2.000
53134,-0.128,0.127,0.034,0.022,0.041,0.025,-0.036,0.125,-0.030,0.043,2.000
53147,-0.052,0.127,-0.036,0.022,-0.006,0.025,-0.348,0.125,0.033,0.043,2.000
53160,0.220,0.127,-0.010,0.022,-0.032,0.025,-0.032,0.125,-0.076,0.043,2.000
53173,0.123,0.129,0.006,0.022,0.006,0.026,-0.020,0.127,0.036,0.043,2.000
53186,-0.062,0.127,-0.047,0.022,0.001,0.025,0.093,0.125,0.030,0.043,2.000
53199,0.062,0.127,-0.018,0.022,0.050,0.025,0.076,0.125,0.021,0.043,2.000
53212,0.179,0.127,0.005,0.022,-0.002,0.025,-0.191,0.125,0.044,0.043,2.000
53225,0.125,0.129,0.008,0.022,-0.028,0.026,0.189,0.127,0.108,0.043,2.000
53238,0.157,0.127,0.001,0.021,-0.014,0.025,-0.078,0.125,-0.009,0.042,2.000
53251,0.219,0.127,-0.007,0.022,0.018,0.025,0.169,0.125,-0.011,0.042,2.000
53264,-0.152,0.127,0.027,0.022,0.003,0.026,-0.007,0.125,-0.006,0.043,2.000
53277,0.227,0.127,0.029,0.022,-0.041,0.025,0.062,0.125,-0.052,0.042,2.000
53289,-0.039,0.131,0.033,0.023,0.006,0.026,-0.052,0.129,0.011,0.044,2.000
53302,0.058,0.127,0.021,0.022,-0.012,0.025,-0.201,0.125,-0.024,0.042,2.000
53315,0.052,0.131,0.023,0.022,0.013,0.026,0.234,0.129,-0.025,0.044,2.000
53327,0.048,0.131,0.037,0.023,0.025,0.026,-0.143,0.129,0.022,0.044,2.000
53340,-0.002,0.131,0.015,0.023,0.020,0.026,0.179,0.129,-0.024,0.043,2.000
53352,0.063,0.131,0.019,0.022,0.019,0.026,-0.073,0.129,0.045,0.043,2.000
53365,-0.134,0.131,0.014,0.023,0.033,0.026,0.160,0.129,0.006,0.043,2.000
53377,0.275,0.131,0.036,0.023,0.008,0.026,0.004,0.129,-0.016,0.043,2.000
53390,-0.001,0.129,-0.011,0.022,0.030,0.026,-0.089,0.127,0.021,0.043,2.000
53403,0.187,0.127,0.020,0.022,0.034,0.026,-0.025,0.125,0.036,0.043,2.000
53416,-0.045,0.126,-0.020,0.021,-0.024,0.025,-0.002,0.124,-0.013,0.042,2.000
53429,-0.090,0.126,-0.004,0.021,-0.022,0.025,-0.004,0.124,-0.011,0.042,2.000
53442,-0.004,0.128,-0.011,0.022,-0.024,0.026,0.106,0.125,0.059,0.042,2.000
53455,-0.030,0.130,0.015,0.022,-0.001,0.026,0.042,0.128,0.036,0.043,2.000
53468,-0.064,0.130,-0.011,0.022,0.016,0.026,-0.215,0.128,-0.003,0.043,2.000
53481,-0.062,0.129,0.006,0.022,0.011,0.025,-0.166,0.127,0.049,0.042,2.000
53493,-0.025,0.130,0.006,0.022,0.024,0.026,0.122,0.129,-0.037,0.043,2.000
53506,-0.090,0.127,0.030,0.022,0.004,0.025,-0.112,0.127,0.010,0.042,2.000
53519,-0.086,0.125,-0.002,0.021,0.000,0.025,0.079,0.125,-0.062,0.042,2.000
53532,-0.048,0.127,-0.008,0.022,0.058,0.025,-0.121,0.127,-0.028,0.042,2.000
53545,-0.077,0.126,0.007,0.022,-0.013,0.025,0.086,0.127,0.061,0.042,2.000
53558,-0.000,0.123,0.027,0.021,0.021,0.024,0.101,0.124,-0.037,0.041,2.000
53570,-0.025,0.127,-0.003,0.022,-0.001,0.025,-0.185,0.129,-0.038,0.043,2.000
53583,0.024,0.125,0.020,0.021,-0.009,0.025,-0.035,0.127,0.010,0.041,2.000
53596,-0.145,0.124,-0.025,0.022,-0.000,0.025,0.256,0.127,-0.004,0.041,2.000
53609,0.130,0.124,0.059,0.021,-0.024,0.025,-0.298,0.127,0.015,0.041,2.000
53622,-0.043,0.124,0.022,0.021,0.021,0.025,-0.217,0.127,-0.020,0.041,2.000
53635,-0.151,0.122,0.005,0.021,0.024,0.024,0.063,0.124,-0.019,0.040,2.000
53648,-0.123,0.124,0.028,0.021,0.021,0.025,-0.214,0.127,-0.035,0.041,2.000
53661,-0.199,0.124,-0.047,0.021,0.025,0.025,0.003,0.126,0.013,0.041,2.000
53674,-0.008,0.123,-0.000,0.021,0.003,0.025,-0.068,0.126,0.021,0.040,2.000
53687,0.111,0.121,0.000,0.020,0.012,0.024,-0.018,0.124,0.003,0.040,2.000
53700,-0.075,0.123,0.017,0.021,-0.006,0.025,0.010,0.126,-0.007,0.040,2.000
53713,-0.317,0.123,-0.003,0.021,-0.006,0.025,-0.073,0.126,-0.003,0.041,2.000
53726,-0.389,0.123,0.020,0.021,0.033,0.025,-0.053,0.127,0.013,0.041,2.000
53738,-0.019,0.124,-0.006,0.021,0.031,0.025,0.338,0.128,0.005,0.041,2.000
53751,-0.072,0.122,-0.033,0.021,0.017,0.024,-0.032,0.126,0.002,0.040,2.000
53763,-0.187,0.124,0.025,0.021,-0.017,0.025,-0.228,0.128,-0.019,0.041,2.000
53776,-0.034,0.120,0.051,0.021,-0.011,0.024,-0.380,0.124,-0.042,0.040,2.000
53789,-0.037,0.123,0.006,0.021,-0.048,0.025,-0.114,0.128,0.032,0.040,2.000
53802,0.015,0.122,-0.026,0.021,0.017,0.024,-0.297,0.127,0.048,0.040,2.000
53814,-0.131,0.122,0.031,0.021,0.000,0.024,0.137,0.126,-0.034,0.040,2.000
53827,-0.186,0.124,-0.025,0.021,-0.013,0.025,-0.136,0.128,-0.048,0.041,2.000
53840,-0.002,0.120,0.008,0.021,0.005,0.024,0.078,0.124,0.015,0.039,2.000
53853,-0.070,0.122,0.030,0.021,-0.011,0.024,-0.101,0.127,0.002,0.040,2.000
53865,0.200,0.119,-0.017,0.020,-0.057,0.024,0.028,0.124,0.029,0.039,2.000
53878,-0.108,0.122,0.006,0.021,-0.013,0.025,-0.184,0.126,0.030,0.040,2.000
53891,-0.072,0.119,0.008,0.021,0.017,0.024,-0.083,0.124,-0.017,0.039,2.000
53904,-0.111,0.122,-0.024,0.021,-0.008,0.024,0.158,0.127,-0.038,0.039,2.000
53917,-0.143,0.122,0.012,0.021,0.050,0.024,-0.029,0.127,-0.063,0.040,2.000
53930,0.003,0.122,0.008,0.020,-0.014,0.024,-0.187,0.126,0.015,0.039,2.000
53943,-0.203,0.119,0.018,0.020,0.041,0.024,0.105,0.124,-0.005,0.039,2.000
53956,-0.090,0.122,-0.026,0.021,-0.001,0.025,0.377,0.127,-0.047,0.039,2.000
53969,-0.120,0.122,-0.002,0.021,0.010,0.024,-0.023,0.127,0.018,0.040,2.000
53982,-0.022,0.120,-0.011,0.020,0.010,0.024,-0.012,0.125,-0.070,0.038,2.000
53995,-0.343,0.122,0.004,0.020,0.010,0.024,0.112,0.127,0.003,0.039,2.000
54008,2.911,0.123,0.155,0.021,0.673,0.030,0.014,0.125,-0.016,0.039,0.000
54021,3.163,0.125,0.125,0.022,0.918,0.033,0.524,0.125,0.035,0.039,0.000
54034,4.253,0.126,0.316,0.023,1.090,0.035,0.503,0.125,0.013,0.039,0.000
54047,4.047,0.128,0.433,0.024,1.000,0.034,0.715,0.127,-0.005,0.040,0.000
54059,4.417,0.127,0.438,0.025,0.947,0.034,0.544,0.125,0.006,0.039,0.000
54072,4.583,0.126,0.386,0.024,0.830,0.034,0.715,0.124,-0.004,0.039,0.000
54085,4.715,0.127,0.362,0.024,0.894,0.034,0.648,0.125,0.008,0.039,0.000
54098,4.603,0.127,0.362,0.024,0.915,0.034,0.362,0.125,-0.007,0.040,0.000
54110,4.994,0.127,0.381,0.024,0.966,0.034,0.476,0.124,-0.009,0.039,0.000
54123,5.078,0.127,0.461,0.025,1.097,0.036,0.394,0.125,-0.042,0.039,0.000
54136,4.878,0.128,0.450,0.024,0.858,0.034,0.552,0.125,-0.016,0.039,0.000
54149,5.366,0.127,0.434,0.024,0.833,0.034,0.558,0.124,0.007,0.038,0.000
54162,5.272,0.127,0.225,0.022,0.977,0.035,0.261,0.124,0.058,0.038,0.000
54174,5.304,0.127,0.208,0.023,0.947,0.035,0.386,0.125,0.029,0.039,0.000
54187,5.164,0.127,0.250,0.023,0.953,0.035,0.546,0.124,-0.004,0.039,0.000
54200,5.731,0.127,0.276,0.023,1.009,0.036,0.470,0.124,-0.040,0.038,0.000
54213,5.259,0.126,0.273,0.023,1.007,0.035,0.473,0.123,-0.002,0.038,0.000
54225,4.973,0.126,0.229,0.022,0.957,0.034,0.417,0.124,0.012,0.038,0.000
54238,5.070,0.126,0.220,0.022,0.902,0.034,0.584,0.123,-0.060,0.038,0.000
54251,5.339,0.126,0.211,0.023,0.871,0.034,0.207,0.124,-0.086,0.039,0.000
54264,5.792,0.127,0.361,0.023,0.902,0.035,0.560,0.123,0.059,0.038,0.000
54276,6.081,0.127,0.264,0.023,1.006,0.036,0.473,0.124,0.035,0.038,0.000
54289,6.089,0.128,0.304,0.023,1.111,0.036,0.734,0.125,0.048,0.038,0.000
54302,5.362,0.127,0.214,0.022,1.139,0.036,0.364,0.124,0.031,0.038,0.000
54315,5.441,0.126,0.263,0.023,1.003,0.035,0.508,0.123,-0.022,0.037,0.000
54328,5.544,0.126,0.303,0.023,1.086,0.036,0.253,0.123,-0.000,0.037,0.000
54340,6.183,0.127,0.355,0.023,1.056,0.036,0.434,0.124,0.037,0.038,0.000
54353,5.555,0.127,0.436,0.023,0.819,0.034,0.678,0.124,0.027,0.038,0.000
54366,6.050,0.127,0.363,0.023,1.071,0.036,0.480,0.123,-0.003,0.038,0.000
54379,5.689,0.127,0.328,0.023,0.792,0.034,0.384,0.123,0.056,0.038,0.000
54391,6.216,0.127,0.261,0.023,1.081,0.036,0.451,0.124,-0.006,0.038,0.000
54404,5.936,0.127,0.267,0.022,1.011,0.036,0.381,0.123,-0.072,0.038,0.000
54417,5.896,0.127,0.318,0.023,0.993,0.035,0.437,0.123,-0.041,0.037,0.000
54430,5.891,0.127,0.447,0.024,0.830,0.035,0.407,0.123,-0.017,0.038,0.000
54442,5.908,0.127,0.324,0.023,1.066,0.035,0.427,0.124,0.046,0.038,0.000
54455,5.922,0.127,0.262,0.023,1.009,0.036,0.565,0.123,-0.002,0.038,0.000
54468,5.922,0.127,0.366,0.023,0.988,0.035,0.444,0.123,-0.013,0.037,0.000
54481,5.744,0.126,0.382,0.024,0.844,0.034,0.504,0.123,0.031,0.037,0.000
54494,5.087,0.127,0.372,0.023,0.837,0.034,0.344,0.124,0.061,0.038,0.000
54506,4.905,0.126,0.309,0.023,0.792,0.034,0.478,0.124,-0.032,0.038,0.000
54519,5.288,0.127,0.312,0.023,0.970,0.035,0.441,0.125,-0.027,0.038,0.000
54532,5.073,0.127,0.366,0.024,0.955,0.035,0.672,0.125,0.020,0.038,0.000
54545,4.476,0.126,0.285,0.022,0.917,0.035,0.292,0.125,0.001,0.038,0.000
54557,4.294,0.126,0.196,0.022,0.913,0.034,0.361,0.125,0.044,0.038,0.000
54570,4.145,0.125,0.233,0.022,0.905,0.035,0.415,0.124,0.057,0.038,0.000
54583,4.415,0.125,0.209,0.022,0.867,0.034,0.521,0.125,0.042,0.037,0.000
54596,4.245,0.124,0.220,0.022,0.922,0.034,0.481,0.123,-0.016,0.037,0.000
54608,3.903,0.124,0.257,0.022,0.889,0.034,0.241,0.123,0.088,0.037,0.000
54621,4.245,0.124,0.231,0.022,0.915,0.035,0.378,0.123,-0.017,0.037,0.000
54634,4.027,0.124,0.217,0.022,0.866,0.034,0.305,0.124,0.032,0.037,0.000
54647,3.937,0.124,0.204,0.022,0.825,0.034,0.302,0.123,-0.002,0.037,0.000
54660,3.818,0.123,0.224,0.022,0.727,0.033,0.389,0.123,-0.000,0.037,0.000
54672,3.924,0.123,0.236,0.022,0.858,0.035,0.175,0.123,0.001,0.037,0.000
54685,3.990,0.124,0.200,0.022,0.789,0.034,0.352,0.123,0.016,0.036,0.000
54698,3.604,0.124,0.182,0.022,0.767,0.033,0.354,0.125,0.021,0.037,0.000
54711,4.363,0.125,0.283,0.023,0.703,0.033,0.346,0.124,-0.004,0.037,0.000
54723,3.534,0.124,0.192,0.022,0.756,0.034,0.180,0.124,0.066,0.037,0.000
54736,4.467,0.125,0.208,0.022,0.960,0.034,0.184,0.125,0.029,0.037,0.000
54749,4.107,0.124,0.222,0.022,0.818,0.034,0.366,0.124,0.059,0.037,0.000
54762,3.824,0.125,0.226,0.022,0.791,0.033,0.326,0.125,-0.013,0.037,0.000
54775,4.375,0.125,0.160,0.022,0.835,0.033,0.153,0.125,-0.010,0.037,0.000
54788,4.177,0.125,0.215,0.022,0.793,0.034,0.195,0.124,0.158,0.036,0.000
54801,4.451,0.124,0.191,0.022,0.718,0.033,0.343,0.124,-0.026,0.037,0.000
54814,4.625,0.125,0.292,0.022,0.857,0.034,0.202,0.124,0.097,0.036,0.000
54826,4.834,0.126,0.207,0.022,0.802,0.034,0.289,0.124,-0.007,0.037,0.000
54839,4.882,0.127,0.176,0.022,0.789,0.035,0.067,0.126,0.038,0.037,0.000
54852,5.119,0.125,0.197,0.022,0.876,0.034,0.680,0.124,0.001,0.036,0.000
54865,5.514,0.126,0.265,0.022,0.893,0.034,0.292,0.124,-0.024,0.037,0.000
54878,5.550,0.126,0.245,0.022,0.897,0.034,0.382,0.124,0.013,0.036,0.000
54891,5.361,0.126,0.272,0.022,0.893,0.034,0.569,0.124,-0.029,0.037,0.000
54903,5.510,0.130,0.302,0.023,0.883,0.035,0.247,0.128,-0.028,0.038,0.000
54916,6.376,0.129,0.320,0.023,0.850,0.035,0.410,0.126,-0.020,0.037,0.000
54928,5.811,0.130,0.295,0.023,0.805,0.035,0.247,0.128,-0.013,0.038,0.000
54941,5.941,0.130,0.238,0.023,0.813,0.035,0.376,0.128,-0.057,0.038,0.000
54954,5.560,0.127,0.274,0.022,0.774,0.034,0.149,0.125,-0.054,0.037,0.000
54966,5.702,0.131,0.271,0.023,0.780,0.035,0.275,0.129,0.035,0.038,0.000
54979,6.075,0.127,0.256,0.022,0.779,0.034,0.303,0.125,0.007,0.036,0.000
54992,6.228,0.129,0.282,0.022,0.765,0.034,0.300,0.127,-0.043,0.037,0.000
55005,5.719,0.129,0.231,0.023,0.842,0.034,0.427,0.127,0.044,0.037,0.000
55018,5.528,0.127,0.284,0.022,0.772,0.034,0.510,0.125,0.032,0.037,0.000
55031,5.917,0.128,0.252,0.022,0.894,0.035,0.326,0.125,-0.054,0.037,0.000
55044,5.690,0.128,0.218,0.022,0.860,0.034,0.339,0.125,0.020,0.036,0.000
55057,5.927,0.128,0.174,0.022,0.927,0.034,0.210,0.125,-0.046,0.036,0.000
55069,5.858,0.131,0.211,0.023,0.915,0.036,0.409,0.129,0.040,0.038,0.000
55082,5.370,0.128,0.216,0.022,0.963,0.035,0.482,0.125,0.042,0.036,0.000
55095,5.082,0.129,0.267,0.023,0.886,0.035,0.322,0.128,0.065,0.036,0.000
55108,5.818,0.128,0.220,0.022,0.875,0.035,0.446,0.126,-0.013,0.036,0.000
55121,5.960,0.128,0.231,0.022,0.856,0.035,0.268,0.126,0.017,0.036,0.000
55134,5.038,0.127,0.147,0.022,0.910,0.034,0.562,0.125,0.014,0.036,0.000
55147,5.566,0.127,0.195,0.022,0.859,0.035,0.614,0.125,-0.032,0.036,0.000
55160,5.812,0.128,0.180,0.022,0.835,0.034,0.280,0.127,-0.089,0.036,0.000
55172,5.904,0.127,0.264,0.022,0.819,0.035,0.327,0.124,0.053,0.035,0.000
55185,6.152,0.127,0.185,0.022,0.910,0.035,0.655,0.124,-0.032,0.035,0.000
55198,6.057,0.127,0.258,0.022,0.914,0.035,0.121,0.125,0.000,0.036,0.000
55211,5.812,0.127,0.226,0.022,0.846,0.035,0.412,0.125,0.015,0.035,0.000
55223,5.937,0.127,0.184,0.022,0.884,0.035,0.320,0.124,0.003,0.035,0.000
55236,5.835,0.127,0.248,0.022,0.862,0.035,0.415,0.124,0.008,0.035,0.000
55249,5.420,0.126,0.264,0.022,0.831,0.035,0.170,0.124,0.026,0.035,0.000
55262,5.332,0.126,0.154,0.022,0.841,0.034,0.343,0.124,0.011,0.035,0.000
55275,4.930,0.126,0.190,0.021,0.819,0.034,0.184,0.124,0.060,0.035,0.000
55287,5.736,0.127,0.183,0.022,0.793,0.035,0.224,0.125,0.015,0.036,0.000
55300,5.267,0.126,0.247,0.022,0.862,0.035,0.578,0.124,0.008,0.036,0.000
55313,4.996,0.126,0.163,0.022,0.895,0.035,0.211,0.124,-0.013,0.035,0.000
55326,4.665,0.126,0.135,0.022,0.788,0.034,0.335,0.124,-0.007,0.035,0.000
55338,4.048,0.125,0.147,0.022,0.828,0.034,0.327,0.126,-0.011,0.035,0.000
55351,3.916,0.125,0.109,0.022,0.788,0.034,0.476,0.124,0.058,0.035,0.000
55364,3.580,0.124,0.101,0.021,0.664,0.033,0.206,0.124,0.028,0.035,0.000
55377,2.665,0.123,0.100,0.021,0.544,0.031,0.238,0.124,0.009,0.035,0.000
55390,2.158,0.123,0.100,0.021,0.471,0.031,0.071,0.126,0.103,0.035,0.000
55402,2.220,0.122,0.139,0.021,0.441,0.031,0.362,0.124,-0.033,0.034,0.000
55415,3.292,0.123,0.142,0.022,0.587,0.032,0.140,0.124,0.008,0.035,0.000
55428,3.393,0.124,0.165,0.021,0.566,0.032,-0.010,0.124,-0.035,0.035,0.000
55441,5.309,0.126,0.174,0.022,0.661,0.032,0.169,0.126,-0.021,0.035,0.000
55453,5.841,0.127,0.225,0.022,0.764,0.034,0.395,0.125,0.074,0.035,0.000
55466,5.487,0.127,0.215,0.022,0.755,0.033,0.136,0.126,0.003,0.035,0.000
55479,5.658,0.127,0.268,0.022,0.795,0.034,0.262,0.124,0.000,0.035,0.000
55492,6.030,0.127,0.222,0.022,0.709,0.034,0.191,0.125,-0.102,0.035,0.000
55504,4.920,0.126,0.190,0.022,0.674,0.033,0.388,0.125,0.030,0.035,0.000
55517,4.885,0.127,0.156,0.022,0.670,0.033,0.196,0.125,0.010,0.035,0.000
55530,4.755,0.125,0.171,0.022,0.672,0.033,0.274,0.124,0.007,0.035,0.000
55543,6.767,0.128,0.258,0.022,0.836,0.035,0.240,0.125,-0.004,0.035,0.000
55556,6.465,0.128,0.248,0.022,0.835,0.035,0.211,0.125,0.010,0.034,0.000
55568,5.728,0.127,0.225,0.022,0.735,0.034,0.254,0.125,-0.008,0.034,0.000
55581,4.198,0.126,0.123,0.021,0.633,0.033,0.240,0.125,-0.022,0.034,0.000
55594,3.003,0.124,0.121,0.021,0.579,0.032,0.148,0.124,0.053,0.034,0.000
55607,3.652,0.124,0.097,0.022,0.643,0.033,0.530,0.125,0.058,0.035,0.000
55620,6.259,0.128,0.200,0.022,0.736,0.034,0.211,0.126,0.003,0.035,0.000
55632,5.826,0.127,0.186,0.022,0.737,0.034,0.426,0.125,-0.047,0.034,0.000
55645,5.475,0.127,0.230,0.022,0.710,0.034,0.401,0.125,-0.080,0.035,0.000
55658,3.326,0.125,0.128,0.021,0.641,0.033,0.326,0.126,0.009,0.034,0.000
55671,2.852,0.123,0.119,0.021,0.541,0.031,0.264,0.125,0.049,0.034,0.000
55683,3.010,0.124,0.113,0.021,0.590,0.032,0.056,0.125,0.021,0.034,0.000
55696,3.311,0.127,0.141,0.021,0.567,0.032,0.250,0.128,0.027,0.035,0.000
55709,3.782,0.125,0.147,0.021,0.644,0.033,0.208,0.126,0.016,0.035,0.000
55722,3.696,0.124,0.153,0.021,0.549,0.033,0.368,0.125,0.024,0.034,0.000
55735,3.544,0.124,0.157,0.021,0.601,0.032,0.568,0.125,0.068,0.034,0.000
55747,3.036,0.124,0.109,0.021,0.588,0.032,0.015,0.126,0.008,0.035,0.000
55760,3.697,0.125,0.122,0.021,0.651,0.032,0.412,0.126,-0.003,0.035,0.000
55773,3.405,0.125,0.119,0.021,0.637,0.033,0.313,0.126,0.007,0.035,0.000
55786,3.425,0.125,0.135,0.021,0.612,0.032,0.112,0.126,0.001,0.034,0.000
55799,3.895,0.124,0.127,0.021,0.680,0.033,0.177,0.126,-0.063,0.034,0.000
55812,4.024,0.125,0.112,0.021,0.684,0.032,0.287,0.126,0.027,0.034,0.000
55825,4.480,0.128,0.128,0.022,0.629,0.033,0.358,0.128,-0.044,0.035,0.000
55838,3.999,0.126,0.132,0.021,0.623,0.033,0.619,0.126,0.009,0.035,0.000
55850,4.375,0.131,0.147,0.023,0.699,0.034,0.402,0.130,-0.011,0.035,0.000
55863,3.821,0.130,0.116,0.022,0.567,0.034,-0.189,0.130,0.008,0.035,0.000
55875,4.422,0.130,0.198,0.022,0.558,0.033,-0.219,0.130,-0.051,0.036,0.000
55888,4.035,0.126,0.110,0.021,0.570,0.032,0.055,0.126,-0.032,0.034,0.000
55901,2.643,0.124,0.070,0.021,0.563,0.032,0.187,0.125,0.063,0.034,0.000
55914,2.707,0.128,0.078,0.022,0.491,0.032,0.130,0.131,0.020,0.036,0.000
55926,2.532,0.127,0.097,0.021,0.523,0.033,0.228,0.128,-0.009,0.036,0.000
55939,3.047,0.125,0.120,0.021,0.552,0.032,0.241,0.126,0.020,0.034,0.000
55952,3.677,0.129,0.114,0.022,0.885,0.035,0.346,0.130,0.031,0.035,0.000
55964,3.220,0.129,0.094,0.022,0.618,0.033,0.011,0.130,0.045,0.035,0.000
55977,3.682,0.129,0.118,0.022,0.839,0.034,0.155,0.130,-0.034,0.035,0.000
55989,3.434,0.129,0.111,0.022,0.623,0.034,0.476,0.130,-0.090,0.036,0.000
56002,3.226,0.129,0.116,0.022,0.625,0.033,0.127,0.130,-0.047,0.036,0.000
56015,3.498,0.127,0.127,0.022,0.832,0.034,0.403,0.129,-0.020,0.035,0.000
56027,3.191,0.128,0.121,0.022,0.532,0.033,0.095,0.130,-0.023,0.035,0.000
56040,3.549,0.126,0.123,0.022,0.746,0.033,0.488,0.128,0.013,0.035,0.000
56053,3.319,0.125,0.144,0.021,0.709,0.034,0.315,0.126,0.106,0.034,0.000
56066,3.735,0.126,0.125,0.022,0.987,0.035,0.642,0.126,0.007,0.034,0.000
56079,3.801,0.127,0.166,0.022,0.970,0.035,0.221,0.128,0.046,0.035,0.000
56092,4.288,0.126,0.187,0.021,1.068,0.036,0.361,0.126,-0.061,0.034,0.000
56105,3.761,0.126,0.135,0.022,1.107,0.036,0.473,0.126,0.040,0.034,0.000
56117,3.910,0.130,0.154,0.022,1.029,0.036,0.299,0.130,-0.058,0.036,0.000
56130,3.948,0.128,0.174,0.022,0.901,0.035,0.446,0.128,-0.001,0.035,0.000
56143,4.503,0.126,0.133,0.022,0.992,0.035,0.269,0.126,0.032,0.034,0.000
56156,4.024,0.126,0.122,0.021,0.893,0.035,0.577,0.126,0.014,0.034,0.000
56169,4.348,0.127,0.181,0.022,0.965,0.036,0.133,0.127,-0.029,0.034,0.000
56182,4.460,0.128,0.162,0.022,1.152,0.036,0.395,0.129,0.051,0.035,0.000
56195,4.553,0.127,0.195,0.022,1.140,0.036,0.378,0.127,-0.025,0.034,0.000
56208,4.270,0.126,0.157,0.022,1.017,0.035,0.269,0.127,0.018,0.034,0.000
56220,4.128,0.130,0.150,0.022,1.031,0.036,0.197,0.131,-0.015,0.035,0.000
56233,4.418,0.131,0.134,0.023,1.025,0.037,0.251,0.131,0.003,0.036,0.000
56246,4.916,0.128,0.181,0.022,1.049,0.036,0.430,0.127,-0.018,0.034,0.000
56259,4.724,0.127,0.173,0.022,1.045,0.036,0.478,0.127,-0.050,0.034,0.000
56272,4.256,0.127,0.185,0.022,0.911,0.036,0.255,0.126,-0.034,0.034,0.000
56285,4.093,0.127,0.166,0.022,1.004,0.036,0.431,0.127,-0.017,0.034,0.000
56297,4.211,0.130,0.135,0.022,1.044,0.037,0.269,0.131,-0.003,0.034,0.000
56310,3.971,0.128,0.175,0.022,1.011,0.036,0.329,0.129,-0.048,0.035,0.000
56323,3.675,0.126,0.177,0.022,0.956,0.036,0.411,0.127,0.003,0.033,0.000
56336,4.097,0.130,0.199,0.022,0.964,0.037,0.248,0.131,-0.013,0.035,0.000
56348,3.840,0.126,0.219,0.022,0.974,0.036,0.139,0.127,-0.044,0.034,0.000
56361,3.547,0.128,0.139,0.022,0.936,0.035,0.534,0.130,-0.041,0.034,0.000
56374,4.036,0.131,0.192,0.022,0.977,0.037,-0.105,0.132,-0.026,0.035,0.000
56387,4.020,0.127,0.187,0.022,1.026,0.036,0.475,0.127,-0.055,0.034,0.000
56400,4.114,0.127,0.193,0.022,1.020,0.036,0.421,0.127,0.029,0.034,0.000
56413,3.928,0.126,0.143,0.022,0.910,0.035,0.411,0.127,0.031,0.033,0.000
56426,3.659,0.126,0.166,0.022,0.863,0.035,0.748,0.127,-0.015,0.033,0.000
56439,4.564,0.127,0.225,0.022,0.853,0.035,0.322,0.127,-0.051,0.034,0.000
56451,4.435,0.130,0.238,0.023,0.884,0.036,0.637,0.130,-0.004,0.035,0.000
56464,3.473,0.126,0.144,0.022,0.867,0.035,0.387,0.127,0.038,0.034,0.000
56477,3.786,0.131,0.130,0.022,0.915,0.036,0.356,0.131,-0.017,0.034,0.000
56490,3.848,0.127,0.205,0.022,1.013,0.036,0.345,0.127,-0.033,0.034,0.000
56502,3.777,0.127,0.181,0.021,0.980,0.036,0.383,0.127,0.031,0.033,0.000
56515,4.158,0.127,0.120,0.022,0.928,0.036,0.354,0.127,0.009,0.033,0.000
56528,3.817,0.127,0.145,0.022,0.918,0.036,0.337,0.127,0.018,0.033,0.000
56541,4.087,0.129,0.135,0.022,0.956,0.036,0.297,0.129,0.020,0.033,0.000
56554,3.518,0.129,0.215,0.022,0.958,0.036,0.255,0.129,0.047,0.033,0.000
56566,3.744,0.131,0.161,0.023,0.847,0.036,0.347,0.132,0.049,0.034,0.000
56579,4.152,0.128,0.221,0.022,0.899,0.035,0.494,0.128,-0.001,0.033,0.000
56592,4.423,0.127,0.258,0.023,0.834,0.036,0.016,0.126,-0.018,0.033,0.000
56605,4.595,0.128,0.245,0.022,0.851,0.035,0.353,0.128,-0.028,0.033,0.000
56617,3.998,0.131,0.245,0.023,0.780,0.036,0.203,0.130,0.075,0.034,0.000
56630,4.145,0.128,0.215,0.022,0.797,0.035,0.272,0.127,-0.006,0.033,0.000
56643,4.183,0.127,0.191,0.022,0.900,0.035,0.404,0.127,0.053,0.033,0.000
56656,4.317,0.126,0.148,0.022,0.843,0.035,0.214,0.126,-0.009,0.032,0.000
56669,4.027,0.125,0.188,0.021,0.874,0.035,0.334,0.126,0.024,0.032,0.000
56682,4.319,0.126,0.196,0.022,0.931,0.036,0.390,0.126,0.066,0.033,0.000
56694,4.166,0.127,0.152,0.022,0.975,0.036,0.630,0.126,-0.014,0.033,0.000
56707,4.308,0.127,0.142,0.022,0.928,0.036,0.273,0.126,0.014,0.033,0.000
56720,4.072,0.127,0.144,0.022,0.910,0.036,0.228,0.126,0.006,0.033,0.000
56733,4.374,0.127,0.148,0.022,0.916,0.036,0.368,0.126,-0.041,0.033,0.000
56746,4.486,0.128,0.172,0.022,0.929,0.036,0.371,0.126,0.027,0.033,0.000
56758,4.025,0.127,0.133,0.022,0.838,0.036,0.336,0.126,0.016,0.033,0.000
56771,3.844,0.127,0.102,0.021,0.758,0.035,0.282,0.126,-0.028,0.033,0.000
56784,3.338,0.127,0.128,0.021,0.786,0.035,0.160,0.126,0.007,0.033,0.000
56797,2.657,0.125,0.076,0.021,0.757,0.034,0.332,0.127,0.005,0.033,0.000
56810,2.150,0.124,0.060,0.021,0.652,0.033,0.142,0.126,0.030,0.032,0.000
56822,1.840,0.123,0.046,0.021,0.579,0.033,0.507,0.126,-0.008,0.033,0.000
56835,1.914,0.123,0.066,0.021,0.538,0.032,0.030,0.126,0.034,0.033,0.000
56848,2.583,0.125,0.139,0.021,0.587,0.033,0.299,0.127,0.057,0.033,0.000
56861,2.064,0.125,0.104,0.022,0.469,0.032,-0.040,0.127,-0.019,0.033,0.000
56874,2.328,0.126,0.124,0.021,0.589,0.032,0.112,0.128,0.023,0.034,0.000
56886,3.011,0.126,0.107,0.021,0.606,0.033,0.093,0.127,-0.039,0.033,0.000
56899,2.529,0.126,0.120,0.021,0.616,0.034,0.265,0.127,0.005,0.032,0.000
56912,2.346,0.125,0.101,0.021,0.547,0.032,0.183,0.128,0.001,0.033,0.000
56925,2.954,0.126,0.127,0.021,0.679,0.033,0.442,0.128,0.047,0.033,0.000
56938,3.276,0.125,0.104,0.021,0.686,0.034,0.286,0.127,-0.053,0.033,0.000
56950,3.049,0.126,0.091,0.022,0.680,0.034,0.175,0.128,-0.003,0.033,0.000
56963,3.118,0.126,0.139,0.022,0.623,0.033,0.323,0.128,0.038,0.033,0.000
56976,2.868,0.126,0.154,0.021,0.641,0.033,0.235,0.127,0.019,0.032,0.000
56989,2.647,0.126,0.202,0.022,0.544,0.033,0.149,0.127,0.049,0.032,0.000
57001,3.541,0.127,0.125,0.021,0.694,0.034,0.353,0.127,-0.006,0.033,0.000
57014,3.492,0.127,0.125,0.022,0.707,0.035,0.408,0.127,0.017,0.033,0.000
57027,4.072,0.128,0.207,0.022,0.596,0.033,0.271,0.127,-0.012,0.033,0.000
57040,5.017,0.129,0.314,0.023,0.599,0.034,0.256,0.127,0.041,0.033,0.000
57053,4.305,0.128,0.243,0.023,0.620,0.034,0.350,0.127,-0.031,0.033,0.000
57065,3.939,0.127,0.166,0.022,0.611,0.033,0.317,0.127,0.034,0.032,0.000
57078,3.966,0.128,0.206,0.022,0.658,0.034,-0.023,0.127,-0.074,0.033,0.000
57091,4.051,0.127,0.174,0.022,0.640,0.033,0.144,0.127,0.020,0.033,0.000
57104,3.433,0.127,0.148,0.022,0.592,0.033,0.146,0.127,0.043,0.033,0.000
57117,3.816,0.126,0.201,0.022,0.706,0.034,0.321,0.127,0.078,0.032,0.000
57130,3.469,0.126,0.115,0.021,0.815,0.034,0.283,0.128,0.012,0.033,0.000
57142,3.730,0.126,0.172,0.022,0.871,0.035,0.381,0.128,0.011,0.033,0.000
57155,4.032,0.126,0.168,0.022,1.103,0.037,0.631,0.127,-0.013,0.033,0.000
57168,3.754,0.126,0.215,0.022,1.301,0.038,0.554,0.127,-0.005,0.032,0.000
57181,3.702,0.126,0.159,0.021,1.098,0.036,0.299,0.128,0.048,0.032,0.000
57194,3.257,0.126,0.164,0.021,1.159,0.037,0.556,0.128,0.045,0.032,0.000
57206,2.660,0.127,0.117,0.022,1.263,0.038,0.302,0.129,0.035,0.033,0.000
57219,3.041,0.126,0.124,0.021,1.028,0.037,0.221,0.128,0.027,0.032,0.000
57232,2.952,0.127,0.117,0.021,0.997,0.037,0.401,0.128,-0.019,0.033,0.000
57245,2.561,0.126,0.093,0.021,0.573,0.034,0.240,0.128,-0.033,0.033,0.000
57258,3.091,0.127,0.097,0.021,0.676,0.034,0.346,0.128,-0.012,0.033,0.000
57270,3.987,0.130,0.152,0.022,0.651,0.035,0.249,0.129,-0.025,0.034,0.000
57283,4.381,0.128,0.169,0.022,0.828,0.035,0.431,0.128,-0.065,0.032,0.000
57296,4.503,0.128,0.170,0.022,0.706,0.035,0.235,0.128,0.034,0.033,0.000
57309,4.602,0.128,0.135,0.021,0.713,0.035,0.400,0.128,-0.031,0.032,0.000
57322,4.378,0.128,0.142,0.022,0.732,0.035,0.585,0.128,0.058,0.033,0.000
57334,4.015,0.127,0.107,0.022,0.760,0.034,0.370,0.127,0.006,0.032,0.000
57347,4.327,0.128,0.114,0.022,0.747,0.035,0.406,0.128,-0.026,0.033,0.000
57360,3.866,0.129,0.136,0.022,0.763,0.035,0.143,0.129,-0.031,0.033,0.000
57373,3.690,0.127,0.107,0.021,0.716,0.034,0.257,0.128,-0.056,0.032,0.000
57386,4.413,0.128,0.138,0.022,0.718,0.034,0.310,0.128,0.026,0.032,0.000
57398,3.659,0.127,0.124,0.022,0.655,0.034,0.328,0.129,-0.017,0.033,0.000
57411,3.761,0.128,0.164,0.022,1.410,0.039,0.157,0.129,-0.015,0.033,0.000
57424,3.427,0.127,0.148,0.022,1.155,0.038,0.406,0.128,0.013,0.033,0.000
57437,3.965,0.128,0.066,0.022,1.344,0.039,0.273,0.128,0.017,0.032,0.000
57450,3.288,0.127,0.111,0.021,0.562,0.034,0.088,0.129,-0.006,0.032,0.000
57462,3.122,0.127,0.086,0.022,0.576,0.033,0.117,0.129,0.038,0.033,0.000
57475,3.213,0.128,0.107,0.021,0.597,0.033,0.315,0.129,-0.035,0.032,0.000
57488,2.804,0.127,0.132,0.022,0.650,0.035,0.078,0.128,0.066,0.032,0.000
57501,2.919,0.126,0.068,0.021,0.657,0.034,0.315,0.128,0.003,0.033,0.000
57513,3.268,0.126,0.105,0.022,0.626,0.034,0.426,0.128,0.078,0.032,0.000
57526,2.900,0.126,0.112,0.021,0.607,0.034,0.238,0.128,-0.034,0.033,0.000
57539,2.937,0.126,0.046,0.022,0.664,0.034,0.133,0.128,-0.062,0.032,0.000
57552,3.149,0.127,0.143,0.022,0.660,0.035,0.159,0.128,-0.049,0.032,0.000
57565,3.488,0.127,0.137,0.022,0.795,0.035,0.464,0.128,-0.020,0.032,0.000
57577,3.429,0.127,0.123,0.022,0.768,0.035,0.368,0.128,-0.017,0.033,0.000
57590,2.821,0.126,0.095,0.021,0.505,0.033,0.054,0.128,0.002,0.032,0.000
57603,2.801,0.126,0.101,0.022,0.538,0.033,0.242,0.128,0.002,0.032,0.000
57616,2.614,0.127,0.128,0.022,0.516,0.033,0.162,0.129,0.035,0.033,0.000
57629,2.825,0.128,0.063,0.021,0.655,0.035,0.149,0.128,-0.040,0.033,0.000
57641,2.835,0.126,0.111,0.021,0.528,0.033,0.355,0.128,0.011,0.032,0.000
57654,2.753,0.127,0.179,0.021,0.635,0.034,-0.024,0.128,0.005,0.032,0.000
57667,3.136,0.127,0.128,0.021,0.655,0.034,0.442,0.128,-0.063,0.033,0.000
57680,3.616,0.128,0.213,0.021,0.789,0.034,0.274,0.129,0.006,0.033,0.000
57693,3.828,0.128,0.180,0.022,0.967,0.036,0.326,0.128,-0.034,0.033,0.000
57705,4.621,0.129,0.194,0.022,1.099,0.037,0.330,0.128,0.050,0.031,0.000
57718,4.793,0.130,0.175,0.022,0.998,0.037,0.463,0.129,-0.004,0.032,0.000
57731,4.443,0.129,0.199,0.022,1.051,0.037,0.779,0.128,0.004,0.032,0.000
57744,3.980,0.129,0.185,0.022,1.016,0.037,0.302,0.128,-0.007,0.032,0.000
57757,4.238,0.130,0.157,0.022,1.020,0.038,0.403,0.128,0.001,0.033,0.000
57769,4.881,0.130,0.190,0.022,1.041,0.038,0.540,0.129,0.014,0.032,0.000
57782,4.644,0.130,0.146,0.022,1.118,0.038,0.308,0.129,0.074,0.033,0.000
57795,4.726,0.129,0.210,0.022,1.078,0.038,0.488,0.128,-0.014,0.032,0.000
57808,4.545,0.131,0.257,0.022,1.173,0.038,0.631,0.132,0.054,0.033,0.000
57821,4.601,0.129,0.139,0.022,1.175,0.038,0.437,0.130,0.027,0.032,0.000
57833,4.864,0.133,0.147,0.023,1.212,0.039,0.323,0.134,0.054,0.034,0.000
57846,4.411,0.129,0.202,0.022,1.092,0.037,0.316,0.129,-0.070,0.033,0.000
57859,4.169,0.130,0.208,0.022,1.126,0.037,0.452,0.132,0.089,0.033,0.000
57872,4.153,0.130,0.150,0.022,1.073,0.037,0.608,0.132,-0.046,0.033,0.000
57885,4.570,0.129,0.177,0.022,0.989,0.037,0.428,0.129,-0.006,0.032,0.000
57898,4.344,0.129,0.195,0.022,0.950,0.037,0.583,0.130,0.030,0.032,0.000
57911,4.448,0.130,0.200,0.022,1.155,0.038,0.359,0.130,-0.065,0.033,0.000
57924,4.066,0.129,0.162,0.022,0.998,0.036,0.293,0.130,-0.033,0.033,0.000
57936,3.926,0.132,0.136,0.023,1.078,0.038,0.412,0.134,0.013,0.033,0.000
57949,4.319,0.131,0.180,0.022,1.030,0.037,0.301,0.132,-0.030,0.032,0.000
57962,3.909,0.129,0.206,0.022,1.027,0.037,0.253,0.130,0.017,0.033,0.000
57975,4.226,0.130,0.182,0.023,1.048,0.038,0.131,0.130,0.005,0.032,0.000
57988,4.067,0.131,0.179,0.023,0.861,0.036,0.676,0.133,-0.008,0.033,0.000
58000,3.681,0.131,0.127,0.022,0.890,0.037,0.085,0.133,0.020,0.033,0.000
58013,3.730,0.129,0.179,0.022,0.975,0.037,0.572,0.131,0.003,0.033,0.000
58026,3.969,0.131,0.187,0.023,0.923,0.037,0.470,0.131,0.064,0.032,0.000
58039,4.292,0.132,0.191,0.023,1.018,0.038,0.376,0.131,0.038,0.032,0.000
58052,4.119,0.130,0.196,0.022,0.923,0.037,0.573,0.131,-0.030,0.032,0.000
58065,4.315,0.131,0.295,0.023,1.057,0.038,0.301,0.130,-0.022,0.032,0.000
58078,4.470,0.131,0.264,0.023,0.946,0.037,0.572,0.132,0.001,0.032,0.000
58091,3.585,0.130,0.136,0.022,1.011,0.038,0.457,0.130,0.051,0.032,0.000
58104,4.113,0.131,0.212,0.023,0.917,0.037,0.191,0.130,0.028,0.032,0.000
58116,4.171,0.134,0.167,0.024,0.856,0.038,0.287,0.134,0.002,0.033,0.000
58129,4.296,0.133,0.166,0.023,1.003,0.038,0.371,0.132,-0.015,0.033,0.000
58142,4.514,0.130,0.205,0.023,1.165,0.038,0.389,0.130,0.057,0.032,0.000
58155,4.457,0.130,0.244,0.023,1.070,0.038,0.465,0.130,0.024,0.032,0.000
58167,4.369,0.135,0.227,0.023,1.098,0.039,0.679,0.134,0.008,0.033,0.000
58180,4.446,0.131,0.245,0.023,1.178,0.038,0.384,0.130,0.038,0.032,0.000
58193,4.293,0.129,0.217,0.022,1.049,0.038,0.046,0.130,0.045,0.031,0.000
58206,4.717,0.131,0.211,0.023,1.128,0.038,0.247,0.130,-0.005,0.033,0.000
58219,4.522,0.129,0.254,0.022,1.127,0.038,0.365,0.129,-0.011,0.031,0.000
58232,4.079,0.133,0.234,0.023,0.999,0.037,0.265,0.135,-0.015,0.032,0.000
58244,3.194,0.130,0.114,0.022,0.501,0.034,0.083,0.132,-0.020,0.032,0.000
58257,2.883,0.129,0.138,0.022,0.544,0.034,0.114,0.130,0.029,0.032,0.000
58270,3.265,0.131,0.118,0.022,0.627,0.034,0.478,0.135,0.009,0.032,0.000
58283,3.058,0.129,0.127,0.022,0.560,0.033,0.243,0.132,0.033,0.032,0.000
58295,3.262,0.129,0.142,0.022,0.720,0.035,0.407,0.130,-0.026,0.032,0.000
58308,3.460,0.127,0.099,0.022,0.725,0.034,0.525,0.130,0.006,0.031,0.000
58321,3.366,0.127,0.091,0.022,0.627,0.033,0.089,0.130,-0.007,0.031,0.000
58334,3.195,0.126,0.112,0.022,0.652,0.033,0.128,0.130,-0.014,0.032,0.000
58347,3.148,0.127,0.083,0.021,0.464,0.033,0.268,0.130,-0.033,0.032,0.000
58360,3.614,0.129,0.111,0.022,0.677,0.034,-0.090,0.133,0.035,0.032,0.000
58372,3.076,0.131,0.114,0.022,0.712,0.034,0.360,0.134,-0.025,0.033,0.000
58385,3.195,0.131,0.145,0.022,0.655,0.034,0.343,0.135,0.078,0.032,0.000
58398,3.472,0.127,0.099,0.021,0.607,0.033,0.054,0.130,-0.015,0.032,0.000
58411,3.473,0.127,0.109,0.021,0.673,0.034,0.331,0.130,0.031,0.031,0.000
58424,3.670,0.126,0.151,0.022,0.589,0.033,0.276,0.130,0.053,0.031,0.000
58436,3.634,0.128,0.108,0.022,0.614,0.034,0.244,0.130,-0.001,0.031,0.000
58449,3.579,0.132,0.125,0.022,0.675,0.035,0.070,0.135,-0.010,0.032,0.000
58462,3.409,0.129,0.133,0.022,0.681,0.034,0.075,0.133,0.011,0.032,0.000
58475,3.686,0.129,0.081,0.022,0.688,0.034,0.118,0.130,-0.055,0.032,0.000
58488,4.002,0.128,0.135,0.022,0.752,0.034,0.391,0.130,0.016,0.032,0.000
58501,4.387,0.130,0.160,0.022,0.684,0.034,0.160,0.132,0.012,0.032,0.000
58514,4.052,0.128,0.141,0.022,0.653,0.034,0.287,0.130,-0.010,0.031,0.000
58527,4.967,0.130,0.166,0.022,0.729,0.035,0.166,0.130,0.030,0.031,0.000
58539,4.794,0.136,0.149,0.024,0.688,0.037,0.109,0.134,0.006,0.034,0.000
58552,5.142,0.133,0.148,0.023,0.758,0.036,0.297,0.133,-0.052,0.032,0.000
58565,4.415,0.129,0.191,0.022,0.654,0.034,0.464,0.130,-0.035,0.031,0.000
58577,3.536,0.130,0.080,0.022,0.497,0.034,0.090,0.133,0.076,0.031,0.000
58590,3.639,0.131,0.142,0.022,0.587,0.034,0.248,0.134,-0.058,0.032,0.000
58603,4.786,0.128,0.144,0.022,0.681,0.034,0.151,0.131,-0.021,0.031,0.000
58615,5.745,0.132,0.209,0.022,0.723,0.035,0.500,0.133,0.003,0.032,0.000
58628,6.671,0.134,0.219,0.023,0.872,0.036,0.228,0.133,-0.002,0.032,0.000
58641,4.353,0.132,0.117,0.022,0.668,0.036,0.207,0.131,0.014,0.032,0.000
58654,4.043,0.129,0.186,0.022,0.748,0.034,0.442,0.131,-0.051,0.032,0.000
58667,3.197,0.127,0.157,0.022,0.667,0.034,0.214,0.130,-0.055,0.031,0.000
58680,3.236,0.128,0.150,0.021,0.644,0.033,0.237,0.133,-0.036,0.032,0.000
58693,3.505,0.128,0.099,0.022,0.644,0.034,0.258,0.133,0.023,0.031,0.000
58706,3.390,0.129,0.101,0.022,0.632,0.034,0.311,0.133,0.002,0.032,0.000
58719,3.748,0.130,0.131,0.022,0.669,0.034,0.335,0.133,-0.025,0.032,0.000
58732,3.393,0.128,0.104,0.022,0.656,0.034,0.219,0.131,0.017,0.031,0.000
58745,3.356,0.128,0.150,0.021,0.650,0.034,0.304,0.131,-0.036,0.032,0.000
58758,3.133,0.129,0.115,0.022,0.592,0.034,0.466,0.133,0.031,0.032,0.000
58771,3.769,0.129,0.172,0.022,0.656,0.034,0.152,0.131,0.033,0.032,0.000
58784,3.794,0.128,0.106,0.021,0.642,0.034,0.368,0.131,-0.007,0.031,0.000
58796,3.369,0.131,0.139,0.022,0.567,0.034,0.039,0.135,-0.097,0.032,0.000
58809,3.624,0.129,0.108,0.022,0.698,0.034,0.136,0.130,-0.035,0.032,0.000
58822,3.548,0.130,0.107,0.022,0.621,0.034,0.412,0.133,-0.062,0.032,0.000
58835,3.462,0.128,0.129,0.022,0.685,0.034,0.137,0.130,-0.055,0.031,0.000
58847,4.026,0.131,0.128,0.022,0.664,0.035,0.154,0.134,-0.091,0.032,0.000
58860,3.919,0.129,0.168,0.022,0.845,0.035,0.344,0.130,0.037,0.031,0.000
58873,3.655,0.133,0.160,0.023,0.715,0.036,0.122,0.135,0.020,0.033,0.000
58886,4.010,0.128,0.113,0.022,0.853,0.035,0.216,0.131,0.047,0.031,0.000
58898,3.931,0.133,0.131,0.023,0.827,0.036,0.469,0.135,-0.019,0.033,0.000
58911,3.610,0.128,0.175,0.022,1.218,0.038,0.463,0.131,0.019,0.031,0.000
58924,4.378,0.131,0.160,0.022,1.281,0.039,0.858,0.133,0.038,0.032,0.000
58937,4.611,0.129,0.177,0.022,2.023,0.042,0.590,0.131,0.040,0.031,0.000
58950,4.039,0.132,0.182,0.023,1.607,0.041,0.565,0.133,-0.043,0.032,0.000
58963,4.507,0.130,0.189,0.022,1.922,0.043,0.712,0.131,0.015,0.031,0.000
58975,4.519,0.134,0.237,0.023,2.076,0.045,0.899,0.135,0.005,0.033,0.000
58988,3.978,0.131,0.137,0.022,2.292,0.045,0.730,0.133,0.085,0.031,0.000
59001,3.743,0.128,0.143,0.022,1.528,0.041,0.528,0.131,-0.047,0.031,0.000
59014,3.994,0.127,0.154,0.022,1.134,0.038,0.436,0.130,0.014,0.031,0.000
59027,4.154,0.130,0.189,0.023,1.146,0.039,0.375,0.131,-0.030,0.032,0.000
59039,3.964,0.128,0.231,0.022,0.855,0.037,0.331,0.130,-0.004,0.031,0.000
59052,4.269,0.128,0.223,0.022,1.060,0.038,0.352,0.130,-0.030,0.031,0.000
59065,4.261,0.128,0.181,0.022,0.814,0.036,0.536,0.130,-0.055,0.031,0.000
59078,5.615,0.129,0.222,0.022,0.717,0.036,0.105,0.130,0.022,0.031,0.000
59091,6.527,0.132,0.246,0.023,0.682,0.036,0.265,0.130,0.045,0.031,0.000
59103,6.158,0.131,0.231,0.023,0.700,0.036,0.338,0.130,0.013,0.031,0.000
59116,5.033,0.129,0.214,0.023,0.601,0.035,0.281,0.130,0.001,0.031,0.000
59129,3.976,0.128,0.138,0.022,0.592,0.034,0.202,0.130,0.058,0.031,0.000
59142,4.099,0.130,0.166,0.022,0.688,0.034,0.308,0.132,0.011,0.031,0.000
59155,3.438,0.129,0.166,0.022,0.715,0.035,0.182,0.132,0.002,0.031,0.000
59167,3.504,0.128,0.121,0.022,0.677,0.034,0.414,0.132,0.060,0.031,0.000
59180,3.470,0.128,0.122,0.022,0.692,0.035,0.206,0.132,0.039,0.031,0.000
59193,3.633,0.129,0.179,0.022,0.713,0.034,0.302,0.132,-0.044,0.031,0.000
59206,3.602,0.128,0.121,0.022,0.637,0.034,0.144,0.132,0.034,0.030,0.000
59219,3.527,0.128,0.128,0.022,0.648,0.034,0.280,0.132,-0.023,0.031,0.000
59231,3.755,0.128,0.158,0.022,0.578,0.034,0.248,0.130,-0.019,0.031,0.000
59244,4.006,0.129,0.192,0.022,0.681,0.034,0.412,0.132,0.034,0.031,0.000
59257,3.522,0.128,0.127,0.022,0.616,0.034,0.010,0.131,-0.030,0.031,0.000
59270,3.655,0.128,0.142,0.022,0.723,0.034,0.200,0.132,0.004,0.031,0.000
59283,3.122,0.128,0.080,0.022,0.592,0.034,0.561,0.132,0.034,0.031,0.000
59295,2.953,0.127,0.115,0.022,0.620,0.034,0.361,0.131,0.022,0.030,0.000
59308,3.009,0.127,0.122,0.022,0.628,0.033,0.327,0.132,0.013,0.031,0.000
59321,3.234,0.127,0.144,0.022,0.530,0.034,0.159,0.131,-0.012,0.030,0.000
59334,3.323,0.127,0.152,0.021,0.533,0.033,0.296,0.131,0.025,0.031,0.000
59347,2.951,0.126,0.069,0.021,0.573,0.034,0.339,0.130,0.015,0.031,0.000
59359,3.358,0.127,0.120,0.022,0.639,0.033,0.207,0.131,-0.007,0.030,0.000
59372,3.120,0.128,0.137,0.022,0.590,0.033,0.164,0.132,-0.088,0.031,0.000
59385,3.385,0.127,0.155,0.021,0.563,0.033,0.308,0.131,-0.014,0.030,0.000
59398,2.184,0.126,0.104,0.021,0.545,0.032,0.071,0.132,0.050,0.031,0.000
59411,2.571,0.125,0.087,0.021,0.627,0.034,0.152,0.131,-0.025,0.031,0.000
59423,2.524,0.126,0.127,0.021,0.693,0.034,0.205,0.131,0.065,0.030,0.000
59436,3.698,0.127,0.141,0.022,0.825,0.035,0.112,0.131,0.016,0.030,0.000
59449,3.784,0.127,0.139,0.022,0.808,0.035,0.258,0.131,-0.015,0.031,0.000
59462,4.201,0.128,0.193,0.022,0.791,0.036,0.347,0.131,-0.001,0.030,0.000
59475,4.811,0.129,0.162,0.022,0.874,0.036,0.333,0.131,-0.034,0.031,0.000
59487,4.247,0.129,0.152,0.022,0.871,0.036,0.464,0.131,-0.015,0.030,0.000
59500,4.687,0.129,0.255,0.022,0.924,0.037,0.512,0.131,0.010,0.030,0.000
59513,4.537,0.129,0.187,0.022,0.827,0.036,0.271,0.131,-0.007,0.031,0.000
59526,4.243,0.128,0.195,0.022,0.870,0.036,0.458,0.131,0.025,0.031,0.000
59539,4.546,0.130,0.221,0.022,0.860,0.036,0.094,0.132,-0.057,0.031,0.000
59551,4.833,0.129,0.187,0.022,0.858,0.035,0.331,0.132,-0.011,0.031,0.000
59564,4.445,0.129,0.176,0.022,0.866,0.037,0.484,0.132,0.031,0.030,0.000
59577,4.163,0.129,0.214,0.022,1.018,0.038,0.218,0.132,-0.000,0.030,0.000
59590,4.336,0.129,0.139,0.023,1.013,0.037,0.416,0.133,0.015,0.031,0.000
59603,4.532,0.130,0.247,0.023,1.000,0.036,0.358,0.133,-0.012,0.031,0.000
59615,4.588,0.130,0.239,0.023,0.973,0.037,0.472,0.133,-0.009,0.031,0.000
59628,4.328,0.129,0.251,0.023,0.980,0.037,0.597,0.132,-0.029,0.031,0.000
59641,4.796,0.129,0.255,0.023,1.037,0.037,0.530,0.131,0.002,0.031,0.000
59654,4.511,0.129,0.155,0.022,1.109,0.037,0.516,0.132,0.041,0.030,0.000
59667,4.747,0.128,0.309,0.023,0.931,0.037,0.281,0.131,-0.004,0.030,0.000
59680,3.948,0.128,0.220,0.023,0.882,0.036,0.299,0.131,0.036,0.030,0.000
59692,4.809,0.129,0.313,0.023,0.978,0.036,0.460,0.132,0.019,0.030,0.000
59705,4.785,0.129,0.331,0.023,0.867,0.037,0.214,0.131,-0.033,0.030,0.000
59718,4.734,0.131,0.281,0.023,0.994,0.038,0.437,0.131,-0.072,0.031,0.000
59731,4.774,0.131,0.213,0.023,1.070,0.039,0.485,0.131,-0.035,0.031,0.000
59744,4.378,0.130,0.138,0.022,1.069,0.038,0.136,0.131,0.008,0.030,0.000
59756,3.705,0.127,0.136,0.022,0.954,0.036,0.279,0.131,-0.005,0.030,0.000
59769,2.499,0.126,0.089,0.021,0.619,0.034,0.414,0.132,-0.019,0.031,0.000
59782,2.275,0.128,0.059,0.021,0.545,0.034,0.034,0.132,-0.015,0.031,0.000
59795,2.689,0.127,0.122,0.022,0.584,0.033,0.154,0.132,0.020,0.031,0.000
59808,2.248,0.128,0.089,0.022,0.530,0.033,0.249,0.132,0.054,0.031,0.000
59820,2.725,0.127,0.109,0.022,0.646,0.034,0.121,0.131,0.006,0.030,0.000
59833,2.792,0.128,0.122,0.022,0.636,0.034,0.409,0.132,-0.021,0.031,0.000
59846,3.143,0.128,0.146,0.022,0.635,0.034,-0.095,0.131,0.055,0.030,0.000
59859,2.841,0.127,0.098,0.022,0.562,0.033,0.490,0.132,0.024,0.030,0.000
59872,2.597,0.127,0.082,0.021,0.643,0.035,0.244,0.131,0.000,0.030,0.000
59884,2.638,0.127,0.117,0.022,0.563,0.034,0.074,0.131,-0.014,0.030,0.000
59897,2.469,0.127,0.091,0.021,0.604,0.033,0.313,0.132,-0.011,0.030,0.000
59910,2.310,0.127,0.055,0.022,0.596,0.033,0.048,0.132,-0.006,0.030,0.000
59923,2.611,0.127,0.074,0.022,0.584,0.033,0.363,0.132,0.049,0.031,0.000
59936,2.862,0.126,0.113,0.021,0.622,0.034,0.223,0.131,-0.007,0.030,0.000
59948,2.802,0.126,0.120,0.021,0.709,0.034,0.289,0.131,0.042,0.030,0.000
59961,2.979,0.126,0.143,0.021,0.661,0.034,0.271,0.131,0.033,0.029,0.000
59974,3.269,0.127,0.123,0.021,0.698,0.035,-0.008,0.131,0.022,0.030,0.000
59987,3.687,0.127,0.131,0.022,0.637,0.034,0.026,0.131,0.038,0.030,0.000
60000,3.836,0.127,0.168,0.022,0.671,0.034,0.261,0.131,0.030,0.030,0.000
60013,3.695,0.128,0.188,0.022,0.710,0.034,0.369,0.131,-0.054,0.030,0.000
60025,3.832,0.128,0.177,0.022,0.690,0.034,0.275,0.132,-0.004,0.030,0.000
60038,3.378,0.127,0.160,0.022,0.586,0.034,0.222,0.131,-0.036,0.030,0.000
60051,4.049,0.128,0.171,0.022,0.757,0.035,0.198,0.132,0.015,0.030,0.000
60064,2.868,0.126,0.092,0.021,0.664,0.034,-0.012,0.132,0.021,0.030,0.000
60077,3.561,0.127,0.186,0.022,0.682,0.033,0.121,0.133,0.013,0.030,0.000
60089,3.064,0.126,0.115,0.022,0.542,0.033,0.390,0.133,-0.035,0.029,0.000
60102,2.974,0.126,0.131,0.021,0.661,0.033,0.449,0.131,-0.057,0.029,0.000
60115,2.966,0.125,0.123,0.021,2.100,0.043,0.529,0.131,-0.025,0.030,0.000
60128,4.082,0.128,0.205,0.022,0.781,0.036,0.366,0.132,-0.015,0.030,0.000
60141,3.305,0.127,0.143,0.022,1.655,0.041,0.208,0.132,0.011,0.030,0.000
60153,2.519,0.126,0.085,0.021,0.644,0.034,0.487,0.133,0.042,0.030,0.000
60166,3.827,0.127,0.121,0.021,1.317,0.038,0.301,0.133,-0.014,0.030,0.000
60179,3.662,0.128,0.149,0.022,1.468,0.040,0.270,0.133,0.021,0.030,0.000
60192,2.480,0.126,0.078,0.021,0.818,0.036,0.345,0.132,0.048,0.030,0.000
60205,4.049,0.127,0.177,0.022,1.248,0.039,0.194,0.132,0.003,0.029,0.000
60217,3.830,0.128,0.201,0.022,1.449,0.039,0.327,0.133,-0.026,0.030,0.000
60230,4.802,0.128,0.233,0.022,2.369,0.044,0.713,0.133,-0.023,0.030,0.000
60243,4.440,0.127,0.199,0.022,1.547,0.041,0.651,0.132,-0.058,0.030,0.000
60256,3.657,0.128,0.178,0.022,1.230,0.039,0.408,0.132,0.029,0.030,0.000
60269,2.845,0.126,0.097,0.021,0.670,0.034,0.325,0.132,0.021,0.029,0.000
60281,3.898,0.128,0.146,0.022,0.770,0.035,0.248,0.133,0.064,0.030,0.000
60294,4.409,0.128,0.127,0.022,0.694,0.034,0.242,0.133,-0.003,0.030,0.000
60307,3.913,0.127,0.118,0.022,0.777,0.035,0.298,0.132,-0.040,0.030,0.000
60320,3.505,0.127,0.151,0.021,0.683,0.035,0.299,0.132,0.029,0.030,0.000
60333,3.253,0.127,0.143,0.021,0.573,0.034,0.157,0.133,0.006,0.030,0.000
60345,3.456,0.126,0.063,0.021,0.575,0.034,0.132,0.132,-0.012,0.030,0.000
60358,3.425,0.126,0.104,0.021,0.623,0.034,0.189,0.132,0.012,0.030,0.000
60371,3.343,0.127,0.094,0.021,0.665,0.034,0.218,0.133,0.011,0.030,0.000
60384,4.101,0.128,0.175,0.022,0.669,0.034,0.369,0.133,0.046,0.030,0.000
60397,4.402,0.127,0.179,0.022,0.725,0.034,0.091,0.131,-0.044,0.030,0.000
60409,4.522,0.127,0.127,0.022,0.669,0.034,0.249,0.132,-0.011,0.029,0.000
60422,4.479,0.128,0.194,0.022,0.625,0.034,0.481,0.133,0.011,0.030,0.000
60435,4.186,0.128,0.192,0.022,0.752,0.034,0.152,0.133,-0.016,0.030,0.000
60448,3.957,0.128,0.169,0.022,0.729,0.034,0.068,0.133,0.028,0.029,0.000
60461,4.739,0.128,0.172,0.022,0.668,0.034,0.381,0.132,0.008,0.029,0.000
60473,4.855,0.128,0.202,0.022,0.634,0.034,0.241,0.132,0.025,0.030,0.000
60486,4.879,0.128,0.247,0.022,0.686,0.034,0.562,0.133,-0.030,0.030,0.000
60499,4.319,0.127,0.150,0.022,0.699,0.034,0.432,0.131,0.054,0.030,0.000
60512,4.065,0.127,0.125,0.022,0.665,0.034,0.329,0.132,0.014,0.029,0.000
60525,4.153,0.127,0.198,0.021,0.687,0.034,0.098,0.132,-0.066,0.029,0.000
60538,4.481,0.127,0.182,0.022,0.762,0.034,0.337,0.132,-0.000,0.030,0.000
60550,4.989,0.128,0.174,0.022,0.766,0.035,0.357,0.133,0.025,0.030,0.000
60563,4.463,0.128,0.141,0.022,0.764,0.035,0.393,0.132,0.005,0.030,0.000
60576,5.113,0.129,0.175,0.022,0.866,0.035,0.307,0.133,0.003,0.030,0.000
60589,5.311,0.129,0.141,0.022,0.798,0.036,0.485,0.133,-0.004,0.030,0.000
60602,5.374,0.130,0.213,0.023,0.871,0.036,0.223,0.134,-0.028,0.030,0.000
60614,4.756,0.130,0.217,0.022,0.758,0.035,0.301,0.134,-0.039,0.029,0.000
60627,5.068,0.130,0.197,0.022,0.756,0.036,0.245,0.132,-0.019,0.030,0.000
60640,5.353,0.129,0.199,0.022,0.790,0.036,0.247,0.132,-0.041,0.029,0.000
60653,5.395,0.130,0.141,0.023,0.919,0.036,0.309,0.133,0.010,0.030,0.000
60666,4.578,0.129,0.134,0.022,0.827,0.036,0.399,0.133,0.024,0.030,0.000
60678,7.089,0.132,0.905,0.027,0.893,0.037,0.442,0.133,0.070,0.030,0.000
60691,5.078,0.130,0.461,0.025,1.048,0.038,0.604,0.133,0.039,0.030,0.000
60704,4.659,0.129,0.293,0.023,0.946,0.037,0.546,0.134,0.022,0.030,0.000
60717,4.904,0.129,0.181,0.022,0.777,0.036,0.371,0.132,0.006,0.030,0.000
60730,4.344,0.129,0.269,0.023,0.786,0.036,0.293,0.132,0.040,0.030,0.000
60742,4.666,0.129,0.283,0.023,0.994,0.037,0.340,0.133,0.004,0.030,0.000
60755,5.181,0.129,0.266,0.023,1.114,0.037,0.389,0.133,0.097,0.030,0.000
60768,4.711,0.129,0.369,0.023,1.113,0.038,0.422,0.132,0.025,0.030,0.000
60781,4.559,0.129,0.334,0.023,1.111,0.037,0.540,0.133,-0.024,0.030,0.000
60794,4.813,0.130,0.314,0.023,1.185,0.038,0.639,0.134,-0.026,0.030,0.000
60806,5.490,0.129,0.529,0.025,1.357,0.039,0.614,0.132,0.001,0.030,0.000
60819,4.133,0.129,0.267,0.023,1.015,0.037,0.235,0.133,0.040,0.030,0.000
60832,5.056,0.129,0.357,0.023,1.134,0.037,0.247,0.133,0.027,0.029,0.000
60845,5.246,0.130,0.451,0.024,1.032,0.037,0.359,0.133,-0.037,0.030,0.000
60858,5.328,0.130,0.361,0.023,1.106,0.037,0.401,0.134,0.028,0.030,0.000
60870,5.339,0.130,0.334,0.024,0.946,0.037,0.521,0.133,0.000,0.030,0.000
60883,5.147,0.130,0.249,0.023,0.954,0.037,0.109,0.134,0.061,0.030,0.000
60896,2.268,0.126,0.162,0.022,0.431,0.033,-0.027,0.132,0.008,0.030,0.000
60909,-0.194,0.122,-0.000,0.021,-0.025,0.028,0.166,0.131,-0.032,0.030,1.000
60922,-0.236,0.121,-0.032,0.021,-0.022,0.027,0.258,0.132,0.042,0.030,1.000
60935,-0.497,0.121,0.005,0.021,0.033,0.027,0.053,0.132,0.019,0.030,1.000
60947,-0.474,0.122,0.012,0.021,0.011,0.027,0.027,0.134,-0.039,0.029,1.000
60960,-0.093,0.122,0.057,0.020,0.002,0.027,-0.015,0.134,-0.014,0.029,1.000
60973,-0.308,0.121,-0.024,0.020,0.030,0.027,0.067,0.133,-0.057,0.029,1.000
60986,-0.267,0.122,0.032,0.020,0.011,0.027,-0.035,0.134,-0.001,0.030,1.000
60999,1.375,0.123,0.162,0.022,0.240,0.029,0.419,0.132,-0.037,0.029,1.000
61011,0.673,0.123,0.118,0.022,0.241,0.029,0.403,0.132,-0.009,0.029,1.000
61024,6.218,0.130,0.395,0.024,0.921,0.035,0.277,0.133,0.067,0.029,1.000
61037,3.561,0.126,0.193,0.022,0.560,0.033,0.356,0.131,0.003,0.029,1.000
61050,4.423,0.127,0.308,0.023,0.693,0.034,0.349,0.132,-0.063,0.030,1.000
61063,1.911,0.123,0.181,0.022,0.291,0.030,-0.064,0.131,0.018,0.029,1.000
61075,-0.039,0.121,0.017,0.020,0.049,0.028,0.064,0.132,-0.010,0.030,1.000
61088,0.345,0.121,0.080,0.021,0.110,0.028,0.088,0.131,0.002,0.029,1.000
61101,12.602,0.137,1.285,0.030,1.671,0.042,0.908,0.132,0.009,0.030,1.000
61114,-0.112,0.122,0.031,0.021,0.019,0.028,0.076,0.132,0.016,0.030,1.000
61127,6.687,0.129,0.637,0.025,0.960,0.036,0.444,0.132,0.021,0.030,1.000
61140,18.925,0.144,1.563,0.032,2.525,0.048,1.409,0.133,0.131,0.031,1.000
61152,4.590,0.130,0.342,0.023,0.669,0.036,0.236,0.133,0.017,0.031,1.000
61165,4.569,0.127,0.496,0.024,0.797,0.035,0.564,0.132,0.017,0.030,1.000
61178,17.306,0.142,1.697,0.032,2.760,0.048,1.651,0.133,0.111,0.031,1.000
61191,2.729,0.127,0.214,0.023,0.393,0.033,0.085,0.133,-0.080,0.032,1.000
61204,7.885,0.132,0.584,0.025,0.961,0.037,0.415,0.133,-0.013,0.031,1.000
61216,7.123,0.132,0.568,0.025,0.879,0.037,0.300,0.134,0.018,0.031,1.000
61229,4.766,0.129,0.412,0.024,0.579,0.035,0.610,0.133,-0.027,0.031,1.000
61242,3.661,0.127,0.352,0.024,0.474,0.033,0.357,0.133,0.008,0.030,1.000
61255,5.142,0.128,0.514,0.024,0.681,0.034,0.749,0.134,0.012,0.031,1.000
61268,7.568,0.132,0.675,0.025,0.978,0.037,0.509,0.133,0.057,0.031,1.000
61280,16.309,0.141,1.158,0.029,2.406,0.047,1.149,0.133,-0.017,0.031,1.000
61293,-0.160,0.123,0.043,0.021,-0.004,0.030,0.104,0.132,-0.031,0.031,1.000
61306,-0.197,0.121,0.007,0.021,0.008,0.028,0.180,0.133,0.009,0.031,1.000
61319,12.849,0.136,0.944,0.028,1.693,0.041,0.794,0.132,0.046,0.031,1.000
61332,15.690,0.141,1.229,0.029,1.954,0.046,1.151,0.132,0.064,0.032,1.000
61344,3.083,0.129,0.321,0.024,0.391,0.034,0.370,0.133,0.012,0.032,1.000
61357,2.292,0.125,0.188,0.022,0.306,0.031,0.249,0.133,0.028,0.031,1.000
61370,-0.160,0.122,0.021,0.021,0.052,0.028,0.321,0.133,-0.023,0.030,1.000
61383,0.931,0.124,0.152,0.022,0.135,0.029,0.112,0.134,0.016,0.031,1.000
61396,-0.069,0.123,-0.018,0.021,0.047,0.028,-0.016,0.135,0.003,0.031,1.000
61408,-0.275,0.122,0.043,0.020,-0.032,0.027,0.097,0.134,-0.098,0.031,1.000
61421,-0.148,0.123,0.025,0.021,0.117,0.028,0.149,0.135,0.033,0.031,1.000
61434,-0.171,0.122,0.029,0.020,-0.008,0.027,-0.122,0.135,0.024,0.030,1.000
61447,-0.272,0.122,-0.051,0.020,0.015,0.026,0.088,0.135,0.007,0.031,1.000
61460,-0.142,0.122,-0.016,0.021,0.028,0.027,-0.187,0.135,-0.026,0.031,1.000
61472,-0.518,0.121,-0.027,0.020,-0.006,0.026,0.048,0.134,0.017,0.030,1.000
61485,-0.264,0.121,-0.006,0.020,0.034,0.026,-0.016,0.134,0.025,0.030,3.000
61498,-0.343,0.120,0.027,0.020,0.011,0.026,0.288,0.133,0.043,0.029,3.000
61511,-0.301,0.120,-0.002,0.020,-0.013,0.026,0.043,0.133,0.044,0.029,3.000
61524,-0.453,0.120,0.040,0.020,0.016,0.026,0.238,0.134,-0.018,0.031,3.000
61537,-0.518,0.120,0.027,0.020,-0.029,0.026,-0.060,0.134,-0.045,0.030,3.000
61549,-0.382,0.121,0.006,0.020,-0.011,0.026,-0.176,0.135,0.030,0.030,3.000
61562,-0.571,0.121,-0.006,0.020,-0.026,0.026,0.117,0.135,0.022,0.030,3.000
61575,-0.376,0.122,0.011,0.021,-0.004,0.026,0.086,0.135,0.047,0.030,3.000
61588,-0.499,0.121,0.002,0.021,0.018,0.026,-0.224,0.135,0.008,0.030,3.000
61601,-0.278,0.120,-0.008,0.020,-0.010,0.026,0.044,0.133,-0.066,0.030,3.000
61613,-0.328,0.121,-0.015,0.020,0.015,0.026,0.009,0.135,0.046,0.029,3.000
61626,-0.382,0.120,-0.033,0.020,-0.012,0.026,-0.127,0.135,-0.064,0.030,3.000
61639,-0.218,0.120,-0.012,0.020,0.040,0.026,-0.003,0.133,-0.088,0.029,3.000
61652,-0.549,0.121,0.035,0.021,-0.091,0.027,-0.071,0.135,0.008,0.029,3.000
61665,-0.395,0.120,0.013,0.020,-0.006,0.026,0.168,0.133,0.016,0.029,3.000
61677,-0.554,0.120,-0.012,0.020,0.024,0.026,-0.115,0.134,-0.005,0.029,3.000
61690,-0.302,0.119,-0.019,0.020,-0.052,0.026,-0.112,0.133,-0.007,0.029,3.000
61703,-0.317,0.120,0.017,0.020,-0.014,0.026,0.038,0.134,-0.015,0.029,3.000
61716,-0.174,0.120,0.043,0.020,-0.004,0.026,-0.191,0.134,-0.032,0.029,3.000
61729,-0.492,0.120,0.008,0.020,0.018,0.025,-0.042,0.135,-0.015,0.029,3.000
61741,-0.335,0.120,-0.033,0.020,-0.016,0.026,0.081,0.134,-0.008,0.029,3.000
61754,-0.455,0.119,-0.036,0.020,0.011,0.025,-0.117,0.133,0.047,0.029,3.000
61767,-0.322,0.119,-0.003,0.020,0.019,0.025,-0.049,0.133,-0.009,0.029,3.000
61780,-0.340,0.120,-0.033,0.021,0.013,0.026,0.253,0.134,-0.007,0.030,3.000
61793,-0.464,0.120,0.022,0.020,0.003,0.026,0.065,0.134,0.022,0.029,1.000
61805,-0.241,0.120,0.001,0.020,-0.018,0.026,0.185,0.134,-0.016,0.029,1.000
61818,6.035,0.127,0.459,0.024,0.659,0.032,0.236,0.134,0.031,0.029,1.000
61831,-0.229,0.121,0.013,0.020,0.035,0.027,0.167,0.133,0.021,0.029,1.000
61844,-0.396,0.120,0.051,0.020,0.042,0.026,0.052,0.133,0.017,0.029,1.000
61857,-0.427,0.120,-0.000,0.020,0.008,0.026,-0.128,0.133,-0.018,0.029,1.000
61869,-0.317,0.120,-0.010,0.020,0.001,0.026,0.198,0.133,0.028,0.029,1.000
61882,-0.493,0.118,0.003,0.020,0.050,0.025,-0.068,0.132,0.007,0.029,1.000
61895,-0.453,0.119,-0.031,0.020,0.031,0.026,0.144,0.132,-0.014,0.029,1.000
61908,-0.312,0.119,0.022,0.020,0.004,0.026,-0.050,0.133,0.003,0.029,1.000
61921,-0.504,0.120,-0.009,0.020,-0.015,0.026,0.063,0.133,0.053,0.029,1.000
61933,0.378,0.120,0.017,0.021,0.078,0.026,0.216,0.132,0.044,0.029,1.000
61946,-0.237,0.119,0.024,0.020,-0.011,0.026,-0.256,0.133,0.000,0.029,1.000
61959,-0.413,0.119,0.025,0.020,-0.001,0.026,0.143,0.133,-0.012,0.029,1.000
61972,7.935,0.128,1.052,0.027,0.063,0.027,0.125,0.133,0.036,0.029,1.000
61985,20.067,0.141,2.126,0.034,0.152,0.031,0.161,0.133,0.023,0.030,1.000
61997,20.037,0.142,1.747,0.033,0.131,0.031,0.039,0.132,-0.011,0.030,1.000
62010,9.144,0.132,0.861,0.028,0.034,0.029,0.024,0.133,-0.013,0.031,1.000
62023,0.169,0.121,0.080,0.022,-0.038,0.027,0.079,0.132,0.030,0.030,1.000
62036,-0.361,0.119,0.040,0.020,-0.051,0.026,-0.000,0.132,0.003,0.029,1.000
62049,-0.356,0.119,0.017,0.020,0.016,0.026,0.142,0.132,-0.045,0.029,1.000
62062,-0.348,0.118,0.020,0.020,0.053,0.025,0.250,0.132,-0.063,0.030,1.000
62074,-0.123,0.119,0.008,0.020,-0.054,0.026,0.189,0.133,-0.033,0.030,1.000
62087,-0.417,0.119,-0.038,0.020,-0.017,0.026,0.180,0.133,-0.010,0.029,1.000
62100,-0.565,0.120,0.008,0.020,0.009,0.026,0.066,0.133,-0.040,0.030,1.000
62113,-0.261,0.119,0.019,0.020,-0.053,0.025,0.021,0.133,-0.021,0.029,1.000
62126,-0.685,0.119,0.021,0.020,-0.013,0.025,0.241,0.133,0.043,0.029,1.000
62138,-0.250,0.118,-0.031,0.020,0.011,0.025,0.047,0.133,0.039,0.029,1.000
62151,-0.469,0.119,0.008,0.020,0.002,0.025,0.258,0.133,0.005,0.029,1.000
62164,-0.403,0.118,0.030,0.020,-0.022,0.025,0.196,0.133,-0.018,0.029,1.000
62177,-0.326,0.118,-0.014,0.020,-0.019,0.025,-0.065,0.133,-0.034,0.029,1.000
62190,-0.298,0.117,0.014,0.020,-0.015,0.025,0.295,0.132,0.014,0.029,1.000
62202,-0.132,0.118,0.001,0.020,-0.033,0.025,-0.062,0.133,-0.003,0.029,1.000
62215,-0.179,0.118,0.023,0.020,0.007,0.025,0.137,0.132,0.017,0.029,1.000
62228,4.681,0.125,0.184,0.022,0.814,0.033,0.344,0.133,0.067,0.029,0.000
62241,5.207,0.127,0.217,0.022,0.885,0.034,0.689,0.134,-0.044,0.029,0.000
62254,5.800,0.128,0.251,0.022,1.240,0.037,0.308,0.134,-0.020,0.029,0.000
62266,5.507,0.127,0.184,0.022,1.434,0.038,0.648,0.134,-0.048,0.029,0.000
62279,5.923,0.127,0.227,0.022,1.485,0.040,0.635,0.133,0.001,0.029,0.000
62292,5.772,0.127,0.271,0.022,1.207,0.038,0.271,0.133,0.025,0.029,0.000
62305,6.629,0.128,0.252,0.022,1.207,0.037,0.131,0.133,-0.045,0.029,0.000
62318,5.733,0.127,0.242,0.022,1.208,0.037,0.337,0.133,-0.004,0.029,0.000
62330,5.572,0.126,0.173,0.022,1.132,0.038,0.471,0.132,0.040,0.029,0.000
62343,5.318,0.126,0.200,0.022,1.203,0.038,0.334,0.132,0.018,0.029,0.000
62356,5.879,0.127,0.211,0.022,1.165,0.037,0.363,0.133,0.047,0.029,0.000
62369,4.935,0.126,0.167,0.022,1.380,0.039,0.690,0.132,0.022,0.028,0.000
62382,0.126,0.119,0.061,0.020,0.108,0.029,0.149,0.132,-0.013,0.028,0.000
62394,0.098,0.119,0.022,0.020,0.091,0.028,0.103,0.132,0.003,0.029,0.000
62407,0.046,0.120,0.022,0.020,0.094,0.027,-0.065,0.134,-0.050,0.029,0.000
62420,0.024,0.119,0.003,0.020,0.103,0.028,-0.010,0.133,0.057,0.028,0.000
62433,0.098,0.120,-0.003,0.020,0.023,0.027,0.100,0.134,-0.023,0.029,0.000
62446,0.375,0.120,-0.040,0.020,0.301,0.028,-0.077,0.134,-0.003,0.029,0.000
62458,0.831,0.120,0.033,0.020,0.194,0.028,0.293,0.133,-0.001,0.029,0.000
62471,3.056,0.124,0.084,0.021,0.942,0.034,0.086,0.134,0.058,0.029,0.000
62484,4.171,0.125,0.123,0.021,1.022,0.035,0.375,0.134,-0.042,0.028,0.000
62497,2.660,0.124,0.086,0.020,0.714,0.034,0.201,0.134,-0.047,0.029,0.000
62510,1.817,0.122,0.107,0.021,0.499,0.031,0.086,0.134,0.010,0.028,0.000
62522,0.219,0.119,0.046,0.020,0.165,0.028,0.173,0.132,-0.020,0.029,0.000
62535,0.045,0.119,-0.045,0.020,0.080,0.027,0.102,0.133,-0.023,0.029,2.000
62548,0.049,0.118,-0.001,0.020,0.054,0.026,-0.342,0.132,-0.026,0.028,2.000
62561,-0.026,0.117,0.023,0.020,0.068,0.026,0.244,0.131,-0.013,0.028,2.000
62574,-0.118,0.118,0.068,0.020,0.073,0.026,-0.188,0.131,-0.001,0.028,2.000
62586,-0.175,0.117,0.004,0.020,0.080,0.026,0.203,0.132,0.019,0.028,2.000
62599,-0.022,0.118,0.010,0.020,0.112,0.026,0.053,0.132,0.017,0.028,2.000
62612,-0.313,0.119,0.002,0.020,-0.035,0.026,-0.067,0.134,-0.002,0.029,2.000
62625,-0.320,0.118,-0.002,0.020,-0.002,0.025,-0.274,0.133,0.063,0.028,2.000
62638,-0.276,0.120,0.016,0.020,0.041,0.026,0.143,0.135,-0.039,0.029,2.000
62651,-0.334,0.119,0.006,0.020,-0.033,0.025,-0.037,0.133,-0.043,0.029,2.000
62663,-0.061,0.119,-0.018,0.020,-0.042,0.025,-0.060,0.134,-0.013,0.029,2.000
62676,-0.238,0.119,0.009,0.020,0.004,0.025,-0.006,0.134,0.024,0.029,2.000
62689,-0.219,0.118,0.018,0.020,-0.053,0.025,0.148,0.133,-0.047,0.029,2.000
62702,-0.443,0.119,0.027,0.020,-0.012,0.025,0.039,0.134,-0.001,0.029,2.000
62715,-0.122,0.118,0.003,0.020,0.009,0.025,0.354,0.133,0.003,0.029,2.000
62727,-0.198,0.120,-0.012,0.020,-0.004,0.026,-0.139,0.134,0.038,0.029,2.000
62740,-0.386,0.118,-0.006,0.020,0.028,0.025,0.064,0.133,-0.033,0.029,2.000
62753,-0.227,0.118,-0.011,0.020,0.006,0.025,0.253,0.133,-0.007,0.029,2.000
62766,-0.001,0.119,0.021,0.020,-0.021,0.025,-0.166,0.133,0.052,0.029,2.000
62779,-0.329,0.118,0.024,0.020,0.022,0.025,0.164,0.132,-0.064,0.029,2.000
62791,-0.099,0.119,0.057,0.020,0.026,0.025,-0.172,0.133,-0.018,0.029,2.000
62804,-0.026,0.118,-0.013,0.020,0.016,0.025,0.001,0.132,0.013,0.029,2.000
62817,-0.037,0.118,0.015,0.020,0.036,0.025,0.191,0.132,0.025,0.029,2.000
62830,0.052,0.118,0.023,0.020,-0.022,0.025,-0.134,0.132,0.023,0.029,2.000
62843,-0.147,0.120,-0.005,0.020,0.033,0.026,-0.270,0.134,0.013,0.029,2.000
62855,-0.210,0.120,-0.037,0.020,0.005,0.025,0.265,0.134,0.031,0.029,2.000
62868,-0.144,0.120,0.041,0.020,0.008,0.025,0.256,0.133,-0.009,0.029,2.000
62881,-0.224,0.119,0.026,0.020,-0.024,0.025,-0.055,0.133,-0.016,0.029,2.000
62894,-0.148,0.121,-0.014,0.020,-0.001,0.026,0.097,0.135,0.007,0.029,2.000
62907,-0.245,0.121,-0.029,0.021,0.011,0.026,-0.105,0.134,0.015,0.029,2.000
62919,-0.168,0.120,0.023,0.020,0.008,0.025,0.056,0.134,-0.036,0.029,2.000
62932,-0.325,0.119,0.005,0.020,-0.016,0.025,0.202,0.133,-0.013,0.029,2.000
62945,-0.219,0.120,0.017,0.020,-0.037,0.025,0.037,0.133,0.026,0.029,2.000
62958,-0.088,0.120,-0.008,0.020,0.007,0.026,0.033,0.133,-0.025,0.029,2.000
62971,0.070,0.120,-0.034,0.020,-0.055,0.026,0.235,0.134,-0.047,0.029,2.000
62983,-0.194,0.120,-0.003,0.020,-0.071,0.026,0.023,0.133,-0.002,0.029,2.000
62996,-0.184,0.120,0.018,0.020,-0.007,0.025,0.163,0.133,0.077,0.029,2.000
63009,-0.128,0.120,0.009,0.020,0.002,0.025,0.015,0.133,0.057,0.029,2.000
63022,-0.140,0.121,-0.033,0.020,0.027,0.025,0.130,0.134,-0.014,0.029,2.000
63035,-0.149,0.121,-0.025,0.020,0.019,0.026,0.086,0.134,-0.042,0.029,2.000
63047,-0.005,0.122,-0.035,0.020,-0.004,0.026,-0.067,0.134,0.060,0.029,2.000
63060,-0.128,0.121,-0.005,0.020,-0.038,0.025,-0.149,0.134,0.063,0.029,2.000
63073,0.160,0.119,-0.017,0.020,0.012,0.025,-0.002,0.133,-0.037,0.029,2.000
63086,-0.315,0.119,-0.012,0.020,-0.011,0.025,-0.273,0.133,0.004,0.028,2.000
63099,-0.167,0.120,-0.033,0.020,0.023,0.025,0.149,0.133,-0.021,0.029,2.000
63112,-0.141,0.120,0.044,0.020,0.016,0.025,0.034,0.134,0.032,0.028,2.000
63124,-0.113,0.120,0.002,0.020,0.044,0.025,0.181,0.134,0.001,0.029,2.000
63137,-0.037,0.120,-0.024,0.021,-0.004,0.025,-0.089,0.134,-0.027,0.030,2.000
63150,-0.164,0.120,0.047,0.020,0.019,0.025,0.166,0.133,-0.021,0.029,2.000
63163,-0.165,0.121,0.017,0.021,-0.020,0.026,-0.217,0.134,-0.015,0.030,2.000
63176,-0.003,0.120,0.023,0.020,-0.009,0.025,0.054,0.133,0.009,0.029,2.000
63188,-0.080,0.121,0.025,0.020,-0.010,0.025,0.103,0.134,0.018,0.029,2.000
63201,-0.066,0.121,0.019,0.021,-0.041,0.026,-0.364,0.135,-0.026,0.030,2.000
63214,-0.048,0.120,-0.000,0.020,0.054,0.025,0.049,0.134,0.063,0.029,2.000
63227,-0.169,0.122,0.011,0.020,-0.007,0.025,0.158,0.135,-0.025,0.030,2.000
63240,-0.045,0.121,-0.002,0.020,-0.015,0.025,-0.080,0.133,-0.037,0.029,2.000
63252,-0.132,0.121,0.047,0.021,0.033,0.026,0.396,0.135,0.004,0.029,2.000
63265,-0.077,0.120,-0.005,0.020,-0.022,0.025,0.054,0.134,0.017,0.029,2.000
63278,-0.258,0.122,-0.024,0.020,0.021,0.025,0.083,0.134,0.005,0.030,2.000
63291,-0.019,0.122,0.038,0.020,-0.001,0.026,0.090,0.135,-0.020,0.029,2.000
63304,0.012,0.122,0.002,0.020,0.013,0.025,0.117,0.135,0.016,0.029,2.000
63316,0.035,0.122,0.005,0.021,0.026,0.025,-0.136,0.135,0.022,0.030,2.000
63329,-0.092,0.122,-0.016,0.021,0.006,0.026,0.213,0.135,-0.034,0.030,2.000
63342,-0.047,0.121,0.005,0.020,0.012,0.025,-0.024,0.134,0.010,0.029,2.000
63355,-0.002,0.122,0.004,0.020,0.034,0.026,0.113,0.135,0.036,0.029,2.000
63368,0.257,0.254,-0.043,0.042,-0.029,0.053,-0.327,0.282,0.112,0.062,2.000