    0    16.01667   -97.47117 36.28378      47.069     399.084  959.626  292.611   86.983    0.055   12.857 0.00000e+00
    1    16.03333   -97.47197 36.28659      50.587     405.128  958.937  292.598   87.145    0.108   12.879 0.00000e+00
    2    16.05000   -97.47269 36.28941      54.508     410.531  958.438  292.578   87.277    0.082   12.889 0.00000e+00
    3    16.06667   -97.47350 36.29205      57.644     413.789  958.069  292.558   87.381   -0.059   12.893 0.00000e+00
    4    16.08333   -97.47455 36.29451      60.203     416.665  957.621  292.503   87.581   -0.032   12.884 0.00000e+00
    5    16.10000   -97.47581 36.29681      63.295     420.167  957.308  292.526   87.486    0.207   12.893 0.00000e+00
    6    16.11667   -97.47702 36.29908      69.824     426.168  956.680  292.490   87.615    0.019   12.891 0.00000e+00
    7    16.13333   -97.47824 36.30139      69.060     423.889  956.888  292.517   87.441   -0.123   12.885 0.00000e+00
    8    16.15000   -97.47951 36.30363      62.525     415.222  957.775  292.599   87.042   -0.183   12.881 0.00000e+00
    9    16.16667   -97.48077 36.30569      54.354     404.897  958.917  292.718   86.500   -0.160   12.881 0.00000e+00
   10    16.18333   -97.48190 36.30758      45.419     393.785  960.160  292.858   85.899   -0.157   12.887 0.00000e+00
   11    16.20000   -97.48289 36.30934      37.249     383.526  961.291  292.989   85.338   -0.138   12.893 0.00000e+00
   12    16.21667   -97.48378 36.31100      31.577     375.815  962.146  293.110   84.837   -0.065   12.904 0.00000e+00
   13    16.23333   -97.48461 36.31258      29.812     372.075  962.566  293.197   84.492    0.008   12.915 0.00000e+00
   14    16.25000   -97.48540 36.31418      29.030     369.563  962.807  293.265   84.223    0.002   12.926 0.00000e+00
   15    16.26667   -97.48636 36.31577      27.210     366.413  963.176  293.347   83.866   -0.020   12.932 0.00000e+00
   16    16.28333   -97.48747 36.31730      24.472     362.308  963.614  293.432   83.496   -0.022   12.938 0.00000e+00
   17    16.30000   -97.48878 36.31871      22.181     358.349  964.025  293.536   83.095   -0.019   12.954 0.00000e+00
   18    16.31667   -97.49020 36.32006      20.161     354.201  964.465  293.651   82.672   -0.016   12.974 0.00000e+00
   19    16.33333   -97.49167 36.32140      18.271     349.827  964.998  293.791   82.159   -0.047   13.000 0.00000e+00
   20    16.35000   -97.49303 36.32272      15.502     345.162  965.493  293.897   81.777   -0.072   13.019 0.00000e+00
   21    16.36667   -97.49431 36.32393      12.803     341.901  965.855  293.925   81.688   -0.030   13.022 0.00000e+00
   22    16.38333   -97.49555 36.32498      12.530     342.260  965.862  293.935   81.695    0.024   13.031 0.00000e+00
   23    16.40000   -97.49674 36.32599      14.173     344.809  965.590  293.934   81.670    0.024   13.030 0.00000e+00
   24    16.41667   -97.49780 36.32705      16.729     347.983  965.265  294.012   81.450    0.055   13.063 0.00000e+00
   25    16.43333   -97.49873 36.32808      20.215     351.800  964.848  294.038   81.381    0.071   13.078 0.00000e+00
   26    16.45000   -97.49965 36.32896      24.817     356.562  964.288  293.913   81.767   -0.007   13.046 0.00000e+00
   27    16.46667   -97.50073 36.32974      21.669     353.605  964.548  294.026   81.375   -0.037   13.071 0.00000e+00
   28    16.48333   -97.50191 36.33037      17.939     350.264  964.870  294.142   80.981   -0.043   13.098 0.00000e+00
   29    16.50000   -97.50293 36.33093      14.939     347.910  965.130  294.295   80.493   -0.035   13.140 0.00000e+00
   30    16.51667   -97.50371 36.33141      14.929     348.542  965.025  294.487   80.045   -0.003   13.224 0.00000e+00
   31    16.53333   -97.50439 36.33186      17.528     351.801  964.694  294.582   79.554    0.071   13.226 0.00000e+00
   32    16.55000   -97.50500 36.33247      23.746     358.869  963.871  294.556   79.554    0.149   13.215 0.00000e+00
   33    16.56667   -97.50567 36.33344      34.367     370.679  962.573  294.429   79.661    0.227   13.147 0.00000e+00
   34    16.58333   -97.50642 36.33471      49.746     387.625  960.706  294.251   80.229    0.353   13.122 0.00000e+00
   35    16.60000   -97.50727 36.33617      75.161     414.823  957.658  293.943   81.382    0.505   13.100 0.00000e+00
   36    16.61667   -97.50801 36.33778     100.797     442.354  954.656  293.656   82.501    0.511   13.086 0.00000e+00
   37    16.63333   -97.50855 36.33943     130.380     472.815  951.364  293.208   84.102    0.490   13.017 0.00000e+00
   38    16.65000   -97.50883 36.34118     148.917     491.521  949.300  292.918   85.187    0.317   12.977 0.00000e+00
   39    16.66667   -97.50900 36.34302     155.605     498.359  948.529  292.846   85.512    0.174   12.978 0.00000e+00
   40    16.68333   -97.50917 36.34502     153.261     496.175  948.758  292.807   85.552   -0.095   12.950 0.00000e+00
   41    16.70000   -97.50936 36.34724     143.799     486.218  949.979  292.853   85.239   -0.515   12.922 0.00000e+00
   42    16.71667   -97.50971 36.34962     126.025     465.995  952.184  293.009   84.437   -0.509   12.896 0.00000e+00
   43    16.73333   -97.51033 36.35212     110.056     447.346  954.279  293.157   83.703   -0.383   12.875 0.00000e+00
   44    16.75000   -97.51112 36.35464     106.500     441.081  954.943  293.231   83.399   -0.040   12.878 0.00000e+00
   45    16.76667   -97.51204 36.35709     115.636     448.127  954.193  293.236   83.499    0.196   12.908 0.00000e+00
   46    16.78333   -97.51306 36.35942     128.595     459.421  952.925  293.193   83.773    0.306   12.933 0.00000e+00
   47    16.80000   -97.51418 36.36159     150.195     479.648  950.704  293.066   84.426    0.569   12.961 0.00000e+00
   48    16.81667   -97.51531 36.36372     180.542     508.803  947.456  292.846   85.513    0.681   12.993 0.00000e+00
   49    16.83333   -97.51625 36.36582     192.380     519.800  946.248  292.739   85.920   -0.024   12.984 0.00000e+00
   50    16.85000   -97.51707 36.36774     176.650     503.260  948.020  292.916   84.839   -0.471   12.939 0.00000e+00
   51    16.86667   -97.51818 36.36966     158.282     484.109  950.131  293.145   83.690   -0.188   12.920 0.00000e+00
   52    16.88333   -97.51936 36.37164     177.037     502.291  948.066  292.995   84.288    0.858   12.919 0.00000e+00
   53    16.90000   -97.52022 36.37371     246.567     573.393  940.222  292.253   87.533    1.385   12.913 0.00000e+00
   54    16.91667   -97.52074 36.37587     342.278     671.151  929.599  291.338   91.648    1.441   12.908 0.00000e+00
   55    16.93333   -97.52081 36.37807     416.094     747.072  921.397  290.649   94.625    0.947   12.871 0.00000e+00
   56    16.95000   -97.52056 36.38023     448.346     781.332  917.785  290.337   96.162    0.305   12.874 0.00000e+00
   57    16.96667   -97.52024 36.38240     452.695     787.077  917.186  290.350   95.289   -0.076   12.776 0.00000e+00
   58    16.98333   -97.51993 36.38449     457.047     792.697  916.602  290.331   94.888    0.275   12.715 0.00000e+00
   59    17.00000   -97.51944 36.38628     476.086     812.780  914.464  290.123   95.907    0.501   12.711 0.00000e+00
   60    17.01667   -97.51871 36.38788     502.474     839.969  911.532  289.858   96.928    0.363   12.672 0.00000e+00
   61    17.03333   -97.51776 36.38938     518.239     856.417  909.776  289.716   97.361    0.041   12.638 0.00000e+00
   62    17.05000   -97.51668 36.39082     508.869     847.729  910.716  289.823   96.654   -0.411   12.619 0.00000e+00
   63    17.06667   -97.51570 36.39215     487.826     827.360  912.816  290.042   95.453   -0.582   12.609 0.00000e+00
   64    17.08333   -97.51505 36.39345     478.662     818.939  913.726  290.165   94.513    0.192   12.570 0.00000e+00
   65    17.10000   -97.51444 36.39501     489.054     830.287  912.530  290.040   95.193    0.666   12.577 0.00000e+00
   66    17.11667   -97.51370 36.39700     504.943     847.384  910.708  289.885   95.964    0.385   12.579 0.00000e+00
   67    17.13333   -97.51289 36.39929     509.418     853.053  910.132  289.815   96.614   -0.118   12.616 0.00000e+00
   68    17.15000   -97.51212 36.40171     500.944     845.931  910.904  289.899   96.244   -0.536   12.624 0.00000e+00
   69    17.16667   -97.51135 36.40417     483.293     829.716  912.654  290.100   94.957   -0.816   12.592 0.00000e+00
   70    17.18333   -97.51062 36.40664     456.567     802.710  915.601  290.406   93.191   -0.760   12.561 0.00000e+00
   71    17.20000   -97.50997 36.40911     428.418     773.331  918.786  290.720   91.479   -0.637   12.536 0.00000e+00
   72    17.21667   -97.50940 36.41157     404.575     748.182  921.490  290.975   90.191   -0.485   12.524 0.00000e+00
   73    17.23333   -97.50893 36.41401     388.927     730.861  923.417  291.145   89.486   -0.147   12.534 0.00000e+00
   74    17.25000   -97.50846 36.41645     379.625     718.972  924.667  291.254   89.072   -0.152   12.546 0.00000e+00
   75    17.26667   -97.50791 36.41881     367.233     704.125  926.282  291.397   88.443   -0.286   12.549 0.00000e+00
   76    17.28333   -97.50732 36.42110     348.208     682.807  928.577  291.630   87.252   -0.421   12.532 0.00000e+00
   77    17.30000   -97.50670 36.42337     319.654     652.435  931.808  291.940   85.837   -0.492   12.529 0.00000e+00
   78    17.31667   -97.50612 36.42562     282.758     613.862  935.989  292.333   84.093   -0.753   12.526 0.00000e+00
   79    17.33333   -97.50550 36.42787     233.679     563.075  941.553  292.843   82.081   -0.910   12.548 0.00000e+00
   80    17.35000   -97.50490 36.43011     181.616     509.461  947.316  293.359   80.203   -0.851   12.586 0.00000e+00
   81    17.36667   -97.50430 36.43240     137.103     464.748  952.239  293.824   78.509   -0.721   12.616 0.00000e+00
   82    17.38333   -97.50390 36.43466      98.132     425.703  956.539  294.289   76.690   -0.563   12.627 0.00000e+00
   83    17.40000   -97.50364 36.43684      72.509     400.015  959.378  294.638   75.456   -0.343   12.658 0.00000e+00
   84    17.41667   -97.50346 36.43891      57.290     384.759  961.064  294.841   74.815   -0.205   12.687 0.00000e+00
   85    17.43333   -97.50327 36.44090      48.512     376.054  962.005  295.020   74.303   -0.139   12.728 0.00000e+00
   86    17.45000   -97.50304 36.44279      43.763     371.376  962.517  295.158   73.787   -0.118   12.740 0.00000e+00
   87    17.46667   -97.50282 36.44460      42.195     369.872  962.675  295.256   73.380   -0.049   12.745 0.00000e+00
   88    17.48333   -97.50259 36.44638      47.016     374.762  962.172  295.279   73.388    0.151   12.771 0.00000e+00
   89    17.50000   -97.50243 36.44825      60.355     387.552  960.770  295.120   74.201    0.316   12.805 0.00000e+00
   90    17.51667   -97.50230 36.45023      80.118     406.554  958.659  294.901   75.200    0.460   12.832 0.00000e+00
   91    17.53333   -97.50218 36.45235     108.639     434.284  955.600  294.646   76.223    0.629   12.845 0.00000e+00
   92    17.55000   -97.50198 36.45461     147.353     472.140  951.438  294.318   77.313    0.844   12.822 0.00000e+00
   93    17.56667   -97.50156 36.45702     195.722     519.166  946.259  293.905   78.752    0.979   12.801 0.00000e+00
   94    17.58333   -97.50101 36.45960     229.749     551.476  942.747  293.530   80.055    0.583   12.759 0.00000e+00
   95    17.60000   -97.50043 36.46223     261.035     580.868  939.559  293.248   81.056    0.492   12.737 0.00000e+00
   96    17.61667   -97.49974 36.46467     300.315     619.128  935.367  292.860   82.276    0.576   12.675 0.00000e+00
   97    17.63333   -97.49893 36.46680     348.933     667.434  930.174  292.385   83.963    0.825   12.626 0.00000e+00
   98    17.65000   -97.49786 36.46870     405.906     723.869  924.085  291.822   86.362    0.976   12.617 0.00000e+00
   99    17.66667   -97.49654 36.47047     456.764     773.989  918.687  291.321   88.592    0.670   12.614 0.00000e+00
  100    17.68333   -97.49511 36.47213     494.494     810.818  914.797  290.952   90.229    0.230   12.603 0.00000e+00
  101    17.70000   -97.49376 36.47373     527.575     842.882  911.333  290.650   91.082    0.164   12.528 0.00000e+00
  102    17.71667   -97.49251 36.47528     571.724     885.968  906.800  290.343   91.281    0.863   12.374 0.00000e+00
  103    17.73333   -97.49135 36.47693     625.422     938.551  901.274  289.962   92.228    1.633   12.277 0.00000e+00
  104    17.75000   -97.49009 36.47882     692.541    1004.316  894.378  289.475   92.989    1.728   12.091 0.00000e+00
  105    17.76667   -97.48880 36.48091     755.174    1065.594  887.941  288.959   94.827    1.536   12.015 0.00000e+00
  106    17.78333   -97.48743 36.48317     812.350    1121.693  882.138  288.451   97.326    1.397   12.012 0.00000e+00
  107    17.80000   -97.48607 36.48560     867.438    1175.969  876.495  288.016   99.078    1.258   11.966 6.24600e-03
  108    17.81667   -97.48476 36.48807     925.578    1233.404  870.601  287.669   99.971    1.404   11.884 5.66795e-02
  109    17.83333   -97.48351 36.49051    1000.973    1307.873  862.928  287.319  100.000    1.878   11.741 1.81127e-01
  110    17.85000   -97.48228 36.49294    1112.295    1418.616  851.671  286.781  100.000    2.634   11.488 3.64987e-01
  111    17.86667   -97.48084 36.49525    1259.465    1565.593  836.934  286.085  100.000    2.987   11.170 6.35475e-01
  112    17.88333   -97.47893 36.49717    1393.717    1699.615  823.753  285.393  100.000    1.856   10.845 8.56241e-01
  113    17.90000   -97.47682 36.49886    1474.243    1779.093  816.013  284.784  100.000    0.816   10.514 7.92178e-01
  114    17.91667   -97.47446 36.50054    1504.116    1807.661  813.216  284.416  100.000    0.540   10.284 5.16065e-01
  115    17.93333   -97.47157 36.50238    1489.885    1792.057  814.741  284.375  100.000    0.160   10.248 3.19980e-01
  116    17.95000   -97.46821 36.50457    1457.497    1758.244  818.032  284.325   98.104   -0.196    9.961 6.31202e-02
  117    17.96667   -97.46480 36.50711    1426.389    1726.348  821.125  284.498   95.652   -0.227    9.787 3.47086e-02
  118    17.98333   -97.46157 36.50988    1401.814    1702.487  823.402  284.560   95.778   -0.197    9.814 0.00000e+00
  119    18.00000   -97.45847 36.51275    1383.548    1685.908  824.992  284.724   94.828   -0.258    9.804 0.00000e+00
  120    18.01667   -97.45546 36.51571    1364.765    1669.935  826.486  284.914   93.777   -0.334    9.801 0.00000e+00
  121    18.03333   -97.45253 36.51881    1351.474    1659.376  827.594  285.009   94.052    0.070    9.878 0.00000e+00
  122    18.05000   -97.44962 36.52197    1361.029    1670.683  826.554  284.869   95.331    0.460    9.932 0.00000e+00
  123    18.06667   -97.44667 36.52505    1380.972    1691.100  824.589  284.666   96.712    0.343    9.965 0.00000e+00
  124    18.08333   -97.44373 36.52804    1392.780    1703.836  823.277  284.549   97.265   -0.039    9.960 0.00000e+00
  125    18.10000   -97.44084 36.53096    1389.600    1702.949  823.383  284.603   96.491   -0.423    9.915 0.00000e+00
  126    18.11667   -97.43803 36.53379    1373.757    1688.556  824.827  284.787   95.222   -0.654    9.888 0.00000e+00
  127    18.13333   -97.43526 36.53657    1348.764    1664.140  827.295  285.040   94.047   -0.656    9.902 0.00000e+00
  128    18.15000   -97.43254 36.53934    1321.244    1636.003  830.093  285.296   93.254   -0.524    9.952 0.00000e+00
  129    18.16667   -97.42989 36.54212    1293.801    1606.885  833.016  285.566   92.312   -0.363    9.994 0.00000e+00
  130    18.18333   -97.42735 36.54493    1267.714    1578.712  835.858  285.814   91.460   -0.267   10.031 0.00000e+00
  131    18.20000   -97.42490 36.54773    1244.235    1554.319  838.145  286.036   90.338   -0.290   10.026 0.00000e+00
  132    18.21667   -97.42256 36.55051    1223.288    1535.329  840.038  286.229   89.287   -0.221   10.014 0.00000e+00
  133    18.23333   -97.42032 36.55326    1211.798    1526.127  840.945  286.323   88.734   -0.099   10.003 0.00000e+00
  134    18.25000   -97.41814 36.55596    1213.880    1529.637  840.679  286.307   88.667    0.088    9.988 0.00000e+00
  135    18.26667   -97.41605 36.55859    1227.363    1542.800  839.412  286.193   89.056    0.250    9.971 0.00000e+00
  136    18.28333   -97.41398 36.56119    1250.374    1565.043  837.233  285.990   89.909    0.331    9.960 0.00000e+00
  137    18.30000   -97.41190 36.56373    1279.437    1593.075  834.341  285.768   90.668    0.388    9.932 0.00000e+00
  138    18.31667   -97.40977 36.56624    1302.283    1617.072  831.893  285.568   91.194    0.419    9.888 0.00000e+00
  139    18.33333   -97.40755 36.56889    1317.415    1634.267  830.197  285.413   92.237    0.291    9.919 0.00000e+00
  140    18.35000   -97.40522 36.57174    1317.682    1636.826  829.939  285.302   92.580   -0.160    9.886 0.00000e+00
  141    18.36667   -97.40278 36.57486    1289.088    1609.962  832.612  285.427   93.007   -0.873    9.982 0.00000e+00
  142    18.38333   -97.40031 36.57831    1234.068    1557.120  837.800  285.949   91.023   -1.309   10.049 0.00000e+00
  143    18.40000   -97.39792 36.58197    1179.772    1504.989  843.088  286.436   88.906   -0.818   10.071 0.00000e+00
  144    18.41667   -97.39563 36.58570    1136.058    1462.631  847.343  286.774   87.915   -0.734   10.130 0.00000e+00
  145    18.43333   -97.39352 36.58926    1104.628    1432.102  850.432  287.111   86.328   -0.527   10.132 0.00000e+00
  146    18.45000   -97.39157 36.59266    1093.673    1422.437  851.380  287.226   85.720   -0.064   10.125 0.00000e+00
  147    18.46667   -97.38961 36.59602    1101.219    1431.261  850.509  287.113   86.551    0.281   10.159 0.00000e+00
  148    18.48333   -97.38756 36.59948    1108.719    1440.323  849.575  286.898   88.822    0.176   10.291 0.00000e+00
  149    18.50000   -97.38553 36.60302    1100.309    1433.477  850.309  286.772   92.782   -0.094   10.652 0.00000e+00
  150    18.51667   -97.38356 36.60654    1075.388    1408.530  852.907  286.908   94.450   -0.270   10.907 0.00000e+00
  151    18.53333   -97.38168 36.60992    1054.382    1385.683  855.232  287.164   91.893   -0.164   10.762 0.00000e+00
  152    18.55000   -97.37975 36.61308    1049.637    1378.636  856.016  287.161   91.683   -0.001   10.725 0.00000e+00
  153    18.56667   -97.37761 36.61611    1063.000    1388.654  855.009  287.029   93.767    0.217   10.888 0.00000e+00
  154    18.58333   -97.37524 36.61925    1080.208    1401.589  853.722  286.942   95.063    0.139   10.992 0.00000e+00
  155    18.60000   -97.37280 36.62252    1072.991    1390.421  854.780  287.004   95.108   -0.452   11.028 0.00000e+00
  156    18.61667   -97.37074 36.62584    1027.274    1342.133  859.667  287.488   92.007   -1.268   10.948 0.00000e+00
  157    18.63333   -97.36939 36.62914     962.927    1275.974  866.414  288.174   88.176   -1.196   10.885 0.00000e+00
  158    18.65000   -97.36865 36.63225     917.273    1227.835  871.345  288.690   85.093   -0.438   10.799 0.00000e+00
  159    18.66667   -97.36819 36.63515     906.822    1214.883  872.669  288.909   82.589    0.345   10.614 0.00000e+00
  160    18.68333   -97.36768 36.63791     929.229    1235.082  870.582  288.754   82.611    0.738   10.537 0.00000e+00
  161    18.70000   -97.36710 36.64065     971.807    1276.376  866.379  288.362   84.161    0.940   10.517 0.00000e+00
  162    18.71667   -97.36647 36.64329    1019.951    1323.418  861.577  287.901   86.538    0.939   10.554 0.00000e+00
  163    18.73333   -97.36565 36.64579    1066.846    1369.218  856.912  287.432   89.030    0.940   10.590 0.00000e+00
  164    18.75000   -97.36459 36.64827    1112.692    1414.029  852.389  286.970   91.641    0.871   10.632 0.00000e+00
  165    18.76667   -97.36329 36.65082    1155.149    1455.515  848.174  286.575   93.587    0.623   10.634 0.00000e+00
  166    18.78333   -97.36187 36.65345    1188.483    1487.941  844.949  286.288   95.044    0.279   10.638 0.00000e+00
  167    18.80000   -97.36040 36.65610    1201.836    1500.834  843.613  286.185   95.697   -0.208   10.656 0.00000e+00
  168    18.81667   -97.35886 36.65874    1179.052    1478.074  845.887  286.357   94.215   -1.177   10.582 0.00000e+00
  169    18.83333   -97.35719 36.66159    1130.034    1428.938  850.843  286.876   91.416   -1.752   10.560 0.00000e+00
  170    18.85000   -97.35532 36.66462    1079.447    1378.074  855.991  287.484   86.779   -2.085   10.368 0.00000e+00
  171    18.86667   -97.35321 36.66769    1018.052    1316.598  862.230  288.076   84.050   -1.984   10.360 0.00000e+00
  172    18.88333   -97.35106 36.67059     969.571    1268.047  867.180  288.637   80.921   -1.565   10.284 0.00000e+00
  173    18.90000   -97.34878 36.67314     927.284    1225.281  871.541  289.107   78.611   -1.348   10.246 0.00000e+00
  174    18.91667   -97.34662 36.67525     872.544    1170.237  877.178  289.498   78.669   -0.937   10.447 0.00000e+00
  175    18.93333   -97.34468 36.67707     819.888    1117.570  882.618  289.850   79.584   -0.766   10.742 0.00000e+00
  176    18.95000   -97.34286 36.67883     769.883    1067.763  887.784  290.233   79.508   -0.812   10.934 0.00000e+00
  177    18.96667   -97.34114 36.68055     717.418    1015.572  893.214  290.682   78.747   -0.940   11.075 0.00000e+00
  178    18.98333   -97.33952 36.68224     662.643     961.333  898.856  291.182   77.355   -0.883   11.160 0.00000e+00
