    0    16.01667   -97.53960 36.28654      56.516     409.005  958.485  292.989   85.349   -0.017   12.933 0.00000e+00
    1    16.03333   -97.54036 36.28856      59.494     410.951  958.213  292.952   85.296    0.007   12.899 0.00000e+00
    2    16.05000   -97.54091 36.29055      64.614     415.308  957.765  292.999   85.266    0.179   12.938 0.00000e+00
    3    16.06667   -97.54131 36.29235      81.054     431.116  956.004  292.897   85.753    0.354   12.953 0.00000e+00
    4    16.08333   -97.54181 36.29408     104.514     454.017  953.467  292.681   86.640    0.311   12.946 0.00000e+00
    5    16.10000   -97.54236 36.29579     120.389     469.346  951.760  292.524   87.294    0.231   12.939 0.00000e+00
    6    16.11667   -97.54274 36.29775     119.443     468.843  951.820  292.563   87.226    0.181   12.960 0.00000e+00
    7    16.13333   -97.54272 36.29999     108.735     459.621  952.855  292.655   86.529   -0.192   12.916 0.00000e+00
    8    16.15000   -97.54215 36.30237     110.286     462.323  952.580  292.703   86.216    0.247   12.913 0.00000e+00
    9    16.16667   -97.54134 36.30495     126.379     479.128  950.810  292.586   86.705    0.592   12.915 0.00000e+00
   10    16.18333   -97.54032 36.30781     157.968     510.311  947.355  292.295   88.073    0.737   12.928 0.00000e+00
   11    16.20000   -97.53887 36.31095     197.251     548.622  943.141  291.938   89.682    0.741   12.930 0.00000e+00
   12    16.21667   -97.53717 36.31424     232.506     582.044  939.506  291.615   91.256    0.725   12.941 0.00000e+00
   13    16.23333   -97.53543 36.31767     270.179     616.996  935.657  291.204   92.944    0.748   12.896 0.00000e+00
   14    16.25000   -97.53377 36.32119     315.066     659.440  931.030  290.792   94.817    0.823   12.880 0.00000e+00
   15    16.26667   -97.53205 36.32470     373.411     718.144  924.652  290.233   97.400    1.218   12.856 0.00000e+00
   16    16.28333   -97.53019 36.32817     452.713     798.186  915.986  289.582  100.000    1.457   12.796 5.22479e-02
   17    16.30000   -97.52791 36.33161     519.455     864.437  908.941  289.274  100.000    0.962   12.645 1.85226e-01
   18    16.31667   -97.52544 36.33504     551.646     895.984  905.465  289.091  100.000    0.392   12.546 2.13471e-01
   19    16.33333   -97.52299 36.33850     548.161     893.716  905.747  289.069  100.000   -0.222   12.524 1.46971e-01
   20    16.35000   -97.52058 36.34199     521.696     867.147  908.666  289.172  100.000   -0.595   12.561 3.38872e-02
   21    16.36667   -97.51817 36.34538     480.255     824.320  913.250  289.542   98.247   -0.705   12.562 0.00000e+00
   22    16.38333   -97.51584 36.34860     430.280     771.907  918.927  290.067   95.324   -0.691   12.528 0.00000e+00
   23    16.40000   -97.51372 36.35178     382.239     720.220  924.523  290.573   92.767   -0.572   12.515 0.00000e+00
   24    16.41667   -97.51178 36.35506     343.417     677.596  929.088  290.980   90.736   -0.445   12.500 0.00000e+00
   25    16.43333   -97.51002 36.35846     318.705     650.187  932.026  291.230   89.601   -0.262   12.501 0.00000e+00
   26    16.45000   -97.50832 36.36182     312.668     641.969  932.938  291.326   89.067   -0.056   12.490 0.00000e+00
   27    16.46667   -97.50661 36.36515     319.682     647.280  932.337  291.291   89.151    0.163   12.482 0.00000e+00
   28    16.48333   -97.50487 36.36844     335.435     661.388  930.821  291.160   89.714    0.363   12.477 0.00000e+00
   29    16.50000   -97.50311 36.37180     364.570     688.829  927.770  290.877   91.129    0.635   12.490 0.00000e+00
   30    16.51667   -97.50130 36.37531     404.849     731.974  923.062  290.405   93.758    0.923   12.534 0.00000e+00
   31    16.53333   -97.49907 36.37885     457.282     786.541  917.210  289.845   97.002    0.812   12.592 0.00000e+00
   32    16.55000   -97.49632 36.38229     495.484     826.106  912.937  289.497   98.493    0.320   12.562 0.00000e+00
   33    16.56667   -97.49342 36.38556     515.483     848.495  910.570  289.369   98.333   -0.096   12.472 0.00000e+00
   34    16.58333   -97.49058 36.38871     518.352     852.574  910.136  289.405   97.549   -0.212   12.407 0.00000e+00
   35    16.60000   -97.48786 36.39173     506.744     841.661  911.255  289.531   96.759   -0.449   12.391 0.00000e+00
   36    16.61667   -97.48537 36.39470     468.651     805.635  915.047  289.860   95.221   -0.708   12.402 0.00000e+00
   37    16.63333   -97.48332 36.39769     415.523     754.228  920.694  290.313   93.387   -0.690   12.443 0.00000e+00
   38    16.65000   -97.48180 36.40075     367.438     705.040  926.077  290.789   91.161   -0.622   12.447 0.00000e+00
   39    16.66667   -97.48060 36.40390     328.268     664.240  930.552  291.181   89.428   -0.516   12.457 0.00000e+00
   40    16.68333   -97.47964 36.40712     302.052     635.740  933.642  291.472   88.051   -0.301   12.453 0.00000e+00
   41    16.70000   -97.47882 36.41044     289.202     620.411  935.264  291.616   87.444   -0.177   12.458 0.00000e+00
   42    16.71667   -97.47812 36.41383     280.086     608.932  936.465  291.741   86.794   -0.104   12.448 0.00000e+00
   43    16.73333   -97.47762 36.41729     278.049     605.125  936.822  291.741   87.039    0.255   12.478 0.00000e+00
   44    16.75000   -97.47719 36.42077     297.455     622.978  934.825  291.514   88.430    0.683   12.524 0.00000e+00
   45    16.76667   -97.47665 36.42417     332.880     656.959  931.155  291.135   90.554    0.909   12.569 0.00000e+00
   46    16.78333   -97.47581 36.42744     365.342     688.201  927.805  290.844   91.883    0.704   12.566 0.00000e+00
   47    16.80000   -97.47483 36.43066     390.546     712.106  925.293  290.635   92.768    0.486   12.554 0.00000e+00
   48    16.81667   -97.47372 36.43383     408.996     728.873  923.497  290.480   93.520    0.181   12.556 0.00000e+00
   49    16.83333   -97.47258 36.43679     417.783     735.564  922.816  290.430   93.704   -0.013   12.550 0.00000e+00
   50    16.85000   -97.47153 36.43946     422.556     738.465  922.509  290.434   93.435   -0.092   12.521 0.00000e+00
   51    16.86667   -97.47045 36.44196     428.149     742.580  922.067  290.422   93.365   -0.020   12.509 0.00000e+00
   52    16.88333   -97.46931 36.44438     424.796     737.610  922.570  290.475   93.234   -0.193   12.526 0.00000e+00
   53    16.90000   -97.46826 36.44679     405.643     717.116  924.768  290.694   92.177   -0.481   12.528 0.00000e+00
   54    16.91667   -97.46746 36.44919     373.033     683.780  928.299  291.025   90.566   -0.594   12.523 0.00000e+00
   55    16.93333   -97.46696 36.45153     340.268     650.286  931.965  291.395   88.683   -0.448   12.504 0.00000e+00
   56    16.95000   -97.46664 36.45388     318.467     627.717  934.409  291.648   87.420   -0.212   12.491 0.00000e+00
   57    16.96667   -97.46624 36.45627     306.864     615.866  935.667  291.777   86.824    0.004   12.491 0.00000e+00
   58    16.98333   -97.46568 36.45869     298.219     607.413  936.614  291.908   86.005   -0.136   12.463 0.00000e+00
   59    17.00000   -97.46508 36.46115     282.875     592.146  938.293  292.079   85.152   -0.338   12.451 0.00000e+00
   60    17.01667   -97.46454 36.46360     259.479     568.627  940.895  292.323   84.047   -0.471   12.445 0.00000e+00
   61    17.03333   -97.46414 36.46604     230.663     539.241  944.105  292.625   82.667   -0.507   12.432 0.00000e+00
   62    17.05000   -97.46394 36.46844     201.208     509.136  947.419  292.922   81.428   -0.471   12.432 0.00000e+00
   63    17.06667   -97.46390 36.47081     175.584     482.838  950.318  293.180   80.424   -0.426   12.440 0.00000e+00
   64    17.08333   -97.46400 36.47308     155.180     461.852  952.647  293.379   79.710   -0.356   12.453 0.00000e+00
   65    17.10000   -97.46429 36.47522     142.243     448.369  954.098  293.509   79.207   -0.258   12.456 0.00000e+00
   66    17.11667   -97.46471 36.47725     134.681     440.198  955.000  293.597   78.887   -0.120   12.462 0.00000e+00
   67    17.13333   -97.46535 36.47916     131.429     436.238  955.379  293.620   78.990   -0.057   12.491 0.00000e+00
   68    17.15000   -97.46611 36.48099     128.919     432.645  955.833  293.666   78.921    0.047   12.511 0.00000e+00
   69    17.16667   -97.46703 36.48282     134.586     436.990  955.356  293.666   79.169    0.275   12.556 0.00000e+00
   70    17.18333   -97.46800 36.48458     155.040     456.211  953.224  293.580   79.997    0.554   12.648 0.00000e+00
   71    17.20000   -97.46897 36.48628     194.973     495.109  948.959  293.267   81.634    0.762   12.715 0.00000e+00
   72    17.21667   -97.46972 36.48800     234.844     534.281  944.641  292.875   83.130    0.322   12.692 0.00000e+00
   73    17.23333   -97.46998 36.48983     241.167     541.067  943.862  292.806   82.995   -0.222   12.627 0.00000e+00
   74    17.25000   -97.46999 36.49171     227.902     528.702  945.262  292.972   82.299   -0.413   12.634 0.00000e+00
   75    17.26667   -97.46989 36.49371     207.440     509.129  947.411  293.279   81.300   -0.438   12.693 0.00000e+00
   76    17.28333   -97.46970 36.49600     173.323     475.998  951.059  293.711   79.795   -0.730   12.748 0.00000e+00
   77    17.30000   -97.46914 36.49843     120.211     422.579  956.996  294.219   77.622   -0.720   12.719 0.00000e+00
   78    17.31667   -97.46793 36.50082     111.315     412.709  958.084  294.329   77.304    0.657   12.740 0.00000e+00
   79    17.33333   -97.46658 36.50309     161.717     462.277  952.568  294.012   78.720    1.697   12.794 0.00000e+00
   80    17.35000   -97.46541 36.50545     247.226     547.216  943.223  293.184   81.722    1.940   12.740 0.00000e+00
   81    17.36667   -97.46441 36.50798     336.116     636.131  933.518  292.287   85.247    2.014   12.694 0.00000e+00
   82    17.38333   -97.46358 36.51054     425.150     725.596  923.852  291.385   89.260    1.672   12.689 0.00000e+00
   83    17.40000   -97.46280 36.51302     503.318     804.562  915.321  290.605   92.921    1.155   12.688 0.00000e+00
   84    17.41667   -97.46192 36.51539     556.905     860.356  909.381  290.063   95.569    0.837   12.689 0.00000e+00
   85    17.43333   -97.46091 36.51774     592.392     898.125  905.371  289.699   97.320    0.615   12.680 0.00000e+00
   86    17.45000   -97.45974 36.52015     615.681     923.611  902.697  289.466   98.238    0.417   12.648 0.00000e+00
   87    17.46667   -97.45836 36.52270     629.011     938.812  901.120  289.341   98.454    0.296   12.596 1.63981e-03
   88    17.48333   -97.45677 36.52542     638.052     949.139  900.005  289.249   98.603    0.172   12.556 0.00000e+00
   89    17.50000   -97.45491 36.52829     641.098     953.431  899.610  289.246   98.035   -0.009   12.487 0.00000e+00
   90    17.51667   -97.45283 36.53118     640.429     953.391  899.627  289.272   97.491   -0.067   12.439 0.00000e+00
   91    17.53333   -97.45054 36.53400     639.352     952.044  899.782  289.305   96.978   -0.163   12.397 0.00000e+00
   92    17.55000   -97.44800 36.53677     630.694     943.473  900.648  289.402   96.403   -0.454   12.389 0.00000e+00
   93    17.56667   -97.44547 36.53969     599.635     912.219  903.975  289.719   94.800   -0.714   12.387 0.00000e+00
   94    17.58333   -97.44360 36.54259     566.926     878.459  907.600  290.037   93.459   -0.391   12.413 0.00000e+00
   95    17.60000   -97.44204 36.54523     559.253     869.605  908.553  290.137   92.908   -0.008   12.406 0.00000e+00
   96    17.61667   -97.44052 36.54783     555.665     865.633  908.883  290.213   92.564    0.025   12.415 0.00000e+00
   97    17.63333   -97.43935 36.55036     547.869     858.711  909.635  290.311   92.251   -0.024   12.441 0.00000e+00
   98    17.65000   -97.43860 36.55281     543.884     855.553  909.924  290.388   92.091    0.063   12.476 0.00000e+00
   99    17.66667   -97.43822 36.55528     563.991     876.527  907.685  290.163   93.272    0.746   12.487 0.00000e+00
  100    17.68333   -97.43806 36.55762     629.403     942.849  900.641  289.516   96.388    1.622   12.478 0.00000e+00
  101    17.70000   -97.43751 36.55974     715.393    1029.686  891.511  288.751  100.000    1.577   12.454 2.81363e-02
  102    17.71667   -97.43629 36.56190     787.061    1102.478  883.908  288.435  100.000    0.905   12.323 1.69605e-01
  103    17.73333   -97.43471 36.56433     830.433    1147.801  879.178  288.251  100.000    0.110   12.243 2.29095e-01
  104    17.75000   -97.43318 36.56708     839.468    1158.969  878.072  288.204  100.000   -0.372   12.222 2.28064e-01
  105    17.76667   -97.43210 36.57000     831.605    1152.798  878.743  288.208  100.000   -0.376   12.216 1.76096e-01
  106    17.78333   -97.43149 36.57300     825.136    1147.518  879.290  288.203  100.000   -0.120   12.204 1.30830e-01
  107    17.80000   -97.43108 36.57595     840.386    1163.595  877.673  288.126  100.000    0.398   12.165 1.45412e-01
  108    17.81667   -97.43043 36.57883     878.801    1202.778  873.670  287.927  100.000    0.482   12.065 1.88647e-01
  109    17.83333   -97.42908 36.58178     910.169    1233.400  870.604  287.565   99.488   -0.108   11.748 6.67043e-02
  110    17.85000   -97.42741 36.58481     895.545    1217.079  872.251  287.693   96.511   -0.943   11.469 0.00000e+00
  111    17.86667   -97.42593 36.58795     837.557    1157.471  878.393  288.337   91.682   -1.288   11.281 0.00000e+00
  112    17.88333   -97.42472 36.59118     768.714    1087.012  885.695  289.053   88.131   -1.144   11.262 0.00000e+00
  113    17.90000   -97.42363 36.59437     709.017    1026.457  891.999  289.640   85.822   -0.906   11.309 0.00000e+00
  114    17.91667   -97.42242 36.59753     668.775     986.307  896.127  290.007   84.361   -0.642   11.328 0.00000e+00
  115    17.93333   -97.42107 36.60073     646.702     964.700  898.392  290.191   83.868   -0.331   11.366 0.00000e+00
  116    17.95000   -97.41963 36.60396     639.969     958.176  899.131  290.225   84.159   -0.094   11.420 0.00000e+00
  117    17.96667   -97.41817 36.60722     638.623     956.942  899.221  290.194   84.805   -0.119   11.484 0.00000e+00
  118    17.98333   -97.41666 36.61053     629.277     948.101  900.187  290.233   85.005   -0.364   11.528 0.00000e+00
  119    18.00000   -97.41503 36.61369     616.096     935.981  901.376  290.357   83.956   -0.151   11.460 0.00000e+00
  120    18.01667   -97.41323 36.61672     616.196     937.682  901.225  290.358   83.699    0.151   11.428 0.00000e+00
  121    18.03333   -97.41116 36.61967     623.874     946.885  900.283  290.230   84.300    0.074   11.428 0.00000e+00
  122    18.05000   -97.40896 36.62251     629.302     953.789  899.520  290.138   85.461    0.110   11.528 0.00000e+00
  123    18.06667   -97.40668 36.62511     638.464     964.818  898.377  290.038   86.018    0.152   11.544 0.00000e+00
  124    18.08333   -97.40425 36.62737     654.624     982.164  896.630  289.867   86.660    0.008   11.526 0.00000e+00
  125    18.10000   -97.40181 36.62937     645.384     971.726  897.915  289.984   85.885   -0.612   11.492 0.00000e+00
  126    18.11667   -97.39968 36.63133     590.508     912.715  904.169  290.552   84.602   -1.341   11.657 0.00000e+00
  127    18.13333   -97.39793 36.63338     501.635     819.870  913.990  291.439   81.266   -1.709   11.718 0.00000e+00
  128    18.15000   -97.39642 36.63551     393.868     708.692  925.872  292.461   77.816   -1.838   11.813 0.00000e+00
  129    18.16667   -97.39515 36.63767     293.008     605.039  936.994  293.459   74.119   -1.482   11.834 0.00000e+00
  130    18.18333   -97.39409 36.63984     220.347     531.138  944.942  294.163   71.914   -0.832   11.894 0.00000e+00
  131    18.20000   -97.39305 36.64202     186.079     496.327  948.809  294.518   71.790   -0.263   12.089 0.00000e+00
  132    18.21667   -97.39183 36.64426     181.883     491.397  949.312  294.577   72.500    0.190   12.246 0.00000e+00
  133    18.23333   -97.39043 36.64652     206.722     515.164  946.768  294.379   73.552    0.738   12.306 0.00000e+00
  134    18.25000   -97.38911 36.64875     263.879     570.500  940.715  293.826   75.550    1.171   12.292 0.00000e+00
  135    18.26667   -97.38813 36.65110     341.498     646.343  932.522  293.111   78.303    1.309   12.292 0.00000e+00
  136    18.28333   -97.38756 36.65359     417.228     720.511  924.526  292.384   81.244    1.083   12.292 0.00000e+00
  137    18.30000   -97.38730 36.65616     473.937     776.206  918.500  291.853   83.240    0.667   12.260 0.00000e+00
  138    18.31667   -97.38721 36.65873     506.653     808.447  915.060  291.549   84.405    0.309   12.241 0.00000e+00
  139    18.33333   -97.38707 36.66129     517.500     818.840  913.905  291.447   84.766   -0.023   12.230 0.00000e+00
  140    18.35000   -97.38690 36.66379     509.564     810.562  914.734  291.525   84.428   -0.345   12.230 0.00000e+00
  141    18.36667   -97.38671 36.66624     484.396     785.368  917.488  291.782   83.350   -0.632   12.235 0.00000e+00
  142    18.38333   -97.38655 36.66866     440.921     741.885  922.126  292.210   81.553   -0.862   12.236 0.00000e+00
  143    18.40000   -97.38641 36.67103     387.266     688.224  927.882  292.741   79.259   -0.995   12.219 0.00000e+00
  144    18.41667   -97.38630 36.67337     330.521     631.102  934.056  293.319   76.681   -0.972   12.175 0.00000e+00
  145    18.43333   -97.38626 36.67568     275.299     575.335  940.058  293.863   74.464   -0.961   12.152 0.00000e+00
  146    18.45000   -97.38631 36.67797     220.820     520.317  946.053  294.407   72.289   -0.893   12.125 0.00000e+00
  147    18.46667   -97.38634 36.68020     170.397     469.528  951.619  294.918   70.376   -0.784   12.111 0.00000e+00
  148    18.48333   -97.38628 36.68241     127.677     427.262  956.220  295.341   68.768   -0.572   12.089 0.00000e+00
  149    18.50000   -97.38618 36.68459      97.186     397.291  959.480  295.646   67.621   -0.401   12.070 0.00000e+00
  150    18.51667   -97.38596 36.68673      75.149     375.771  961.886  295.868   66.762   -0.297   12.050 0.00000e+00
  151    18.53333   -97.38575 36.68883      61.309     362.302  963.401  296.037   66.118   -0.139   12.039 0.00000e+00
  152    18.55000   -97.38554 36.69088      58.878     359.882  963.660  296.306   65.693    0.076   12.157 0.00000e+00
  153    18.56667   -97.38531 36.69289      63.423     364.415  963.151  296.397   65.570    0.110   12.209 0.00000e+00
  154    18.58333   -97.38516 36.69484      71.116     372.084  962.295  296.524   65.616    0.226   12.323 0.00000e+00
  155    18.60000   -97.38503 36.69688      81.275     382.340  961.069  296.439   65.827    0.014   12.314 0.00000e+00
  156    18.61667   -97.38463 36.69901      79.759     381.554  961.219  296.472   65.469   -0.006   12.271 0.00000e+00
  157    18.63333   -97.38372 36.70122      87.015     389.347  960.336  296.486   65.443   -0.087   12.287 0.00000e+00
  158    18.65000   -97.38249 36.70359      73.607     376.019  961.850  296.593   64.780   -0.391   12.224 0.00000e+00
  159    18.66667   -97.38108 36.70548      57.883     359.800  963.623  296.705   64.180   -0.145   12.171 0.00000e+00
  160    18.68333   -97.37959 36.70705      56.543     357.809  963.816  296.814   63.939    0.082   12.203 0.00000e+00
  161    18.70000   -97.37808 36.70853      70.269     371.274  962.290  296.857   64.058    0.371   12.278 0.00000e+00
  162    18.71667   -97.37670 36.71003      99.630     401.270  958.973  296.597   64.895    0.754   12.286 0.00000e+00
  163    18.73333   -97.37536 36.71167     147.396     449.810  953.664  296.098   66.357    1.187   12.253 0.00000e+00
  164    18.75000   -97.37400 36.71354     215.586     518.517  946.175  295.369   68.481    1.588   12.188 0.00000e+00
  165    18.76667   -97.37252 36.71566     304.267     607.481  936.487  294.434   71.541    1.872   12.144 0.00000e+00
  166    18.78333   -97.37091 36.71790     399.836     703.417  926.211  293.497   75.127    1.863   12.165 0.00000e+00
  167    18.80000   -97.36952 36.72008     500.070     804.254  915.401  292.487   78.794    1.965   12.119 0.00000e+00
  168    18.81667   -97.36857 36.72216     602.536     907.662  904.404  291.466   82.673    1.824   12.068 0.00000e+00
  169    18.83333   -97.36797 36.72414     701.234    1007.747  893.932  290.454   86.741    1.746   12.014 0.00000e+00
  170    18.85000   -97.36763 36.72601     802.608    1110.130  883.317  289.452   91.185    1.819   11.989 0.00000e+00
  171    18.86667   -97.36750 36.72773     899.542    1207.848  873.254  288.494   95.507    1.930   11.942 0.00000e+00
  172    18.88333   -97.36723 36.72943     998.516    1307.571  863.055  287.586   99.678    2.058   11.889 2.24474e-02
  173    18.90000   -97.36649 36.73140    1103.638    1413.186  852.388  287.023   99.698    2.363   11.608 1.75622e-01
  174    18.91667   -97.36513 36.73352    1249.229    1559.189  837.707  286.373  100.000    4.223   11.362 4.58323e-01
  175    18.93333   -97.36346 36.73589    1526.134    1836.582  810.433  284.981  100.000    6.067   10.726 9.47752e-01
  176    18.95000   -97.36242 36.73928    1787.367    2098.729  785.400  283.608  100.000    4.024   10.102 1.37745e+00
  177    18.96667   -97.36082 36.74398    1865.279    2179.588  777.741  283.260  100.000    0.901    9.963 1.38365e+00
  178    18.98333   -97.35792 36.74918    1824.943    2141.597  781.325  282.768  100.000   -0.617    9.594 3.83481e-01
