    0    16.01667   -97.42403 36.25687      17.477     380.718  961.847  293.214   84.467    0.028   12.935 0.00000e+00
    1    16.03333   -97.42416 36.25826      18.320     379.047  962.051  293.259   84.392    0.007   12.957 0.00000e+00
    2    16.05000   -97.42441 36.25946      19.189     377.801  962.174  293.295   84.322    0.007   12.974 0.00000e+00
    3    16.06667   -97.42476 36.26056      21.281     377.952  962.166  293.317   84.298    0.078   12.988 0.00000e+00
    4    16.08333   -97.42518 36.26174      28.044     382.601  961.624  293.298   84.410    0.202   12.997 0.00000e+00
    5    16.10000   -97.42557 36.26316      43.810     396.172  960.031  293.180   84.933    0.345   13.003 0.00000e+00
    6    16.11667   -97.42580 36.26489      72.548     424.339  956.883  292.921   86.032    0.594   13.003 0.00000e+00
    7    16.13333   -97.42563 36.26701     109.212     461.126  952.818  292.561   87.488    0.585   12.983 0.00000e+00
    8    16.15000   -97.42505 36.26948     143.261     495.127  949.068  292.220   88.796    0.609   12.950 0.00000e+00
    9    16.16667   -97.42408 36.27212     187.234     538.688  944.287  291.799   90.410    0.699   12.905 0.00000e+00
   10    16.18333   -97.42271 36.27491     235.343     585.841  939.086  291.363   92.003    0.355   12.847 0.00000e+00
   11    16.20000   -97.42094 36.27781     261.618     612.087  936.166  291.119   92.830    0.025   12.803 0.00000e+00
   12    16.21667   -97.41934 36.28080     259.188     609.983  936.502  291.140   92.783    0.231   12.809 0.00000e+00
   13    16.23333   -97.41820 36.28386     252.235     602.554  937.402  291.205   92.358    0.107   12.791 0.00000e+00
   14    16.25000   -97.41743 36.28695     238.498     587.814  939.068  291.336   91.621   -0.231   12.772 0.00000e+00
   15    16.26667   -97.41708 36.29007     219.619     566.878  941.407  291.545   90.594   -0.412   12.765 0.00000e+00
   16    16.28333   -97.41714 36.29318     197.364     542.036  944.099  291.781   89.489   -0.322   12.762 0.00000e+00
   17    16.30000   -97.41739 36.29633     181.999     524.226  946.125  291.965   88.590   -0.110   12.753 0.00000e+00
   18    16.31667   -97.41759 36.29951     176.976     512.705  947.402  292.087   87.971    0.052   12.745 0.00000e+00
   19    16.33333   -97.41769 36.30276     179.549     507.683  947.903  292.144   87.638    0.205   12.735 0.00000e+00
   20    16.35000   -97.41757 36.30611     188.990     511.469  947.233  292.092   87.839    0.220   12.732 0.00000e+00
   21    16.36667   -97.41725 36.30952     195.434     517.453  946.652  292.050   88.002    0.054   12.730 0.00000e+00
   22    16.38333   -97.41678 36.31302     196.713     518.157  946.490  292.045   88.046   -0.167   12.734 0.00000e+00
   23    16.40000   -97.41615 36.31656     184.566     508.474  947.507  292.139   87.628   -0.318   12.736 0.00000e+00
   24    16.41667   -97.41546 36.32011     167.699     494.365  949.082  292.290   86.921   -0.373   12.732 0.00000e+00
   25    16.43333   -97.41463 36.32360     151.450     478.271  950.990  292.469   86.116   -0.310   12.731 0.00000e+00
   26    16.45000   -97.41372 36.32702     137.962     463.020  952.661  292.628   85.416   -0.324   12.732 0.00000e+00
   27    16.46667   -97.41278 36.33039     125.263     448.462  954.322  292.781   84.740   -0.313   12.730 0.00000e+00
   28    16.48333   -97.41183 36.33371     112.212     432.270  956.111  292.943   83.989   -0.274   12.722 0.00000e+00
   29    16.50000   -97.41091 36.33699     101.892     418.931  957.594  293.154   83.137   -0.189   12.741 0.00000e+00
   30    16.51667   -97.41003 36.34021      93.344     407.370  958.843  293.464   82.165   -0.096   12.821 0.00000e+00
   31    16.53333   -97.40924 36.34332      86.086     397.282  959.955  293.609   81.624   -0.133   12.837 0.00000e+00
   32    16.55000   -97.40851 36.34626      81.191     389.989  960.635  293.611   81.238   -0.268   12.769 0.00000e+00
   33    16.56667   -97.40781 36.34904      83.380     394.631  959.960  293.558   81.361   -0.107   12.755 0.00000e+00
   34    16.58333   -97.40707 36.35168      95.607     410.412  958.232  293.465   81.759    0.037   12.766 0.00000e+00
   35    16.60000   -97.40623 36.35428     117.513     436.171  955.315  293.254   82.646    0.268   12.775 0.00000e+00
   36    16.61667   -97.40521 36.35688     146.707     469.010  951.711  292.977   83.923    0.498   12.799 0.00000e+00
   37    16.63333   -97.40387 36.35955     180.424     506.256  947.696  292.651   85.479    0.551   12.827 0.00000e+00
   38    16.65000   -97.40210 36.36243     197.158     525.609  945.700  292.513   86.171    0.022   12.846 0.00000e+00
   39    16.66667   -97.40026 36.36570     171.486     499.764  948.562  292.772   84.986   -0.634   12.838 0.00000e+00
   40    16.68333   -97.39926 36.36935     130.164     458.712  953.040  293.139   83.330   -0.455   12.820 0.00000e+00
   41    16.70000   -97.39894 36.37307     116.771     444.563  954.731  293.292   82.576    0.083   12.803 0.00000e+00
   42    16.71667   -97.39882 36.37660     125.765     450.073  954.135  293.243   82.647    0.256   12.783 0.00000e+00
   43    16.73333   -97.39869 36.37992     139.411     460.540  952.958  293.133   82.969    0.249   12.760 0.00000e+00
   44    16.75000   -97.39851 36.38309     150.838     470.350  951.843  293.026   83.361    0.168   12.751 0.00000e+00
   45    16.76667   -97.39832 36.38622     160.154     478.245  950.987  292.950   83.696    0.116   12.752 0.00000e+00
   46    16.78333   -97.39812 36.38929     169.109     485.870  950.119  292.868   84.060    0.044   12.754 0.00000e+00
   47    16.80000   -97.39784 36.39231     176.401     492.020  949.448  292.812   84.302   -0.021   12.755 0.00000e+00
   48    16.81667   -97.39761 36.39526     181.542     496.073  948.999  292.780   84.443   -0.059   12.757 0.00000e+00
   49    16.83333   -97.39737 36.39816     183.968     497.658  948.797  292.780   84.477   -0.052   12.764 0.00000e+00
   50    16.85000   -97.39727 36.40101     186.680     499.755  948.575  292.775   84.548    0.007   12.774 0.00000e+00
   51    16.86667   -97.39720 36.40377     191.539     504.019  948.095  292.745   84.713    0.092   12.782 0.00000e+00
   52    16.88333   -97.39708 36.40644     199.624     511.714  947.205  292.679   85.041    0.173   12.790 0.00000e+00
   53    16.90000   -97.39694 36.40904     208.750     520.674  946.223  292.596   85.431    0.250   12.795 0.00000e+00
   54    16.91667   -97.39675 36.41157     219.185     530.995  945.068  292.495   85.885    0.211   12.798 0.00000e+00
   55    16.93333   -97.39658 36.41412     227.569     539.358  944.093  292.415   86.224    0.122   12.797 0.00000e+00
   56    16.95000   -97.39643 36.41670     234.995     546.861  943.299  292.356   86.465    0.079   12.796 0.00000e+00
   57    16.96667   -97.39627 36.41935     245.266     557.258  942.156  292.286   86.758    0.098   12.799 0.00000e+00
   58    16.98333   -97.39610 36.42221     258.012     569.873  940.830  292.209   87.040    0.083   12.797 0.00000e+00
   59    17.00000   -97.39589 36.42527     271.300     581.620  939.548  292.151   87.084   -0.095   12.773 0.00000e+00
   60    17.01667   -97.39555 36.42843     279.897     588.578  938.784  292.119   86.886   -0.397   12.730 0.00000e+00
   61    17.03333   -97.39505 36.43148     279.642     586.766  938.991  292.205   86.154   -0.416   12.688 0.00000e+00
   62    17.05000   -97.39429 36.43436     282.109     587.654  938.861  292.303   85.112   -0.035   12.614 0.00000e+00
   63    17.06667   -97.39320 36.43710     290.912     594.860  938.075  292.356   84.264    0.220   12.541 0.00000e+00
   64    17.08333   -97.39181 36.43963     298.771     602.711  937.153  292.327   84.685    0.254   12.593 0.00000e+00
   65    17.10000   -97.39040 36.44214     293.891     598.961  937.607  292.344   85.057    0.022   12.655 0.00000e+00
   66    17.11667   -97.38909 36.44463     281.677     587.348  938.940  292.415   85.070   -0.363   12.696 0.00000e+00
   67    17.13333   -97.38801 36.44716     257.679     563.918  941.400  292.609   84.261   -0.730   12.696 0.00000e+00
   68    17.15000   -97.38728 36.44990     220.894     529.265  945.161  292.971   82.689   -0.925   12.694 0.00000e+00
   69    17.16667   -97.38683 36.45277     188.126     498.972  948.479  293.267   81.402   -0.633   12.685 0.00000e+00
   70    17.18333   -97.38646 36.45574     167.256     479.378  950.826  293.475   80.503   -0.313   12.677 0.00000e+00
   71    17.20000   -97.38603 36.45873     157.747     466.615  952.265  293.600   79.997   -0.108   12.677 0.00000e+00
   72    17.21667   -97.38542 36.46185     164.511     470.102  951.769  293.550   80.209    0.314   12.677 0.00000e+00
   73    17.23333   -97.38454 36.46505     198.703     501.228  948.362  293.233   81.568    0.807   12.686 0.00000e+00
   74    17.25000   -97.38329 36.46822     259.191     558.471  942.124  292.975   82.760    1.456   12.749 0.00000e+00
   75    17.26667   -97.38190 36.47151     339.938     635.643  933.718  292.301   85.559    2.170   12.749 0.00000e+00
   76    17.28333   -97.38059 36.47486     438.451     731.251  923.408  291.339   89.816    2.311   12.736 0.00000e+00
   77    17.30000   -97.37943 36.47802     545.790     836.153  912.168  290.292   94.694    2.300   12.719 0.00000e+00
   78    17.31667   -97.37807 36.48077     650.492     939.807  901.072  289.263   99.695    1.884   12.691 6.36233e-03
   79    17.33333   -97.37623 36.48323     724.681    1015.303  893.112  288.889  100.000    1.160   12.557 1.41531e-01
   80    17.35000   -97.37405 36.48579     758.483    1050.569  889.411  288.734  100.000    0.382   12.484 2.04156e-01
   81    17.36667   -97.37183 36.48859     758.935    1052.701  889.169  288.694  100.000   -0.195   12.455 1.62071e-01
   82    17.38333   -97.36972 36.49164     741.661    1036.416  890.942  288.720  100.000   -0.500   12.453 6.88671e-02
   83    17.40000   -97.36777 36.49490     724.821    1019.985  892.664  288.760   99.244   -0.349   12.348 3.75848e-03
   84    17.41667   -97.36606 36.49833     717.265    1013.347  893.324  288.817   98.284   -0.067   12.264 0.00000e+00
   85    17.43333   -97.36475 36.50184     725.947    1023.960  892.175  288.717   98.448    0.305   12.221 3.77154e-07
   86    17.45000   -97.36385 36.50523     772.581    1072.694  887.019  288.279   99.517    0.834   12.079 0.00000e+00
   87    17.46667   -97.36293 36.50824     858.685    1160.637  877.915  287.781  100.000    1.392   11.892 1.25242e-01
   88    17.48333   -97.36169 36.51099     967.275    1270.790  866.644  287.270  100.000    1.830   11.654 3.32430e-01
   89    17.50000   -97.36017 36.51378    1074.215    1378.034  855.840  286.767  100.000    1.733   11.421 5.16925e-01
   90    17.51667   -97.35830 36.51698    1176.922    1478.794  845.656  286.249  100.000    1.374   11.174 6.78715e-01
   91    17.53333   -97.35619 36.52073    1257.554    1558.046  837.695  285.754  100.000    1.081   10.920 7.07782e-01
   92    17.55000   -97.35370 36.52483    1314.717    1614.414  832.091  285.424  100.000    0.929   10.756 7.71325e-01
   93    17.56667   -97.35090 36.52912    1346.421    1645.996  828.923  285.323  100.000    0.723   10.727 9.12347e-01
   94    17.58333   -97.34784 36.53351    1336.660    1638.317  829.648  285.546  100.000    0.256   10.876 9.28331e-01
   95    17.60000   -97.34448 36.53790    1280.752    1586.086  834.859  285.727  100.000   -0.617   10.939 6.76572e-01
   96    17.61667   -97.34093 36.54219    1201.458    1507.460  842.722  285.854   99.726   -1.822   10.876 1.85446e-01
   97    17.63333   -97.33771 36.54615    1112.754    1419.768  851.538  286.319   96.492   -2.091   10.738 4.68283e-03
   98    17.65000   -97.33453 36.54984    1040.272    1348.925  858.689  286.922   94.070   -1.592   10.799 0.00000e+00
   99    17.66667   -97.33118 36.55334    1000.761    1311.927  862.399  287.239   93.220   -0.870   10.879 0.00000e+00
  100    17.68333   -97.32784 36.55671     991.967    1305.464  863.065  287.268   93.695   -0.379   10.946 0.00000e+00
  101    17.70000   -97.32451 36.55999     997.844    1314.841  862.079  287.224   94.147   -0.051   10.980 0.00000e+00
  102    17.71667   -97.32127 36.56322     993.781    1316.520  861.910  287.150   94.010   -0.479   10.913 0.00000e+00
  103    17.73333   -97.31815 36.56641     969.625    1294.636  864.272  287.189   95.488   -0.635   11.083 0.00000e+00
  104    17.75000   -97.31505 36.56964     936.703    1262.408  867.540  287.300   97.545   -0.797   11.361 1.34190e-02
  105    17.76667   -97.31184 36.57295     896.975    1221.618  871.886  287.611   97.872   -0.696   11.574 8.06020e-03
  106    17.78333   -97.30857 36.57634     859.609    1180.132  876.080  287.906   97.711   -0.177   11.722 3.31996e-02
  107    17.80000   -97.30535 36.57979     835.822    1154.830  878.568  288.063   97.545   -0.012   11.788 2.19634e-02
  108    17.81667   -97.30219 36.58328     811.574    1131.933  880.904  288.099   97.733   -0.203   11.807 0.00000e+00
  109    17.83333   -97.29910 36.58665     788.501    1110.193  883.245  288.276   97.796   -0.352   11.919 4.29555e-04
  110    17.85000   -97.29610 36.58978     769.247    1090.619  885.488  288.509   96.723   -0.233   11.937 0.00000e+00
  111    17.86667   -97.29330 36.59269     766.096    1081.883  886.511  288.640   95.683    0.143   11.895 0.00000e+00
  112    17.88333   -97.29057 36.59557     779.409    1088.711  885.742  288.564   96.042    0.335   11.891 0.00000e+00
  113    17.90000   -97.28795 36.59857     780.318    1084.635  886.130  288.579   96.327   -0.219   11.933 0.00000e+00
  114    17.91667   -97.28557 36.60155     752.792    1052.665  889.478  288.924   94.108   -0.595   11.876 0.00000e+00
  115    17.93333   -97.28345 36.60439     711.023    1007.300  894.180  289.367   91.685   -0.723   11.842 0.00000e+00
  116    17.95000   -97.28160 36.60712     668.532     963.355  898.778  289.792   89.561   -0.621   11.826 0.00000e+00
  117    17.96667   -97.27995 36.60976     638.584     932.556  901.982  290.075   88.214   -0.262   11.819 0.00000e+00
  118    17.98333   -97.27843 36.61236     621.343     914.580  903.871  290.194   88.172   -0.077   11.878 0.00000e+00
  119    18.00000   -97.27690 36.61499     606.535     899.507  905.472  290.308   88.025   -0.332   11.923 0.00000e+00
  120    18.01667   -97.27530 36.61757     579.135     871.973  908.349  290.514   88.131   -0.374   12.058 0.00000e+00
  121    18.03333   -97.27351 36.62012     543.708     836.271  912.172  290.826   86.991   -0.661   12.089 0.00000e+00
  122    18.05000   -97.27159 36.62262     496.767     789.123  917.145  291.339   83.903   -0.975   11.980 0.00000e+00
  123    18.06667   -97.26966 36.62499     444.673     737.097  922.772  291.877   81.671   -0.971   11.991 0.00000e+00
  124    18.08333   -97.26785 36.62729     394.613     687.136  928.081  292.383   79.508   -0.878   11.982 0.00000e+00
  125    18.10000   -97.26619 36.62956     351.076     643.634  932.825  292.808   77.917   -0.797   11.998 0.00000e+00
  126    18.11667   -97.26474 36.63186     319.787     612.546  936.134  293.134   76.403   -0.484   11.964 0.00000e+00
  127    18.13333   -97.26351 36.63417     295.183     588.309  938.771  293.367   75.663   -0.361   11.989 0.00000e+00
  128    18.15000   -97.26270 36.63665     275.515     569.141  940.894  293.539   75.483   -0.364   12.061 0.00000e+00
  129    18.16667   -97.26225 36.63912     249.319     543.400  943.732  293.749   76.184   -0.588   12.296 0.00000e+00
  130    18.18333   -97.26190 36.64142     210.842     505.177  947.867  294.115   75.277   -0.679   12.375 0.00000e+00
  131    18.20000   -97.26131 36.64365     184.302     478.904  950.747  294.379   74.263    0.060   12.372 0.00000e+00
  132    18.21667   -97.26077 36.64603     192.705     487.613  949.762  294.291   74.645    0.160   12.381 0.00000e+00
  133    18.23333   -97.26028 36.64855     192.794     488.597  949.662  294.262   74.813   -0.197   12.388 0.00000e+00
  134    18.25000   -97.26004 36.65119     159.453     456.363  953.165  294.534   73.933   -0.835   12.404 0.00000e+00
  135    18.26667   -97.26055 36.65384      99.060     397.268  959.701  295.095   72.095   -0.932   12.436 0.00000e+00
  136    18.28333   -97.26208 36.65633      63.099     362.504  963.573  295.503   70.657   -0.055   12.448 0.00000e+00
  137    18.30000   -97.26402 36.65846      83.903     384.343  961.169  295.538   70.537    0.981   12.485 0.00000e+00
  138    18.31667   -97.26511 36.66021     187.648     488.761  949.687  294.619   73.835    2.406   12.499 0.00000e+00
  139    18.33333   -97.26523 36.66179     328.338     629.598  934.371  293.237   78.901    2.421   12.459 0.00000e+00
  140    18.35000   -97.26434 36.66333     449.465     750.341  921.381  292.043   83.328    1.610   12.381 0.00000e+00
  141    18.36667   -97.26288 36.66506     520.601     821.067  913.828  291.345   86.052    0.785   12.336 0.00000e+00
  142    18.38333   -97.26130 36.66693     552.948     853.232  910.397  291.047   87.067    0.297   12.295 0.00000e+00
  143    18.40000   -97.25991 36.66886     565.536     865.690  909.120  290.917   87.831    0.136   12.318 0.00000e+00
  144    18.41667   -97.25876 36.67076     568.192     868.122  908.860  290.882   88.151   -0.078   12.339 0.00000e+00
  145    18.43333   -97.25787 36.67260     553.355     852.876  910.526  291.017   87.338   -0.652   12.307 0.00000e+00
  146    18.45000   -97.25714 36.67443     527.063     826.066  913.321  291.350   85.872   -0.478   12.321 0.00000e+00
  147    18.46667   -97.25639 36.67640     524.023     822.488  913.724  291.439   85.289   -0.111   12.301 0.00000e+00
  148    18.48333   -97.25554 36.67850     550.503     848.344  910.958  291.253   86.182    0.892   12.322 0.00000e+00
  149    18.50000   -97.25444 36.68082     591.551     888.697  906.671  290.885   87.011    0.316   12.212 0.00000e+00
  150    18.51667   -97.25335 36.68338     605.858     902.589  905.209  290.762   87.572   -0.061   12.214 0.00000e+00
  151    18.53333   -97.25259 36.68612     598.916     895.603  905.905  290.813   87.729   -0.142   12.266 0.00000e+00
  152    18.55000   -97.25223 36.68896     583.863     880.903  907.426  290.944   87.117   -0.414   12.262 0.00000e+00
  153    18.56667   -97.25220 36.69185     552.920     850.991  910.591  291.233   85.676   -0.681   12.239 0.00000e+00
  154    18.58333   -97.25242 36.69482     515.727     814.941  914.394  291.583   83.948   -0.561   12.210 0.00000e+00
  155    18.60000   -97.25269 36.69786     493.072     792.920  916.768  291.807   82.628   -0.277   12.158 0.00000e+00
  156    18.61667   -97.25290 36.70110     487.735     787.244  917.399  291.877   82.231    0.226   12.144 0.00000e+00
  157    18.63333   -97.25303 36.70427     523.688     822.869  913.576  291.536   83.792    0.995   12.162 0.00000e+00
  158    18.65000   -97.25277 36.70707     574.604     874.108  908.123  291.041   86.100    0.828   12.184 0.00000e+00
  159    18.66667   -97.25237 36.70953     604.129     904.221  904.958  290.789   87.253    0.245   12.194 0.00000e+00
  160    18.68333   -97.25233 36.71194     609.107     909.807  904.383  290.822   87.037    0.037   12.197 0.00000e+00
  161    18.70000   -97.25270 36.71469     596.453     898.396  905.488  291.005   86.273   -0.515   12.217 0.00000e+00
  162    18.71667   -97.25328 36.71756     568.968     872.755  908.170  291.283   84.835   -0.529   12.190 0.00000e+00
  163    18.73333   -97.25366 36.72020     541.101     846.562  910.966  291.540   83.476   -0.648   12.154 0.00000e+00
  164    18.75000   -97.25392 36.72257     499.762     806.245  915.266  291.926   81.654   -0.876   12.125 0.00000e+00
  165    18.76667   -97.25410 36.72473     454.608     761.360  920.037  292.370   79.700   -0.932   12.107 0.00000e+00
  166    18.78333   -97.25426 36.72689     408.851     715.938  924.924  292.836   77.862   -0.946   12.114 0.00000e+00
  167    18.80000   -97.25426 36.72898     371.864     679.368  928.906  293.195   76.430   -0.950   12.109 0.00000e+00
  168    18.81667   -97.25421 36.73098     356.855     664.513  930.546  293.387   75.935   -0.077   12.154 0.00000e+00
  169    18.83333   -97.25403 36.73290     391.685     699.221  926.841  293.181   77.300    0.887   12.264 0.00000e+00
  170    18.85000   -97.25342 36.73483     462.327     769.684  919.289  292.493   79.958    1.008   12.251 0.00000e+00
  171    18.86667   -97.25240 36.73686     538.363     845.256  911.256  291.746   83.044    1.213   12.246 0.00000e+00
  172    18.88333   -97.25134 36.73901     610.490     916.489  903.806  291.069   85.955    1.249   12.244 0.00000e+00
  173    18.90000   -97.25028 36.74144     687.555     992.164  895.827  290.373   89.034    1.346   12.242 0.00000e+00
  174    18.91667   -97.24905 36.74411     780.840    1083.885  886.252  289.507   93.067    1.527   12.238 0.00000e+00
  175    18.93333   -97.24776 36.74671     871.711    1173.285  876.997  288.649   97.219    1.335   12.225 0.00000e+00
  176    18.95000   -97.24649 36.74912     944.385    1245.783  869.539  288.002   99.071    1.021   12.050 3.45241e-03
  177    18.96667   -97.24539 36.75142     995.984    1297.426  864.210  287.633   99.475    0.876   11.885 4.58716e-02
  178    18.98333   -97.24451 36.75370    1032.756    1334.527  860.443  287.384   99.129    0.560   11.705 6.43857e-02
