    0    16.01667   -97.45190 36.21622      21.089     390.851  960.191  292.977   85.504   -0.158   12.923 0.00000e+00
    1    16.03333   -97.45217 36.21783      16.022     387.252  960.605  293.061   85.324   -0.043   12.959 0.00000e+00
    2    16.05000   -97.45226 36.21930      15.016     387.858  960.583  293.113   85.274    0.021   12.994 0.00000e+00
    3    16.06667   -97.45214 36.22076      17.765     392.338  960.171  293.112   85.403    0.071   13.018 0.00000e+00
    4    16.08333   -97.45207 36.22229      22.690     398.598  959.539  293.086   85.616    0.114   13.038 0.00000e+00
    5    16.10000   -97.45209 36.22383      30.970     407.599  958.551  293.006   85.990    0.199   13.043 0.00000e+00
    6    16.11667   -97.45229 36.22536      43.874     421.221  957.017  292.866   86.593    0.233   13.041 0.00000e+00
    7    16.13333   -97.45274 36.22694      54.337     432.534  955.801  292.739   87.083    0.007   13.027 0.00000e+00
    8    16.15000   -97.45334 36.22852      47.709     426.955  956.448  292.805   86.660   -0.239   13.009 0.00000e+00
    9    16.16667   -97.45393 36.23006      43.658     423.822  956.878  292.877   86.304    0.067   13.008 0.00000e+00
   10    16.18333   -97.45444 36.23171      48.994     428.433  956.398  292.862   86.448    0.197   13.024 0.00000e+00
   11    16.20000   -97.45477 36.23353      58.640     436.829  955.412  292.799   86.667    0.117   13.020 0.00000e+00
   12    16.21667   -97.45490 36.23551      66.465     443.193  954.713  292.782   86.677    0.149   13.016 0.00000e+00
   13    16.23333   -97.45494 36.23759      73.847     449.046  954.031  292.765   86.700    0.160   13.016 0.00000e+00
   14    16.25000   -97.45497 36.23967      83.115     456.899  953.122  292.722   86.806    0.159   13.009 0.00000e+00
   15    16.26667   -97.45506 36.24178      94.166     466.566  951.999  292.649   87.063    0.256   13.003 0.00000e+00
   16    16.28333   -97.45512 36.24399     109.623     480.554  950.464  292.520   87.609    0.416   13.000 0.00000e+00
   17    16.30000   -97.45517 36.24637     126.742     496.158  948.746  292.364   88.256    0.420   12.992 0.00000e+00
   18    16.31667   -97.45520 36.24887     142.695     510.857  947.112  292.205   88.813    0.278   12.966 0.00000e+00
   19    16.33333   -97.45532 36.25142     154.804     521.597  945.858  292.085   89.207    0.081   12.943 0.00000e+00
   20    16.35000   -97.45560 36.25390     161.252     526.467  945.292  292.048   89.157   -0.108   12.914 0.00000e+00
   21    16.36667   -97.45602 36.25632     164.869     527.592  945.206  292.076   88.754    0.112   12.880 0.00000e+00
   22    16.38333   -97.45650 36.25871     176.104     535.986  944.319  292.016   88.908    0.308   12.865 0.00000e+00
   23    16.40000   -97.45694 36.26122     197.092     554.175  942.358  291.867   89.399    0.396   12.842 0.00000e+00
   24    16.41667   -97.45735 36.26397     229.455     583.553  939.165  291.585   90.638    0.668   12.834 0.00000e+00
   25    16.43333   -97.45771 36.26693     270.720     621.306  935.108  291.210   92.330    0.800   12.823 0.00000e+00
   26    16.45000   -97.45795 36.27004     318.679     665.813  930.306  290.784   94.361    0.735   12.821 0.00000e+00
   27    16.46667   -97.45798 36.27323     369.560     713.675  925.135  290.326   96.628    0.600   12.823 0.00000e+00
   28    16.48333   -97.45779 36.27642     416.070     757.518  920.495  289.950   98.519    0.562   12.829 2.53495e-05
   29    16.50000   -97.45741 36.27951     454.323     792.995  916.671  289.654   99.930    0.305   12.821 1.03334e-02
   30    16.51667   -97.45688 36.28242     473.693     813.218  914.461  289.553  100.000    0.078   12.795 2.94648e-02
   31    16.53333   -97.45623 36.28513     479.294     820.121  913.758  289.532  100.000   -0.224   12.786 3.02339e-02
   32    16.55000   -97.45563 36.28772     472.270     814.033  914.453  289.582   99.734   -0.204   12.769 4.50586e-03
   33    16.56667   -97.45506 36.29021     466.697     807.643  915.155  289.659   99.162   -0.080   12.748 0.00000e+00
   34    16.58333   -97.45454 36.29268     463.829     803.460  915.617  289.702   98.862    0.119   12.738 0.00000e+00
   35    16.60000   -97.45394 36.29518     461.368     799.690  915.999  289.722   98.915    0.121   12.756 0.00000e+00
   36    16.61667   -97.45331 36.29783     451.662     789.552  917.000  289.828   98.362   -0.107   12.758 0.00000e+00
   37    16.63333   -97.45256 36.30069     432.319     771.076  919.016  290.025   97.308   -0.515   12.752 0.00000e+00
   38    16.65000   -97.45168 36.30366     402.640     742.685  921.962  290.339   95.553   -1.012   12.735 0.00000e+00
   39    16.66667   -97.45072 36.30660     361.086     702.039  926.414  290.853   92.744   -1.220   12.711 0.00000e+00
   40    16.68333   -97.44992 36.30956     319.232     660.356  930.935  291.345   90.152   -1.098   12.684 0.00000e+00
   41    16.70000   -97.44931 36.31242     287.856     629.028  934.332  291.680   88.474   -0.753   12.668 0.00000e+00
   42    16.71667   -97.44879 36.31518     265.279     605.298  936.962  291.878   87.714   -0.425   12.682 0.00000e+00
   43    16.73333   -97.44827 36.31783     244.544     583.053  939.405  292.062   86.920   -0.506   12.681 0.00000e+00
   44    16.75000   -97.44782 36.32043     223.221     560.443  941.823  292.288   85.852   -0.658   12.671 0.00000e+00
   45    16.76667   -97.44737 36.32312     210.427     545.928  943.428  292.513   85.070   -0.353   12.713 0.00000e+00
   46    16.78333   -97.44688 36.32596     207.301     540.468  944.019  292.664   84.902    0.098   12.800 0.00000e+00
   47    16.80000   -97.44640 36.32903     214.575     545.211  943.505  292.672   85.058    0.379   12.838 0.00000e+00
   48    16.81667   -97.44624 36.33221     244.660     573.029  940.422  292.351   86.304    0.899   12.808 0.00000e+00
   49    16.83333   -97.44626 36.33533     311.505     637.781  933.388  291.762   89.069    1.499   12.834 0.00000e+00
   50    16.85000   -97.44630 36.33833     390.485     714.673  925.091  291.037   92.537    1.573   12.849 0.00000e+00
   51    16.86667   -97.44633 36.34126     463.427     784.560  917.595  290.379   95.765    1.418   12.858 0.00000e+00
   52    16.88333   -97.44632 36.34423     530.225     848.237  910.850  289.776   98.942    1.222   12.877 1.62074e-04
   53    16.90000   -97.44615 36.34727     583.092     898.446  905.452  289.427  100.000    1.038   12.819 5.48575e-02
   54    16.91667   -97.44584 36.35047     620.215     935.436  901.513  289.253  100.000    0.709   12.733 1.24630e-01
   55    16.93333   -97.44556 36.35391     654.976     970.068  897.853  289.043  100.000    0.421   12.614 1.63748e-01
   56    16.95000   -97.44516 36.35751     695.475    1012.515  893.275  288.842  100.000    0.800   12.516 2.52710e-01
   57    16.96667   -97.44427 36.36106     750.386    1070.427  887.219  288.534  100.000    1.485   12.354 3.64600e-01
   58    16.98333   -97.44280 36.36472     815.668    1138.828  880.045  288.159  100.000    1.783   12.156 4.34124e-01
   59    17.00000   -97.44118 36.36852     871.706    1198.697  873.812  287.856  100.000    1.488   12.007 5.07576e-01
   60    17.01667   -97.43946 36.37243     906.369    1237.748  869.838  287.664  100.000    1.247   11.913 5.67354e-01
   61    17.03333   -97.43758 36.37629     928.521    1262.433  867.390  287.496  100.000    0.842   11.817 5.18931e-01
   62    17.05000   -97.43552 36.38015     937.649    1273.606  866.281  287.389  100.000    0.554   11.751 4.57559e-01
   63    17.06667   -97.43340 36.38408     933.185    1270.603  866.602  287.371  100.000    0.218   11.732 3.91149e-01
   64    17.08333   -97.43121 36.38803     910.677    1249.301  868.817  287.434  100.000   -0.007   11.751 2.78274e-01
   65    17.10000   -97.42899 36.39198     880.028    1218.538  872.050  287.516  100.000   -0.172   11.769 1.12118e-01
   66    17.11667   -97.42676 36.39596     857.619    1194.269  874.708  287.595   99.801   -0.246   11.751 7.05686e-03
   67    17.13333   -97.42449 36.39996     849.120    1180.215  876.174  287.731   98.589   -0.217   11.692 0.00000e+00
   68    17.15000   -97.42224 36.40405     845.530    1170.490  877.193  287.857   97.380   -0.427   11.630 0.00000e+00
   69    17.16667   -97.42012 36.40814     829.187    1148.414  879.395  288.152   95.443   -0.763   11.590 0.00000e+00
   70    17.18333   -97.41813 36.41211     782.971    1098.267  884.555  288.625   92.824   -1.100   11.554 0.00000e+00
   71    17.20000   -97.41614 36.41586     712.342    1025.365  892.110  289.266   90.114   -1.250   11.590 0.00000e+00
   72    17.21667   -97.41417 36.41945     639.694     950.782  900.001  289.923   87.654   -0.928   11.656 0.00000e+00
   73    17.23333   -97.41212 36.42297     584.842     894.550  905.895  290.397   86.061   -0.583   11.719 0.00000e+00
   74    17.25000   -97.40994 36.42649     545.981     855.585  910.048  290.747   84.693   -0.423   11.738 0.00000e+00
   75    17.26667   -97.40771 36.42998     520.169     829.072  912.873  291.006   83.562   -0.333   11.737 0.00000e+00
   76    17.28333   -97.40556 36.43342     503.621     811.956  914.710  291.180   82.764   -0.230   11.730 0.00000e+00
   77    17.30000   -97.40353 36.43678     494.889     802.213  915.759  291.263   82.495   -0.063   11.741 0.00000e+00
   78    17.31667   -97.40160 36.44014     491.654     799.076  916.033  291.232   83.045    0.003   11.791 0.00000e+00
   79    17.33333   -97.39969 36.44351     488.742     797.490  916.215  291.205   83.430   -0.004   11.824 0.00000e+00
   80    17.35000   -97.39782 36.44681     484.860     795.062  916.442  291.194   83.698    0.003   11.851 0.00000e+00
   81    17.36667   -97.39599 36.45002     481.317     792.580  916.768  291.171   84.253    0.116   11.908 0.00000e+00
   82    17.38333   -97.39419 36.45314     481.444     793.526  916.664  291.141   84.583    0.276   11.933 0.00000e+00
   83    17.40000   -97.39243 36.45624     483.077     795.025  916.600  291.075   85.417    0.289   12.001 0.00000e+00
   84    17.41667   -97.39066 36.45929     485.629     794.575  916.672  291.066   85.611    0.198   12.020 0.00000e+00
   85    17.43333   -97.38892 36.46231     488.025     793.723  916.762  291.055   85.737    0.212   12.028 0.00000e+00
   86    17.45000   -97.38724 36.46529     494.304     796.528  916.440  291.038   85.585    0.236   11.998 0.00000e+00
   87    17.46667   -97.38557 36.46823     505.312     804.618  915.574  290.992   85.514    0.259   11.965 0.00000e+00
   88    17.48333   -97.38396 36.47119     516.312     812.568  914.735  290.937   85.598    0.188   11.946 0.00000e+00
   89    17.50000   -97.38238 36.47413     518.042     811.521  914.831  290.953   85.556   -0.088   11.951 0.00000e+00
   90    17.51667   -97.38078 36.47700     508.517     799.614  916.114  291.071   85.220   -0.338   11.977 0.00000e+00
   91    17.53333   -97.37918 36.47979     478.991     768.150  919.377  291.371   84.173   -0.689   12.013 0.00000e+00
   92    17.55000   -97.37754 36.48249     425.330     715.510  924.961  291.870   82.035   -0.703   12.010 0.00000e+00
   93    17.56667   -97.37595 36.48516     366.246     657.862  931.198  292.428   79.472   -0.820   11.970 0.00000e+00
   94    17.58333   -97.37437 36.48793     307.150     600.340  937.360  292.970   77.125   -1.063   11.938 0.00000e+00
   95    17.60000   -97.37286 36.49063     252.241     546.604  943.290  293.502   75.539   -0.851   12.012 0.00000e+00
   96    17.61667   -97.37154 36.49314     217.381     512.564  946.975  293.832   74.734   -0.474   12.083 0.00000e+00
   97    17.63333   -97.37043 36.49562     196.758     492.567  949.238  294.038   74.137   -0.341   12.112 0.00000e+00
   98    17.65000   -97.36944 36.49820     174.504     471.164  951.527  294.252   73.350   -0.368   12.114 0.00000e+00
   99    17.66667   -97.36845 36.50084     150.547     448.379  954.040  294.491   72.474   -0.367   12.116 0.00000e+00
  100    17.68333   -97.36736 36.50343     127.010     426.138  956.458  294.718   71.713   -0.298   12.127 0.00000e+00
  101    17.70000   -97.36621 36.50600     106.816     407.394  958.541  294.914   71.138   -0.262   12.150 0.00000e+00
  102    17.71667   -97.36507 36.50852      85.964     388.050  960.640  295.103   70.575   -0.367   12.169 0.00000e+00
  103    17.73333   -97.36401 36.51102      63.944     367.535  962.896  295.327   69.920   -0.387   12.194 0.00000e+00
  104    17.75000   -97.36308 36.51342      46.185     351.061  964.776  295.630   69.353   -0.192   12.298 0.00000e+00
  105    17.76667   -97.36237 36.51560      40.231     344.846  965.516  295.774   69.068   -0.056   12.347 0.00000e+00
  106    17.78333   -97.36188 36.51760      35.953     340.054  966.062  295.872   68.831   -0.038   12.372 0.00000e+00
  107    17.80000   -97.36167 36.51944      35.589     339.243  966.155  295.979   68.658    0.062   12.421 0.00000e+00
  108    17.81667   -97.36176 36.52116      39.544     342.877  965.704  296.026   68.665    0.124   12.464 0.00000e+00
  109    17.83333   -97.36201 36.52282      44.995     348.351  965.078  296.040   68.778    0.202   12.504 0.00000e+00
  110    17.85000   -97.36237 36.52449      54.764     358.395  964.009  295.992   69.079    0.310   12.536 0.00000e+00
  111    17.86667   -97.36270 36.52622      72.583     376.497  962.013  295.794   69.825    0.357   12.544 0.00000e+00
  112    17.88333   -97.36275 36.52820     103.136     407.204  958.605  295.409   71.186    0.565   12.534 0.00000e+00
  113    17.90000   -97.36249 36.53036     151.558     455.517  953.326  294.911   73.013    0.945   12.537 0.00000e+00
  114    17.91667   -97.36195 36.53262     213.133     516.688  946.571  294.256   75.401    0.925   12.522 0.00000e+00
  115    17.93333   -97.36122 36.53485     268.146     571.220  940.591  293.712   77.438    0.794   12.512 0.00000e+00
  116    17.95000   -97.36047 36.53703     315.793     618.724  935.398  293.216   79.329    0.588   12.497 0.00000e+00
  117    17.96667   -97.35980 36.53918     352.505     655.829  931.352  292.848   80.787    0.490   12.491 0.00000e+00
  118    17.98333   -97.35933 36.54130     384.461     688.770  927.802  292.513   82.166    0.461   12.488 0.00000e+00
  119    18.00000   -97.35893 36.54338     409.973     715.207  924.973  292.242   83.270    0.396   12.480 0.00000e+00
  120    18.01667   -97.35851 36.54532     432.849     738.900  922.431  291.977   84.534    0.289   12.495 0.00000e+00
  121    18.03333   -97.35800 36.54713     448.433     755.332  920.639  291.810   85.332    0.059   12.505 0.00000e+00
  122    18.05000   -97.35738 36.54877     451.728     759.622  920.217  291.803   85.413   -0.362   12.517 0.00000e+00
  123    18.06667   -97.35654 36.55038     438.545     747.378  921.569  291.998   84.636   -0.821   12.538 0.00000e+00
  124    18.08333   -97.35544 36.55217     416.467     726.235  923.789  292.245   83.598   -0.729   12.548 0.00000e+00
  125    18.10000   -97.35413 36.55415     404.073     714.784  924.979  292.375   82.769   -0.373   12.509 0.00000e+00
  126    18.11667   -97.35273 36.55659     411.729     724.034  923.983  292.283   82.936    0.341   12.475 0.00000e+00
  127    18.13333   -97.35155 36.55951     468.328     782.626  917.691  291.698   85.439    1.533   12.473 0.00000e+00
  128    18.15000   -97.35045 36.56248     580.477     896.396  905.685  290.635   90.400    2.186   12.501 0.00000e+00
  129    18.16667   -97.34918 36.56500     702.852    1019.169  892.824  289.470   96.130    1.988   12.517 0.00000e+00
  130    18.18333   -97.34753 36.56699     804.221    1120.265  882.305  288.601  100.000    1.421   12.466 3.45327e-02
  131    18.20000   -97.34555 36.56850     889.773    1205.172  873.546  288.123  100.000    1.215   12.218 1.35732e-01
  132    18.21667   -97.34334 36.56983     962.245    1276.718  866.228  287.795  100.000    1.748   12.066 2.85875e-01
  133    18.23333   -97.34097 36.57156    1017.692    1330.659  860.785  287.599  100.000    0.983   11.989 3.96552e-01
  134    18.25000   -97.33813 36.57404    1074.418    1385.260  855.294  287.288   99.191    0.780   11.710 3.66956e-01
  135    18.26667   -97.33495 36.57717    1127.065    1435.946  850.066  286.706  100.000    0.225   11.460 2.11176e-01
  136    18.28333   -97.33215 36.58079    1160.237    1468.279  846.829  286.366  100.000    0.226   11.248 1.67389e-01
  137    18.30000   -97.32997 36.58459    1184.352    1491.665  844.494  286.150  100.000    0.902   11.119 1.75652e-01
  138    18.31667   -97.32828 36.58835    1204.206    1510.390  842.652  285.939  100.000    0.805   10.988 1.25940e-01
  139    18.33333   -97.32700 36.59212    1222.615    1526.702  840.993  285.801  100.000    0.443   10.910 1.03505e-01
  140    18.35000   -97.32603 36.59590    1230.573    1532.715  840.392  285.769   99.842    0.039   10.858 7.30596e-02
  141    18.36667   -97.32501 36.59939    1234.848    1536.263  840.017  285.725   99.292    0.072   10.772 2.69020e-04
  142    18.38333   -97.32362 36.60262    1239.893    1540.623  839.616  285.817   97.277    0.188   10.623 0.00000e+00
  143    18.40000   -97.32196 36.60575    1235.488    1535.092  840.205  285.934   95.245   -0.008   10.474 0.00000e+00
  144    18.41667   -97.32018 36.60895    1222.578    1520.838  841.579  286.075   94.222   -0.083   10.441 0.00000e+00
  145    18.43333   -97.31825 36.61226    1210.709    1508.501  842.782  286.211   93.075   -0.183   10.392 0.00000e+00
  146    18.45000   -97.31616 36.61568    1205.329    1502.675  843.399  286.271   92.594   -0.072   10.372 0.00000e+00
  147    18.46667   -97.31400 36.61920    1211.726    1507.936  842.907  286.229   92.560    0.075   10.345 0.00000e+00
  148    18.48333   -97.31178 36.62282    1222.905    1517.870  841.905  286.146   92.652    0.059   10.311 0.00000e+00
  149    18.50000   -97.30956 36.62648    1228.545    1523.458  841.351  286.122   92.346   -0.082   10.268 0.00000e+00
  150    18.51667   -97.30739 36.63015    1223.565    1518.585  841.788  286.188   91.899   -0.177   10.257 0.00000e+00
  151    18.53333   -97.30520 36.63379    1210.691    1506.141  843.076  286.335   89.620   -0.419   10.085 6.12303e-04
  152    18.55000   -97.30289 36.63745    1194.043    1489.923  844.690  286.320   92.524   -0.341   10.381 5.08940e-04
  153    18.56667   -97.30032 36.64103    1181.660    1478.211  845.906  286.356   93.326   -0.369   10.481 0.00000e+00
  154    18.58333   -97.29752 36.64440    1167.038    1463.316  847.418  286.533   91.961   -0.308   10.430 0.00000e+00
  155    18.60000   -97.29468 36.64749    1164.198    1459.394  847.749  286.620   91.039   -0.091   10.380 0.00000e+00
  156    18.61667   -97.29185 36.65044    1181.143    1477.039  845.979  286.470   91.799    0.320   10.385 0.00000e+00
  157    18.63333   -97.28902 36.65349    1211.202    1508.666  842.774  286.171   93.238    0.642   10.383 0.00000e+00
  158    18.65000   -97.28609 36.65666    1236.939    1536.533  840.000  285.905   94.510    0.527   10.376 0.00000e+00
  159    18.66667   -97.28317 36.65990    1242.304    1543.589  839.281  285.806   95.154    0.066   10.388 0.00000e+00
  160    18.68333   -97.28035 36.66311    1219.481    1522.125  841.446  285.984   94.650   -0.365   10.428 0.00000e+00
  161    18.70000   -97.27773 36.66629    1174.243    1477.955  845.897  286.429   92.491   -0.818   10.437 0.00000e+00
  162    18.71667   -97.27533 36.66937    1117.406    1421.937  851.548  287.021   89.252   -0.906   10.400 0.00000e+00
  163    18.73333   -97.27316 36.67236    1063.797    1368.910  856.911  287.551   86.576   -0.791   10.378 0.00000e+00
  164    18.75000   -97.27095 36.67525    1021.447    1326.945  861.170  287.955   84.862   -0.579   10.391 0.00000e+00
  165    18.76667   -97.26863 36.67806     989.655    1294.960  864.488  288.251   83.956   -0.409   10.439 0.00000e+00
  166    18.78333   -97.26645 36.68071     970.987    1275.669  866.426  288.422   83.399   -0.182   10.462 0.00000e+00
  167    18.80000   -97.26462 36.68323     962.573    1267.081  867.364  288.503   83.174   -0.090   10.477 0.00000e+00
  168    18.81667   -97.26305 36.68586     966.122    1270.512  866.996  288.342   86.369    0.141   10.771 0.00000e+00
  169    18.83333   -97.26163 36.68863     972.533    1276.708  866.402  288.150   89.768    0.007   11.064 0.00000e+00
  170    18.85000   -97.26019 36.69147     963.210    1266.745  867.419  288.129   91.743   -0.327   11.279 0.00000e+00
  171    18.86667   -97.25893 36.69436     938.786    1241.903  869.953  288.335   91.082   -0.509   11.315 0.00000e+00
  172    18.88333   -97.25790 36.69724     911.233    1214.077  872.831  288.616   89.658   -0.454   11.304 0.00000e+00
  173    18.90000   -97.25703 36.70007     890.053    1191.894  875.083  288.828   88.671   -0.407   11.305 0.00000e+00
  174    18.91667   -97.25620 36.70279     869.979    1170.901  877.233  289.015   87.903   -0.410   11.315 0.00000e+00
  175    18.93333   -97.25521 36.70537     839.923    1140.018  880.436  289.305   86.698   -0.524   11.328 0.00000e+00
  176    18.95000   -97.25406 36.70784     798.293    1098.217  884.681  289.693   85.103   -0.650   11.346 0.00000e+00
  177    18.96667   -97.25290 36.71023     748.976    1049.238  889.710  290.162   83.196   -0.713   11.364 0.00000e+00
  178    18.98333   -97.25185 36.71260     694.653     995.570  895.305  290.682   81.130   -0.649   11.384 0.00000e+00
