    0    16.01667   -97.48782 36.22263      83.034     437.076  955.292  292.355   87.603   -0.300   12.799 0.00000e+00
    1    16.03333   -97.48785 36.22594      69.833     426.461  956.501  292.471   87.146   -0.236   12.810 0.00000e+00
    2    16.05000   -97.48808 36.22920      62.032     421.341  957.052  292.559   86.832   -0.064   12.827 0.00000e+00
    3    16.06667   -97.48846 36.23241      60.798     424.668  956.527  292.607   86.664    0.120   12.848 0.00000e+00
    4    16.08333   -97.48886 36.23559      67.479     435.878  955.178  292.510   87.074    0.154   12.849 0.00000e+00
    5    16.10000   -97.48911 36.23878      80.709     452.735  953.373  292.390   87.623    0.164   12.857 0.00000e+00
    6    16.11667   -97.48918 36.24199      94.008     466.611  951.869  292.276   88.093   -0.054   12.854 0.00000e+00
    7    16.13333   -97.48913 36.24516      91.240     464.561  952.093  292.318   87.917   -0.280   12.859 0.00000e+00
    8    16.15000   -97.48906 36.24823      80.555     453.793  953.402  292.459   87.279   -0.271   12.861 0.00000e+00
    9    16.16667   -97.48899 36.25113      70.606     442.908  954.716  292.679   86.305   -0.119   12.877 0.00000e+00
   10    16.18333   -97.48894 36.25380      64.513     435.869  955.621  292.895   85.438   -0.070   12.909 0.00000e+00
   11    16.20000   -97.48905 36.25634      63.077     433.171  955.938  293.010   85.024    0.023   12.936 0.00000e+00
   12    16.21667   -97.48931 36.25886      64.859     433.420  955.886  293.089   84.833    0.094   12.971 0.00000e+00
   13    16.23333   -97.48968 36.26152      64.585     431.657  956.119  293.138   84.700   -0.057   12.987 0.00000e+00
   14    16.25000   -97.49024 36.26418      57.650     423.941  956.849  293.208   84.424   -0.048   12.992 0.00000e+00
   15    16.26667   -97.49100 36.26680      57.624     424.406  956.768  293.196   84.485    0.065   12.992 0.00000e+00
   16    16.28333   -97.49171 36.26936      65.610     432.510  955.831  293.134   84.779    0.169   13.000 0.00000e+00
   17    16.30000   -97.49238 36.27196      78.038     444.558  954.544  293.013   85.221    0.304   12.987 0.00000e+00
   18    16.31667   -97.49299 36.27464     103.043     467.668  951.956  292.782   86.108    0.698   12.969 0.00000e+00
   19    16.33333   -97.49338 36.27754     147.762     509.963  947.272  292.338   87.819    1.098   12.927 0.00000e+00
   20    16.35000   -97.49329 36.28061     212.048     571.881  940.435  291.722   90.522    1.415   12.912 0.00000e+00
   21    16.36667   -97.49254 36.28378     284.070     642.157  932.753  291.032   93.648    1.302   12.892 0.00000e+00
   22    16.38333   -97.49121 36.28710     334.347     691.419  927.423  290.554   95.821    0.580   12.870 0.00000e+00
   23    16.40000   -97.48954 36.29056     357.687     712.974  925.142  290.344   96.722    0.202   12.850 0.00000e+00
   24    16.41667   -97.48779 36.29400     360.991     713.482  925.136  290.337   96.649   -0.037   12.835 0.00000e+00
   25    16.43333   -97.48608 36.29738     352.309     702.318  926.225  290.425   96.022   -0.289   12.808 0.00000e+00
   26    16.45000   -97.48441 36.30063     333.664     683.848  928.275  290.633   94.440   -0.395   12.737 0.00000e+00
   27    16.46667   -97.48289 36.30381     315.908     665.934  930.240  290.847   93.017   -0.315   12.690 0.00000e+00
   28    16.48333   -97.48152 36.30698     303.603     652.699  931.664  290.992   92.216   -0.246   12.678 0.00000e+00
   29    16.50000   -97.48020 36.31023     289.267     637.218  933.339  291.185   91.096   -0.374   12.656 0.00000e+00
   30    16.51667   -97.47885 36.31354     263.672     610.643  936.312  291.492   89.361   -0.549   12.618 0.00000e+00
   31    16.53333   -97.47741 36.31682     231.758     576.305  940.134  291.860   87.575   -0.543   12.604 0.00000e+00
   32    16.55000   -97.47594 36.32001     207.344     548.542  943.207  292.145   86.305   -0.337   12.605 0.00000e+00
   33    16.56667   -97.47449 36.32309     195.238     533.047  944.918  292.306   85.533   -0.104   12.597 0.00000e+00
   34    16.58333   -97.47307 36.32615     195.900     529.947  945.297  292.353   85.294    0.126   12.594 0.00000e+00
   35    16.60000   -97.47162 36.32917     205.981     535.624  944.732  292.339   85.452    0.284   12.613 0.00000e+00
   36    16.61667   -97.47017 36.33225     217.583     543.501  943.671  292.268   85.788    0.205   12.621 0.00000e+00
   37    16.63333   -97.46883 36.33544     220.420     543.727  943.659  292.268   85.931    0.116   12.643 0.00000e+00
   38    16.65000   -97.46774 36.33870     216.205     537.109  944.283  292.322   85.758   -0.000   12.651 0.00000e+00
   39    16.66667   -97.46685 36.34199     206.104     529.327  945.119  292.417   85.268   -0.201   12.643 0.00000e+00
   40    16.68333   -97.46618 36.34526     182.404     508.036  947.443  292.636   84.211   -0.490   12.628 0.00000e+00
   41    16.70000   -97.46558 36.34843     151.351     477.588  950.930  292.951   83.068   -0.488   12.658 0.00000e+00
   42    16.71667   -97.46490 36.35143     127.430     452.837  953.676  293.193   81.868   -0.349   12.629 0.00000e+00
   43    16.73333   -97.46418 36.35423     114.412     438.980  955.230  293.383   81.312   -0.256   12.672 0.00000e+00
   44    16.75000   -97.46351 36.35696     106.566     428.900  956.402  293.566   80.942   -0.113   12.744 0.00000e+00
   45    16.76667   -97.46306 36.35971     102.908     422.581  957.063  293.643   80.657    0.004   12.751 0.00000e+00
   46    16.78333   -97.46284 36.36255     100.489     417.479  957.537  293.707   80.514    0.023   12.772 0.00000e+00
   47    16.80000   -97.46276 36.36543      97.195     416.286  957.506  293.712   80.483   -0.030   12.772 0.00000e+00
   48    16.81667   -97.46273 36.36836      94.082     417.088  957.385  293.760   80.464   -0.031   12.809 0.00000e+00
   49    16.83333   -97.46278 36.37135      87.474     414.461  957.709  293.812   80.341   -0.073   12.826 0.00000e+00
   50    16.85000   -97.46308 36.37439      80.413     409.259  958.296  293.876   80.179    0.003   12.844 0.00000e+00
   51    16.86667   -97.46362 36.37741      73.877     404.097  958.837  293.904   79.923   -0.032   12.818 0.00000e+00
   52    16.88333   -97.46439 36.38041      67.643     398.889  959.455  293.928   79.737   -0.068   12.799 0.00000e+00
   53    16.90000   -97.46532 36.38335      66.043     397.962  959.605  294.037   79.432    0.084   12.834 0.00000e+00
   54    16.91667   -97.46630 36.38615      70.516     403.741  958.996  294.037   79.483    0.057   12.851 0.00000e+00
   55    16.93333   -97.46726 36.38876      67.817     402.731  959.121  294.068   79.374   -0.093   12.857 0.00000e+00
   56    16.95000   -97.46817 36.39122      59.299     395.117  960.000  294.154   79.038   -0.151   12.859 0.00000e+00
   57    16.96667   -97.46902 36.39365      47.240     383.717  961.220  294.289   78.566   -0.173   12.873 0.00000e+00
   58    16.98333   -97.46977 36.39608      36.606     373.659  962.366  294.460   77.998   -0.149   12.901 0.00000e+00
   59    17.00000   -97.47057 36.39843      28.172     364.945  963.351  294.708   77.250   -0.066   12.961 0.00000e+00
   60    17.01667   -97.47134 36.40048      22.676     358.828  964.020  294.862   76.692   -0.070   12.982 0.00000e+00
   61    17.03333   -97.47207 36.40222      18.014     353.605  964.595  295.041   76.269   -0.054   13.045 0.00000e+00
   62    17.05000   -97.47276 36.40367      14.672     349.718  965.015  295.126   76.073   -0.058   13.075 0.00000e+00
   63    17.06667   -97.47339 36.40482      12.355     346.936  965.294  295.172   75.972   -0.068   13.090 0.00000e+00
   64    17.08333   -97.47393 36.40576      10.576     344.816  965.475  295.294   75.644   -0.014   13.130 0.00000e+00
   65    17.10000   -97.47427 36.40659      11.290     345.224  965.435  295.401   75.465    0.028   13.186 0.00000e+00
   66    17.11667   -97.47459 36.40736      15.472     349.072  964.992  295.450   75.392    0.139   13.219 0.00000e+00
   67    17.13333   -97.47502 36.40817      27.624     360.811  963.712  295.376   75.584    0.326   13.210 0.00000e+00
   68    17.15000   -97.47536 36.40926      61.443     394.038  960.037  294.930   76.868    0.880   13.121 0.00000e+00
   69    17.16667   -97.47539 36.41082     138.646     470.464  951.583  294.064   79.839    1.915   13.032 0.00000e+00
   70    17.18333   -97.47507 36.41275     246.108     577.149  939.917  292.966   84.143    2.205   12.986 0.00000e+00
   71    17.20000   -97.47434 36.41474     347.662     678.454  928.870  291.948   88.508    2.134   12.967 0.00000e+00
   72    17.21667   -97.47312 36.41682     433.300     764.596  919.572  291.078   92.471    1.799   12.952 0.00000e+00
   73    17.23333   -97.47147 36.41904     501.273     834.011  912.144  290.392   95.532    1.390   12.914 0.00000e+00
   74    17.25000   -97.46948 36.42144     564.075     898.483  905.506  289.786   98.197    1.366   12.865 0.00000e+00
   75    17.26667   -97.46715 36.42409     631.991     963.392  898.691  289.239  100.000    1.128   12.761 2.72246e-02
   76    17.28333   -97.46450 36.42700     684.950    1012.557  893.535  288.964  100.000    0.627   12.612 9.39422e-02
   77    17.30000   -97.46169 36.43021     715.551    1039.521  890.714  288.802  100.000    0.521   12.521 1.16635e-01
   78    17.31667   -97.45893 36.43364     726.101    1046.172  890.009  288.763  100.000    0.319   12.500 1.13290e-01
   79    17.33333   -97.45631 36.43720     715.467    1032.249  891.436  288.809  100.000    0.061   12.515 5.29911e-02
   80    17.35000   -97.45382 36.44078     687.381    1002.305  894.522  288.958   99.601   -0.266   12.525 2.55577e-04
   81    17.36667   -97.45143 36.44434     645.446     959.183  899.100  289.387   96.806   -0.577   12.450 0.00000e+00
   82    17.38333   -97.44925 36.44786     601.514     914.065  903.792  289.858   93.768   -0.605   12.364 0.00000e+00
   83    17.40000   -97.44738 36.45133     576.302     888.488  906.476  290.160   91.043   -0.137   12.203 0.00000e+00
   84    17.41667   -97.44574 36.45477     580.392     893.091  905.990  290.125   90.931    0.296   12.167 0.00000e+00
   85    17.43333   -97.44418 36.45825     600.577     913.292  903.935  289.907   92.238    0.401   12.199 0.00000e+00
   86    17.45000   -97.44260 36.46185     623.334     935.539  901.567  289.715   92.807    0.171   12.156 0.00000e+00
   87    17.46667   -97.44092 36.46557     638.506     949.178  900.122  289.610   93.009   -0.011   12.120 0.00000e+00
   88    17.48333   -97.43913 36.46924     646.744     955.862  899.413  289.533   93.621   -0.073   12.150 0.00000e+00
   89    17.50000   -97.43719 36.47276     655.617     963.645  898.651  289.446   94.073   -0.017   12.151 0.00000e+00
   90    17.51667   -97.43515 36.47601     679.066     984.523  896.393  289.248   95.580    0.550   12.220 0.00000e+00
   91    17.53333   -97.43297 36.47917     714.416    1018.787  892.749  288.928   97.467    0.648   12.258 6.29210e-04
   92    17.55000   -97.43080 36.48235     736.627    1039.814  890.638  288.795   97.856    0.305   12.230 7.95719e-03
   93    17.56667   -97.42883 36.48554     738.874    1039.229  890.800  288.782   98.332   -0.078   12.277 2.97776e-03
   94    17.58333   -97.42709 36.48871     722.023    1018.703  892.900  289.022   96.748   -0.435   12.239 0.00000e+00
   95    17.60000   -97.42540 36.49191     686.917     982.538  896.632  289.424   94.029   -0.697   12.155 0.00000e+00
   96    17.61667   -97.42371 36.49522     639.148     934.202  901.678  289.928   91.025   -0.914   12.085 0.00000e+00
   97    17.63333   -97.42188 36.49867     579.115     876.052  907.733  290.458   89.028   -1.135   12.145 0.00000e+00
   98    17.65000   -97.41990 36.50218     509.530     809.842  914.746  291.084   86.374   -1.333   12.167 0.00000e+00
   99    17.66667   -97.41798 36.50561     435.047     738.758  922.335  291.745   83.956   -1.320   12.230 0.00000e+00
  100    17.68333   -97.41628 36.50893     361.361     667.313  930.040  292.443   81.064   -1.257   12.236 0.00000e+00
  101    17.70000   -97.41491 36.51217     286.927     594.879  937.908  293.153   78.247   -1.326   12.244 0.00000e+00
  102    17.71667   -97.41384 36.51532     200.264     508.539  947.421  293.986   75.193   -1.281   12.268 0.00000e+00
  103    17.73333   -97.41296 36.51828     127.036     434.313  955.590  294.719   72.472   -1.109   12.267 0.00000e+00
  104    17.75000   -97.41237 36.52118      74.630     380.596  961.537  295.288   70.744   -0.681   12.326 0.00000e+00
  105    17.76667   -97.41188 36.52415      37.073     341.929  965.822  295.587   69.734   -0.720   12.320 0.00000e+00
  106    17.78333   -97.41110 36.52694      15.854     319.681  968.263  296.358   68.102   -0.215   12.582 0.00000e+00
  107    17.80000   -97.40993 36.52925       9.405     312.507  968.948  296.859   66.659   -0.034   12.689 0.00000e+00
  108    17.81667   -97.40854 36.53119       9.662     312.929  968.833  297.220   66.025    0.094   12.849 0.00000e+00
  109    17.83333   -97.40743 36.53285      18.963     322.771  967.772  297.381   66.335    0.292   13.051 0.00000e+00
  110    17.85000   -97.40703 36.53460      51.124     355.513  964.142  296.680   68.295    0.872   12.924 0.00000e+00
  111    17.86667   -97.40751 36.53674     114.820     419.724  957.050  295.670   71.297    0.873   12.778 0.00000e+00
  112    17.88333   -97.40816 36.53922     134.965     440.430  954.761  295.422   72.005   -0.240   12.740 0.00000e+00
  113    17.90000   -97.40792 36.54187      87.089     393.644  959.892  295.743   70.034   -0.888   12.570 0.00000e+00
  114    17.91667   -97.40599 36.54438      71.143     379.022  961.468  295.766   69.396    0.611   12.453 0.00000e+00
  115    17.93333   -97.40438 36.54666     148.630     457.469  952.892  295.034   71.955    1.812   12.455 0.00000e+00
  116    17.95000   -97.40403 36.54879     258.343     568.035  940.823  293.950   75.886    1.627   12.441 0.00000e+00
  117    17.96667   -97.40416 36.55075     343.791     654.238  931.509  293.129   79.170    1.372   12.456 0.00000e+00
  118    17.98333   -97.40436 36.55277     410.006     721.256  924.294  292.475   81.909    1.015   12.466 0.00000e+00
  119    18.00000   -97.40433 36.55503     456.627     768.754  919.234  292.027   83.209    0.500   12.381 0.00000e+00
  120    18.01667   -97.40408 36.55754     473.047     785.963  917.344  291.859   83.570   -0.186   12.328 0.00000e+00
  121    18.03333   -97.40371 36.56030     449.706     763.532  919.735  292.068   82.749   -0.979   12.337 0.00000e+00
  122    18.05000   -97.40321 36.56321     387.034     701.991  926.294  292.663   79.927   -1.499   12.283 0.00000e+00
  123    18.06667   -97.40260 36.56613     304.634     621.440  934.988  293.440   76.336   -1.759   12.200 0.00000e+00
  124    18.08333   -97.40201 36.56912     212.989     531.790  944.755  294.316   72.640   -1.759   12.132 0.00000e+00
  125    18.10000   -97.40138 36.57216     131.583     452.278  953.405  295.055   69.939   -1.348   12.115 0.00000e+00
  126    18.11667   -97.40071 36.57529      70.226     392.133  960.037  295.663   68.017   -0.816   12.146 0.00000e+00
  127    18.13333   -97.40022 36.57848      33.322     356.488  963.937  296.141   67.005   -0.416   12.271 0.00000e+00
  128    18.15000   -97.40028 36.58175      18.766     342.661  965.457  296.509   66.442   -0.128   12.426 0.00000e+00
  129    18.16667   -97.40060 36.58487      23.123     347.383  964.944  296.581   66.719    0.239   12.539 0.00000e+00
  130    18.18333   -97.40064 36.58762      55.896     380.607  961.310  296.281   68.207    0.830   12.634 0.00000e+00
  131    18.20000   -97.40054 36.59003     137.104     462.379  952.313  295.343   71.373    1.934   12.600 0.00000e+00
  132    18.21667   -97.40041 36.59221     270.464     596.307  937.690  293.930   76.319    2.739   12.539 0.00000e+00
  133    18.23333   -97.40046 36.59433     424.044     750.380  921.121  292.383   82.342    2.878   12.504 0.00000e+00
  134    18.25000   -97.40027 36.59659     557.719     884.644  906.907  291.063   87.992    2.035   12.487 0.00000e+00
  135    18.26667   -97.39966 36.59894     643.583     970.892  897.740  290.229   91.779    1.008   12.477 0.00000e+00
  136    18.28333   -97.39870 36.60132     692.603    1020.423  892.583  289.740   93.378    0.414   12.375 0.00000e+00
  137    18.30000   -97.39784 36.60374     719.274    1047.651  889.758  289.475   93.115    0.208   12.171 0.00000e+00
  138    18.31667   -97.39695 36.60630     737.612    1066.118  887.921  289.318   92.334    0.013   11.972 0.00000e+00
  139    18.33333   -97.39600 36.60881     747.009    1074.902  887.008  289.247   91.635   -0.186   11.840 0.00000e+00
  140    18.35000   -97.39505 36.61121     750.282    1077.345  886.749  289.228   91.800   -0.089   11.850 0.00000e+00
  141    18.36667   -97.39412 36.61351     753.185    1079.462  886.477  289.202   92.579    0.004   11.934 0.00000e+00
  142    18.38333   -97.39320 36.61571     758.974    1083.826  886.060  289.158   93.227    0.148   11.990 0.00000e+00
  143    18.40000   -97.39233 36.61781     768.397    1091.726  885.312  289.082   93.961    0.349   12.035 0.00000e+00
  144    18.41667   -97.39153 36.61981     783.598    1105.276  883.894  288.966   94.965    0.456   12.093 0.00000e+00
  145    18.43333   -97.39072 36.62177     797.525    1117.500  882.604  288.877   95.378    0.236   12.094 0.00000e+00
  146    18.45000   -97.38986 36.62376     798.292    1116.990  882.670  288.929   94.640   -0.113   12.039 0.00000e+00
  147    18.46667   -97.38898 36.62571     782.760    1100.045  884.484  289.143   92.988   -0.363   11.969 0.00000e+00
  148    18.48333   -97.38812 36.62753     758.000    1073.712  887.239  289.462   90.250   -0.497   11.820 0.00000e+00
  149    18.50000   -97.38734 36.62918     732.119    1046.249  890.042  289.748   88.623   -0.509   11.784 0.00000e+00
  150    18.51667   -97.38663 36.63074     707.720    1020.533  892.660  289.977   87.919   -0.393   11.829 0.00000e+00
  151    18.53333   -97.38591 36.63218     683.086     995.237  895.311  290.182   88.172   -0.383   11.984 0.00000e+00
  152    18.55000   -97.38475 36.63350     644.659     956.673  899.354  290.714   85.965   -1.324   12.032 0.00000e+00
  153    18.56667   -97.38345 36.63498     564.783     876.866  907.737  291.504   82.751   -1.621   12.065 0.00000e+00
  154    18.58333   -97.38230 36.63675     454.569     766.419  919.392  292.596   78.461   -2.382   12.098 0.00000e+00
  155    18.60000   -97.38181 36.63912     327.256     638.171  933.160  293.845   73.197   -1.684   12.021 0.00000e+00
  156    18.61667   -97.38203 36.64204     266.243     575.766  939.916  294.468   70.561   -0.628   11.958 0.00000e+00
  157    18.63333   -97.38255 36.64495     256.707     564.771  941.146  294.539   70.606    0.205   12.003 0.00000e+00
  158    18.65000   -97.38332 36.64764     285.758     592.252  938.202  294.247   72.185    0.852   12.089 0.00000e+00
  159    18.66667   -97.38405 36.65024     348.768     653.527  931.608  293.650   74.794    1.156   12.155 0.00000e+00
  160    18.68333   -97.38419 36.65293     424.780     727.973  923.669  292.935   77.594    1.256   12.164 0.00000e+00
  161    18.70000   -97.38344 36.65546     496.159     798.114  916.123  292.258   80.179    1.100   12.146 0.00000e+00
  162    18.71667   -97.38200 36.65773     552.167     853.676  910.245  291.728   82.088    0.814   12.105 0.00000e+00
  163    18.73333   -97.38023 36.65969     585.168     886.202  906.797  291.429   83.085    0.130   12.068 0.00000e+00
  164    18.75000   -97.37843 36.66142     574.193     874.701  908.024  291.542   82.630   -0.696   12.072 0.00000e+00
  165    18.76667   -97.37673 36.66317     528.647     828.717  912.861  292.015   80.232   -0.914   12.013 0.00000e+00
  166    18.78333   -97.37514 36.66495     488.081     788.013  917.165  292.407   78.723   -0.706   12.024 0.00000e+00
  167    18.80000   -97.37360 36.66683     463.362     763.144  919.848  292.667   77.413   -0.465   11.983 0.00000e+00
  168    18.81667   -97.37201 36.66895     452.958     752.478  920.978  292.780   76.657   -0.424   11.936 0.00000e+00
  169    18.83333   -97.37047 36.67128     433.166     732.343  923.127  292.977   75.851   -0.676   11.929 0.00000e+00
  170    18.85000   -97.36927 36.67379     391.019     690.760  927.525  293.389   74.145   -1.185   11.908 0.00000e+00
  171    18.86667   -97.36849 36.67638     321.248     621.854  934.930  294.102   70.936   -1.380   11.815 0.00000e+00
  172    18.88333   -97.36812 36.67895     239.210     540.671  943.726  294.916   68.060   -1.178   11.810 0.00000e+00
  173    18.90000   -97.36797 36.68146     175.298     477.017  950.710  295.550   66.089   -0.599   11.837 0.00000e+00
  174    18.91667   -97.36806 36.68393     144.285     445.808  954.116  295.855   65.224   -0.071   11.860 0.00000e+00
  175    18.93333   -97.36819 36.68635     130.877     432.208  955.592  296.016   64.568   -0.004   11.839 0.00000e+00
  176    18.95000   -97.36819 36.68865     120.052     421.277  956.762  296.143   64.068   -0.170   11.824 0.00000e+00
  177    18.96667   -97.36813 36.69090     100.543     402.078  958.865  296.338   63.369   -0.427   11.809 0.00000e+00
  178    18.98333   -97.36813 36.69319      75.621     377.483  961.570  296.638   62.355   -0.339   11.802 0.00000e+00
