    0    16.01667   -97.58871 36.22044     133.951     470.573  951.554  292.813   85.087    1.455   12.845 0.00000e+00
    1    16.03333   -97.58699 36.22339     230.979     567.363  941.023  291.756   89.422    1.849   12.774 0.00000e+00
    2    16.05000   -97.58430 36.22630     311.834     645.545  932.480  290.977   93.038    0.559   12.768 0.00000e+00
    3    16.06667   -97.58154 36.22934     314.370     645.569  932.420  290.964   93.159   -0.584   12.774 0.00000e+00
    4    16.08333   -97.57963 36.23257     280.069     609.861  936.301  291.288   91.659   -0.995   12.776 0.00000e+00
    5    16.10000   -97.57851 36.23603     227.646     556.862  942.052  291.779   89.486   -1.138   12.787 0.00000e+00
    6    16.11667   -97.57840 36.23973     167.035     496.821  948.550  292.360   86.931   -0.807   12.797 0.00000e+00
    7    16.13333   -97.57918 36.24360     135.964     467.487  951.798  292.558   85.999    0.222   12.774 0.00000e+00
    8    16.15000   -97.58031 36.24738     149.556     482.575  950.135  292.407   86.673    0.368   12.775 0.00000e+00
    9    16.16667   -97.58119 36.25080     157.267     491.657  949.125  292.338   86.879   -0.167   12.763 0.00000e+00
   10    16.18333   -97.58188 36.25402     134.056     469.691  951.574  292.584   85.650   -0.513   12.746 0.00000e+00
   11    16.20000   -97.58255 36.25714     103.645     440.081  954.895  292.945   83.970   -0.517   12.737 0.00000e+00
   12    16.21667   -97.58308 36.25997      82.662     419.756  957.142  293.114   83.361   -0.405   12.749 0.00000e+00
   13    16.23333   -97.58351 36.26260      64.627     402.412  959.085  293.315   82.773   -0.304   12.793 0.00000e+00
   14    16.25000   -97.58392 36.26522      49.798     388.085  960.719  293.503   82.232   -0.276   12.837 0.00000e+00
   15    16.26667   -97.58430 36.26793      34.452     373.126  962.317  293.709   81.708   -0.240   12.899 0.00000e+00
   16    16.28333   -97.58456 36.27047      22.935     361.951  963.565  293.920   81.189   -0.173   12.969 0.00000e+00
   17    16.30000   -97.58469 36.27276      14.455     353.912  964.442  294.119   80.581   -0.119   13.021 0.00000e+00
   18    16.31667   -97.58477 36.27490       8.569     348.574  964.979  294.256   79.942   -0.072   13.020 0.00000e+00
   19    16.33333   -97.58502 36.27701       5.220     345.722  965.203  294.320   79.561   -0.043   13.006 0.00000e+00
   20    16.35000   -97.58551 36.27906       3.057     344.007  965.355  294.404   79.047   -0.024   12.988 0.00000e+00
   21    16.36667   -97.58615 36.28103       1.873     343.189  965.420  294.506   78.286   -0.016   12.944 0.00000e+00
   22    16.38333   -97.58694 36.28288       1.340     343.140  965.403  294.652   77.520   -0.008   12.934 0.00000e+00
   23    16.40000   -97.58776 36.28481       1.494     343.896  965.311  294.777   76.843   -0.005   12.921 0.00000e+00
   24    16.41667   -97.58855 36.28685       1.520     344.637  965.256  294.805   76.847    0.009   12.946 0.00000e+00
   25    16.43333   -97.58905 36.28876       2.531     346.400  965.054  295.034   76.544    0.033   13.081 0.00000e+00
   26    16.45000   -97.58910 36.29036       5.518     350.212  964.683  294.992   77.038    0.062   13.136 0.00000e+00
   27    16.46667   -97.58894 36.29179       9.750     355.170  964.224  294.892   77.536    0.069   13.146 0.00000e+00
   28    16.48333   -97.58878 36.29313      13.583     359.695  963.705  294.872   77.696    0.062   13.164 0.00000e+00
   29    16.50000   -97.58865 36.29442      19.081     365.863  963.028  294.913   77.674    0.103   13.203 0.00000e+00
   30    16.51667   -97.58859 36.29570      30.100     377.563  961.712  294.837   78.009    0.275   13.216 0.00000e+00
   31    16.53333   -97.58849 36.29704      55.401     403.544  958.819  294.542   79.156    0.653   13.208 0.00000e+00
   32    16.55000   -97.58798 36.29861     111.268     460.133  952.587  293.827   81.767    1.335   13.137 0.00000e+00
   33    16.56667   -97.58678 36.30061     204.706     554.568  942.215  292.772   85.752    1.780   13.042 0.00000e+00
   34    16.58333   -97.58524 36.30282     294.659     645.812  932.268  291.786   89.757    1.949   12.968 0.00000e+00
   35    16.60000   -97.58357 36.30521     386.696     739.443  922.205  290.822   94.020    1.989   12.919 0.00000e+00
   36    16.61667   -97.58174 36.30762     465.127     819.633  913.563  289.993   97.966    1.454   12.890 4.30990e-06
   37    16.63333   -97.57975 36.31000     524.799     881.222  907.008  289.472  100.000    0.787   12.834 4.25659e-02
   38    16.65000   -97.57759 36.31234     566.439     924.955  902.357  289.261  100.000    0.232   12.728 1.19313e-01
   39    16.66667   -97.57539 36.31464     593.225     953.700  899.362  289.085  100.000   -0.032   12.627 1.61103e-01
   40    16.68333   -97.57328 36.31686     614.297     975.611  897.089  288.902  100.000   -0.052   12.511 1.52711e-01
   41    16.70000   -97.57125 36.31898     644.302    1005.435  894.001  288.689  100.000    0.506   12.384 1.30157e-01
   42    16.71667   -97.56918 36.32122     679.950    1039.748  890.456  288.518  100.000    0.911   12.297 1.72815e-01
   43    16.73333   -97.56723 36.32378     713.473    1072.653  886.986  288.372  100.000    0.961   12.229 2.38598e-01
   44    16.75000   -97.56519 36.32665     741.081    1099.929  884.157  288.246  100.000    0.905   12.169 2.96479e-01
   45    16.76667   -97.56286 36.32976     760.821    1118.916  882.245  288.169  100.000    0.855   12.135 3.24346e-01
   46    16.78333   -97.56037 36.33298     786.258    1140.383  879.968  288.053  100.000    0.994   12.075 3.15719e-01
   47    16.80000   -97.55779 36.33630     829.203    1180.624  875.781  287.845  100.000    1.284   11.970 3.52545e-01
   48    16.81667   -97.55517 36.33964     896.859    1246.646  868.963  287.495  100.000    1.764   11.796 4.53924e-01
   49    16.83333   -97.55251 36.34293     983.754    1332.331  860.192  287.087  100.000    2.048   11.603 6.03922e-01
   50    16.85000   -97.54994 36.34619    1058.842    1407.619  852.510  286.682  100.000    1.905   11.403 6.82562e-01
   51    16.86667   -97.54737 36.34940    1114.751    1463.301  846.960  286.312  100.000    1.274   11.203 6.57413e-01
   52    16.88333   -97.54471 36.35255    1147.324    1494.605  843.879  286.098  100.000    0.392   11.088 6.26055e-01
   53    16.90000   -97.54211 36.35561    1160.334    1504.149  843.040  286.090  100.000   -0.486   11.094 6.94937e-01
   54    16.91667   -97.53958 36.35862    1158.844    1497.555  843.765  286.124  100.000   -0.622   11.109 6.61220e-01
   55    16.93333   -97.53718 36.36161    1142.482    1475.684  845.907  286.010   99.873   -0.148   10.963 3.44724e-01
   56    16.95000   -97.53477 36.36479    1114.244    1443.797  848.997  286.112   98.813    0.190   10.880 1.34584e-01
   57    16.96667   -97.53230 36.36819    1091.954    1419.297  851.511  286.220   98.956    0.528   10.941 3.86118e-02
   58    16.98333   -97.52957 36.37172    1092.727    1417.205  851.593  286.170   99.855    1.021   11.003 3.75763e-02
   59    17.00000   -97.52649 36.37536    1128.276    1455.960  847.641  285.939  100.000    1.616   10.922 1.15230e-01
   60    17.01667   -97.52302 36.37912    1190.606    1522.321  841.010  285.613  100.000    1.567   10.775 2.54189e-01
   61    17.03333   -97.51920 36.38295    1248.359    1583.058  835.025  285.350  100.000    0.511   10.666 3.50863e-01
   62    17.05000   -97.51524 36.38688    1269.911    1606.145  832.732  285.250  100.000   -0.976   10.626 3.68994e-01
   63    17.06667   -97.51144 36.39053    1214.108    1551.677  838.144  285.430   99.013   -2.308   10.558 1.40639e-01
   64    17.08333   -97.50784 36.39393    1096.657    1435.278  849.781  286.179   96.635   -2.853   10.678 1.33560e-02
   65    17.10000   -97.50449 36.39702     961.598    1300.512  863.492  287.311   92.977   -2.225   10.887 2.40920e-03
   66    17.11667   -97.50128 36.40002     859.093    1199.268  873.889  288.275   88.922   -1.305   10.954 0.00000e+00
   67    17.13333   -97.49812 36.40308     812.301    1153.246  878.662  288.680   87.467   -0.430   11.000 0.00000e+00
   68    17.15000   -97.49486 36.40625     816.010    1155.398  878.593  288.631   88.277    0.278   11.068 0.00000e+00
   69    17.16667   -97.49149 36.40937     855.012    1190.705  874.940  288.238   90.752    0.807   11.139 0.00000e+00
   70    17.18333   -97.48808 36.41243     912.351    1244.055  869.453  287.583   95.032    1.101   11.249 0.00000e+00
   71    17.20000   -97.48460 36.41548     967.584    1295.887  864.092  286.965   98.889    0.892   11.313 2.28424e-02
   72    17.21667   -97.48118 36.41859    1001.575    1327.585  860.876  286.735  100.000    0.736   11.328 9.75480e-02
   73    17.23333   -97.47780 36.42170    1019.828    1344.208  859.013  286.681  100.000    0.686   11.315 1.74327e-01
   74    17.25000   -97.47440 36.42477    1029.027    1355.435  857.900  286.657  100.000    0.761   11.312 2.11787e-01
   75    17.26667   -97.47099 36.42778    1032.872    1360.691  857.405  286.632  100.000    0.744   11.299 1.88438e-01
   76    17.28333   -97.46762 36.43082    1027.351    1352.797  858.341  286.594  100.000    0.454   11.251 9.14617e-02
   77    17.30000   -97.46436 36.43390    1009.719    1331.355  860.526  286.675   99.530    0.073   11.219 1.52396e-02
   78    17.31667   -97.46127 36.43699     986.262    1305.092  863.219  286.914   98.005   -0.226   11.186 6.00339e-06
   79    17.33333   -97.45833 36.44003     962.198    1278.534  865.918  287.187   96.504   -0.385   11.178 0.00000e+00
   80    17.35000   -97.45541 36.44294     938.471    1253.322  868.478  287.481   94.627   -0.503   11.140 0.00000e+00
   81    17.36667   -97.45253 36.44573     912.904    1226.840  871.200  287.737   93.534   -0.574   11.161 0.00000e+00
   82    17.38333   -97.44960 36.44845     886.795    1199.377  874.049  288.023   92.097   -0.462   11.158 0.00000e+00
   83    17.40000   -97.44666 36.45110     864.668    1176.814  876.305  288.246   91.011   -0.311   11.159 0.00000e+00
   84    17.41667   -97.44369 36.45374     853.235    1165.448  877.576  288.369   90.340   -0.035   11.149 0.00000e+00
   85    17.43333   -97.44079 36.45647     859.244    1170.081  877.110  288.371   90.264    0.378   11.147 0.00000e+00
   86    17.45000   -97.43790 36.45929     878.940    1188.693  875.183  288.161   91.255    0.308   11.142 0.00000e+00
   87    17.46667   -97.43507 36.46222     889.800    1198.906  874.144  287.962   93.010   -0.031   11.223 0.00000e+00
   88    17.48333   -97.43244 36.46522     881.555    1188.755  875.200  287.973   94.664   -0.308   11.417 0.00000e+00
   89    17.50000   -97.43013 36.46824     867.974    1173.795  876.753  288.038   95.136   -0.113   11.502 0.00000e+00
   90    17.51667   -97.42786 36.47123     866.659    1171.575  876.932  288.019   95.332    0.068   11.510 0.00000e+00
   91    17.53333   -97.42545 36.47420     870.033    1174.069  876.715  288.005   95.306    0.002   11.499 0.00000e+00
   92    17.55000   -97.42285 36.47713     868.736    1170.975  877.067  288.145   93.572   -0.264   11.388 0.00000e+00
   93    17.56667   -97.42006 36.47997     853.465    1152.934  878.947  288.397   91.517   -0.526   11.297 0.00000e+00
   94    17.58333   -97.41724 36.48266     820.581    1117.804  882.507  288.708   90.207   -0.793   11.315 0.00000e+00
   95    17.60000   -97.41442 36.48531     778.647    1074.256  887.030  289.127   88.330   -0.778   11.325 0.00000e+00
   96    17.61667   -97.41171 36.48804     754.822    1048.977  889.636  289.370   87.314    0.028   11.338 0.00000e+00
   97    17.63333   -97.40895 36.49086     749.899    1043.736  890.149  289.231   89.909    0.053   11.564 0.00000e+00
   98    17.65000   -97.40633 36.49376     737.304    1031.188  891.510  289.247   91.048   -0.258   11.704 0.00000e+00
   99    17.66667   -97.40417 36.49667     717.858    1012.119  893.505  289.379   90.983   -0.400   11.769 0.00000e+00
  100    17.68333   -97.40251 36.49958     700.396     995.095  895.256  289.512   90.864   -0.281   11.831 0.00000e+00
  101    17.70000   -97.40112 36.50251     690.396     985.609  896.270  289.594   90.803   -0.133   11.872 0.00000e+00
  102    17.71667   -97.39967 36.50545     693.103     988.845  895.913  289.609   90.428    0.018   11.839 0.00000e+00
  103    17.73333   -97.39808 36.50839     710.120    1006.507  894.131  289.509   90.274    0.244   11.767 0.00000e+00
  104    17.75000   -97.39636 36.51131     740.030    1036.850  890.945  289.218   92.010    0.425   11.813 0.00000e+00
  105    17.76667   -97.39444 36.51426     770.282    1068.286  887.518  288.888   94.281    0.129   11.896 0.00000e+00
  106    17.78333   -97.39227 36.51721     774.069    1075.872  886.712  288.820   95.017   -0.429   11.947 0.00000e+00
  107    17.80000   -97.38992 36.52013     740.166    1045.286  889.897  289.125   94.070   -1.067   12.020 0.00000e+00
  108    17.81667   -97.38770 36.52307     668.393     976.482  897.135  289.787   91.712   -1.656   12.128 0.00000e+00
  109    17.83333   -97.38593 36.52605     576.803     887.452  906.546  290.626   88.058   -1.717   12.158 0.00000e+00
  110    17.85000   -97.38468 36.52891     489.888     802.436  915.633  291.489   83.751   -1.562   12.092 0.00000e+00
  111    17.86667   -97.38398 36.53146     429.007     743.213  921.962  292.110   81.375   -1.912   12.134 0.00000e+00
  112    17.88333   -97.38329 36.53402     393.575     709.457  925.522  292.510   79.716   -1.357   12.143 0.00000e+00
  113    17.90000   -97.38235 36.53680     390.112     707.697  925.791  292.554   79.006   -0.057   12.065 0.00000e+00
  114    17.91667   -97.38111 36.53949     415.006     733.257  923.100  292.308   79.697    0.784   12.019 0.00000e+00
  115    17.93333   -97.37956 36.54194     453.017     771.006  919.013  291.909   81.687    0.768   12.067 0.00000e+00
  116    17.95000   -97.37777 36.54410     475.623     793.221  916.718  291.707   82.424    0.181   12.052 0.00000e+00
  117    17.96667   -97.37586 36.54618     470.016     786.272  917.480  291.760   82.476   -0.451   12.090 0.00000e+00
  118    17.98333   -97.37398 36.54827     450.214     765.693  919.648  291.963   81.762   -0.603   12.111 0.00000e+00
  119    18.00000   -97.37207 36.55043     434.516     749.466  921.434  292.136   81.062   -0.333   12.115 0.00000e+00
  120    18.01667   -97.36996 36.55267     430.177     744.450  921.890  292.193   80.567   -0.169   12.078 0.00000e+00
  121    18.03333   -97.36763 36.55501     417.507     732.044  923.151  292.324   79.967   -0.426   12.071 0.00000e+00
  122    18.05000   -97.36536 36.55742     381.674     697.948  926.764  292.672   78.453   -0.814   12.057 0.00000e+00
  123    18.06667   -97.36345 36.55996     334.615     653.151  931.628  293.136   76.453   -0.872   12.032 0.00000e+00
  124    18.08333   -97.36185 36.56263     291.016     612.178  936.036  293.542   74.772   -0.754   12.013 0.00000e+00
  125    18.10000   -97.36047 36.56540     249.478     573.328  940.320  293.935   72.972   -0.599   11.959 0.00000e+00
  126    18.11667   -97.35921 36.56814     221.461     547.196  943.204  294.189   72.089   -0.373   11.965 0.00000e+00
  127    18.13333   -97.35806 36.57079     206.790     533.722  944.704  294.320   71.663   -0.337   11.972 0.00000e+00
  128    18.15000   -97.35714 36.57336     193.521     520.832  946.163  294.458   70.993   -0.293   11.943 0.00000e+00
  129    18.16667   -97.35655 36.57589     181.144     509.023  947.425  294.587   70.352   -0.148   11.914 0.00000e+00
  130    18.18333   -97.35621 36.57838     170.542     499.366  948.475  294.681   70.307   -0.118   11.963 0.00000e+00
  131    18.20000   -97.35593 36.58084     159.189     489.146  949.528  294.796   70.265   -0.021   12.028 0.00000e+00
  132    18.21667   -97.35564 36.58331     150.521     481.772  950.268  294.849   70.443    0.078   12.088 0.00000e+00
  133    18.23333   -97.35532 36.58575     147.119     479.855  950.418  294.846   70.615    0.096   12.114 0.00000e+00
  134    18.25000   -97.35512 36.58820     146.820     481.119  950.318  294.856   70.635    0.132   12.126 0.00000e+00
  135    18.26667   -97.35497 36.59055     151.030     485.149  949.883  294.746   71.243   -0.032   12.153 0.00000e+00
  136    18.28333   -97.35497 36.59288     163.603     497.249  948.565  294.693   71.949    0.066   12.250 0.00000e+00
  137    18.30000   -97.35533 36.59521     180.302     513.169  946.748  294.765   72.617    0.032   12.443 0.00000e+00
  138    18.31667   -97.35598 36.59771     170.328     500.730  948.182  294.936   71.637   -0.816   12.387 0.00000e+00
  139    18.33333   -97.35661 36.60035     124.543     450.822  953.681  295.427   69.638   -0.808   12.339 0.00000e+00
  140    18.35000   -97.35687 36.60284      82.495     405.381  958.716  295.825   67.943   -0.588   12.272 0.00000e+00
  141    18.36667   -97.35683 36.60499      49.296     369.552  962.660  296.193   66.901   -0.361   12.308 0.00000e+00
  142    18.38333   -97.35663 36.60677      32.562     351.381  964.606  296.639   65.760   -0.145   12.407 0.00000e+00
  143    18.40000   -97.35646 36.60804      23.442     341.324  965.732  296.969   64.955   -0.163   12.490 0.00000e+00
  144    18.41667   -97.35648 36.60875      15.190     332.531  966.668  297.241   64.379   -0.139   12.573 0.00000e+00
  145    18.43333   -97.35671 36.60906      10.780     327.885  967.179  297.428   63.952   -0.034   12.626 0.00000e+00
  146    18.45000   -97.35708 36.60932      10.490     327.405  967.249  297.703   63.407    0.033   12.728 0.00000e+00
  147    18.46667   -97.35760 36.60966      12.811     329.494  967.016  297.954   63.149    0.037   12.874 0.00000e+00
  148    18.48333   -97.35831 36.61005      16.308     332.752  966.611  298.103   63.119    0.103   12.989 0.00000e+00
  149    18.50000   -97.35899 36.61052      30.180     346.367  965.144  298.190   63.205    0.499   13.096 0.00000e+00
  150    18.51667   -97.35949 36.61126      86.596     402.382  958.997  297.383   65.417    1.604   12.991 0.00000e+00
  151    18.53333   -97.35977 36.61242     204.131     519.301  946.237  295.778   70.158    2.272   12.804 0.00000e+00
  152    18.55000   -97.35968 36.61385     359.560     673.883  929.513  294.181   75.797    2.881   12.762 0.00000e+00
  153    18.56667   -97.35918 36.61552     539.095     852.359  910.441  292.256   83.285    2.918   12.695 0.00000e+00
  154    18.58333   -97.35832 36.61724     700.803    1012.929  893.546  290.503   90.515    2.299   12.582 0.00000e+00
  155    18.60000   -97.35674 36.61894     812.424    1123.351  882.042  289.407   95.701    1.024   12.564 0.00000e+00
  156    18.61667   -97.35454 36.62075     841.844    1151.529  879.102  289.068   96.567   -0.477   12.446 0.00000e+00
  157    18.63333   -97.35223 36.62261     805.759    1113.835  883.038  289.576   88.499   -1.170   11.732 0.00000e+00
  158    18.65000   -97.35040 36.62440     755.566    1061.672  888.452  290.229   82.119   -0.872   11.282 0.00000e+00
  159    18.66667   -97.34890 36.62632     721.770    1026.357  892.137  290.621   79.714   -0.297   11.182 0.00000e+00
  160    18.68333   -97.34773 36.62840     721.416    1024.964  892.290  290.737   77.843    0.363   10.998 0.00000e+00
  161    18.70000   -97.34703 36.63037     776.230    1079.309  886.637  290.082   82.776    1.782   11.288 0.00000e+00
  162    18.71667   -97.34628 36.63226     915.041    1217.900  872.317  288.591   93.144    3.065   11.732 0.00000e+00
  163    18.73333   -97.34540 36.63414    1097.189    1399.768  853.828  286.964   99.358    3.178   11.503 7.17008e-03
  164    18.75000   -97.34458 36.63602    1274.375    1576.841  836.078  286.156  100.000    2.860   11.234 3.92309e-01
  165    18.76667   -97.34393 36.63799    1465.619    1768.047  817.295  285.236  100.000    2.763   10.817 7.66140e-01
  166    18.78333   -97.34296 36.63998    1648.152    1949.383  799.802  284.351  100.000    2.697   10.424 1.10283e+00
  167    18.80000   -97.34129 36.64158    1782.201    2082.035  787.212  283.783  100.000    1.839   10.199 1.37502e+00
  168    18.81667   -97.33862 36.64325    1848.705    2147.279  781.057  283.012   99.543    0.337    9.696 1.00491e+00
  169    18.83333   -97.33480 36.64608    1878.393    2176.204  778.242  282.354   83.059   -0.633    7.766 1.01096e-01
  170    18.85000   -97.32996 36.64948    1870.864    2167.844  779.037  283.120   66.834   -0.449    6.574 4.67467e-02
  171    18.86667   -97.32477 36.65290    1855.074    2151.042  780.598  282.995   72.039   -0.324    7.013 7.72989e-03
  172    18.88333   -97.31994 36.65662    1854.564    2150.166  780.688  283.170   69.831   -0.032    6.877 6.03477e-03
  173    18.90000   -97.31580 36.66062    1864.365    2160.297  779.732  282.709   86.768    0.524    8.294 2.25118e-01
  174    18.91667   -97.31202 36.66479    1857.782    2153.350  780.367  282.575   88.075   -0.271    8.336 1.32914e-01
  175    18.93333   -97.30916 36.66919    1829.741    2127.179  782.771  282.865   81.677   -0.617    7.859 5.38316e-04
  176    18.95000   -97.30650 36.67354    1801.822    2103.390  785.008  283.138   80.830   -0.882    7.900 4.07733e-03
  177    18.96667   -97.30350 36.67781    1763.619    2069.882  788.181  282.776   89.633   -0.900    8.514 0.00000e+00
  178    18.98333   -97.30019 36.68205    1720.596    2029.829  792.044  282.729   94.339   -0.455    8.889 0.00000e+00
