    0    16.01667   -97.42876 36.20762      11.525     387.618  961.008  293.635   82.736   -0.010   13.018 0.00000e+00
    1    16.03333   -97.42730 36.20958      11.846     385.372  961.228  293.747   82.444    0.004   13.061 0.00000e+00
    2    16.05000   -97.42583 36.21144      12.339     383.599  961.485  293.861   82.113    0.035   13.097 0.00000e+00
    3    16.06667   -97.42455 36.21313      16.236     385.361  961.180  293.865   81.900    0.114   13.071 0.00000e+00
    4    16.08333   -97.42361 36.21497      32.565     401.365  959.372  293.616   82.628    0.424   13.009 0.00000e+00
    5    16.10000   -97.42288 36.21749      61.791     430.945  956.090  293.116   84.401    0.718   12.924 0.00000e+00
    6    16.11667   -97.42220 36.22042     107.689     477.290  950.996  292.558   86.639    0.897   12.880 0.00000e+00
    7    16.13333   -97.42159 36.22363     153.852     524.344  945.812  292.074   88.756    1.005   12.870 0.00000e+00
    8    16.15000   -97.42121 36.22693     195.826     567.516  941.079  291.618   90.712    0.463   12.845 0.00000e+00
    9    16.16667   -97.42111 36.23040     224.600     597.508  937.790  291.400   90.800    0.148   12.726 0.00000e+00
   10    16.18333   -97.42094 36.23405     245.730     619.002  935.495  291.185   91.609    0.948   12.697 0.00000e+00
   11    16.20000   -97.42049 36.23801     272.134     645.555  932.673  290.894   92.972    1.286   12.688 0.00000e+00
   12    16.21667   -97.41998 36.24218     310.068     681.620  928.791  290.560   94.274    1.238   12.649 0.00000e+00
   13    16.23333   -97.41939 36.24640     356.026     725.198  924.123  290.174   96.082    1.240   12.642 0.00000e+00
   14    16.25000   -97.41869 36.25051     405.245     771.724  919.140  289.750   98.153    1.199   12.637 0.00000e+00
   15    16.26667   -97.41784 36.25456     449.586     813.160  914.720  289.393   99.810    1.075   12.621 1.35727e-02
   16    16.28333   -97.41693 36.25859     487.453     844.678  911.321  289.203  100.000    0.779   12.552 3.88090e-02
   17    16.30000   -97.41590 36.26251     515.820     867.411  908.789  289.086  100.000    0.461   12.495 7.64525e-02
   18    16.31667   -97.41478 36.26637     527.168     875.754  907.947  289.045  100.000    0.129   12.474 8.54652e-02
   19    16.33333   -97.41370 36.27019     525.589     870.934  908.454  289.074  100.000   -0.057   12.482 6.25292e-02
   20    16.35000   -97.41260 36.27395     515.463     859.405  909.554  289.149   99.765   -0.254   12.490 2.58271e-02
   21    16.36667   -97.41136 36.27769     493.877     838.051  911.925  289.352   98.659   -0.484   12.480 7.34862e-04
   22    16.38333   -97.40993 36.28141     458.128     800.236  916.155  289.779   96.111   -0.732   12.438 0.00000e+00
   23    16.40000   -97.40838 36.28516     409.315     746.850  921.875  290.334   93.078   -1.088   12.403 0.00000e+00
   24    16.41667   -97.40690 36.28891     351.506     684.908  928.535  290.966   89.869   -1.085   12.377 0.00000e+00
   25    16.43333   -97.40556 36.29264     297.074     626.952  934.813  291.527   87.309   -0.796   12.375 0.00000e+00
   26    16.45000   -97.40437 36.29634     253.743     580.385  939.861  291.963   85.469   -0.617   12.385 0.00000e+00
   27    16.46667   -97.40337 36.29998     221.812     544.080  943.797  292.296   84.132   -0.448   12.397 0.00000e+00
   28    16.48333   -97.40252 36.30353     198.045     516.430  946.778  292.535   83.247   -0.314   12.413 0.00000e+00
   29    16.50000   -97.40176 36.30704     180.364     497.147  948.804  292.698   82.693   -0.287   12.431 0.00000e+00
   30    16.51667   -97.40111 36.31053     164.033     480.509  950.655  292.861   82.067   -0.247   12.439 0.00000e+00
   31    16.53333   -97.40057 36.31404     145.671     462.252  952.599  293.001   81.650   -0.212   12.459 0.00000e+00
   32    16.55000   -97.40016 36.31759     128.383     447.242  954.271  293.137   81.091   -0.168   12.457 0.00000e+00
   33    16.56667   -97.39987 36.32116     114.212     435.334  955.664  293.266   80.740   -0.129   12.485 0.00000e+00
   34    16.58333   -97.39957 36.32464     104.804     424.844  956.902  293.409   80.531   -0.094   12.549 0.00000e+00
   35    16.60000   -97.39928 36.32803      95.723     414.164  958.033  293.532   80.233   -0.110   12.583 0.00000e+00
   36    16.61667   -97.39891 36.33134      86.658     403.162  959.297  293.638   79.845   -0.035   12.589 0.00000e+00
   37    16.63333   -97.39853 36.33461      83.196     396.998  959.972  293.708   79.604    0.035   12.597 0.00000e+00
   38    16.65000   -97.39812 36.33778      83.798     394.799  960.236  293.745   79.511    0.075   12.608 0.00000e+00
   39    16.66667   -97.39764 36.34087      88.685     398.885  959.686  293.721   79.723    0.063   12.630 0.00000e+00
   40    16.68333   -97.39720 36.34390      89.695     399.897  959.527  293.711   79.723   -0.127   12.624 0.00000e+00
   41    16.70000   -97.39673 36.34689      80.971     391.879  960.314  293.790   79.403   -0.283   12.625 0.00000e+00
   42    16.71667   -97.39626 36.34983      67.891     382.181  961.369  293.896   79.038   -0.321   12.636 0.00000e+00
   43    16.73333   -97.39577 36.35273      54.919     372.556  962.424  294.023   78.703   -0.277   12.668 0.00000e+00
   44    16.75000   -97.39529 36.35562      45.084     365.483  963.331  294.199   78.219   -0.206   12.717 0.00000e+00
   45    16.76667   -97.39486 36.35849      39.241     360.684  963.807  294.328   77.860   -0.138   12.754 0.00000e+00
   46    16.78333   -97.39462 36.36137      35.722     358.224  964.102  294.424   77.577   -0.098   12.779 0.00000e+00
   47    16.80000   -97.39458 36.36423      34.735     358.389  964.101  294.469   77.414   -0.046   12.787 0.00000e+00
   48    16.81667   -97.39479 36.36695      39.494     364.442  963.393  294.489   77.513    0.166   12.829 0.00000e+00
   49    16.83333   -97.39507 36.36939      60.829     387.006  960.891  294.325   78.346    0.584   12.870 0.00000e+00
   50    16.85000   -97.39522 36.37176     107.492     434.385  955.781  293.793   80.199    1.055   12.815 0.00000e+00
   51    16.86667   -97.39523 36.37420     182.191     506.835  947.861  293.065   83.124    1.552   12.799 0.00000e+00
   52    16.88333   -97.39507 36.37668     267.769     589.686  938.808  292.260   86.568    1.340   12.796 0.00000e+00
   53    16.90000   -97.39479 36.37911     333.260     652.440  931.974  291.660   89.165    0.545   12.784 0.00000e+00
   54    16.91667   -97.39449 36.38155     361.939     679.455  928.978  291.434   89.217   -0.089   12.651 0.00000e+00
   55    16.93333   -97.39424 36.38395     370.711     687.284  928.114  291.386   88.963   -0.170   12.588 0.00000e+00
   56    16.95000   -97.39416 36.38632     372.709     688.377  928.029  291.367   89.187   -0.007   12.606 0.00000e+00
   57    16.96667   -97.39421 36.38879     374.684     689.503  927.887  291.362   89.014    0.219   12.580 0.00000e+00
   58    16.98333   -97.39434 36.39138     385.176     699.376  926.811  291.275   89.377    0.400   12.576 0.00000e+00
   59    17.00000   -97.39443 36.39410     406.330     719.870  924.640  291.079   90.385    0.450   12.590 0.00000e+00
   60    17.01667   -97.39422 36.39697     429.109     741.841  922.261  290.857   91.487    0.286   12.599 0.00000e+00
   61    17.03333   -97.39377 36.39996     443.587     755.388  920.824  290.724   92.188    0.186   12.608 0.00000e+00
   62    17.05000   -97.39297 36.40303     453.134     763.811  919.920  290.650   92.589   -0.001   12.616 0.00000e+00
   63    17.06667   -97.39186 36.40615     452.448     762.147  920.067  290.681   92.283   -0.195   12.596 0.00000e+00
   64    17.08333   -97.39050 36.40926     446.645     755.659  920.757  290.762   91.720   -0.223   12.575 0.00000e+00
   65    17.10000   -97.38892 36.41229     444.278     752.202  921.135  290.811   91.366   -0.104   12.560 0.00000e+00
   66    17.11667   -97.38709 36.41528     450.372     757.585  920.524  290.808   90.636   -0.099   12.466 0.00000e+00
   67    17.13333   -97.38496 36.41824     458.518     765.766  919.623  290.795   89.776   -0.154   12.350 0.00000e+00
   68    17.15000   -97.38275 36.42115     457.901     764.343  919.875  290.874   88.784   -0.227   12.271 0.00000e+00
   69    17.16667   -97.38077 36.42400     443.419     748.518  921.576  291.043   87.908   -0.420   12.259 0.00000e+00
   70    17.18333   -97.37919 36.42681     409.985     713.576  925.321  291.407   86.270   -0.824   12.261 0.00000e+00
   71    17.20000   -97.37817 36.42967     352.754     655.380  931.532  291.989   83.949   -1.379   12.295 0.00000e+00
   72    17.21667   -97.37766 36.43265     266.346     568.706  940.904  292.824   80.874   -1.745   12.358 0.00000e+00
   73    17.23333   -97.37741 36.43564     182.159     484.250  950.196  293.634   77.849   -1.439   12.389 0.00000e+00
   74    17.25000   -97.37715 36.43855     121.326     423.064  956.948  294.227   75.668   -0.957   12.406 0.00000e+00
   75    17.26667   -97.37678 36.44132      85.259     386.211  961.068  294.586   74.510   -0.622   12.437 0.00000e+00
   76    17.28333   -97.37633 36.44399      61.481     361.602  963.797  294.829   73.840   -0.507   12.476 0.00000e+00
   77    17.30000   -97.37587 36.44657      42.986     342.340  965.871  295.062   73.357   -0.443   12.547 0.00000e+00
   78    17.31667   -97.37544 36.44904      30.449     330.954  967.129  295.349   72.466   -0.196   12.599 0.00000e+00
   79    17.33333   -97.37520 36.45135      23.473     325.261  967.752  295.571   72.022   -0.143   12.686 0.00000e+00
   80    17.35000   -97.37511 36.45355      17.887     320.958  968.216  295.720   71.767   -0.104   12.751 0.00000e+00
   81    17.36667   -97.37521 36.45561      13.113     317.102  968.700  295.929   71.288   -0.072   12.823 0.00000e+00
   82    17.38333   -97.37546 36.45761      10.539     314.695  968.920  296.090   70.778   -0.041   12.855 0.00000e+00
   83    17.40000   -97.37584 36.45970      10.931     315.256  968.866  296.348   70.251    0.039   12.963 0.00000e+00
   84    17.41667   -97.37612 36.46169      15.417     319.845  968.348  296.459   70.108    0.130   13.032 0.00000e+00
   85    17.43333   -97.37625 36.46364      24.833     328.759  967.432  296.390   70.275    0.208   13.021 0.00000e+00
   86    17.45000   -97.37628 36.46577      40.597     342.178  965.974  296.141   70.914    0.297   12.960 0.00000e+00
   87    17.46667   -97.37623 36.46809      65.109     363.940  963.539  295.757   71.872    0.506   12.862 0.00000e+00
   88    17.48333   -97.37604 36.47056     104.179     400.036  959.533  295.250   73.286    0.786   12.765 0.00000e+00
   89    17.50000   -97.37564 36.47299     158.836     452.420  953.695  294.682   75.240    1.069   12.733 0.00000e+00
   90    17.51667   -97.37490 36.47522     226.970     519.009  946.396  293.980   77.756    1.087   12.695 0.00000e+00
   91    17.53333   -97.37392 36.47730     296.020     586.674  938.998  293.300   80.284    1.123   12.664 0.00000e+00
   92    17.55000   -97.37279 36.47932     354.082     643.510  932.783  292.713   82.450    0.930   12.621 0.00000e+00
   93    17.56667   -97.37152 36.48145     399.184     688.977  927.795  292.231   84.108    0.825   12.558 0.00000e+00
   94    17.58333   -97.37025 36.48378     429.576     720.780  924.416  291.930   84.887    0.395   12.482 0.00000e+00
   95    17.60000   -97.36918 36.48635     447.758     740.490  922.301  291.725   85.700    0.158   12.468 0.00000e+00
   96    17.61667   -97.36839 36.48917     452.444     746.480  921.686  291.660   86.070   -0.093   12.480 0.00000e+00
   97    17.63333   -97.36787 36.49206     446.829     741.413  922.239  291.699   86.224   -0.335   12.525 0.00000e+00
   98    17.65000   -97.36747 36.49507     431.233     726.364  923.836  291.837   85.612   -0.514   12.523 0.00000e+00
   99    17.66667   -97.36706 36.49802     411.284     707.393  925.853  291.988   84.925   -0.630   12.514 0.00000e+00
  100    17.68333   -97.36662 36.50084     379.548     677.167  929.092  292.271   83.702   -0.824   12.512 0.00000e+00
  101    17.70000   -97.36610 36.50348     334.609     633.703  933.758  292.692   81.715   -0.950   12.478 0.00000e+00
  102    17.71667   -97.36554 36.50597     277.704     578.265  939.794  293.254   79.118   -1.043   12.434 0.00000e+00
  103    17.73333   -97.36507 36.50841     219.051     521.071  946.012  293.811   76.828   -0.694   12.418 0.00000e+00
  104    17.75000   -97.36463 36.51082     184.457     487.926  949.568  294.132   75.538   -0.215   12.409 0.00000e+00
  105    17.76667   -97.36407 36.51321     169.402     474.185  951.171  294.285   74.828    0.118   12.389 0.00000e+00
  106    17.78333   -97.36331 36.51553     175.277     480.026  950.594  294.238   74.901    0.463   12.372 0.00000e+00
  107    17.80000   -97.36246 36.51767     187.554     491.829  949.303  294.129   75.227    0.429   12.359 0.00000e+00
  108    17.81667   -97.36160 36.51967     199.416     502.990  948.104  294.058   75.547    0.323   12.373 0.00000e+00
  109    17.83333   -97.36079 36.52158     209.611     512.426  947.034  293.976   75.865    0.080   12.375 0.00000e+00
  110    17.85000   -97.36008 36.52341     213.341     515.776  946.649  293.950   76.001   -0.033   12.383 0.00000e+00
  111    17.86667   -97.35951 36.52523     209.395     511.616  947.112  293.996   75.713   -0.293   12.365 0.00000e+00
  112    17.88333   -97.35916 36.52703     186.373     488.503  949.640  294.226   74.858   -0.673   12.368 0.00000e+00
  113    17.90000   -97.35906 36.52884     134.866     437.021  955.312  294.749   73.168   -1.151   12.412 0.00000e+00
  114    17.91667   -97.35918 36.53059      69.687     371.967  962.434  295.389   71.016   -0.991   12.439 0.00000e+00
  115    17.93333   -97.35947 36.53231      31.368     333.870  966.663  295.874   69.880   -0.413   12.554 0.00000e+00
  116    17.95000   -97.36008 36.53389      17.177     319.900  968.163  296.484   68.693   -0.101   12.791 0.00000e+00
  117    17.96667   -97.36103 36.53536      13.264     316.288  968.596  296.879   67.608   -0.010   12.890 0.00000e+00
  118    17.98333   -97.36192 36.53666      15.382     318.912  968.294  297.156   66.947    0.131   12.985 0.00000e+00
  119    18.00000   -97.36235 36.53787      29.827     333.681  966.684  297.044   67.583    0.454   13.042 0.00000e+00
  120    18.01667   -97.36239 36.53930      65.769     370.017  962.616  296.448   69.206    0.848   12.933 0.00000e+00
  121    18.03333   -97.36241 36.54102     113.255     418.273  957.346  295.765   71.011    0.719   12.797 0.00000e+00
  122    18.05000   -97.36253 36.54292     150.302     456.253  953.137  295.179   72.602    0.447   12.676 0.00000e+00
  123    18.06667   -97.36273 36.54485     182.843     489.727  949.466  294.753   73.923    0.420   12.621 0.00000e+00
  124    18.08333   -97.36288 36.54675     224.198     532.012  944.803  294.290   75.563    0.533   12.599 0.00000e+00
  125    18.10000   -97.36307 36.54861     280.585     589.704  938.534  293.720   77.729    0.836   12.593 0.00000e+00
  126    18.11667   -97.36328 36.55049     352.409     662.869  930.592  293.028   80.571    1.271   12.609 0.00000e+00
  127    18.13333   -97.36363 36.55239     437.593     749.416  921.307  292.233   84.036    1.757   12.638 0.00000e+00
  128    18.15000   -97.36396 36.55433     543.311     856.491  909.870  291.227   88.458    2.155   12.642 0.00000e+00
  129    18.16667   -97.36412 36.55615     665.570     980.333  896.797  290.042   93.988    2.371   12.639 0.00000e+00
  130    18.18333   -97.36399 36.55788     798.435    1114.933  882.754  288.784  100.000    2.733   12.607 1.86186e-02
  131    18.20000   -97.36336 36.55988     937.059    1255.502  868.258  288.147  100.000    2.826   12.315 3.20210e-01
  132    18.21667   -97.36201 36.56238    1087.776    1408.693  852.662  287.432  100.000    3.397   11.973 6.37626e-01
  133    18.23333   -97.35973 36.56528    1242.466    1565.742  836.985  286.678  100.000    3.728   11.612 9.45267e-01
  134    18.25000   -97.35710 36.56847    1388.247    1712.190  822.585  285.788  100.000    3.610   11.146 1.01870e+00
  135    18.26667   -97.35427 36.57181    1519.941    1842.724  809.914  285.068  100.000    3.764   10.796 1.15687e+00
  136    18.28333   -97.35115 36.57536    1596.335    1918.854  802.530  284.485  100.000    2.212   10.481 1.04609e+00
  137    18.30000   -97.34819 36.57931    1579.079    1902.681  804.067  284.441   99.453    0.386   10.354 7.45892e-01
  138    18.31667   -97.34581 36.58347    1516.787    1840.330  810.182  284.536   98.775   -1.137   10.270 3.07928e-01
  139    18.33333   -97.34392 36.58746    1450.453    1772.307  816.853  284.722   99.381   -1.256   10.376 6.88430e-02
  140    18.35000   -97.34192 36.59117    1400.271    1718.355  822.204  285.131   97.150   -0.604   10.354 2.75984e-02
  141    18.36667   -97.33968 36.59462    1400.712    1713.730  822.657  285.186   95.496    0.199   10.209 0.00000e+00
  142    18.38333   -97.33725 36.59804    1441.856    1749.493  819.087  285.293   86.141    0.734    9.316 0.00000e+00
  143    18.40000   -97.33473 36.60168    1498.008    1803.721  813.690  284.740   88.777    0.870    9.316 0.00000e+00
  144    18.41667   -97.33186 36.60553    1553.546    1857.557  808.540  284.268   90.761    1.024    9.289 0.00000e+00
  145    18.43333   -97.32857 36.60944    1597.049    1897.231  804.672  283.756   94.793    0.778    9.420 0.00000e+00
  146    18.45000   -97.32528 36.61325    1625.623    1923.373  802.112  283.433   96.888    0.479    9.452 0.00000e+00
  147    18.46667   -97.32206 36.61697    1643.794    1940.215  800.512  283.266   97.442    0.390    9.419 6.60221e-03
  148    18.48333   -97.31897 36.62067    1654.549    1949.831  799.601  283.150   98.346    0.300    9.443 1.03334e-02
  149    18.50000   -97.31610 36.62440    1652.564    1947.564  799.844  283.205   97.328   -0.008    9.377 5.54830e-03
  150    18.51667   -97.31345 36.62811    1632.759    1927.758  801.721  283.406   96.070   -0.471    9.360 6.45690e-06
  151    18.53333   -97.31087 36.63165    1595.482    1890.673  805.312  283.785   93.904   -0.822    9.342 0.00000e+00
  152    18.55000   -97.30817 36.63502    1548.935    1844.533  809.765  284.235   91.481   -0.883    9.328 0.00000e+00
  153    18.56667   -97.30530 36.63828    1503.420    1799.425  814.144  284.658   89.380   -0.734    9.323 0.00000e+00
  154    18.58333   -97.30231 36.64152    1467.228    1764.235  817.565  284.974   87.917   -0.495    9.326 0.00000e+00
  155    18.60000   -97.29921 36.64481    1445.961    1742.885  819.681  285.150   87.279   -0.206    9.342 0.00000e+00
  156    18.61667   -97.29605 36.64816    1439.672    1735.383  820.420  285.170   87.835    0.090    9.406 0.00000e+00
  157    18.63333   -97.29288 36.65164    1444.688    1740.645  819.825  285.124   87.710    0.341    9.371 0.00000e+00
  158    18.65000   -97.28970 36.65532    1461.898    1759.761  817.924  284.840   89.351    0.549    9.390 0.00000e+00
  159    18.66667   -97.28654 36.65915    1486.960    1787.309  815.289  284.487   91.523    0.556    9.425 0.00000e+00
  160    18.68333   -97.28348 36.66304    1509.502    1811.733  812.948  284.174   94.004    0.322    9.508 0.00000e+00
  161    18.70000   -97.28059 36.66685    1523.188    1826.709  811.480  284.008   95.123    0.118    9.533 0.00000e+00
  162    18.71667   -97.27783 36.67051    1524.002    1828.692  811.318  284.001   95.189   -0.143    9.537 0.00000e+00
  163    18.73333   -97.27521 36.67405    1510.989    1816.459  812.515  284.126   94.517   -0.310    9.535 0.00000e+00
  164    18.75000   -97.27251 36.67750    1490.392    1796.328  814.512  284.331   93.457   -0.314    9.534 0.00000e+00
  165    18.76667   -97.26966 36.68087    1474.445    1780.633  816.040  284.478   92.971   -0.098    9.560 0.00000e+00
  166    18.78333   -97.26661 36.68417    1474.936    1780.791  816.071  284.468   93.155    0.180    9.572 0.00000e+00
  167    18.80000   -97.26341 36.68747    1492.457    1797.488  814.429  284.293   94.293    0.409    9.596 0.00000e+00
  168    18.81667   -97.26017 36.69090    1521.096    1824.534  811.832  284.055   95.136    0.435    9.560 0.00000e+00
  169    18.83333   -97.25703 36.69450    1544.486    1846.380  809.727  283.835   96.618    0.236    9.592 0.00000e+00
  170    18.85000   -97.25396 36.69827    1550.836    1851.215  809.299  283.790   97.871    0.047    9.692 0.00000e+00
  171    18.86667   -97.25095 36.70207    1535.647    1834.666  810.861  283.920   96.369   -0.837    9.608 0.00000e+00
  172    18.88333   -97.24805 36.70583    1473.959    1772.668  816.848  284.535   93.148   -1.546    9.605 0.00000e+00
  173    18.90000   -97.24512 36.70949    1377.573    1677.691  826.142  285.450   89.089   -1.851    9.651 0.00000e+00
  174    18.91667   -97.24215 36.71306    1273.970    1574.668  836.407  286.037   91.192   -1.650   10.143 0.00000e+00
  175    18.93333   -97.23927 36.71660    1171.129    1471.603  846.698  286.812   92.175   -1.420   10.656 0.00000e+00
  176    18.95000   -97.23647 36.72012    1078.062    1377.876  856.139  287.647   89.053   -1.016   10.751 0.00000e+00
  177    18.96667   -97.23370 36.72356    1009.506    1308.948  863.107  288.267   86.753   -0.609   10.816 0.00000e+00
  178    18.98333   -97.23096 36.72691     973.305    1272.421  866.829  288.698   83.752   -0.086   10.690 0.00000e+00
