    0    16.01667   -97.52357 36.24523      23.507     367.379  962.967  294.125   80.861    0.110   13.091 0.00000e+00
    1    16.03333   -97.52385 36.24755      26.170     370.962  962.521  293.950   81.501    0.058   13.058 0.00000e+00
    2    16.05000   -97.52397 36.25002      28.187     375.299  961.998  293.857   81.878    0.134   13.050 0.00000e+00
    3    16.06667   -97.52391 36.25262      34.722     384.363  960.977  293.739   82.358    0.221   13.044 0.00000e+00
    4    16.08333   -97.52364 36.25542      43.889     396.241  959.705  293.617   82.828    0.207   13.036 0.00000e+00
    5    16.10000   -97.52317 36.25835      50.363     404.872  958.805  293.545   83.109    0.158   13.034 0.00000e+00
    6    16.11667   -97.52260 36.26151      54.715     411.273  958.151  293.475   83.394    0.143   13.031 0.00000e+00
    7    16.13333   -97.52193 36.26477      58.401     417.393  957.350  293.356   83.805    0.175   13.010 0.00000e+00
    8    16.15000   -97.52116 36.26799      67.828     430.480  955.860  293.219   84.336    0.245   13.000 0.00000e+00
    9    16.16667   -97.52052 36.27104      83.168     449.735  953.797  293.021   85.176    0.404   12.997 0.00000e+00
   10    16.18333   -97.51999 36.27383     117.492     484.162  950.096  292.646   86.690    0.546   12.971 0.00000e+00
   11    16.20000   -97.51971 36.27652     142.151     507.665  947.517  292.368   87.706    0.383   12.932 0.00000e+00
   12    16.21667   -97.51958 36.27908     159.998     524.360  945.692  292.185   88.432    0.346   12.915 0.00000e+00
   13    16.23333   -97.51955 36.28160     174.952     537.951  944.202  292.033   88.986    0.281   12.892 0.00000e+00
   14    16.25000   -97.51952 36.28415     186.869     548.393  943.052  291.915   89.443    0.235   12.877 0.00000e+00
   15    16.26667   -97.51945 36.28674     204.532     564.552  941.323  291.747   90.145    0.456   12.866 0.00000e+00
   16    16.28333   -97.51918 36.28940     239.073     597.905  937.661  291.414   91.656    0.828   12.859 0.00000e+00
   17    16.30000   -97.51852 36.29228     280.543     638.622  933.230  291.006   93.543    1.020   12.850 0.00000e+00
   18    16.31667   -97.51766 36.29526     313.260     670.313  929.830  290.681   95.021    0.743   12.833 0.00000e+00
   19    16.33333   -97.51661 36.29825     333.085     688.201  927.943  290.525   95.688    0.473   12.822 0.00000e+00
   20    16.35000   -97.51549 36.30140     345.532     697.316  927.005  290.449   96.020    0.436   12.817 0.00000e+00
   21    16.36667   -97.51431 36.30467     363.515     710.914  925.542  290.316   96.694    0.452   12.818 0.00000e+00
   22    16.38333   -97.51305 36.30803     387.830     733.141  923.067  290.115   97.540    0.353   12.800 0.00000e+00
   23    16.40000   -97.51173 36.31140     408.659     752.838  920.892  289.971   97.942    0.015   12.765 0.00000e+00
   24    16.41667   -97.51053 36.31465     421.143     764.331  919.667  289.906   98.067   -0.123   12.745 0.00000e+00
   25    16.43333   -97.50955 36.31776     432.626     774.640  918.595  289.803   98.503   -0.035   12.733 0.00000e+00
   26    16.45000   -97.50868 36.32082     441.659     782.564  917.817  289.727   98.859   -0.052   12.728 0.00000e+00
   27    16.46667   -97.50769 36.32401     456.328     794.398  916.597  289.655   99.091   -0.120   12.716 0.00000e+00
   28    16.48333   -97.50632 36.32751     480.345     814.965  914.306  289.550   98.786    0.230   12.623 0.00000e+00
   29    16.50000   -97.50459 36.33127     503.389     837.070  911.771  289.387   99.034    0.294   12.558 0.00000e+00
   30    16.51667   -97.50275 36.33524     507.208     844.666  910.980  289.342   99.069    0.066   12.538 3.40651e-03
   31    16.53333   -97.50103 36.33945     510.639     850.640  910.396  289.323   99.007    0.114   12.522 2.84941e-03
   32    16.55000   -97.49942 36.34377     521.729     862.566  909.035  289.251   99.056    0.189   12.489 8.75252e-03
   33    16.56667   -97.49790 36.34798     537.178     877.845  907.626  289.130   99.696    0.556   12.492 1.17044e-02
   34    16.58333   -97.49644 36.35204     561.787     898.229  905.460  289.017   99.854    0.568   12.451 2.85331e-02
   35    16.60000   -97.49494 36.35596     589.067     921.958  902.838  288.888  100.000    0.459   12.413 6.41866e-02
   36    16.61667   -97.49337 36.35985     619.253     950.568  899.890  288.755  100.000    0.166   12.355 9.43283e-02
   37    16.63333   -97.49164 36.36385     652.830     981.434  896.633  288.625  100.000    0.409   12.295 1.43869e-01
   38    16.65000   -97.48956 36.36787     685.982    1011.242  893.505  288.502  100.000    0.562   12.242 2.00692e-01
   39    16.66667   -97.48705 36.37180     710.106    1032.518  891.116  288.379  100.000    0.375   12.177 1.89950e-01
   40    16.68333   -97.48441 36.37553     700.268    1026.380  891.669  288.358  100.000   -0.413   12.153 1.07772e-01
   41    16.70000   -97.48192 36.37914     655.665     986.312  895.924  288.607   99.085   -1.133   12.162 0.00000e+00
   42    16.71667   -97.47978 36.38272     593.492     927.295  902.186  289.245   95.274   -1.354   12.100 0.00000e+00
   43    16.73333   -97.47789 36.38633     538.319     874.853  907.816  289.783   92.437   -0.883   12.077 0.00000e+00
   44    16.75000   -97.47618 36.38987     517.203     855.257  909.960  289.961   91.706    0.260   12.090 0.00000e+00
   45    16.76667   -97.47456 36.39336     535.873     874.353  907.976  289.635   95.288    0.904   12.329 0.00000e+00
   46    16.78333   -97.47272 36.39694     559.302     897.579  905.520  289.292   98.039    0.823   12.443 0.00000e+00
   47    16.80000   -97.47062 36.40057     588.872     924.788  902.583  289.058   98.626    0.344   12.370 8.18696e-04
   48    16.81667   -97.46825 36.40431     606.176     941.483  900.660  288.991   97.882   -0.168   12.250 1.29949e-04
   49    16.83333   -97.46582 36.40807     612.255     949.309  899.845  289.115   95.585   -0.092   12.070 0.00000e+00
   50    16.85000   -97.46339 36.41171     624.854     963.565  898.403  289.174   93.735    0.268   11.900 0.00000e+00
   51    16.86667   -97.46095 36.41528     656.614     993.833  895.489  288.981   93.896    0.701   11.812 0.00000e+00
   52    16.88333   -97.45833 36.41890     698.278    1029.005  891.813  288.699   94.674    0.557   11.744 0.00000e+00
   53    16.90000   -97.45546 36.42253     714.322    1038.878  890.723  288.639   94.605    0.027   11.704 0.00000e+00
   54    16.91667   -97.45257 36.42609     698.002    1018.256  892.850  288.871   93.165   -0.310   11.672 0.00000e+00
   55    16.93333   -97.44965 36.42959     663.723     981.151  896.770  289.286   90.712   -0.489   11.621 0.00000e+00
   56    16.95000   -97.44675 36.43306     619.428     934.570  901.629  289.686   89.195   -0.543   11.660 0.00000e+00
   57    16.96667   -97.44403 36.43660     577.984     890.863  906.254  289.976   88.878   -0.397   11.776 0.00000e+00
   58    16.98333   -97.44149 36.44036     553.342     865.392  908.867  290.100   89.242   -0.049   11.884 0.00000e+00
   59    17.00000   -97.43899 36.44431     555.240     866.723  908.794  290.029   90.188    0.298   11.957 0.00000e+00
   60    17.01667   -97.43642 36.44833     576.649     887.250  906.561  289.835   91.021    0.455   11.948 0.00000e+00
   61    17.03333   -97.43384 36.45237     606.635     917.766  903.289  289.567   92.014    0.385   11.915 0.00000e+00
   62    17.05000   -97.43128 36.45634     636.122     947.450  900.267  289.323   92.911    0.398   11.884 0.00000e+00
   63    17.06667   -97.42871 36.46021     666.023     974.309  897.527  289.069   94.149    0.409   11.884 0.00000e+00
   64    17.08333   -97.42606 36.46398     687.662     992.509  895.491  288.870   95.197    0.215   11.890 0.00000e+00
   65    17.10000   -97.42326 36.46767     694.712     999.157  894.872  288.812   95.490   -0.006   11.891 0.00000e+00
   66    17.11667   -97.42042 36.47128     691.679     993.402  895.471  288.863   95.276   -0.155   11.895 0.00000e+00
   67    17.13333   -97.41766 36.47482     685.697     986.580  896.146  288.933   94.842   -0.071   11.885 0.00000e+00
   68    17.15000   -97.41505 36.47828     694.005     993.572  895.462  288.862   95.173    0.200   11.881 0.00000e+00
   69    17.16667   -97.41255 36.48171     726.747    1024.061  892.284  288.578   96.651    0.582   11.889 0.00000e+00
   70    17.18333   -97.41000 36.48519     776.589    1071.713  887.305  288.141   98.611    0.810   11.859 0.00000e+00
   71    17.20000   -97.40725 36.48878     820.092    1112.814  882.930  287.810  100.000    0.507   11.846 2.66677e-02
   72    17.21667   -97.40423 36.49246     828.381    1121.216  882.047  287.778   99.887   -0.563   11.803 8.01889e-03
   73    17.23333   -97.40117 36.49618     784.156    1077.954  886.552  288.194   97.246   -1.212   11.745 0.00000e+00
   74    17.25000   -97.39841 36.49975     713.091    1007.622  893.949  288.797   94.508   -0.744   11.769 0.00000e+00
   75    17.26667   -97.39630 36.50327     641.380     936.295  901.465  289.310   95.340   -0.796   12.169 0.00000e+00
   76    17.28333   -97.39472 36.50685     596.902     892.476  906.011  289.631   94.894   -0.307   12.301 0.00000e+00
   77    17.30000   -97.39322 36.51069     591.825     889.450  906.285  289.713   94.487   -0.080   12.309 0.00000e+00
   78    17.31667   -97.39150 36.51468     601.973     903.072  904.767  289.567   95.374   -0.002   12.331 0.00000e+00
   79    17.33333   -97.38976 36.51855     617.243     921.790  902.840  289.440   95.461    0.281   12.268 0.00000e+00
   80    17.35000   -97.38805 36.52222     653.063     960.404  898.775  289.054   97.366    0.883   12.261 0.00000e+00
   81    17.36667   -97.38612 36.52583     697.755    1008.226  893.741  288.628   99.938    0.565   12.313 2.23440e-02
   82    17.38333   -97.38416 36.52955     697.571    1010.559  893.535  288.654   99.787   -0.493   12.318 2.92277e-02
   83    17.40000   -97.38263 36.53311     653.642     968.972  897.928  289.074   96.770   -1.006   12.214 0.00000e+00
   84    17.41667   -97.38145 36.53642     611.510     928.804  902.182  289.656   91.776   -0.865   11.967 0.00000e+00
   85    17.43333   -97.38037 36.53954     582.472     900.679  905.255  290.089   88.369   -0.521   11.807 0.00000e+00
   86    17.45000   -97.37923 36.54250     562.469     880.412  907.407  290.183   89.040   -0.154   11.940 0.00000e+00
   87    17.46667   -97.37794 36.54544     552.097     869.755  908.577  290.227   89.392    0.012   12.005 0.00000e+00
   88    17.48333   -97.37648 36.54840     548.483     866.213  908.958  290.263   89.058    0.106   11.982 0.00000e+00
   89    17.50000   -97.37486 36.55144     550.036     868.053  908.721  290.242   89.048    0.157   11.968 0.00000e+00
   90    17.51667   -97.37320 36.55452     553.250     871.402  908.407  290.201   89.348    0.018   11.982 0.00000e+00
   91    17.53333   -97.37158 36.55762     553.070     871.793  908.320  290.199   89.352   -0.133   11.981 0.00000e+00
   92    17.55000   -97.37006 36.56076     547.060     867.187  908.707  290.233   89.314   -0.244   11.997 0.00000e+00
   93    17.56667   -97.36877 36.56398     534.238     856.786  909.809  290.323   89.197   -0.273   12.036 0.00000e+00
   94    17.58333   -97.36765 36.56731     516.355     841.999  911.386  290.460   88.690   -0.394   12.052 0.00000e+00
   95    17.60000   -97.36668 36.57068     489.009     818.110  913.919  290.693   87.697   -0.527   12.061 0.00000e+00
   96    17.61667   -97.36597 36.57402     449.818     781.007  917.917  291.013   86.698   -0.833   12.115 0.00000e+00
   97    17.63333   -97.36553 36.57737     384.957     717.490  924.757  291.629   84.120   -1.405   12.132 0.00000e+00
   98    17.65000   -97.36508 36.58067     311.277     644.640  932.662  292.325   81.466   -0.969   12.171 0.00000e+00
   99    17.66667   -97.36459 36.58376     268.407     601.038  937.363  292.752   79.621   -0.675   12.157 0.00000e+00
  100    17.68333   -97.36392 36.58677     239.010     571.139  940.616  293.034   78.774   -0.449   12.200 0.00000e+00
  101    17.70000   -97.36316 36.58957     226.603     557.819  942.114  293.153   78.496   -0.196   12.228 0.00000e+00
  102    17.71667   -97.36239 36.59228     221.026     550.404  942.940  293.201   78.813   -0.107   12.304 0.00000e+00
  103    17.73333   -97.36159 36.59488     217.661     545.247  943.448  293.260   79.103   -0.091   12.388 0.00000e+00
  104    17.75000   -97.36077 36.59718     226.404     552.616  942.607  293.230   79.700    0.233   12.469 0.00000e+00
  105    17.76667   -97.35999 36.59915     245.821     570.860  940.664  293.053   80.478    0.282   12.478 0.00000e+00
  106    17.78333   -97.35934 36.60085     268.522     592.303  938.301  292.853   81.440    0.288   12.501 0.00000e+00
  107    17.80000   -97.35891 36.60254     288.243     610.501  936.390  292.702   82.324    0.391   12.544 0.00000e+00
  108    17.81667   -97.35860 36.60447     302.922     623.214  935.042  292.617   82.783    0.400   12.565 0.00000e+00
  109    17.83333   -97.35835 36.60658     308.111     626.809  934.589  292.605   83.014    0.335   12.597 0.00000e+00
  110    17.85000   -97.35811 36.60878     303.246     620.524  935.336  292.710   82.696    0.122   12.622 0.00000e+00
  111    17.86667   -97.35787 36.61108     282.850     598.583  937.730  292.939   81.705   -0.169   12.618 0.00000e+00
  112    17.88333   -97.35758 36.61338     246.311     560.445  941.890  293.297   80.019   -0.504   12.581 0.00000e+00
  113    17.90000   -97.35718 36.61561     198.501     511.296  947.226  293.738   78.038   -0.698   12.540 0.00000e+00
  114    17.91667   -97.35669 36.61778     153.951     465.493  952.243  294.176   76.175   -0.543   12.512 0.00000e+00
  115    17.93333   -97.35619 36.61987     125.528     435.872  955.510  294.458   74.905   -0.406   12.477 0.00000e+00
  116    17.95000   -97.35567 36.62194     105.492     414.820  957.801  294.650   74.039   -0.368   12.450 0.00000e+00
  117    17.96667   -97.35519 36.62394      87.329     396.203  959.802  294.866   73.248   -0.309   12.456 0.00000e+00
  118    17.98333   -97.35485 36.62585      76.681     385.217  961.003  295.060   72.644   -0.241   12.487 0.00000e+00
  119    18.00000   -97.35468 36.62762      70.591     378.832  961.712  295.266   72.023   -0.189   12.529 0.00000e+00
  120    18.01667   -97.35464 36.62922      69.582     377.560  961.786  295.364   71.729   -0.030   12.553 0.00000e+00
  121    18.03333   -97.35457 36.63065      75.134     383.002  961.165  295.368   71.748    0.105   12.567 0.00000e+00
  122    18.05000   -97.35423 36.63204      88.434     396.389  959.692  295.292   72.092    0.092   12.589 0.00000e+00
  123    18.06667   -97.35369 36.63340      90.304     398.449  959.491  295.284   72.058   -0.248   12.579 0.00000e+00
  124    18.08333   -97.35345 36.63460      82.316     390.623  960.342  295.367   71.712   -0.013   12.571 0.00000e+00
  125    18.10000   -97.35359 36.63573      86.355     394.713  959.873  295.385   71.482    0.317   12.551 0.00000e+00
  126    18.11667   -97.35385 36.63711     101.843     410.215  958.141  295.258   71.780    0.533   12.528 0.00000e+00
  127    18.13333   -97.35440 36.63884     118.869     426.735  956.365  295.020   72.505    0.637   12.494 0.00000e+00
  128    18.15000   -97.35513 36.64085     139.778     445.953  954.258  294.861   73.021    0.723   12.487 0.00000e+00
  129    18.16667   -97.35587 36.64293     177.389     481.939  950.304  294.594   74.034    0.830   12.505 0.00000e+00
  130    18.18333   -97.35650 36.64497     253.909     557.043  942.088  293.949   76.504    1.605   12.525 0.00000e+00
  131    18.20000   -97.35674 36.64677     383.780     685.872  928.143  292.770   81.010    2.038   12.507 0.00000e+00
  132    18.21667   -97.35610 36.64849     531.790     833.207  912.420  291.361   86.172    1.841   12.385 0.00000e+00
  133    18.23333   -97.35500 36.65018     667.596     968.344  898.158  290.110   91.808    1.723   12.381 0.00000e+00
  134    18.25000   -97.35364 36.65208     782.014    1081.773  886.332  289.057   97.313    1.784   12.430 0.00000e+00
  135    18.26667   -97.35217 36.65424     885.979    1184.408  875.657  288.258  100.000    1.677   12.298 7.02352e-02
  136    18.28333   -97.35052 36.65649     975.685    1273.670  866.462  287.691  100.000    1.257   11.981 1.72723e-01
  137    18.30000   -97.34865 36.65876    1039.134    1337.134  859.977  287.345  100.000    0.908   11.803 2.69483e-01
  138    18.31667   -97.34660 36.66106    1076.127    1374.125  856.255  287.112  100.000    0.498   11.677 2.84390e-01
  139    18.33333   -97.34436 36.66349    1095.304    1393.331  854.311  286.933   99.919    0.288   11.538 2.51743e-01
  140    18.35000   -97.34212 36.66612    1104.218    1402.188  853.429  286.814   99.226   -0.132   11.381 2.13170e-01
  141    18.36667   -97.33993 36.66914    1102.468    1400.341  853.605  286.826   99.146   -0.090   11.379 1.93643e-01
  142    18.38333   -97.33805 36.67260    1113.710    1411.526  852.427  286.655   99.692    0.603   11.329 1.10388e-01
  143    18.40000   -97.33659 36.67623    1170.274    1468.226  846.733  286.330   99.694    1.761   11.166 1.58732e-01
  144    18.41667   -97.33548 36.67965    1258.331    1556.250  837.960  285.751  100.000    1.565   10.911 2.24538e-01
  145    18.43333   -97.33472 36.68275    1357.101    1656.076  828.031  285.246  100.000    1.446   10.684 3.65648e-01
  146    18.45000   -97.33384 36.68570    1471.155    1771.503  816.759  284.796  100.000    1.916   10.513 6.55643e-01
  147    18.46667   -97.33273 36.68861    1577.112    1879.064  806.286  284.199  100.000    2.104   10.236 7.87782e-01
  148    18.48333   -97.33151 36.69159    1654.252    1957.726  798.729  283.781  100.000    2.185   10.049 8.67582e-01
  149    18.50000   -97.32996 36.69478    1714.496    2019.500  792.864  283.474  100.000    1.933    9.916 8.65731e-01
  150    18.51667   -97.32767 36.69815    1780.023    2087.390  786.385  282.683  100.000    1.065    9.463 6.05501e-01
  151    18.53333   -97.32462 36.70174    1837.237    2148.104  780.711  282.165   98.863    0.610    9.097 5.06232e-01
  152    18.55000   -97.32082 36.70592    1884.190    2197.508  776.061  282.143   99.288    0.436    9.177 6.82279e-01
  153    18.56667   -97.31654 36.71038    1863.129    2177.232  778.038  282.576   93.938   -1.004    8.919 3.59406e-01
  154    18.58333   -97.31284 36.71450    1784.701    2096.336  785.766  283.348   80.619   -1.698    7.983 5.27681e-02
  155    18.60000   -97.30989 36.71816    1720.848    2027.850  792.248  283.748   80.243   -1.230    8.095 0.00000e+00
  156    18.61667   -97.30717 36.72178    1672.392    1976.065  797.085  284.509   71.819   -0.841    7.577 0.00000e+00
  157    18.63333   -97.30460 36.72551    1638.572    1941.765  800.363  284.874   68.269   -0.640    7.349 0.00000e+00
  158    18.65000   -97.30222 36.72924    1613.802    1916.722  802.730  284.696   72.531   -0.275    7.693 0.00000e+00
  159    18.66667   -97.30013 36.73291    1595.480    1899.058  804.434  284.194   82.128    0.106    8.407 0.00000e+00
  160    18.68333   -97.29824 36.73662    1585.770    1890.126  805.349  283.863   88.772    0.202    8.877 0.00000e+00
  161    18.70000   -97.29643 36.74051    1571.190    1876.274  806.702  283.895   89.878   -0.063    8.992 0.00000e+00
  162    18.71667   -97.29430 36.74445    1542.358    1848.554  809.378  284.220   86.951   -0.773    8.861 0.00000e+00
  163    18.73333   -97.29214 36.74846    1464.336    1772.528  816.734  284.645   89.614   -1.473    9.310 0.00000e+00
  164    18.75000   -97.29023 36.75261    1417.556    1728.430  821.046  284.979   89.461   -0.198    9.453 0.00000e+00
  165    18.76667   -97.28838 36.75654    1443.678    1756.339  818.360  284.600   92.931    0.737    9.606 4.30995e-03
  166    18.78333   -97.28640 36.76021    1494.219    1807.501  813.377  284.110   97.799    1.176    9.844 7.97903e-02
  167    18.80000   -97.28432 36.76390    1558.836    1872.460  807.097  283.687  100.000    1.294    9.882 1.98724e-01
  168    18.81667   -97.28204 36.76765    1616.109    1929.588  801.634  283.468  100.000    0.820    9.804 3.39820e-01
  169    18.83333   -97.27959 36.77150    1646.752    1959.507  798.787  283.362  100.000    0.141    9.770 3.88122e-01
  170    18.85000   -97.27695 36.77538    1648.626    1960.220  798.684  283.111  100.000   -0.486    9.604 1.68082e-01
  171    18.86667   -97.27431 36.77912    1623.125    1933.062  801.327  283.176   98.786   -0.773    9.481 1.08195e-02
  172    18.88333   -97.27180 36.78265    1580.000    1888.226  805.661  283.659   94.535   -0.937    9.322 0.00000e+00
  173    18.90000   -97.26953 36.78613    1526.728    1833.199  810.960  284.301   89.507   -1.016    9.153 0.00000e+00
  174    18.91667   -97.26747 36.78974    1461.199    1767.014  817.401  284.957   85.566   -1.066    9.069 0.00000e+00
  175    18.93333   -97.26557 36.79338    1404.752    1710.151  822.943  285.484   83.387   -0.766    9.090 0.00000e+00
  176    18.95000   -97.26389 36.79684    1388.856    1693.946  824.518  285.631   83.164    0.008    9.136 0.00000e+00
  177    18.96667   -97.26220 36.80010    1419.374    1724.914  821.484  285.371   84.179    0.746    9.124 0.00000e+00
  178    18.98333   -97.26044 36.80325    1467.505    1773.296  816.759  284.812   87.981    0.582    9.242 0.00000e+00
