    0    16.01667   -97.46933 36.22077      52.936     414.183  957.651  292.818   85.347   -0.230   12.806 0.00000e+00
    1    16.03333   -97.46753 36.22385      37.450     404.584  958.576  293.001   84.719   -0.191   12.846 0.00000e+00
    2    16.05000   -97.46581 36.22664      27.339     400.815  959.063  293.144   84.267   -0.105   12.886 0.00000e+00
    3    16.06667   -97.46429 36.22905      21.656     399.923  959.212  293.273   83.904   -0.081   12.932 0.00000e+00
    4    16.08333   -97.46307 36.23116      17.952     397.519  959.753  293.400   83.489   -0.039   12.963 0.00000e+00
    5    16.10000   -97.46217 36.23303      16.836     394.710  960.136  293.486   83.274   -0.019   12.994 0.00000e+00
    6    16.11667   -97.46162 36.23478      18.285     393.888  960.251  293.585   83.141    0.045   13.052 0.00000e+00
    7    16.13333   -97.46136 36.23645      22.261     395.426  960.050  293.595   83.215    0.101   13.074 0.00000e+00
    8    16.15000   -97.46126 36.23816      28.188     398.910  959.608  293.560   83.390    0.094   13.080 0.00000e+00
    9    16.16667   -97.46117 36.23994      32.544     401.726  959.264  293.538   83.498    0.091   13.084 0.00000e+00
   10    16.18333   -97.46094 36.24184      39.123     407.041  958.686  293.509   83.568    0.158   13.079 0.00000e+00
   11    16.20000   -97.46046 36.24396      52.412     419.097  957.321  293.312   84.199    0.267   13.035 0.00000e+00
   12    16.21667   -97.45988 36.24612      72.147     437.646  955.240  293.095   85.032    0.522   13.015 0.00000e+00
   13    16.23333   -97.45930 36.24834     107.121     471.323  951.578  292.614   86.709    0.676   12.928 0.00000e+00
   14    16.25000   -97.45872 36.25050     164.132     527.186  945.362  292.059   88.954    1.283   12.892 0.00000e+00
   15    16.26667   -97.45805 36.25276     251.019     613.196  935.898  291.156   92.751    1.661   12.826 0.00000e+00
   16    16.28333   -97.45723 36.25515     346.277     708.006  925.596  290.232   97.301    1.603   12.829 0.00000e+00
   17    16.30000   -97.45626 36.25772     418.804     779.895  917.877  289.618  100.000    1.178   12.792 3.15656e-02
   18    16.31667   -97.45513 36.26048     471.677     831.894  912.341  289.372  100.000    0.776   12.677 1.19799e-01
   19    16.33333   -97.45383 36.26338     506.414     865.359  908.900  289.213  100.000    0.567   12.597 1.66425e-01
   20    16.35000   -97.45238 36.26641     524.771     880.406  907.425  289.142  100.000    0.322   12.560 1.78899e-01
   21    16.36667   -97.45085 36.26948     524.383     875.433  907.912  289.158  100.000    0.024   12.566 1.53257e-01
   22    16.38333   -97.44926 36.27256     507.044     853.697  910.196  289.240  100.000   -0.320   12.590 6.03728e-02
   23    16.40000   -97.44763 36.27570     476.615     819.620  913.796  289.530   98.358   -0.534   12.560 0.00000e+00
   24    16.41667   -97.44601 36.27893     446.535     786.875  917.277  289.906   96.104   -0.416   12.523 0.00000e+00
   25    16.43333   -97.44427 36.28223     422.045     759.864  920.240  290.224   94.426   -0.250   12.517 0.00000e+00
   26    16.45000   -97.44241 36.28558     400.432     735.735  922.736  290.448   93.609   -0.185   12.553 0.00000e+00
   27    16.46667   -97.44059 36.28889     377.423     711.683  925.314  290.674   92.584   -0.186   12.560 0.00000e+00
   28    16.48333   -97.43889 36.29218     356.929     690.655  927.633  290.874   91.633   -0.180   12.558 0.00000e+00
   29    16.50000   -97.43741 36.29541     343.475     676.030  929.220  291.023   90.688   -0.242   12.525 0.00000e+00
   30    16.51667   -97.43611 36.29863     330.590     661.772  930.799  291.172   89.919   -0.419   12.516 0.00000e+00
   31    16.53333   -97.43496 36.30184     308.091     637.288  933.542  291.415   88.870   -0.659   12.524 0.00000e+00
   32    16.55000   -97.43407 36.30502     268.759     595.577  937.961  291.811   87.279   -0.981   12.552 0.00000e+00
   33    16.56667   -97.43356 36.30817     212.578     541.050  943.902  292.335   85.184   -1.053   12.582 0.00000e+00
   34    16.58333   -97.43358 36.31122     161.543     492.120  949.292  292.808   83.235   -0.731   12.592 0.00000e+00
   35    16.60000   -97.43398 36.31422     135.876     468.449  951.930  293.041   82.251   -0.161   12.591 0.00000e+00
   36    16.61667   -97.43446 36.31723     136.574     470.214  951.733  293.014   82.499    0.138   12.611 0.00000e+00
   37    16.63333   -97.43488 36.32016     137.348     471.849  951.521  292.972   82.891   -0.085   12.639 0.00000e+00
   38    16.65000   -97.43549 36.32315     127.703     461.287  952.789  293.081   82.482   -0.201   12.646 0.00000e+00
   39    16.66667   -97.43637 36.32627     118.585     449.267  954.101  293.202   82.091   -0.104   12.664 0.00000e+00
   40    16.68333   -97.43742 36.32943     117.976     445.925  954.443  293.242   81.935    0.077   12.668 0.00000e+00
   41    16.70000   -97.43862 36.33251     123.912     450.472  953.970  293.213   82.097    0.211   12.676 0.00000e+00
   42    16.71667   -97.43987 36.33543     142.942     468.351  952.027  293.002   83.115    0.241   12.691 0.00000e+00
   43    16.73333   -97.44106 36.33819     196.932     521.119  946.216  292.521   85.460    1.180   12.740 0.00000e+00
   44    16.75000   -97.44203 36.34075     290.974     612.758  936.183  291.715   89.230    1.811   12.780 0.00000e+00
   45    16.76667   -97.44257 36.34331     387.744     706.756  926.010  290.813   93.515    1.629   12.789 0.00000e+00
   46    16.78333   -97.44260 36.34608     471.637     787.567  917.288  290.045   97.381    1.618   12.803 0.00000e+00
   47    16.80000   -97.44221 36.34909     546.728     862.015  909.246  289.454  100.000    1.620   12.778 2.71384e-02
   48    16.81667   -97.44163 36.35234     610.386     925.747  902.497  289.208  100.000    1.452   12.682 1.53106e-01
   49    16.83333   -97.44091 36.35591     655.336     971.435  897.578  289.008  100.000    0.604   12.590 2.39088e-01
   50    16.85000   -97.43982 36.35982     674.394     993.651  895.240  288.828  100.000   -0.150   12.478 2.23364e-01
   51    16.86667   -97.43819 36.36374     668.977     991.446  895.463  288.767  100.000   -0.520   12.426 1.58256e-01
   52    16.88333   -97.43605 36.36745     646.301     973.605  897.354  288.806  100.000   -0.649   12.431 7.43712e-02
   53    16.90000   -97.43343 36.37077     622.732     953.604  899.523  288.877  100.000   -0.607   12.441 1.37853e-02
   54    16.91667   -97.43050 36.37365     601.363     933.306  901.684  289.017   99.640   -0.487   12.477 1.34497e-02
   55    16.93333   -97.42725 36.37644     584.442     916.845  903.447  289.179   98.637   -0.377   12.457 0.00000e+00
   56    16.95000   -97.42372 36.37951     570.323     902.454  904.974  289.310   97.938   -0.179   12.452 0.00000e+00
   57    16.96667   -97.42022 36.38293     548.966     881.324  907.190  289.569   96.193   -0.816   12.405 0.00000e+00
   58    16.98333   -97.41692 36.38637     507.101     839.203  911.802  290.043   93.433   -1.038   12.357 0.00000e+00
   59    17.00000   -97.41404 36.38969     467.843     796.185  916.584  290.437   91.798   -0.422   12.384 0.00000e+00
   60    17.01667   -97.41142 36.39294     458.585     782.033  918.057  290.524   91.928    0.130   12.451 0.00000e+00
   61    17.03333   -97.40891 36.39619     464.885     784.730  917.711  290.496   92.241    0.100   12.476 0.00000e+00
   62    17.05000   -97.40657 36.39935     458.559     775.851  918.604  290.631   91.189   -0.194   12.428 0.00000e+00
   63    17.06667   -97.40453 36.40234     441.236     756.990  920.615  290.861   89.771   -0.370   12.387 0.00000e+00
   64    17.08333   -97.40289 36.40515     420.639     735.402  922.980  291.126   88.250   -0.418   12.352 0.00000e+00
   65    17.10000   -97.40160 36.40786     402.275     715.543  925.092  291.351   87.038   -0.355   12.329 0.00000e+00
   66    17.11667   -97.40053 36.41055     386.769     698.919  926.853  291.517   86.292   -0.239   12.329 0.00000e+00
   67    17.13333   -97.39955 36.41324     378.970     690.424  927.739  291.609   85.870   -0.033   12.329 0.00000e+00
   68    17.15000   -97.39848 36.41598     380.837     692.112  927.523  291.603   86.091    0.186   12.359 0.00000e+00
   69    17.16667   -97.39722 36.41875     389.227     700.773  926.554  291.522   86.785    0.276   12.407 0.00000e+00
   70    17.18333   -97.39571 36.42154     396.836     709.134  925.698  291.433   87.744    0.203   12.486 0.00000e+00
   71    17.20000   -97.39398 36.42434     399.679     710.955  925.535  291.402   88.297    0.005   12.542 0.00000e+00
   72    17.21667   -97.39218 36.42720     390.862     700.941  926.589  291.485   88.228   -0.247   12.584 0.00000e+00
   73    17.23333   -97.39046 36.43014     372.719     682.585  928.610  291.657   87.588   -0.388   12.602 0.00000e+00
   74    17.25000   -97.38893 36.43313     352.430     660.551  931.002  291.865   86.608   -0.395   12.592 0.00000e+00
   75    17.26667   -97.38760 36.43612     328.817     634.747  933.843  292.116   85.443   -0.407   12.583 0.00000e+00
   76    17.28333   -97.38649 36.43908     305.705     609.718  936.482  292.362   84.403   -0.393   12.588 0.00000e+00
   77    17.30000   -97.38559 36.44202     279.848     583.997  939.341  292.622   83.274   -0.418   12.585 0.00000e+00
   78    17.31667   -97.38487 36.44494     252.419     556.464  942.333  292.892   82.119   -0.466   12.582 0.00000e+00
   79    17.33333   -97.38435 36.44781     226.122     530.920  945.054  293.134   80.991   -0.514   12.562 0.00000e+00
   80    17.35000   -97.38394 36.45068     197.962     505.085  947.860  293.381   79.987   -0.568   12.562 0.00000e+00
   81    17.36667   -97.38366 36.45358     166.794     476.325  951.053  293.666   78.875   -0.646   12.567 0.00000e+00
   82    17.38333   -97.38349 36.45656     132.697     442.207  954.944  294.019   77.506   -0.682   12.571 0.00000e+00
   83    17.40000   -97.38348 36.45959     102.405     409.594  958.480  294.319   76.303   -0.513   12.561 0.00000e+00
   84    17.41667   -97.38349 36.46263      88.525     393.428  960.239  294.524   75.460   -0.216   12.558 0.00000e+00
   85    17.43333   -97.38345 36.46560      89.628     391.656  960.442  294.699   74.961    0.054   12.608 0.00000e+00
   86    17.45000   -97.38334 36.46849      99.484     398.486  959.697  294.794   74.754    0.182   12.657 0.00000e+00
   87    17.46667   -97.38299 36.47131     109.878     405.899  958.884  294.739   74.670    0.076   12.612 0.00000e+00
   88    17.48333   -97.38237 36.47404     113.864     407.418  958.686  294.676   74.481   -0.054   12.533 0.00000e+00
   89    17.50000   -97.38160 36.47665     109.358     400.709  959.410  294.675   74.059   -0.294   12.452 0.00000e+00
   90    17.51667   -97.38074 36.47931      93.945     383.214  961.327  294.900   73.209   -0.347   12.457 0.00000e+00
   91    17.53333   -97.37992 36.48207      76.180     365.857  963.134  295.137   72.471   -0.222   12.489 0.00000e+00
   92    17.55000   -97.37934 36.48485      78.045     369.100  962.732  295.305   72.407    0.411   12.613 0.00000e+00
   93    17.56667   -97.37869 36.48763     105.158     397.632  959.584  295.085   73.141    0.782   12.610 0.00000e+00
   94    17.58333   -97.37781 36.49065     129.332     423.422  956.723  294.835   73.891    0.488   12.583 0.00000e+00
   95    17.60000   -97.37733 36.49368     125.935     421.456  956.968  294.857   73.690   -0.127   12.563 0.00000e+00
   96    17.61667   -97.37735 36.49638     119.992     416.768  957.460  294.845   73.794   -0.100   12.564 0.00000e+00
   97    17.63333   -97.37744 36.49892     141.127     439.123  955.015  294.659   74.512    0.248   12.574 0.00000e+00
   98    17.65000   -97.37722 36.50148     176.883     476.081  950.940  294.370   75.726    0.452   12.606 0.00000e+00
   99    17.66667   -97.37664 36.50426     209.326     509.803  947.238  294.059   77.027    0.242   12.627 0.00000e+00
  100    17.68333   -97.37589 36.50724     231.620     533.697  944.650  293.812   77.975   -0.014   12.623 0.00000e+00
  101    17.70000   -97.37527 36.51025     246.391     550.197  942.824  293.644   78.535    0.031   12.605 0.00000e+00
  102    17.71667   -97.37494 36.51321     259.450     564.953  941.251  293.507   78.969    0.127   12.588 0.00000e+00
  103    17.73333   -97.37483 36.51605     274.802     581.471  939.486  293.358   79.492    0.232   12.578 0.00000e+00
  104    17.75000   -97.37480 36.51878     293.759     601.482  937.289  293.175   80.117    0.386   12.563 0.00000e+00
  105    17.76667   -97.37489 36.52140     316.515     625.294  934.731  292.956   80.900    0.571   12.547 0.00000e+00
  106    17.78333   -97.37506 36.52401     349.593     659.553  931.016  292.632   82.142    0.806   12.534 0.00000e+00
  107    17.80000   -97.37515 36.52670     392.552     703.729  926.264  292.197   83.850    1.007   12.514 0.00000e+00
  108    17.81667   -97.37511 36.52954     443.693     756.099  920.667  291.678   85.746    1.072   12.460 0.00000e+00
  109    17.83333   -97.37496 36.53273     497.891     811.281  914.781  291.138   87.909    0.960   12.425 0.00000e+00
  110    17.85000   -97.37473 36.53628     546.887     861.157  909.470  290.677   89.889    0.781   12.411 0.00000e+00
  111    17.86667   -97.37428 36.54005     582.496     897.054  905.714  290.349   91.333    0.503   12.401 0.00000e+00
  112    17.88333   -97.37375 36.54390     594.147     908.422  904.487  290.240   91.876    0.129   12.405 0.00000e+00
  113    17.90000   -97.37319 36.54758     583.030     897.474  905.638  290.318   91.636   -0.466   12.419 0.00000e+00
  114    17.91667   -97.37274 36.55103     546.417     862.293  909.384  290.675   89.752   -0.969   12.392 0.00000e+00
  115    17.93333   -97.37233 36.55423     492.166     809.321  915.001  291.212   86.891   -1.297   12.336 0.00000e+00
  116    17.95000   -97.37199 36.55718     425.281     744.039  921.942  291.862   83.717   -1.423   12.290 0.00000e+00
  117    17.96667   -97.37171 36.56007     345.959     666.557  930.220  292.615   80.560   -1.737   12.290 0.00000e+00
  118    17.98333   -97.37154 36.56298     242.257     564.854  941.232  293.608   76.690   -2.099   12.303 0.00000e+00
  119    18.00000   -97.37106 36.56566     127.760     451.979  953.514  294.723   72.581   -1.671   12.316 0.00000e+00
  120    18.01667   -97.36996 36.56789      62.177     387.989  960.507  295.367   70.361   -0.708   12.332 0.00000e+00
  121    18.03333   -97.36817 36.56968      41.839     369.539  962.467  295.753   69.613    0.040   12.468 0.00000e+00
  122    18.05000   -97.36643 36.57106      55.423     384.946  960.816  295.843   69.836    0.381   12.599 0.00000e+00
  123    18.06667   -97.36520 36.57227      86.046     416.833  957.320  295.464   71.277    0.707   12.610 0.00000e+00
  124    18.08333   -97.36467 36.57370     138.223     469.686  951.532  294.985   73.092    1.708   12.632 0.00000e+00
  125    18.10000   -97.36473 36.57581     223.164     555.323  942.192  294.137   76.308    1.897   12.638 0.00000e+00
  126    18.11667   -97.36530 36.57838     293.850     626.799  934.472  293.450   79.043    1.046   12.648 0.00000e+00
  127    18.13333   -97.36600 36.58094     331.148     664.318  930.467  293.067   80.578    0.545   12.643 0.00000e+00
  128    18.15000   -97.36670 36.58339     357.361     689.533  927.760  292.797   81.474    0.425   12.606 0.00000e+00
  129    18.16667   -97.36732 36.58578     383.754     714.841  924.995  292.517   82.501    0.577   12.580 0.00000e+00
  130    18.18333   -97.36791 36.58825     414.962     744.806  921.824  292.218   83.711    0.513   12.570 0.00000e+00
  131    18.20000   -97.36845 36.59083     437.494     765.740  919.596  292.004   84.638    0.295   12.570 0.00000e+00
  132    18.21667   -97.36889 36.59348     446.095     772.851  918.847  291.936   84.749   -0.173   12.543 0.00000e+00
  133    18.23333   -97.36923 36.59623     416.766     742.156  922.134  292.261   82.737   -1.064   12.454 0.00000e+00
  134    18.25000   -97.36945 36.59908     345.966     670.780  929.809  292.967   79.264   -1.552   12.368 0.00000e+00
  135    18.26667   -97.36958 36.60194     263.843     588.326  938.777  293.767   76.008   -1.225   12.347 0.00000e+00
  136    18.28333   -97.36960 36.60480     208.991     533.068  944.829  294.303   74.043   -0.509   12.355 0.00000e+00
  137    18.30000   -97.36937 36.60760     181.534     504.208  947.970  294.600   72.687   -0.221   12.313 0.00000e+00
  138    18.31667   -97.36891 36.61024     159.876     480.954  950.498  294.827   71.718   -0.191   12.288 0.00000e+00
  139    18.33333   -97.36835 36.61274     142.780     462.281  952.519  295.001   71.094   -0.094   12.286 0.00000e+00
  140    18.35000   -97.36766 36.61515     131.282     449.023  953.975  295.134   70.580    0.027   12.278 0.00000e+00
  141    18.36667   -97.36693 36.61749     128.102     444.005  954.539  295.189   70.351    0.114   12.273 0.00000e+00
  142    18.38333   -97.36614 36.61975     128.114     442.190  954.735  295.223   70.233    0.160   12.276 0.00000e+00
  143    18.40000   -97.36530 36.62196     130.479     442.828  954.652  295.239   70.270    0.023   12.295 0.00000e+00
  144    18.41667   -97.36443 36.62409     126.321     437.440  955.189  295.318   70.073   -0.140   12.314 0.00000e+00
  145    18.43333   -97.36368 36.62603     111.087     421.100  957.008  295.506   69.236   -0.421   12.285 0.00000e+00
  146    18.45000   -97.36310 36.62771      85.475     394.519  959.967  295.765   68.154   -0.662   12.248 0.00000e+00
  147    18.46667   -97.36279 36.62909      51.231     359.571  963.802  296.183   66.903   -0.707   12.286 0.00000e+00
  148    18.48333   -97.36291 36.63019      22.478     330.503  966.965  296.793   65.381   -0.350   12.421 0.00000e+00
  149    18.50000   -97.36335 36.63102      17.422     325.411  967.517  297.226   64.457    0.128   12.566 0.00000e+00
  150    18.51667   -97.36334 36.63213      36.618     344.069  965.435  296.993   65.162    0.626   12.552 0.00000e+00
  151    18.53333   -97.36288 36.63361      71.916     378.401  961.654  296.584   66.354    0.959   12.516 0.00000e+00
  152    18.55000   -97.36224 36.63525     117.588     423.095  956.718  296.140   67.769    1.348   12.505 0.00000e+00
  153    18.56667   -97.36172 36.63705     178.750     483.412  950.078  295.512   69.778    1.628   12.476 0.00000e+00
  154    18.58333   -97.36131 36.63884     274.572     578.566  939.690  294.627   72.926    2.345   12.484 0.00000e+00
  155    18.60000   -97.36086 36.64056     395.585     699.083  926.709  293.439   77.339    2.746   12.471 0.00000e+00
  156    18.61667   -97.36018 36.64214     544.985     848.083  910.829  291.971   83.271    3.287   12.461 0.00000e+00
  157    18.63333   -97.35900 36.64361     701.819    1004.788  894.336  290.434   89.983    3.314   12.442 0.00000e+00
  158    18.65000   -97.35731 36.64512     841.383    1144.184  879.870  289.033   96.363    2.649   12.381 0.00000e+00
  159    18.66667   -97.35539 36.64685     961.374    1263.748  867.570  288.052  100.000    2.144   12.248 8.09093e-02
  160    18.68333   -97.35349 36.64884    1064.277    1365.883  857.225  287.544  100.000    1.756   11.996 2.74428e-01
  161    18.70000   -97.35168 36.65106    1148.074    1448.096  848.948  287.050  100.000    1.488   11.731 3.50280e-01
  162    18.71667   -97.34985 36.65345    1215.579    1514.167  842.317  286.696  100.000    1.614   11.550 4.52497e-01
  163    18.73333   -97.34801 36.65602    1280.245    1578.240  835.915  286.150   99.904    1.479   11.202 3.93702e-01
  164    18.75000   -97.34613 36.65884    1352.854    1650.852  828.715  285.722  100.000    1.915   11.011 4.68406e-01
  165    18.76667   -97.34421 36.66195    1431.655    1729.712  820.962  285.113  100.000    1.830   10.683 4.34215e-01
  166    18.78333   -97.34203 36.66512    1501.471    1799.575  814.129  284.625  100.000    1.509   10.429 4.36829e-01
  167    18.80000   -97.33949 36.66815    1549.293    1847.338  809.508  284.277  100.000    0.693   10.247 3.95077e-01
  168    18.81667   -97.33662 36.67110    1558.703    1856.701  808.593  284.069  100.000   -0.463   10.119 2.82224e-01
  169    18.83333   -97.33365 36.67409    1518.238    1815.920  812.573  284.203   98.948   -1.431   10.032 1.35990e-01
  170    18.85000   -97.33078 36.67732    1432.834    1730.169  820.948  284.792   95.940   -1.894   10.013 3.08020e-03
  171    18.86667   -97.32820 36.68086    1334.563    1632.277  830.428  285.739   90.231   -1.440    9.912 0.00000e+00
  172    18.88333   -97.32577 36.68456    1259.691    1561.401  837.436  286.430   86.608   -0.826    9.873 0.00000e+00
  173    18.90000   -97.32328 36.68830    1222.561    1528.827  840.731  286.738   85.431   -0.190    9.898 0.00000e+00
  174    18.91667   -97.32062 36.69206    1215.559    1524.412  841.157  286.786   85.240    0.280    9.902 0.00000e+00
  175    18.93333   -97.31786 36.69584    1220.882    1531.398  840.534  286.727   85.394    0.410    9.890 0.00000e+00
  176    18.95000   -97.31514 36.69965    1234.045    1546.342  839.060  286.590   85.840    0.511    9.869 0.00000e+00
  177    18.96667   -97.31262 36.70346    1263.350    1576.954  836.055  286.289   87.129    0.769    9.858 0.00000e+00
  178    18.98333   -97.31024 36.70724    1314.278    1627.709  831.115  285.796   89.365    1.088    9.845 0.00000e+00
