    0    16.01667   -97.56439 36.24148      90.233     426.790  956.289  292.788   86.920   -0.232   13.036 0.00000e+00
    1    16.03333   -97.56517 36.24347      64.814     402.370  958.918  292.991   85.982   -0.521   13.025 0.00000e+00
    2    16.05000   -97.56607 36.24514      39.381     377.433  961.701  293.211   84.884   -0.348   12.999 0.00000e+00
    3    16.06667   -97.56701 36.24651      26.858     364.891  963.100  293.434   84.101   -0.124   13.040 0.00000e+00
    4    16.08333   -97.56786 36.24760      21.872     359.492  963.737  293.621   83.327   -0.078   13.063 0.00000e+00
    5    16.10000   -97.56859 36.24857      18.853     355.999  964.157  293.792   82.823   -0.028   13.117 0.00000e+00
    6    16.11667   -97.56917 36.24953      16.137     352.942  964.508  293.956   82.405   -0.043   13.180 0.00000e+00
    7    16.13333   -97.56947 36.25048      13.491     350.208  964.789  294.098   81.978   -0.051   13.224 0.00000e+00
    8    16.15000   -97.56969 36.25134      11.577     348.319  964.994  294.253   81.595   -0.002   13.287 0.00000e+00
    9    16.16667   -97.57004 36.25227      10.442     347.175  965.153  294.421   81.032   -0.031   13.331 0.00000e+00
   10    16.18333   -97.57063 36.25343       8.528     345.248  965.360  294.569   80.227   -0.031   13.318 0.00000e+00
   11    16.20000   -97.57156 36.25476       7.495     344.409  965.436  294.668   79.357   -0.024   13.253 0.00000e+00
   12    16.21667   -97.57286 36.25623       6.965     344.113  965.478  294.618   79.154    0.000   13.177 0.00000e+00
   13    16.23333   -97.57421 36.25770       8.863     346.182  965.262  294.580   79.421    0.049   13.194 0.00000e+00
   14    16.25000   -97.57542 36.25901      13.700     351.178  964.751  294.497   79.851    0.112   13.204 0.00000e+00
   15    16.26667   -97.57647 36.26034      21.931     359.569  963.838  294.395   80.160    0.222   13.184 0.00000e+00
   16    16.28333   -97.57745 36.26181      38.187     375.993  961.988  294.169   80.851    0.504   13.139 0.00000e+00
   17    16.30000   -97.57825 36.26353      67.697     405.750  958.683  293.757   82.184    0.784   13.062 0.00000e+00
   18    16.31667   -97.57887 36.26541     125.494     463.959  952.197  293.110   84.713    1.004   13.021 0.00000e+00
   19    16.33333   -97.57921 36.26756     186.243     525.172  945.475  292.530   87.236    1.133   13.022 0.00000e+00
   20    16.35000   -97.57919 36.26965     239.331     578.730  939.661  291.997   89.463    0.944   12.995 0.00000e+00
   21    16.36667   -97.57882 36.27180     287.604     627.555  934.297  291.509   91.415    0.961   12.949 0.00000e+00
   22    16.38333   -97.57814 36.27427     341.964     682.853  928.245  290.982   93.282    1.283   12.864 0.00000e+00
   23    16.40000   -97.57702 36.27705     390.158     732.197  922.947  290.487   95.495    1.328   12.835 0.00000e+00
   24    16.41667   -97.57575 36.28021     429.009     772.327  918.670  290.088   97.458    0.989   12.829 0.00000e+00
   25    16.43333   -97.57427 36.28371     450.751     795.471  916.121  289.866   98.415    0.259   12.808 3.87436e-05
   26    16.45000   -97.57259 36.28748     450.426     797.018  915.990  289.858   98.407   -0.371   12.802 0.00000e+00
   27    16.46667   -97.57088 36.29137     431.098     779.480  917.860  290.044   97.228   -0.475   12.773 0.00000e+00
   28    16.48333   -97.56917 36.29519     412.786     762.578  919.705  290.239   95.867   -0.215   12.728 0.00000e+00
   29    16.50000   -97.56744 36.29888     407.368     759.854  919.945  290.309   94.973    0.049   12.661 0.00000e+00
   30    16.51667   -97.56569 36.30245     410.124     765.718  919.398  290.298   94.595    0.277   12.610 0.00000e+00
   31    16.53333   -97.56396 36.30581     421.330     779.174  917.989  290.194   94.909    0.401   12.588 0.00000e+00
   32    16.55000   -97.56215 36.30908     434.004     792.141  916.675  290.098   95.299    0.129   12.580 0.00000e+00
   33    16.56667   -97.56018 36.31226     429.987     788.025  917.056  290.183   94.519   -0.236   12.540 0.00000e+00
   34    16.58333   -97.55829 36.31538     415.636     772.411  918.782  290.366   93.424   -0.206   12.517 0.00000e+00
   35    16.60000   -97.55645 36.31857     398.081     752.491  921.007  290.594   92.194   -0.261   12.502 0.00000e+00
   36    16.61667   -97.55466 36.32195     373.882     725.753  923.781  290.828   91.313   -0.421   12.531 0.00000e+00
   37    16.63333   -97.55289 36.32542     348.076     700.810  926.428  291.062   90.226   -0.290   12.531 0.00000e+00
   38    16.65000   -97.55119 36.32885     340.713     694.358  927.190  291.115   90.078    0.198   12.541 0.00000e+00
   39    16.66667   -97.54951 36.33221     356.385     709.439  925.555  290.953   90.938    0.586   12.554 0.00000e+00
   40    16.68333   -97.54767 36.33546     381.897     734.647  922.776  290.708   92.070    0.474   12.552 0.00000e+00
   41    16.70000   -97.54575 36.33865     394.800     748.323  921.360  290.582   92.701    0.182   12.556 0.00000e+00
   42    16.71667   -97.54382 36.34176     393.062     746.524  921.512  290.602   92.558   -0.139   12.551 0.00000e+00
   43    16.73333   -97.54200 36.34479     372.911     726.181  923.732  290.799   91.617   -0.497   12.549 0.00000e+00
   44    16.75000   -97.54044 36.34776     336.750     689.135  927.836  291.173   89.846   -0.651   12.547 0.00000e+00
   45    16.76667   -97.53912 36.35076     298.204     647.320  932.425  291.597   87.980   -0.513   12.558 0.00000e+00
   46    16.78333   -97.53793 36.35386     266.629     612.184  936.206  291.932   86.438   -0.405   12.550 0.00000e+00
   47    16.80000   -97.53679 36.35700     241.725     582.556  939.461  292.230   84.930   -0.307   12.521 0.00000e+00
   48    16.81667   -97.53572 36.36016     227.963     563.633  941.508  292.412   84.070   -0.161   12.510 0.00000e+00
   49    16.83333   -97.53472 36.36325     223.195     554.304  942.421  292.506   83.700    0.003   12.516 0.00000e+00
   50    16.85000   -97.53378 36.36622     220.054     548.798  943.021  292.571   83.334   -0.086   12.505 0.00000e+00
   51    16.86667   -97.53288 36.36904     214.397     540.848  943.925  292.660   82.863   -0.283   12.491 0.00000e+00
   52    16.88333   -97.53210 36.37174     203.139     527.588  945.221  292.779   82.346   -0.404   12.489 0.00000e+00
   53    16.90000   -97.53149 36.37437     185.376     511.936  946.929  292.930   81.751   -0.465   12.494 0.00000e+00
   54    16.91667   -97.53114 36.37694     165.422     494.456  948.857  293.116   81.001   -0.549   12.499 0.00000e+00
   55    16.93333   -97.53108 36.37945     142.222     473.657  951.163  293.320   80.144   -0.648   12.495 0.00000e+00
   56    16.95000   -97.53119 36.38186     125.939     459.049  952.767  293.652   79.478   -0.261   12.629 0.00000e+00
   57    16.96667   -97.53137 36.38436     108.162     442.738  954.523  293.890   78.611   -0.429   12.654 0.00000e+00
   58    16.98333   -97.53111 36.38707      72.125     408.445  958.280  294.217   77.289   -0.666   12.647 0.00000e+00
   59    17.00000   -97.53017 36.38969      36.543     374.958  961.994  294.564   76.020   -0.404   12.660 0.00000e+00
   60    17.01667   -97.52863 36.39180      24.441     365.013  963.121  294.767   75.492   -0.109   12.716 0.00000e+00
   61    17.03333   -97.52687 36.39329      32.706     374.522  962.089  294.746   75.983    0.417   12.796 0.00000e+00
   62    17.05000   -97.52570 36.39473      75.749     418.310  957.259  294.324   77.932    1.114   12.850 0.00000e+00
   63    17.06667   -97.52502 36.39689     134.770     478.404  950.723  293.689   80.447    1.520   12.840 0.00000e+00
   64    17.08333   -97.52464 36.39947     185.163     529.161  945.102  293.150   82.560    1.211   12.818 0.00000e+00
   65    17.10000   -97.52432 36.40219     220.493     564.920  941.189  292.787   83.889    0.950   12.785 0.00000e+00
   66    17.11667   -97.52385 36.40499     245.529     590.516  938.374  292.536   84.646    0.841   12.736 0.00000e+00
   67    17.13333   -97.52318 36.40779     263.121     608.886  936.402  292.339   85.240    0.661   12.695 0.00000e+00
   68    17.15000   -97.52226 36.41055     277.418     623.868  934.773  292.172   85.748    0.510   12.660 0.00000e+00
   69    17.16667   -97.52125 36.41319     290.031     636.965  933.412  292.063   86.105    0.414   12.644 0.00000e+00
   70    17.18333   -97.52007 36.41563     305.857     651.590  931.920  291.905   86.643    0.390   12.617 0.00000e+00
   71    17.20000   -97.51875 36.41780     330.462     674.254  929.552  291.707   87.496    0.538   12.615 0.00000e+00
   72    17.21667   -97.51731 36.41978     369.259     710.706  925.611  291.367   89.007    0.772   12.614 0.00000e+00
   73    17.23333   -97.51588 36.42166     424.468     763.359  919.984  290.873   91.349    1.043   12.623 0.00000e+00
   74    17.25000   -97.51463 36.42345     485.451     822.106  913.719  290.309   94.081    1.091   12.629 0.00000e+00
   75    17.26667   -97.51362 36.42518     536.490     871.221  908.421  289.828   96.699    0.656   12.662 0.00000e+00
   76    17.28333   -97.51277 36.42691     563.556     896.536  905.740  289.608   97.730    0.297   12.655 0.00000e+00
   77    17.30000   -97.51189 36.42875     575.006     906.184  904.654  289.552   97.748    0.040   12.627 0.00000e+00
   78    17.31667   -97.51088 36.43068     576.069     906.229  904.577  289.597   97.312   -0.142   12.608 0.00000e+00
   79    17.33333   -97.50971 36.43252     562.344     892.727  906.018  289.774   96.009   -0.473   12.561 0.00000e+00
   80    17.35000   -97.50828 36.43416     527.965     858.134  909.680  290.188   93.513   -0.946   12.511 0.00000e+00
   81    17.36667   -97.50669 36.43568     464.368     793.909  916.535  290.870   89.992   -1.338   12.481 0.00000e+00
   82    17.38333   -97.50510 36.43708     375.553     704.172  926.179  291.767   85.908   -1.659   12.479 0.00000e+00
   83    17.40000   -97.50374 36.43855     288.537     616.193  935.650  292.623   82.235   -1.318   12.478 0.00000e+00
   84    17.41667   -97.50275 36.44029     223.184     550.330  942.838  293.266   79.560   -0.792   12.472 0.00000e+00
   85    17.43333   -97.50201 36.44226     192.350     519.344  946.180  293.546   78.462   -0.100   12.472 0.00000e+00
   86    17.45000   -97.50135 36.44436     188.958     515.892  946.623  293.573   78.413    0.106   12.480 0.00000e+00
   87    17.46667   -97.50067 36.44653     200.859     527.674  945.357  293.451   79.130    0.394   12.515 0.00000e+00
   88    17.48333   -97.49996 36.44874     217.111     543.027  943.698  293.307   79.765    0.031   12.525 0.00000e+00
   89    17.50000   -97.49934 36.45097     216.918     541.860  943.896  293.324   79.735   -0.072   12.531 0.00000e+00
   90    17.51667   -97.49884 36.45317     205.673     529.747  945.157  293.431   79.485   -0.466   12.558 0.00000e+00
   91    17.53333   -97.49852 36.45530     181.772     504.943  947.876  293.668   78.567   -0.622   12.562 0.00000e+00
   92    17.55000   -97.49847 36.45729     155.798     477.651  950.880  293.935   77.529   -0.607   12.563 0.00000e+00
   93    17.56667   -97.49862 36.45916     136.255     456.935  953.118  294.173   76.598   -0.357   12.567 0.00000e+00
   94    17.58333   -97.49889 36.46096     125.285     444.911  954.458  294.362   75.913   -0.129   12.584 0.00000e+00
   95    17.60000   -97.49915 36.46276     120.491     439.126  955.070  294.465   75.631   -0.246   12.610 0.00000e+00
   96    17.61667   -97.49944 36.46458     113.148     431.730  955.804  294.602   75.253   -0.343   12.643 0.00000e+00
   97    17.63333   -97.49976 36.46643     108.258     427.305  956.304  294.792   74.790   -0.171   12.707 0.00000e+00
   98    17.65000   -97.50003 36.46820     102.271     421.721  956.908  294.952   74.353   -0.150   12.751 0.00000e+00
   99    17.66667   -97.50024 36.46988      92.924     412.742  957.897  295.079   73.926   -0.216   12.764 0.00000e+00
  100    17.68333   -97.50050 36.47153      85.275     405.402  958.744  295.209   73.486   -0.139   12.779 0.00000e+00
  101    17.70000   -97.50082 36.47316      96.698     416.664  957.493  295.286   73.313    0.392   12.826 0.00000e+00
  102    17.71667   -97.50099 36.47478     141.913     461.383  952.568  294.883   74.515    1.164   12.783 0.00000e+00
  103    17.73333   -97.50073 36.47656     223.380     542.073  943.710  294.019   77.415    1.739   12.707 0.00000e+00
  104    17.75000   -97.49993 36.47882     338.220     655.868  931.346  292.863   81.409    2.072   12.599 0.00000e+00
  105    17.76667   -97.49874 36.48140     444.928     761.192  920.018  291.827   84.888    1.861   12.461 0.00000e+00
  106    17.78333   -97.49747 36.48412     533.451     848.474  910.664  290.971   88.074    1.736   12.374 0.00000e+00
  107    17.80000   -97.49628 36.48699     600.740     915.188  903.621  290.314   90.923    1.104   12.346 0.00000e+00
  108    17.81667   -97.49496 36.49001     632.778     946.285  900.439  290.043   91.634    0.318   12.273 0.00000e+00
  109    17.83333   -97.49327 36.49304     633.088     944.159  900.679  290.095   91.114   -0.033   12.241 0.00000e+00
  110    17.85000   -97.49123 36.49604     613.284     921.813  903.034  290.353   90.427   -0.287   12.318 0.00000e+00
  111    17.86667   -97.48909 36.49902     578.386     884.283  906.981  290.752   88.176   -0.753   12.266 0.00000e+00
  112    17.88333   -97.48689 36.50193     528.651     832.001  912.524  291.277   85.492   -0.951   12.221 0.00000e+00
  113    17.90000   -97.48475 36.50464     478.280     779.936  918.027  291.793   82.876   -0.805   12.166 0.00000e+00
  114    17.91667   -97.48271 36.50726     436.885     738.286  922.485  292.216   80.606   -0.579   12.094 0.00000e+00
  115    17.93333   -97.48080 36.50986     404.538     705.328  926.056  292.567   78.452   -0.346   11.987 0.00000e+00
  116    17.95000   -97.47900 36.51255     385.808     685.370  928.197  292.809   77.204    0.016   11.948 0.00000e+00
  117    17.96667   -97.47729 36.51538     387.396     686.971  927.927  292.699   77.674    0.202   11.942 0.00000e+00
  118    17.98333   -97.47577 36.51835     408.142     709.323  925.422  292.554   79.108    0.635   12.085 0.00000e+00
  119    18.00000   -97.47469 36.52132     440.240     743.754  921.665  292.205   80.309    0.584   12.052 0.00000e+00
  120    18.01667   -97.47408 36.52417     497.262     802.715  915.400  291.704   83.141    1.320   12.172 0.00000e+00
  121    18.03333   -97.47377 36.52693     607.482     914.525  903.535  290.678   88.199    2.340   12.259 0.00000e+00
  122    18.05000   -97.47350 36.52949     754.382    1062.873  887.992  289.260   95.261    2.712   12.305 0.00000e+00
  123    18.06667   -97.47319 36.53178     910.383    1220.543  871.708  288.049  100.000    2.986   12.188 1.27447e-01
  124    18.08333   -97.47289 36.53389    1072.023    1383.789  855.067  287.382  100.000    3.487   11.900 4.89199e-01
  125    18.10000   -97.47240 36.53608    1243.441    1556.994  837.693  286.626  100.000    4.284   11.563 8.58984e-01
  126    18.11667   -97.47153 36.53847    1435.954    1751.655  818.528  285.713  100.000    4.840   11.146 1.25490e+00
  127    18.13333   -97.47027 36.54090    1641.468    1959.511  798.524  284.700  100.000    4.972   10.686 1.65228e+00
  128    18.15000   -97.46843 36.54364    1803.128    2122.900  783.210  283.961  100.000    3.607   10.373 1.91085e+00
  129    18.16667   -97.46591 36.54715    1934.909    2254.597  771.091  283.075   99.187    2.289    9.828 1.65538e+00
  130    18.18333   -97.46214 36.55177    2023.685    2340.095  763.151  282.291   99.022    0.204    9.403 1.39569e+00
  131    18.20000   -97.45731 36.55699    1983.158    2297.765  766.814  281.768   96.768   -2.161    8.825 9.82186e-01
  132    18.21667   -97.45270 36.56162    1776.578    2092.693  785.993  283.947   65.144   -5.631    6.714 2.50799e-03
  133    18.23333   -97.44958 36.56589    1580.955    1897.029  804.673  286.564   49.125   -2.112    5.881 0.00000e+00
  134    18.25000   -97.44678 36.57064    1538.807    1855.169  808.561  287.214   46.039    0.132    5.724 0.00000e+00
  135    18.26667   -97.44331 36.57567    1604.465    1922.482  802.000  286.987   43.642    1.611    5.390 0.00000e+00
  136    18.28333   -97.43906 36.58073    1713.160    2034.981  791.295  285.554   49.946    2.190    5.690 0.00000e+00
  137    18.30000   -97.43385 36.58562    1801.149    2121.761  783.233  284.079   62.259    1.511    6.496 0.00000e+00
  138    18.31667   -97.42813 36.59011    1798.959    2117.455  783.679  283.735   67.533   -0.689    6.882 0.00000e+00
  139    18.33333   -97.42271 36.59448    1748.301    2066.241  788.411  284.710   57.371   -1.194    6.202 0.00000e+00
  140    18.35000   -97.41768 36.59898    1723.458    2043.526  790.612  285.186   52.636   -0.299    5.857 0.00000e+00
  141    18.36667   -97.41273 36.60370    1732.652    2054.023  789.562  285.267   49.906    0.150    5.590 0.00000e+00
  142    18.38333   -97.40783 36.60862    1741.066    2065.166  788.454  285.202   49.496    0.143    5.529 0.00000e+00
  143    18.40000   -97.40303 36.61378    1743.746    2070.626  788.023  284.834   54.381    0.158    5.931 0.00000e+00
  144    18.41667   -97.39820 36.61892    1739.257    2063.019  788.892  284.207   63.163    0.337    6.599 0.00000e+00
  145    18.43333   -97.39363 36.62368    1752.016    2070.356  788.107  284.035   63.704    0.511    6.586 0.00000e+00
  146    18.45000   -97.38943 36.62840    1781.297    2096.622  785.711  283.895   62.413    0.674    6.412 0.00000e+00
  147    18.46667   -97.38554 36.63329    1810.995    2122.594  783.144  283.696   62.235    0.317    6.330 0.00000e+00
  148    18.48333   -97.38187 36.63841    1823.595    2134.812  781.989  283.678   61.010    0.168    6.207 0.00000e+00
  149    18.50000   -97.37833 36.64365    1825.167    2135.639  782.030  283.697   60.645   -0.016    6.178 0.00000e+00
  150    18.51667   -97.37486 36.64891    1805.745    2111.043  784.400  283.930   60.124   -0.533    6.202 0.00000e+00
  151    18.53333   -97.37138 36.65409    1758.144    2058.994  789.224  284.413   58.711   -0.744    6.217 0.00000e+00
  152    18.55000   -97.36788 36.65921    1710.788    2010.680  793.772  284.845   57.689   -0.630    6.250 0.00000e+00
  153    18.56667   -97.36413 36.66412    1695.319    1995.228  795.273  285.017   56.985    0.044    6.233 0.00000e+00
  154    18.58333   -97.36023 36.66890    1727.294    2026.546  792.286  284.692   58.583    0.865    6.295 0.00000e+00
  155    18.60000   -97.35625 36.67375    1778.125    2077.170  787.474  284.107   61.823    0.996    6.428 0.00000e+00
  156    18.61667   -97.35214 36.67865    1823.003    2121.126  783.320  283.684   64.375    1.015    6.541 0.00000e+00
  157    18.63333   -97.34792 36.68332    1873.277    2172.219  778.525  282.779   70.546    0.908    6.786 0.00000e+00
  158    18.65000   -97.34387 36.68795    1897.738    2197.749  776.126  281.775   97.670    0.931    8.804 4.37458e-01
  159    18.66667   -97.33967 36.69280    1882.442    2185.595  777.247  282.873  100.000    0.770    9.722 1.35235e+00
  160    18.68333   -97.33511 36.69770    1825.681    2131.645  782.243  282.761   98.767   -1.182    9.444 6.59698e-01
  161    18.70000   -97.33105 36.70231    1751.922    2062.255  788.779  282.933   89.005   -2.465    8.538 7.77866e-03
  162    18.71667   -97.32693 36.70707    1710.843    2024.576  792.405  284.888   54.099   -1.425    5.888 0.00000e+00
  163    18.73333   -97.32279 36.71181    1726.411    2041.883  790.781  285.341   44.895    0.455    5.046 0.00000e+00
  164    18.75000   -97.31879 36.71652    1786.465    2098.684  785.586  284.155   57.541    1.520    6.017 0.00000e+00
  165    18.76667   -97.31483 36.72115    1835.023    2140.873  781.572  283.174   69.132    0.999    6.803 0.00000e+00
  166    18.78333   -97.31078 36.72582    1837.214    2141.154  781.463  282.911   73.290   -0.116    7.086 0.00000e+00
  167    18.80000   -97.30670 36.73049    1801.826    2105.426  784.825  283.085   75.460   -0.439    7.351 0.00000e+00
  168    18.81667   -97.30272 36.73511    1778.645    2083.407  786.925  283.398   73.137   -0.057    7.257 0.00000e+00
  169    18.83333   -97.29881 36.73961    1796.656    2101.958  785.199  283.474   68.935    0.582    6.890 0.00000e+00
  170    18.85000   -97.29480 36.74384    1854.249    2160.245  779.754  282.924   71.808    1.236    6.964 0.00000e+00
  171    18.86667   -97.29031 36.74773    1915.271    2222.935  773.821  281.652   81.816    0.507    7.335 0.00000e+00
  172    18.88333   -97.28558 36.75179    1926.299    2236.503  772.545  281.323   91.423   -0.508    8.028 1.44479e-03
  173    18.90000   -97.28143 36.75623    1878.052    2190.689  776.845  281.733   89.182   -1.375    8.009 0.00000e+00
  174    18.91667   -97.27794 36.76073    1793.273    2105.533  784.888  282.609   83.698   -1.605    7.894 0.00000e+00
  175    18.93333   -97.27474 36.76527    1693.365    2004.588  794.480  283.211   87.368   -1.771    8.478 3.38955e-03
  176    18.95000   -97.27168 36.76982    1609.509    1919.998  802.556  283.870   88.974   -1.320    8.933 0.00000e+00
  177    18.96667   -97.26884 36.77434    1580.890    1889.816  805.498  284.027   90.902    0.606    9.189 0.00000e+00
  178    18.98333   -97.26608 36.77844    1607.434    1914.227  803.166  283.737   92.520    1.077    9.199 0.00000e+00
