    0    16.01667   -97.47530 36.29868      56.578     412.645  958.162  292.493   86.696   -0.172   12.739 0.00000e+00
    1    16.03333   -97.47655 36.30106      62.096     417.474  957.609  292.497   86.757    0.351   12.759 0.00000e+00
    2    16.05000   -97.47731 36.30327      93.932     448.095  954.175  292.340   87.753    0.628   12.825 0.00000e+00
    3    16.06667   -97.47746 36.30536     134.198     487.147  949.850  291.970   89.436    0.626   12.828 0.00000e+00
    4    16.08333   -97.47681 36.30758     183.479     535.215  944.572  291.491   91.425    1.019   12.794 0.00000e+00
    5    16.10000   -97.47543 36.31003     241.926     592.115  938.421  290.944   94.049    0.938   12.797 0.00000e+00
    6    16.11667   -97.47375 36.31273     281.046     629.085  934.382  290.592   95.648    0.666   12.781 0.00000e+00
    7    16.13333   -97.47213 36.31558     291.892     636.889  933.573  290.523   95.866    0.251   12.766 0.00000e+00
    8    16.15000   -97.47075 36.31856     284.864     626.407  934.662  290.644   95.075   -0.242   12.743 0.00000e+00
    9    16.16667   -97.46960 36.32160     265.567     603.849  937.125  290.902   93.621   -0.481   12.723 0.00000e+00
   10    16.18333   -97.46865 36.32468     233.581     568.612  940.999  291.264   91.895   -0.670   12.725 0.00000e+00
   11    16.20000   -97.46795 36.32779     189.252     520.932  946.170  291.713   89.781   -0.756   12.720 0.00000e+00
   12    16.21667   -97.46758 36.33083     144.640     473.028  951.420  292.164   87.755   -0.623   12.721 0.00000e+00
   13    16.23333   -97.46750 36.33374     114.919     440.291  955.115  292.488   86.298   -0.284   12.717 0.00000e+00
   14    16.25000   -97.46758 36.33654     105.059     427.448  956.597  292.623   85.668    0.020   12.712 0.00000e+00
   15    16.26667   -97.46761 36.33925     106.787     427.979  956.377  292.615   85.658    0.076   12.707 0.00000e+00
   16    16.28333   -97.46751 36.34196     111.161     434.545  955.658  292.564   85.855    0.123   12.705 0.00000e+00
   17    16.30000   -97.46736 36.34466     118.470     444.000  954.632  292.485   86.193    0.134   12.706 0.00000e+00
   18    16.31667   -97.46719 36.34733     123.692     450.697  953.983  292.439   86.420    0.078   12.711 0.00000e+00
   19    16.33333   -97.46716 36.34995     125.565     452.165  953.848  292.439   86.451   -0.043   12.717 0.00000e+00
   20    16.35000   -97.46739 36.35252     123.772     450.073  954.025  292.472   86.360    0.003   12.728 0.00000e+00
   21    16.36667   -97.46781 36.35512     119.633     445.586  954.590  292.564   86.099    0.033   12.756 0.00000e+00
   22    16.38333   -97.46841 36.35775     113.240     436.811  955.569  292.683   85.685   -0.173   12.776 0.00000e+00
   23    16.40000   -97.46905 36.36040     100.790     421.800  957.237  292.844   85.016   -0.276   12.782 0.00000e+00
   24    16.41667   -97.46960 36.36306      84.796     403.260  959.204  293.028   84.228   -0.315   12.785 0.00000e+00
   25    16.43333   -97.46999 36.36573      67.346     387.369  960.870  293.210   83.535   -0.288   12.802 0.00000e+00
   26    16.45000   -97.47035 36.36841      53.116     375.308  962.179  293.385   82.923   -0.223   12.831 0.00000e+00
   27    16.46667   -97.47070 36.37103      42.301     366.524  963.115  293.571   82.341   -0.170   12.877 0.00000e+00
   28    16.48333   -97.47113 36.37354      34.309     359.877  963.894  293.733   81.803   -0.117   12.912 0.00000e+00
   29    16.50000   -97.47168 36.37586      29.527     356.373  964.325  293.924   81.196   -0.063   12.963 0.00000e+00
   30    16.51667   -97.47227 36.37800      26.546     354.843  964.522  294.054   80.807   -0.043   13.003 0.00000e+00
   31    16.53333   -97.47283 36.38001      24.444     354.342  964.566  294.164   80.492   -0.035   13.041 0.00000e+00
   32    16.55000   -97.47324 36.38191      22.519     354.184  964.549  294.263   80.226   -0.032   13.078 0.00000e+00
   33    16.56667   -97.47359 36.38370      21.600     354.854  964.472  294.343   79.989   -0.018   13.105 0.00000e+00
   34    16.58333   -97.47397 36.38538      20.793     355.521  964.391  294.419   79.761   -0.007   13.130 0.00000e+00
   35    16.60000   -97.47434 36.38704      21.260     357.397  964.156  294.482   79.596    0.010   13.158 0.00000e+00
   36    16.61667   -97.47472 36.38855      23.873     361.087  963.771  294.514   79.567    0.047   13.185 0.00000e+00
   37    16.63333   -97.47514 36.38998      28.814     366.586  963.148  294.418   79.855    0.105   13.163 0.00000e+00
   38    16.65000   -97.47570 36.39143      37.812     376.170  962.094  294.288   80.300    0.198   13.144 0.00000e+00
   39    16.66667   -97.47636 36.39296      53.198     392.274  960.310  294.075   81.016    0.319   13.112 0.00000e+00
   40    16.68333   -97.47714 36.39464      65.932     405.841  958.815  293.926   81.566    0.185   13.100 0.00000e+00
   41    16.70000   -97.47802 36.39648      67.563     408.241  958.599  293.866   81.555   -0.186   13.052 0.00000e+00
   42    16.71667   -97.47900 36.39835      56.817     396.396  959.885  293.962   80.788   -0.310   12.989 0.00000e+00
   43    16.73333   -97.47997 36.40020      42.189     380.365  961.618  294.124   79.836   -0.243   12.942 0.00000e+00
   44    16.75000   -97.48090 36.40197      32.210     369.257  962.842  294.275   79.208   -0.137   12.945 0.00000e+00
   45    16.76667   -97.48180 36.40356      26.990     363.193  963.518  294.423   78.799   -0.059   12.988 0.00000e+00
   46    16.78333   -97.48270 36.40508      25.672     361.166  963.748  294.547   78.550   -0.007   13.043 0.00000e+00
   47    16.80000   -97.48362 36.40663      27.842     362.377  963.648  294.640   78.386    0.042   13.092 0.00000e+00
   48    16.81667   -97.48451 36.40832      31.092     364.500  963.401  294.711   78.245    0.085   13.130 0.00000e+00
   49    16.83333   -97.48532 36.41013      35.234     367.443  963.076  294.721   78.187    0.107   13.133 0.00000e+00
   50    16.85000   -97.48602 36.41199      41.514     372.525  962.544  294.696   78.195    0.147   13.121 0.00000e+00
   51    16.86667   -97.48665 36.41384      51.007     380.945  961.639  294.604   78.315    0.247   13.079 0.00000e+00
   52    16.88333   -97.48721 36.41578      62.877     391.638  960.449  294.492   78.610    0.250   13.054 0.00000e+00
   53    16.90000   -97.48775 36.41785      76.217     403.758  959.119  294.283   79.077    0.258   12.980 0.00000e+00
   54    16.91667   -97.48833 36.42015      90.621     416.746  957.690  294.072   79.779    0.432   12.945 0.00000e+00
   55    16.93333   -97.48891 36.42250     116.667     441.458  954.976  293.769   80.957    0.622   12.927 0.00000e+00
   56    16.95000   -97.48969 36.42486     152.373     476.334  951.128  293.409   82.379    0.719   12.915 0.00000e+00
   57    16.96667   -97.49068 36.42694     176.714     500.370  948.481  293.216   83.178    0.442   12.921 0.00000e+00
   58    16.98333   -97.49197 36.42902     184.368     508.205  947.596  293.127   83.486    0.386   12.909 0.00000e+00
   59    17.00000   -97.49333 36.43118     185.130     509.644  947.420  293.106   83.350    0.381   12.873 0.00000e+00
   60    17.01667   -97.49449 36.43346     189.064     513.682  946.922  293.027   83.449    0.462   12.832 0.00000e+00
   61    17.03333   -97.49543 36.43577     202.174     526.402  945.532  292.845   83.931    0.501   12.778 0.00000e+00
   62    17.05000   -97.49621 36.43809     224.003     547.836  943.187  292.582   85.029    0.509   12.765 0.00000e+00
   63    17.06667   -97.49693 36.44046     251.629     575.969  940.092  292.311   86.271    0.645   12.776 0.00000e+00
   64    17.08333   -97.49757 36.44281     284.780     609.716  936.407  291.999   87.680    0.674   12.782 0.00000e+00
   65    17.10000   -97.49805 36.44508     316.018     641.469  932.968  291.709   89.098    0.699   12.801 0.00000e+00
   66    17.11667   -97.49841 36.44730     345.049     670.665  929.835  291.439   90.350    0.682   12.804 0.00000e+00
   67    17.13333   -97.49866 36.44944     367.625     692.736  927.469  291.221   91.260    0.483   12.788 0.00000e+00
   68    17.15000   -97.49887 36.45162     380.908     705.459  926.106  291.101   91.786    0.317   12.783 0.00000e+00
   69    17.16667   -97.49908 36.45387     380.375     704.337  926.223  291.116   91.712    0.048   12.784 0.00000e+00
   70    17.18333   -97.49929 36.45611     366.949     689.943  927.799  291.256   91.064   -0.214   12.784 0.00000e+00
   71    17.20000   -97.49957 36.45835     339.619     661.313  930.926  291.533   89.768   -0.518   12.782 0.00000e+00
   72    17.21667   -97.49990 36.46059     299.602     620.088  935.420  291.927   87.996   -0.744   12.783 0.00000e+00
   73    17.23333   -97.50034 36.46281     254.333     573.791  940.404  292.363   86.122   -0.776   12.791 0.00000e+00
   74    17.25000   -97.50090 36.46499     209.941     529.637  945.186  292.816   83.945   -0.850   12.762 0.00000e+00
   75    17.26667   -97.50146 36.46713     162.851     483.246  950.279  293.278   81.888   -0.892   12.745 0.00000e+00
   76    17.28333   -97.50195 36.46926     114.900     435.882  955.455  293.771   79.748   -0.797   12.730 0.00000e+00
   77    17.30000   -97.50239 36.47138      70.979     392.419  960.307  294.218   77.927   -0.700   12.724 0.00000e+00
   78    17.31667   -97.50284 36.47356      36.756     357.599  964.127  294.589   76.545   -0.446   12.738 0.00000e+00
   79    17.33333   -97.50328 36.47573      18.700     338.535  966.185  295.245   74.601   -0.182   12.901 0.00000e+00
   80    17.35000   -97.50376 36.47776      11.188     330.077  967.102  295.632   73.488   -0.085   13.002 0.00000e+00
   81    17.36667   -97.50443 36.47970       7.380     325.153  967.615  295.950   72.382   -0.053   13.051 0.00000e+00
   82    17.38333   -97.50522 36.48164       4.560     320.648  968.031  296.170   71.628   -0.037   13.086 0.00000e+00
   83    17.40000   -97.50623 36.48363       2.398     316.675  968.445  296.356   70.755   -0.032   13.069 0.00000e+00
   84    17.41667   -97.50764 36.48594       3.065     315.471  968.527  296.691   69.515    0.090   13.103 0.00000e+00
   85    17.43333   -97.50760 36.48763      16.439     327.551  967.437  296.488   70.242    0.460   13.092 0.00000e+00
   86    17.45000   -97.50661 36.48950      60.047     370.241  962.617  295.572   72.433    1.014   12.828 0.00000e+00
   87    17.46667   -97.50444 36.49181     143.374     452.514  953.512  294.565   75.516    0.966   12.689 0.00000e+00
   88    17.48333   -97.50132 36.49443     136.446     444.792  954.324  294.605   75.288   -1.298   12.672 0.00000e+00
   89    17.50000   -97.49951 36.49756      73.899     381.491  961.331  295.233   73.116   -0.728   12.699 0.00000e+00
   90    17.51667   -97.49928 36.50071      46.187     352.855  964.557  295.501   72.170   -0.141   12.700 0.00000e+00
   91    17.53333   -97.49989 36.50356      40.221     346.352  965.303  295.753   71.699   -0.098   12.804 0.00000e+00
   92    17.55000   -97.50070 36.50610      39.778     345.565  965.427  296.036   71.348    0.054   12.963 0.00000e+00
   93    17.56667   -97.50131 36.50835      47.210     352.030  964.699  296.031   71.608    0.070   13.016 0.00000e+00
   94    17.58333   -97.50137 36.51047      52.182     355.741  964.290  296.018   71.729   -0.045   13.033 0.00000e+00
   95    17.60000   -97.50070 36.51251      51.944     354.130  964.416  295.989   71.899   -0.042   13.039 0.00000e+00
   96    17.61667   -97.49957 36.51431      54.643     356.528  964.060  295.896   72.180    0.113   13.021 0.00000e+00
   97    17.63333   -97.49834 36.51585      85.492     387.862  960.560  295.521   73.425    1.079   12.991 0.00000e+00
   98    17.65000   -97.49747 36.51701     203.348     506.137  947.550  294.293   77.664    2.227   12.914 0.00000e+00
   99    17.66667   -97.49632 36.51840     353.212     656.586  931.187  292.773   83.434    1.855   12.842 0.00000e+00
  100    17.68333   -97.49463 36.52000     464.528     768.688  919.171  291.688   87.320    0.778   12.718 0.00000e+00
  101    17.70000   -97.49295 36.52184     528.595     833.607  912.267  290.950   88.984    0.204   12.463 0.00000e+00
  102    17.71667   -97.49147 36.52392     563.679     869.108  908.491  290.552   90.211   -0.015   12.370 0.00000e+00
  103    17.73333   -97.49016 36.52618     584.435     890.220  906.252  290.340   90.995   -0.056   12.341 0.00000e+00
  104    17.75000   -97.48888 36.52857     587.631     893.704  905.867  290.303   90.908   -0.148   12.305 0.00000e+00
  105    17.76667   -97.48752 36.53106     571.088     877.688  907.536  290.456   90.141   -0.421   12.298 0.00000e+00
  106    17.78333   -97.48598 36.53357     544.399     852.092  910.289  290.719   88.545   -0.517   12.246 0.00000e+00
  107    17.80000   -97.48429 36.53601     523.882     832.854  912.320  290.914   86.994   -0.276   12.155 0.00000e+00
  108    17.81667   -97.48267 36.53833     511.556     821.961  913.436  291.018   86.453   -0.319   12.145 0.00000e+00
  109    17.83333   -97.48119 36.54057     499.776     811.605  914.540  291.113   86.509   -0.357   12.211 0.00000e+00
  110    17.85000   -97.47964 36.54281     488.599     801.931  915.558  291.215   86.565   -0.244   12.285 0.00000e+00
  111    17.86667   -97.47797 36.54504     484.387     799.475  915.802  291.246   86.717   -0.026   12.327 0.00000e+00
  112    17.88333   -97.47620 36.54725     493.281     810.804  914.575  291.151   87.495    0.337   12.380 0.00000e+00
  113    17.90000   -97.47433 36.54939     517.058     836.583  911.879  290.950   88.203    0.494   12.359 0.00000e+00
  114    17.91667   -97.47258 36.55153     545.229     866.139  908.746  290.727   88.458    0.575   12.262 0.00000e+00
  115    17.93333   -97.47095 36.55361     579.049     900.800  905.159  290.423   89.556    0.707   12.225 0.00000e+00
  116    17.95000   -97.46941 36.55564     612.426     933.991  901.756  290.126   90.591    0.535   12.180 0.00000e+00
  117    17.96667   -97.46795 36.55770     636.459     956.861  899.376  289.912   91.441    0.348   12.159 0.00000e+00
  118    17.98333   -97.46660 36.55990     647.362     966.646  898.327  289.822   91.783    0.173   12.148 0.00000e+00
  119    18.00000   -97.46534 36.56231     642.903     961.322  898.904  289.882   91.473   -0.018   12.147 0.00000e+00
  120    18.01667   -97.46423 36.56480     621.380     938.451  901.383  290.120   90.394   -0.402   12.154 0.00000e+00
  121    18.03333   -97.46333 36.56732     581.491     896.919  905.708  290.522   88.762   -0.847   12.186 0.00000e+00
  122    18.05000   -97.46252 36.56981     523.826     837.889  911.928  291.091   86.249   -1.075   12.192 0.00000e+00
  123    18.06667   -97.46169 36.57230     458.069     770.987  919.034  291.745   83.301   -1.269   12.178 0.00000e+00
  124    18.08333   -97.46075 36.57479     388.265     700.233  926.615  292.452   80.197   -1.223   12.158 0.00000e+00
  125    18.10000   -97.45972 36.57729     321.643     632.624  933.876  293.136   77.347   -1.047   12.143 0.00000e+00
  126    18.11667   -97.45861 36.57982     265.722     575.521  940.078  293.709   74.996   -0.819   12.122 0.00000e+00
  127    18.13333   -97.45745 36.58236     223.156     531.986  944.801  294.141   73.220   -0.628   12.096 0.00000e+00
  128    18.15000   -97.45632 36.58489     190.610     498.612  948.372  294.461   72.153   -0.421   12.112 0.00000e+00
  129    18.16667   -97.45525 36.58744     169.798     477.036  950.764  294.675   71.467   -0.254   12.126 0.00000e+00
  130    18.18333   -97.45421 36.59000     157.127     464.059  952.144  294.793   71.062   -0.175   12.128 0.00000e+00
  131    18.20000   -97.45322 36.59256     146.919     453.989  953.221  294.892   70.687   -0.190   12.125 0.00000e+00
  132    18.21667   -97.45223 36.59509     136.200     443.661  954.304  294.998   70.253   -0.271   12.115 0.00000e+00
  133    18.23333   -97.45131 36.59760     115.685     423.838  956.473  295.195   69.687   -0.401   12.137 0.00000e+00
  134    18.25000   -97.45061 36.60009      89.823     398.824  959.264  295.463   68.770   -0.402   12.141 0.00000e+00
  135    18.26667   -97.45016 36.60255      63.468     373.090  962.083  295.747   67.869   -0.350   12.156 0.00000e+00
  136    18.28333   -97.45002 36.60498      43.006     352.959  964.366  296.135   66.802   -0.339   12.224 0.00000e+00
  137    18.30000   -97.45041 36.60738      26.886     335.968  966.178  296.678   65.615   -0.255   12.389 0.00000e+00
  138    18.31667   -97.45142 36.60973      26.583     334.453  966.319  297.118   64.943    0.482   12.594 0.00000e+00
  139    18.33333   -97.45152 36.61186      75.406     382.471  961.063  296.578   66.753    1.151   12.595 0.00000e+00
  140    18.35000   -97.45023 36.61400     152.259     459.124  952.622  295.708   69.419    1.077   12.529 0.00000e+00
  141    18.36667   -97.44833 36.61620     203.811     510.762  946.997  295.180   71.143    0.678   12.504 0.00000e+00
  142    18.38333   -97.44648 36.61834     240.251     547.065  943.076  294.835   72.297    0.777   12.491 0.00000e+00
  143    18.40000   -97.44480 36.62048     281.281     587.725  938.648  294.385   73.274    0.821   12.371 0.00000e+00
  144    18.41667   -97.44304 36.62257     322.587     629.045  934.123  293.939   74.562    0.697   12.304 0.00000e+00
  145    18.43333   -97.44112 36.62459     346.576     653.504  931.500  293.622   75.352    0.097   12.227 0.00000e+00
  146    18.45000   -97.43925 36.62683     344.229     651.545  931.704  293.604   75.266   -0.150   12.196 0.00000e+00
  147    18.46667   -97.43774 36.62928     329.306     636.865  933.303  293.736   74.746   -0.202   12.190 0.00000e+00
  148    18.48333   -97.43658 36.63183     323.419     631.588  933.840  293.732   74.468    0.039   12.135 0.00000e+00
  149    18.50000   -97.43578 36.63425     345.254     654.201  931.370  293.527   75.302    0.727   12.148 0.00000e+00
  150    18.51667   -97.43525 36.63649     377.715     687.345  927.827  293.209   76.521    1.010   12.148 0.00000e+00
  151    18.53333   -97.43498 36.63865     400.831     710.644  925.390  292.981   77.461    0.691   12.155 0.00000e+00
  152    18.55000   -97.43482 36.64083     407.753     715.953  924.837  292.935   77.705    0.336   12.166 0.00000e+00
  153    18.56667   -97.43462 36.64305     401.764     708.242  925.719  293.016   77.409    0.095   12.170 0.00000e+00
  154    18.58333   -97.43436 36.64527     390.491     695.162  927.120  293.136   76.917   -0.076   12.165 0.00000e+00
  155    18.60000   -97.43412 36.64749     376.238     679.568  928.737  293.291   76.309   -0.071   12.165 0.00000e+00
  156    18.61667   -97.43394 36.64968     357.241     660.144  930.843  293.594   75.330   -0.070   12.210 0.00000e+00
  157    18.63333   -97.43375 36.65174     330.188     632.640  933.814  293.945   74.182   -0.466   12.250 0.00000e+00
  158    18.65000   -97.43342 36.65354     289.427     591.446  938.258  294.294   72.787   -0.825   12.225 0.00000e+00
  159    18.66667   -97.43265 36.65525     257.347     558.874  941.804  294.508   71.811   -0.425   12.176 0.00000e+00
  160    18.68333   -97.43144 36.65716     260.560     561.658  941.508  294.516   71.689    0.775   12.164 0.00000e+00
  161    18.70000   -97.43023 36.65926     321.743     622.602  934.914  294.024   73.764    1.654   12.227 0.00000e+00
  162    18.71667   -97.42904 36.66125     422.423     723.268  924.068  293.127   77.310    2.064   12.261 0.00000e+00
  163    18.73333   -97.42768 36.66315     552.537     853.519  910.204  291.877   82.223    2.212   12.240 0.00000e+00
  164    18.75000   -97.42609 36.66510     695.265     996.315  895.124  290.545   87.638    2.168   12.193 0.00000e+00
  165    18.76667   -97.42448 36.66715     830.390    1131.580  881.104  289.250   93.543    2.179   12.171 0.00000e+00
  166    18.78333   -97.42297 36.66932     949.864    1251.292  868.807  288.105   99.139    1.774   12.150 0.00000e+00
  167    18.80000   -97.42155 36.67153    1042.544    1344.299  859.355  287.522  100.000    1.360   11.950 1.12118e-01
  168    18.81667   -97.42043 36.67376    1123.323    1425.277  851.170  287.005   99.837    1.284   11.627 1.82395e-01
  169    18.83333   -97.41981 36.67607    1196.208    1498.193  843.865  286.423  100.000    1.121   11.328 1.97221e-01
  170    18.85000   -97.41945 36.67848    1266.436    1568.401  836.818  286.039  100.000    0.914   11.138 2.82984e-01
  171    18.86667   -97.41872 36.68095    1315.581    1617.784  831.938  285.582   98.442    0.573   10.683 1.43670e-01
  172    18.88333   -97.41743 36.68346    1348.498    1651.357  828.644  285.189   97.751   -0.126   10.377 6.27363e-03
  173    18.90000   -97.41608 36.68601    1349.327    1652.748  828.537  285.206   97.024   -0.668   10.312 1.52619e-03
  174    18.91667   -97.41491 36.68864    1327.263    1631.447  830.613  285.470   94.814   -0.778   10.230 1.68575e-04
  175    18.93333   -97.41385 36.69135    1291.616    1597.979  833.943  285.805   92.989   -0.739   10.216 0.00000e+00
  176    18.95000   -97.41290 36.69410    1249.711    1558.474  837.863  286.167   91.385   -0.752   10.234 0.00000e+00
  177    18.96667   -97.41198 36.69686    1209.546    1520.578  841.674  286.552   89.317   -0.678   10.212 0.00000e+00
  178    18.98333   -97.41109 36.69964    1178.372    1490.317  844.680  286.855   87.785   -0.493   10.202 0.00000e+00
