    0    16.01667   -97.47345 36.25048      43.984     412.073  958.150  292.844   86.146    0.415   12.940 0.00000e+00
    1    16.03333   -97.47448 36.25247      68.163     433.554  955.767  292.727   86.775    0.221   12.972 0.00000e+00
    2    16.05000   -97.47540 36.25517      73.612     435.386  955.563  292.607   87.108   -0.653   12.927 0.00000e+00
    3    16.06667   -97.47624 36.25813      51.468     409.923  958.376  292.898   85.828   -0.508   12.933 0.00000e+00
    4    16.08333   -97.47676 36.26112      41.955     397.410  959.750  293.099   85.033   -0.087   12.957 0.00000e+00
    5    16.10000   -97.47691 36.26412      42.905     396.128  959.869  293.308   84.429    0.261   13.032 0.00000e+00
    6    16.11667   -97.47675 36.26693      67.026     419.594  957.345  293.167   85.189    0.660   13.069 0.00000e+00
    7    16.13333   -97.47644 36.26977     104.302     456.073  953.342  292.738   86.741    0.655   13.010 0.00000e+00
    8    16.15000   -97.47594 36.27293     136.001     487.213  949.867  292.368   87.995    0.482   12.942 0.00000e+00
    9    16.16667   -97.47549 36.27638     153.486     505.087  947.902  292.164   88.562    0.253   12.886 0.00000e+00
   10    16.18333   -97.47548 36.27993     165.094     517.348  946.515  292.009   88.971    0.228   12.838 0.00000e+00
   11    16.20000   -97.47585 36.28342     181.343     535.730  944.490  291.789   89.855    0.300   12.815 0.00000e+00
   12    16.21667   -97.47646 36.28677     204.135     560.717  941.719  291.543   90.815    0.486   12.790 0.00000e+00
   13    16.23333   -97.47699 36.29013     249.341     606.970  936.717  291.081   93.057    0.833   12.796 0.00000e+00
   14    16.25000   -97.47704 36.29366     310.022     667.614  930.121  290.492   95.973    1.018   12.802 0.00000e+00
   15    16.26667   -97.47660 36.29726     375.614     732.779  923.136  289.885   99.041    1.251   12.806 2.18275e-04
   16    16.28333   -97.47561 36.30085     445.769     801.139  915.710  289.460  100.000    1.262   12.700 7.66575e-02
   17    16.30000   -97.47385 36.30447     508.218     862.799  909.104  289.189  100.000    0.769   12.574 1.88535e-01
   18    16.31667   -97.47156 36.30805     537.649     890.054  906.260  289.055  100.000   -0.079   12.506 2.15390e-01
   19    16.33333   -97.46917 36.31153     523.494     872.607  908.083  289.105  100.000   -0.645   12.521 1.30058e-01
   20    16.35000   -97.46708 36.31496     477.946     824.948  913.162  289.359   99.615   -0.852   12.590 1.22883e-02
   21    16.36667   -97.46545 36.31837     425.383     770.411  918.954  289.856   97.114   -0.895   12.591 3.94203e-08
   22    16.38333   -97.46423 36.32169     377.663     720.777  924.323  290.357   94.483   -0.709   12.574 0.00000e+00
   23    16.40000   -97.46336 36.32486     341.917     682.129  928.543  290.749   92.500   -0.425   12.564 0.00000e+00
   24    16.41667   -97.46269 36.32791     321.155     658.408  931.133  290.980   91.401   -0.154   12.563 0.00000e+00
   25    16.43333   -97.46210 36.33083     316.378     649.973  932.219  291.097   90.717    0.118   12.547 0.00000e+00
   26    16.45000   -97.46159 36.33363     327.028     655.474  931.659  291.049   90.931    0.359   12.546 0.00000e+00
   27    16.46667   -97.46108 36.33631     352.056     675.204  929.488  290.844   91.962    0.552   12.554 0.00000e+00
   28    16.48333   -97.46051 36.33894     379.840     699.441  926.616  290.564   93.431    0.672   12.568 0.00000e+00
   29    16.50000   -97.45975 36.34155     411.883     732.830  923.047  290.253   94.897    0.930   12.563 0.00000e+00
   30    16.51667   -97.45861 36.34423     445.462     767.044  919.446  289.937   96.425    0.910   12.560 0.00000e+00
   31    16.53333   -97.45708 36.34695     465.011     785.884  917.497  289.727   97.582    0.319   12.567 0.00000e+00
   32    16.55000   -97.45553 36.34978     452.974     771.960  918.984  289.870   96.748   -0.413   12.554 0.00000e+00
   33    16.56667   -97.45444 36.35267     417.483     735.013  922.902  290.292   94.305   -0.748   12.518 0.00000e+00
   34    16.58333   -97.45390 36.35559     389.274     706.125  925.993  290.640   92.280   -0.433   12.482 0.00000e+00
   35    16.60000   -97.45363 36.35854     389.860     706.972  925.843  290.661   92.072   -0.021   12.473 0.00000e+00
   36    16.61667   -97.45329 36.36143     413.739     731.306  923.213  290.439   93.055    0.175   12.464 0.00000e+00
   37    16.63333   -97.45276 36.36428     442.812     761.797  919.840  290.157   94.477    0.120   12.476 0.00000e+00
   38    16.65000   -97.45198 36.36710     459.306     781.239  917.788  289.972   95.531   -0.279   12.494 0.00000e+00
   39    16.66667   -97.45113 36.37000     454.382     779.265  917.927  290.127   94.148   -0.464   12.434 0.00000e+00
   40    16.68333   -97.45036 36.37305     436.387     764.164  919.606  290.361   92.660   -0.317   12.399 0.00000e+00
   41    16.70000   -97.44977 36.37609     433.862     764.152  919.578  290.325   93.084    0.385   12.427 0.00000e+00
   42    16.71667   -97.44903 36.37896     463.557     795.860  916.251  290.001   95.132    0.808   12.486 0.00000e+00
   43    16.73333   -97.44798 36.38178     509.891     843.861  911.093  289.535   97.599    0.956   12.504 1.65873e-04
   44    16.75000   -97.44664 36.38474     547.772     883.981  906.792  289.173   99.122    0.859   12.467 5.50524e-03
   45    16.76667   -97.44518 36.38783     570.449     909.750  904.079  288.962   99.811    0.569   12.421 8.53637e-03
   46    16.78333   -97.44363 36.39099     575.776     917.354  903.329  288.961   99.416    0.012   12.381 4.38846e-03
   47    16.80000   -97.44228 36.39441     574.634     918.263  903.232  289.077   97.993   -0.168   12.297 0.00000e+00
   48    16.81667   -97.44123 36.39801     585.010     928.106  902.390  289.119   97.449    0.037   12.273 2.11959e-04
   49    16.83333   -97.44035 36.40173     583.194     920.639  903.204  289.216   97.144   -0.685   12.301 0.00000e+00
   50    16.85000   -97.43976 36.40547     565.725     897.673  905.599  289.443   95.874   -0.218   12.285 0.00000e+00
   51    16.86667   -97.43938 36.40909     571.699     899.379  905.419  289.375   96.699    0.429   12.340 0.00000e+00
   52    16.88333   -97.43863 36.41259     588.748     912.210  904.046  289.188   98.063    0.344   12.383 0.00000e+00
   53    16.90000   -97.43717 36.41610     597.438     918.002  903.401  289.121   98.231    0.242   12.359 0.00000e+00
   54    16.91667   -97.43534 36.41951     603.460     921.596  903.011  289.100   97.965    0.193   12.314 0.00000e+00
   55    16.93333   -97.43330 36.42281     601.876     918.395  903.253  289.117   97.793    0.121   12.303 0.00000e+00
   56    16.95000   -97.43114 36.42609     595.267     912.021  903.898  289.216   96.911   -0.149   12.261 0.00000e+00
   57    16.96667   -97.42905 36.42929     584.093     902.250  904.970  289.381   95.617   -0.249   12.212 0.00000e+00
   58    16.98333   -97.42702 36.43252     574.009     893.241  905.940  289.528   94.519   -0.322   12.173 0.00000e+00
   59    17.00000   -97.42518 36.43583     562.284     882.474  907.092  289.708   93.263   -0.395   12.136 0.00000e+00
   60    17.01667   -97.42367 36.43917     554.063     875.567  907.832  289.820   92.318   -0.122   12.089 0.00000e+00
   61    17.03333   -97.42242 36.44250     565.589     887.434  906.550  289.727   92.770    0.235   12.093 0.00000e+00
   62    17.05000   -97.42089 36.44582     595.089     917.565  903.412  289.444   94.450    0.342   12.133 0.00000e+00
   63    17.06667   -97.41859 36.44902     623.973     944.725  900.601  289.238   95.077   -0.165   12.091 0.00000e+00
   64    17.08333   -97.41584 36.45217     606.371     925.936  902.452  289.496   93.185   -1.151   12.024 0.00000e+00
   65    17.10000   -97.41386 36.45522     550.568     871.045  908.272  289.987   91.394   -1.034   12.091 0.00000e+00
   66    17.11667   -97.41284 36.45814     536.885     854.150  910.162  290.050   92.929    0.256   12.318 0.00000e+00
   67    17.13333   -97.41180 36.46111     584.340     897.604  905.612  289.522   96.764    1.850   12.462 0.00000e+00
   68    17.15000   -97.40949 36.46407     661.076     969.347  898.018  288.846  100.000    1.781   12.444 8.41327e-03
   69    17.16667   -97.40608 36.46738     688.222     991.016  895.767  288.764   99.425    0.259   12.330 1.96575e-02
   70    17.18333   -97.40274 36.47101     658.098     953.923  899.655  289.224   95.807   -0.408   12.186 0.00000e+00
   71    17.20000   -97.39991 36.47461     618.747     912.480  904.031  289.757   92.061   -0.355   12.058 0.00000e+00
   72    17.21667   -97.39748 36.47808     590.225     881.993  907.269  290.076   90.390    0.050   12.040 0.00000e+00
   73    17.23333   -97.39529 36.48162     579.529     869.374  908.554  290.182   90.119    0.483   12.068 0.00000e+00
   74    17.25000   -97.39340 36.48531     583.277     873.485  908.089  290.137   90.401    0.524   12.077 0.00000e+00
   75    17.26667   -97.39175 36.48907     582.471     873.808  908.047  290.118   90.766    0.057   12.112 0.00000e+00
   76    17.28333   -97.39027 36.49274     562.131     855.529  909.995  290.294   90.019   -0.335   12.122 0.00000e+00
   77    17.30000   -97.38889 36.49632     531.027     826.853  913.039  290.628   87.809   -0.367   12.038 0.00000e+00
   78    17.31667   -97.38748 36.49980     506.803     804.400  915.420  290.888   86.345   -0.063   12.003 0.00000e+00
   79    17.33333   -97.38609 36.50319     494.932     794.186  916.525  290.940   87.014   -0.007   12.122 0.00000e+00
   80    17.35000   -97.38480 36.50650     493.159     794.366  916.471  290.931   87.295    0.356   12.155 0.00000e+00
   81    17.36667   -97.38364 36.50986     504.032     807.641  915.080  290.759   88.438    0.338   12.199 0.00000e+00
   82    17.38333   -97.38252 36.51331     512.911     818.799  913.934  290.635   89.314    0.336   12.238 0.00000e+00
   83    17.40000   -97.38136 36.51688     520.571     827.915  912.931  290.540   89.932    0.323   12.262 0.00000e+00
   84    17.41667   -97.38014 36.52054     526.472     835.481  912.130  290.451   90.632    0.239   12.298 0.00000e+00
   85    17.43333   -97.37880 36.52428     528.810     839.872  911.672  290.391   91.234    0.137   12.339 0.00000e+00
   86    17.45000   -97.37730 36.52808     528.204     840.937  911.605  290.387   91.380    0.014   12.356 0.00000e+00
   87    17.46667   -97.37553 36.53195     515.682     829.170  912.894  290.504   90.938   -0.217   12.371 0.00000e+00
   88    17.48333   -97.37358 36.53598     487.579     800.816  915.988  290.775   89.920   -0.421   12.403 0.00000e+00
   89    17.50000   -97.37161 36.54007     452.807     764.849  919.843  291.133   88.341   -0.381   12.413 0.00000e+00
   90    17.51667   -97.36980 36.54404     421.161     732.043  923.329  291.440   87.132   -0.201   12.436 0.00000e+00
   91    17.53333   -97.36826 36.54788     396.490     707.418  925.867  291.652   86.364   -0.017   12.459 0.00000e+00
   92    17.55000   -97.36709 36.55171     388.049     700.594  926.610  291.711   85.970    0.244   12.438 0.00000e+00
   93    17.56667   -97.36617 36.55545     398.251     712.830  925.239  291.580   86.564    0.393   12.439 0.00000e+00
   94    17.58333   -97.36541 36.55900     412.670     730.467  923.301  291.410   87.241    0.245   12.429 0.00000e+00
   95    17.60000   -97.36473 36.56231     417.659     738.609  922.436  291.335   87.513   -0.035   12.420 0.00000e+00
   96    17.61667   -97.36410 36.56544     413.134     737.378  922.583  291.369   86.980   -0.187   12.369 0.00000e+00
   97    17.63333   -97.36353 36.56840     402.517     730.090  923.322  291.440   86.284   -0.364   12.315 0.00000e+00
   98    17.65000   -97.36302 36.57120     393.224     724.049  924.017  291.500   86.120   -0.185   12.329 0.00000e+00
   99    17.66667   -97.36275 36.57382     380.696     712.804  925.279  291.630   85.804   -0.266   12.369 0.00000e+00
  100    17.68333   -97.36259 36.57632     353.529     686.363  928.170  291.905   84.832   -0.572   12.404 0.00000e+00
  101    17.70000   -97.36242 36.57875     314.682     648.225  932.297  292.276   83.411   -0.729   12.428 0.00000e+00
  102    17.71667   -97.36227 36.58111     275.610     609.333  936.558  292.670   81.936   -0.508   12.457 0.00000e+00
  103    17.73333   -97.36220 36.58340     246.636     579.993  939.702  292.957   80.866   -0.235   12.476 0.00000e+00
  104    17.75000   -97.36219 36.58565     227.769     560.769  941.759  293.153   80.267   -0.131   12.509 0.00000e+00
  105    17.76667   -97.36223 36.58789     213.801     546.416  943.306  293.324   79.784   -0.158   12.546 0.00000e+00
  106    17.78333   -97.36224 36.59006     204.422     535.626  944.543  293.474   79.453   -0.024   12.595 0.00000e+00
  107    17.80000   -97.36224 36.59214     205.505     535.043  944.586  293.513   79.540    0.210   12.639 0.00000e+00
  108    17.81667   -97.36227 36.59418     215.796     543.696  943.630  293.484   79.873    0.386   12.682 0.00000e+00
  109    17.83333   -97.36221 36.59636     228.444     554.628  942.439  293.413   80.252    0.499   12.702 0.00000e+00
  110    17.85000   -97.36201 36.59875     238.768     563.112  941.499  293.316   80.591    0.409   12.691 0.00000e+00
  111    17.86667   -97.36185 36.60145     243.735     565.946  941.201  293.279   80.651    0.190   12.675 0.00000e+00
  112    17.88333   -97.36189 36.60441     238.328     558.215  942.112  293.365   79.991   -0.285   12.627 0.00000e+00
  113    17.90000   -97.36211 36.60754     216.057     534.354  944.634  293.602   78.598   -0.674   12.558 0.00000e+00
  114    17.91667   -97.36240 36.61069     180.044     496.985  948.781  293.982   76.977   -0.655   12.538 0.00000e+00
  115    17.93333   -97.36256 36.61373     143.867     459.380  952.927  294.356   75.507   -0.433   12.532 0.00000e+00
  116    17.95000   -97.36261 36.61663     120.183     433.994  955.725  294.609   74.511   -0.156   12.525 0.00000e+00
  117    17.96667   -97.36262 36.61941     111.767     423.915  956.865  294.719   74.036    0.079   12.516 0.00000e+00
  118    17.98333   -97.36267 36.62210     118.736     429.418  956.198  294.665   74.181    0.303   12.507 0.00000e+00
  119    18.00000   -97.36278 36.62474     134.368     444.192  954.557  294.542   74.609    0.399   12.505 0.00000e+00
  120    18.01667   -97.36293 36.62739     149.626     458.655  952.950  294.411   74.993    0.271   12.489 0.00000e+00
  121    18.03333   -97.36312 36.63008     159.489     467.718  951.982  294.345   75.144    0.247   12.476 0.00000e+00
  122    18.05000   -97.36333 36.63279     171.747     478.875  950.732  294.281   75.259    0.349   12.462 0.00000e+00
  123    18.06667   -97.36353 36.63535     190.857     496.857  948.757  294.069   75.938    0.496   12.436 0.00000e+00
  124    18.08333   -97.36365 36.63775     227.632     532.502  944.841  294.014   76.451    0.918   12.530 0.00000e+00
  125    18.10000   -97.36361 36.64008     285.211     589.140  938.686  293.530   78.357    1.010   12.543 0.00000e+00
  126    18.11667   -97.36320 36.64234     350.243     653.251  931.786  292.915   80.890    1.193   12.554 0.00000e+00
  127    18.13333   -97.36239 36.64446     418.196     720.233  924.568  292.232   83.736    1.258   12.547 0.00000e+00
  128    18.15000   -97.36121 36.64663     475.968     777.112  918.445  291.693   85.901    1.117   12.525 0.00000e+00
  129    18.16667   -97.35977 36.64887     527.702     828.387  912.940  291.252   87.900    1.217   12.539 0.00000e+00
  130    18.18333   -97.35796 36.65121     588.900     888.968  906.519  290.634   90.054    1.763   12.440 0.00000e+00
  131    18.20000   -97.35594 36.65359     678.068     977.099  897.278  289.776   93.788    2.383   12.393 0.00000e+00
  132    18.21667   -97.35367 36.65595     789.093    1087.186  885.681  288.780   99.270    2.487   12.465 0.00000e+00
  133    18.23333   -97.35100 36.65838     903.752    1201.749  873.818  288.180  100.000    2.171   12.261 1.95754e-01
  134    18.25000   -97.34846 36.66098    1004.960    1302.960  863.432  287.744  100.000    1.685   12.064 4.17163e-01
  135    18.26667   -97.34597 36.66357    1096.861    1394.836  854.125  287.274  100.000    1.538   11.831 5.41590e-01
  136    18.28333   -97.34360 36.66612    1184.984    1482.777  845.315  286.692  100.000    0.869   11.510 5.26145e-01
  137    18.30000   -97.34135 36.66880    1239.265    1537.009  839.875  285.999   99.960   -0.130   11.044 1.91166e-01
  138    18.31667   -97.33934 36.67163    1250.672    1548.342  838.753  285.848   98.710   -0.694   10.813 6.28472e-02
  139    18.33333   -97.33768 36.67439    1242.290    1540.182  839.583  285.925   97.282   -0.451   10.700 6.18673e-02
  140    18.35000   -97.33602 36.67675    1240.932    1538.870  839.712  285.799   98.587   -0.184   10.752 1.76849e-02
  141    18.36667   -97.33429 36.67881    1240.082    1537.828  839.839  285.804   98.951   -0.016   10.794 4.06460e-02
  142    18.38333   -97.33247 36.68068    1240.281    1538.152  839.746  285.784   99.307    0.096   10.819 1.64879e-02
  143    18.40000   -97.33070 36.68254    1238.674    1537.503  839.778  285.762   99.346    0.265   10.807 6.63985e-04
  144    18.41667   -97.32892 36.68459    1243.410    1543.604  839.185  285.783   97.713    0.186   10.652 0.00000e+00
  145    18.43333   -97.32700 36.68691    1253.078    1555.718  837.911  285.674   97.852    0.114   10.607 8.89611e-03
  146    18.45000   -97.32490 36.68946    1256.764    1562.284  837.312  285.617   97.810   -0.196   10.570 0.00000e+00
  147    18.46667   -97.32262 36.69218    1236.397    1544.031  839.152  285.848   95.619   -0.810   10.469 0.00000e+00
  148    18.48333   -97.32033 36.69496    1191.276    1500.692  843.533  286.346   92.493   -1.016   10.410 0.00000e+00
  149    18.50000   -97.31818 36.69775    1141.518    1452.377  848.339  286.846   89.383   -0.829   10.336 0.00000e+00
  150    18.51667   -97.31624 36.70054    1103.899    1416.131  852.014  287.181   87.756   -0.306   10.328 0.00000e+00
  151    18.53333   -97.31447 36.70340    1091.527    1404.807  853.160  287.325   86.407    0.310   10.251 0.00000e+00
  152    18.55000   -97.31277 36.70639    1104.495    1418.141  851.892  287.152   87.250    0.734   10.250 0.00000e+00
  153    18.56667   -97.31104 36.70952    1134.633    1447.502  849.001  286.780   89.846    0.777   10.336 0.00000e+00
  154    18.58333   -97.30924 36.71269    1168.028    1479.295  845.858  286.451   91.813    0.638   10.376 0.00000e+00
  155    18.60000   -97.30749 36.71579    1196.592    1504.825  843.274  286.180   93.415    0.636   10.403 0.00000e+00
  156    18.61667   -97.30569 36.71871    1216.689    1522.161  841.515  285.915   95.822    0.454   10.508 0.00000e+00
  157    18.63333   -97.30386 36.72139    1227.777    1531.140  840.573  285.779   97.171    0.342   10.572 0.00000e+00
  158    18.65000   -97.30190 36.72392    1230.757    1533.717  840.285  285.747   97.756    0.222   10.617 0.00000e+00
  159    18.66667   -97.29977 36.72636    1235.214    1537.998  839.866  285.733   97.635    0.255   10.600 0.00000e+00
  160    18.68333   -97.29765 36.72884    1253.672    1556.119  838.066  285.557   99.243    0.516   10.673 2.77750e-02
  161    18.70000   -97.29559 36.73151    1283.564    1586.041  835.052  285.417   99.636    0.538   10.655 8.98780e-02
  162    18.71667   -97.29353 36.73411    1330.287    1633.195  830.374  285.099  100.000    0.860   10.542 8.15850e-02
  163    18.73333   -97.29145 36.73664    1424.800    1728.304  821.037  284.528  100.000    1.969   10.273 1.53072e-01
  164    18.75000   -97.28918 36.73948    1554.925    1859.326  808.283  283.866  100.000    2.335    9.985 3.70628e-01
  165    18.76667   -97.28674 36.74247    1663.710    1969.197  797.720  283.337  100.000    2.219    9.766 5.66061e-01
  166    18.78333   -97.28419 36.74551    1741.990    2049.169  790.109  282.956  100.000    1.629    9.611 7.21573e-01
  167    18.80000   -97.28145 36.74884    1809.535    2119.264  783.476  282.659  100.000    0.692    9.501 8.89352e-01
  168    18.81667   -97.27835 36.75242    1841.490    2153.416  780.311  282.481  100.000   -0.325    9.425 8.74137e-01
  169    18.83333   -97.27521 36.75599    1821.068    2133.009  782.315  282.411  100.000   -1.193    9.357 5.66997e-01
  170    18.85000   -97.27232 36.75920    1777.863    2088.666  786.493  282.487   90.999   -1.837    8.495 3.95741e-02
  171    18.86667   -97.26954 36.76231    1725.180    2035.184  791.530  283.890   67.300   -2.002    6.861 0.00000e+00
  172    18.88333   -97.26647 36.76593    1674.143    1983.764  796.431  284.689   60.848   -0.988    6.502 0.00000e+00
  173    18.90000   -97.26304 36.76984    1653.395    1962.617  798.463  284.735   63.434   -0.103    6.782 0.00000e+00
  174    18.91667   -97.25937 36.77388    1669.216    1976.428  797.201  284.222   71.967    0.763    7.448 0.00000e+00
  175    18.93333   -97.25565 36.77782    1707.149    2011.990  793.768  283.552   78.909    1.098    7.842 0.00000e+00
  176    18.95000   -97.25191 36.78159    1743.435    2047.546  790.317  282.905   84.561    0.748    8.081 0.00000e+00
  177    18.96667   -97.24828 36.78527    1766.441    2071.005  788.149  282.438   90.295    0.304    8.384 0.00000e+00
  178    18.98333   -97.24481 36.78900    1770.570    2075.739  787.639  282.255   94.520   -0.034    8.674 0.00000e+00
