    0    16.01667   -97.58662 36.25235      11.584     345.824  965.360  293.886   81.325   -0.037   12.939 0.00000e+00
    1    16.03333   -97.58749 36.25436       9.019     344.188  965.538  293.969   80.946   -0.063   12.943 0.00000e+00
    2    16.05000   -97.58826 36.25621       6.437     342.521  965.648  294.044   80.505   -0.056   12.931 0.00000e+00
    3    16.06667   -97.58911 36.25797       4.551     341.492  965.684  294.124   80.081   -0.025   12.927 0.00000e+00
    4    16.08333   -97.58978 36.25967       3.586     341.270  965.693  294.166   79.844   -0.021   12.922 0.00000e+00
    5    16.10000   -97.59014 36.26140       3.489     341.807  965.631  294.223   79.811    0.002   12.963 0.00000e+00
    6    16.11667   -97.59031 36.26314       3.354     342.217  965.648  294.267   79.767    0.016   12.992 0.00000e+00
    7    16.13333   -97.59042 36.26493       4.335     343.510  965.528  294.286   79.872    0.024   13.026 0.00000e+00
    8    16.15000   -97.59050 36.26675       5.050     344.458  965.423  294.304   79.981    0.007   13.059 0.00000e+00
    9    16.16667   -97.59057 36.26854       4.864     344.505  965.405  294.324   80.021   -0.008   13.082 0.00000e+00
   10    16.18333   -97.59060 36.27030       4.988     344.848  965.371  294.357   79.923    0.004   13.093 0.00000e+00
   11    16.20000   -97.59058 36.27196       5.425     345.500  965.311  294.355   79.945    0.012   13.096 0.00000e+00
   12    16.21667   -97.59048 36.27350       6.638     346.960  965.194  294.371   79.960    0.021   13.113 0.00000e+00
   13    16.23333   -97.59043 36.27491       8.686     349.252  964.984  294.366   80.055    0.040   13.128 0.00000e+00
   14    16.25000   -97.59042 36.27628      10.987     351.800  964.691  294.334   80.105    0.045   13.114 0.00000e+00
   15    16.26667   -97.59055 36.27773      14.640     355.733  964.260  294.309   79.888    0.037   13.064 0.00000e+00
   16    16.28333   -97.59089 36.27938      20.311     361.747  963.573  294.292   79.949    0.158   13.070 0.00000e+00
   17    16.30000   -97.59155 36.28133      29.877     371.906  962.448  294.135   80.656    0.250   13.072 0.00000e+00
   18    16.31667   -97.59243 36.28352      44.976     387.858  960.671  293.944   81.345    0.303   13.053 0.00000e+00
   19    16.33333   -97.59322 36.28600      62.709     406.566  958.599  293.772   81.992    0.380   13.045 0.00000e+00
   20    16.35000   -97.59369 36.28860      93.723     438.580  955.079  293.497   82.966    0.805   13.024 0.00000e+00
   21    16.36667   -97.59393 36.29140     150.947     496.935  948.613  292.889   85.263    1.195   12.974 0.00000e+00
   22    16.38333   -97.59398 36.29445     223.358     570.511  940.580  292.115   88.391    1.279   12.922 0.00000e+00
   23    16.40000   -97.59374 36.29773     290.214     638.601  933.156  291.354   91.599    1.059   12.865 0.00000e+00
   24    16.41667   -97.59315 36.30112     341.728     691.400  927.415  290.764   94.377    0.786   12.848 0.00000e+00
   25    16.43333   -97.59249 36.30458     376.897     727.970  923.410  290.384   96.074    0.496   12.821 0.00000e+00
   26    16.45000   -97.59194 36.30809     403.180     756.210  920.378  290.098   97.433    0.296   12.809 0.00000e+00
   27    16.46667   -97.59151 36.31145     415.917     770.849  918.875  289.979   97.975    0.153   12.804 0.00000e+00
   28    16.48333   -97.59107 36.31466     414.764     771.448  918.753  289.993   97.782   -0.104   12.792 1.05008e-09
   29    16.50000   -97.59067 36.31773     400.870     759.212  920.081  290.128   97.068   -0.310   12.791 0.00000e+00
   30    16.51667   -97.59032 36.32070     394.287     754.281  920.582  290.194   96.748    0.121   12.795 0.00000e+00
   31    16.53333   -97.58976 36.32364     395.642     756.638  920.321  290.253   96.677    0.338   12.838 0.00000e+00
   32    16.55000   -97.58897 36.32661     395.251     757.131  920.288  290.300   96.484   -0.082   12.851 0.00000e+00
   33    16.56667   -97.58822 36.32949     381.667     744.590  921.633  290.435   95.616   -0.433   12.827 0.00000e+00
   34    16.58333   -97.58772 36.33234     360.106     722.424  924.109  290.668   94.187   -0.521   12.789 0.00000e+00
   35    16.60000   -97.58771 36.33522     341.524     702.578  926.256  290.874   93.151   -0.425   12.785 0.00000e+00
   36    16.61667   -97.58823 36.33796     339.127     699.174  926.688  290.937   92.943   -0.147   12.802 0.00000e+00
   37    16.63333   -97.58898 36.34064     357.908     715.948  924.857  290.805   93.622    0.632   12.814 0.00000e+00
   38    16.65000   -97.58963 36.34336     389.548     744.880  921.739  290.544   94.907    0.457   12.819 0.00000e+00
   39    16.66667   -97.58986 36.34604     390.067     742.511  921.970  290.567   94.789   -0.547   12.819 0.00000e+00
   40    16.68333   -97.58998 36.34861     342.248     692.753  927.377  291.050   92.475   -1.179   12.820 0.00000e+00
   41    16.70000   -97.59014 36.35105     286.815     635.794  933.537  291.617   89.837   -0.940   12.824 0.00000e+00
   42    16.71667   -97.59050 36.35336     247.094     594.609  938.001  292.014   87.920   -0.392   12.807 0.00000e+00
   43    16.73333   -97.59105 36.35562     218.125     563.921  941.418  292.300   86.698   -0.221   12.812 0.00000e+00
   44    16.75000   -97.59155 36.35782     195.669     539.167  944.175  292.541   85.599   -0.160   12.804 0.00000e+00
   45    16.76667   -97.59177 36.36000     185.549     526.885  945.518  292.667   85.051    0.011   12.805 0.00000e+00
   46    16.78333   -97.59169 36.36221     190.361     529.373  945.253  292.678   85.032    0.210   12.815 0.00000e+00
   47    16.80000   -97.59126 36.36448     206.216     543.506  943.591  292.552   85.749    0.273   12.844 0.00000e+00
   48    16.81667   -97.59056 36.36675     223.582     560.013  941.788  292.404   86.346    0.262   12.838 0.00000e+00
   49    16.83333   -97.58961 36.36899     241.082     576.798  939.900  292.227   86.847    0.285   12.796 0.00000e+00
   50    16.85000   -97.58844 36.37119     258.177     593.462  937.998  292.057   87.404    0.502   12.767 0.00000e+00
   51    16.86667   -97.58708 36.37336     275.735     612.134  935.904  291.850   88.230    0.722   12.748 0.00000e+00
   52    16.88333   -97.58546 36.37564     295.416     633.881  933.605  291.632   89.213    0.768   12.746 0.00000e+00
   53    16.90000   -97.58371 36.37819     322.052     662.708  930.483  291.425   89.984    0.741   12.732 0.00000e+00
   54    16.91667   -97.58168 36.38110     361.974     704.685  925.965  291.177   90.832    1.180   12.714 0.00000e+00
   55    16.93333   -97.57929 36.38428     417.419     762.397  919.724  290.686   92.788    1.671   12.674 0.00000e+00
   56    16.95000   -97.57686 36.38765     478.954     826.156  912.942  290.020   95.710    1.642   12.623 0.00000e+00
   57    16.96667   -97.57457 36.39114     534.217     882.065  907.008  289.465   98.326    1.095   12.598 3.19516e-04
   58    16.98333   -97.57246 36.39462     572.487     920.665  902.921  289.135   99.550    0.620   12.543 1.66023e-03
   59    17.00000   -97.57047 36.39803     595.071     942.998  900.682  288.976   99.899    0.382   12.490 3.79620e-03
   60    17.01667   -97.56859 36.40141     602.195     948.391  900.142  288.972   99.855    0.178   12.489 8.74467e-03
   61    17.03333   -97.56660 36.40476     590.783     935.416  901.449  289.107   98.986   -0.135   12.470 4.90738e-04
   62    17.05000   -97.56435 36.40812     560.006     904.807  904.710  289.439   96.871   -0.445   12.422 0.00000e+00
   63    17.06667   -97.56183 36.41154     512.995     858.358  909.575  289.937   93.780   -0.730   12.349 0.00000e+00
   64    17.08333   -97.55912 36.41511     464.167     811.109  914.561  290.429   91.007   -0.709   12.298 0.00000e+00
   65    17.10000   -97.55627 36.41880     431.685     780.197  917.851  290.773   88.969   -0.332   12.246 0.00000e+00
   66    17.11667   -97.55332 36.42255     427.494     777.587  918.192  290.825   88.672    0.231   12.240 0.00000e+00
   67    17.13333   -97.55029 36.42625     447.844     798.817  915.908  290.664   88.881    0.619   12.175 0.00000e+00
   68    17.15000   -97.54741 36.42993     473.032     825.648  913.031  290.409   89.863    0.468   12.149 0.00000e+00
   69    17.16667   -97.54491 36.43361     491.922     846.915  910.819  290.184   91.602    0.443   12.237 0.00000e+00
   70    17.18333   -97.54279 36.43722     522.079     878.763  907.495  289.849   93.663    0.795   12.293 0.00000e+00
   71    17.20000   -97.54067 36.44092     553.910     906.467  904.634  289.539   95.438    0.632   12.318 0.00000e+00
   72    17.21667   -97.53851 36.44478     555.606     901.994  905.156  289.556   95.606   -0.075   12.346 0.00000e+00
   73    17.23333   -97.53643 36.44863     523.858     864.951  909.022  289.943   93.689   -0.903   12.349 0.00000e+00
   74    17.25000   -97.53445 36.45231     479.459     816.208  914.236  290.451   91.349   -1.216   12.367 0.00000e+00
   75    17.26667   -97.53242 36.45574     438.556     771.636  919.021  290.923   88.964   -1.247   12.346 0.00000e+00
   76    17.28333   -97.53029 36.45891     408.991     739.038  922.473  291.263   87.276   -0.912   12.329 0.00000e+00
   77    17.30000   -97.52822 36.46186     393.431     720.631  924.405  291.409   87.042   -0.582   12.385 0.00000e+00
   78    17.31667   -97.52628 36.46469     389.423     714.992  924.983  291.441   87.071   -0.466   12.406 0.00000e+00
   79    17.33333   -97.52454 36.46741     381.944     706.378  925.908  291.509   86.662   -0.674   12.389 0.00000e+00
   80    17.35000   -97.52307 36.47009     350.164     673.131  929.511  291.827   85.360   -1.198   12.402 0.00000e+00
   81    17.36667   -97.52217 36.47284     287.090     608.417  936.584  292.453   82.998   -1.592   12.448 0.00000e+00
   82    17.38333   -97.52198 36.47557     205.121     524.975  945.655  293.269   79.568   -1.667   12.438 0.00000e+00
   83    17.40000   -97.52245 36.47834     133.119     451.671  953.703  293.990   76.743   -1.153   12.441 0.00000e+00
   84    17.41667   -97.52351 36.48122     100.205     417.693  957.417  294.345   75.479   -0.011   12.460 0.00000e+00
   85    17.43333   -97.52478 36.48412     115.141     432.024  955.853  294.280   75.883    0.433   12.497 0.00000e+00
   86    17.45000   -97.52573 36.48684     123.189     439.564  955.015  294.214   76.248   -0.173   12.516 0.00000e+00
   87    17.46667   -97.52628 36.48941     115.306     431.859  955.787  294.305   76.003   -0.164   12.537 0.00000e+00
   88    17.48333   -97.52678 36.49191     104.674     422.373  956.819  294.448   75.404    0.029   12.535 0.00000e+00
   89    17.50000   -97.52734 36.49451     102.874     421.762  956.885  294.503   75.280    0.266   12.556 0.00000e+00
   90    17.51667   -97.52785 36.49739     111.522     431.278  955.836  294.437   75.602    0.367   12.573 0.00000e+00
   91    17.53333   -97.52820 36.50034     128.219     447.908  953.974  294.303   76.213    0.461   12.594 0.00000e+00
   92    17.55000   -97.52849 36.50328     156.267     475.851  950.883  294.064   77.149    0.593   12.602 0.00000e+00
   93    17.56667   -97.52867 36.50616     191.645     509.836  947.326  293.752   78.231    0.652   12.581 0.00000e+00
   94    17.58333   -97.52875 36.50906     224.351     539.135  944.071  293.451   79.346    0.663   12.566 0.00000e+00
   95    17.60000   -97.52870 36.51202     250.028     561.412  941.658  293.224   80.330    0.674   12.575 0.00000e+00
   96    17.61667   -97.52846 36.51498     276.770     585.464  939.006  293.000   81.362    0.519   12.596 0.00000e+00
   97    17.63333   -97.52803 36.51788     307.793     614.467  935.865  292.749   82.014    0.380   12.541 0.00000e+00
   98    17.65000   -97.52738 36.52073     339.118     643.702  932.681  292.490   82.437    0.430   12.445 0.00000e+00
   99    17.66667   -97.52628 36.52358     367.079     672.539  929.478  292.274   82.097    0.182   12.269 0.00000e+00
  100    17.68333   -97.52481 36.52641     371.103     678.588  928.785  292.288   80.903   -0.412   12.110 0.00000e+00
  101    17.70000   -97.52370 36.52913     344.331     653.579  931.513  292.539   79.795   -0.686   12.098 0.00000e+00
  102    17.71667   -97.52338 36.53174     323.805     634.436  933.584  292.720   79.303   -0.281   12.134 0.00000e+00
  103    17.73333   -97.52321 36.53423     334.625     646.415  932.268  292.557   81.250    0.272   12.323 0.00000e+00
  104    17.75000   -97.52238 36.53690     356.154     669.054  929.826  292.393   82.353   -0.586   12.395 0.00000e+00
  105    17.76667   -97.52123 36.53983     307.844     621.543  935.002  292.944   79.718   -1.866   12.351 0.00000e+00
  106    17.78333   -97.52070 36.54243     216.391     530.375  944.926  293.847   76.000   -1.904   12.326 0.00000e+00
  107    17.80000   -97.52090 36.54469     128.820     443.333  954.468  294.676   72.981   -1.442   12.336 0.00000e+00
  108    17.81667   -97.52167 36.54665      72.844     388.263  960.562  295.199   71.219   -0.707   12.353 0.00000e+00
  109    17.83333   -97.52283 36.54840      51.523     368.127  962.807  295.428   70.757   -0.181   12.419 0.00000e+00
  110    17.85000   -97.52411 36.55009      46.800     364.899  963.175  295.632   70.594   -0.048   12.541 0.00000e+00
  111    17.86667   -97.52545 36.55190      48.868     368.791  962.760  295.749   70.611    0.072   12.640 0.00000e+00
  112    17.88333   -97.52683 36.55384      59.649     381.828  961.303  295.695   70.944    0.306   12.677 0.00000e+00
  113    17.90000   -97.52817 36.55585      86.845     410.399  958.165  295.479   71.828    0.610   12.708 0.00000e+00
  114    17.91667   -97.52931 36.55789     127.435     450.742  953.759  295.064   73.357    0.910   12.710 0.00000e+00
  115    17.93333   -97.53019 36.55994     197.803     520.930  946.018  294.325   75.885    1.488   12.664 0.00000e+00
  116    17.95000   -97.53046 36.56190     304.404     627.167  934.504  293.295   79.753    1.930   12.637 0.00000e+00
  117    17.96667   -97.52982 36.56385     415.231     736.866  922.663  292.242   83.700    2.044   12.576 0.00000e+00
  118    17.98333   -97.52868 36.56586     515.021     835.277  912.154  291.290   87.819    1.826   12.569 0.00000e+00
  119    18.00000   -97.52711 36.56812     601.824     921.019  903.015  290.456   91.566    1.222   12.556 0.00000e+00
  120    18.01667   -97.52507 36.57064     659.178     978.044  896.956  289.863   94.105    0.375   12.509 0.00000e+00
  121    18.03333   -97.52269 36.57342     665.069     985.321  896.166  289.791   93.350   -0.526   12.361 0.00000e+00
  122    18.05000   -97.52032 36.57633     621.670     943.583  900.556  290.298   87.913   -1.039   11.966 0.00000e+00
  123    18.06667   -97.51828 36.57921     555.907     879.003  907.437  290.980   84.206   -1.164   11.879 0.00000e+00
  124    18.08333   -97.51645 36.58210     485.338     808.531  914.907  291.661   81.203   -1.223   11.863 0.00000e+00
  125    18.10000   -97.51469 36.58487     417.100     740.238  922.217  292.303   78.748   -1.153   11.884 0.00000e+00
  126    18.11667   -97.51299 36.58742     357.834     681.037  928.624  292.877   76.482   -0.843   11.882 0.00000e+00
  127    18.13333   -97.51141 36.58976     316.633     639.209  933.142  293.310   74.444   -0.432   11.825 0.00000e+00
  128    18.15000   -97.50995 36.59198     298.890     620.185  935.205  293.522   73.282   -0.041   11.769 0.00000e+00
  129    18.16667   -97.50852 36.59414     299.580     619.602  935.311  293.526   73.614    0.177   11.824 0.00000e+00
  130    18.18333   -97.50706 36.59621     306.160     624.834  934.691  293.452   74.534    0.116   11.925 0.00000e+00
  131    18.20000   -97.50548 36.59821     302.542     619.823  935.265  293.476   74.425   -0.198   11.918 0.00000e+00
  132    18.21667   -97.50382 36.60013     279.874     595.622  937.902  293.690   73.504   -0.618   11.894 0.00000e+00
  133    18.23333   -97.50217 36.60197     242.990     557.434  941.965  294.072   72.146   -0.730   11.903 0.00000e+00
  134    18.25000   -97.50064 36.60371     203.611     517.195  946.329  294.469   70.552   -0.718   11.875 0.00000e+00
  135    18.26667   -97.49925 36.60534     172.738     485.664  949.761  294.784   69.971   -0.382   11.965 0.00000e+00
  136    18.28333   -97.49799 36.60688     150.480     462.906  952.279  294.986   69.652   -0.336   12.028 0.00000e+00
  137    18.30000   -97.49683 36.60841     129.629     441.518  954.628  295.193   69.137   -0.293   12.063 0.00000e+00
  138    18.31667   -97.49575 36.61002     104.108     415.379  957.523  295.425   68.428   -0.472   12.074 0.00000e+00
  139    18.33333   -97.49474 36.61166      82.069     392.725  959.991  295.635   67.913   -0.452   12.107 0.00000e+00
  140    18.35000   -97.49380 36.61326      70.384     380.526  961.309  296.110   66.755    0.033   12.236 0.00000e+00
  141    18.36667   -97.49284 36.61481      82.423     392.033  960.040  296.120   66.475    0.330   12.209 0.00000e+00
  142    18.38333   -97.49170 36.61640     103.233     412.238  957.838  295.964   66.736    0.254   12.168 0.00000e+00
  143    18.40000   -97.49048 36.61811     109.515     417.738  957.196  295.870   66.859   -0.106   12.129 0.00000e+00
  144    18.41667   -97.48949 36.61989     100.494     407.789  958.312  296.029   66.378   -0.179   12.145 0.00000e+00
  145    18.43333   -97.48869 36.62162      89.770     396.246  959.554  296.163   65.914   -0.120   12.144 0.00000e+00
  146    18.45000   -97.48796 36.62323      88.242     394.642  959.701  296.180   65.761    0.038   12.126 0.00000e+00
  147    18.46667   -97.48742 36.62487      94.832     401.396  958.973  296.152   65.776    0.239   12.118 0.00000e+00
  148    18.48333   -97.48711 36.62655     105.527     412.260  957.768  296.091   65.845    0.287   12.100 0.00000e+00
  149    18.50000   -97.48700 36.62830     122.650     429.595  955.896  296.015   66.001    0.446   12.097 0.00000e+00
  150    18.51667   -97.48701 36.63021     152.793     459.870  952.592  295.810   66.596    0.675   12.096 0.00000e+00
  151    18.53333   -97.48730 36.63226     188.282     494.953  948.757  295.520   67.441    0.743   12.082 0.00000e+00
  152    18.55000   -97.48793 36.63457     218.401     524.600  945.541  295.227   68.233    0.528   12.046 0.00000e+00
  153    18.56667   -97.48885 36.63729     228.905     534.505  944.407  295.116   68.409   -0.135   12.010 0.00000e+00
  154    18.58333   -97.48949 36.64011     191.855     496.946  948.463  295.410   67.265   -1.050   11.972 0.00000e+00
  155    18.60000   -97.48975 36.64274     121.078     425.751  956.252  296.065   65.111   -1.147   11.965 0.00000e+00
  156    18.61667   -97.49036 36.64525      79.905     384.162  960.800  296.574   63.726    0.056   12.024 0.00000e+00
  157    18.63333   -97.49147 36.64742     134.194     438.195  954.878  296.052   65.640    1.854   12.071 0.00000e+00
  158    18.65000   -97.49191 36.64889     281.219     585.219  938.854  294.618   70.554    2.896   12.083 0.00000e+00
  159    18.66667   -97.49123 36.65014     424.592     728.592  923.463  293.141   75.797    1.874   12.039 0.00000e+00
  160    18.68333   -97.48997 36.65153     515.632     819.632  913.763  292.240   79.310    1.234   12.032 0.00000e+00
  161    18.70000   -97.48842 36.65308     572.932     876.936  907.679  291.657   81.230    0.579   11.959 0.00000e+00
  162    18.71667   -97.48659 36.65481     601.295     905.246  904.702  291.375   81.931    0.102   11.888 0.00000e+00
  163    18.73333   -97.48470 36.65665     598.237     901.549  905.122  291.464   80.406   -0.452   11.727 0.00000e+00
  164    18.75000   -97.48320 36.65854     576.147     878.874  907.512  291.721   78.342   -0.610   11.582 0.00000e+00
  165    18.76667   -97.48225 36.66027     554.560     856.943  909.836  291.935   77.705   -0.296   11.615 0.00000e+00
  166    18.78333   -97.48164 36.66181     556.855     859.014  909.555  291.927   77.638    0.046   11.602 0.00000e+00
  167    18.80000   -97.48117 36.66330     568.492     870.555  908.337  291.808   78.786    0.029   11.702 0.00000e+00
  168    18.81667   -97.48090 36.66480     577.904     880.348  907.263  291.733   79.243    0.158   11.728 0.00000e+00
  169    18.83333   -97.48086 36.66634     583.710     886.654  906.585  291.677   79.505    0.313   11.734 0.00000e+00
  170    18.85000   -97.48088 36.66781     598.489     901.902  904.979  291.529   80.067    0.455   11.727 0.00000e+00
  171    18.86667   -97.48078 36.66937     632.114     936.031  901.383  291.219   81.669    0.634   11.776 0.00000e+00
  172    18.88333   -97.48072 36.67119     688.321     992.829  895.452  290.705   84.173    0.849   11.826 0.00000e+00
  173    18.90000   -97.48082 36.67313     758.186    1063.300  888.107  290.022   87.175    1.054   11.824 0.00000e+00
  174    18.91667   -97.48090 36.67500     837.748    1143.443  879.802  289.264   90.570    1.315   11.812 0.00000e+00
  175    18.93333   -97.48073 36.67696     921.417    1227.769  871.152  288.478   94.126    1.472   11.785 0.00000e+00
  176    18.95000   -97.48015 36.67908     997.837    1304.999  863.240  287.750   97.549    1.430   11.758 0.00000e+00
  177    18.96667   -97.47915 36.68138    1054.604    1362.831  857.418  287.241   99.680    1.010   11.702 7.83153e-03
  178    18.98333   -97.47775 36.68384    1077.153    1386.565  855.038  287.096  100.000    0.252   11.672 2.82958e-02
