    0    16.01667   -97.55518 36.29864      35.049     389.956  960.414  293.786   82.927    0.146   13.180 0.00000e+00
    1    16.03333   -97.55502 36.30075      41.695     397.888  959.523  293.632   83.119    0.054   13.097 0.00000e+00
    2    16.05000   -97.55475 36.30305      46.611     404.222  958.832  293.555   83.335    0.111   13.078 0.00000e+00
    3    16.06667   -97.55443 36.30554      48.948     407.723  958.528  293.529   83.417    0.164   13.074 0.00000e+00
    4    16.08333   -97.55403 36.30827      51.797     410.349  958.261  293.490   83.505    0.083   13.059 0.00000e+00
    5    16.10000   -97.55339 36.31108      57.166     415.418  957.685  293.430   83.690    0.089   13.047 0.00000e+00
    6    16.11667   -97.55247 36.31411      60.233     417.613  957.533  293.422   83.682    0.043   13.041 0.00000e+00
    7    16.13333   -97.55134 36.31717      64.628     419.155  957.349  293.417   83.701    0.095   13.042 0.00000e+00
    8    16.15000   -97.55006 36.32024      74.541     425.863  956.641  293.343   83.967    0.160   13.033 0.00000e+00
    9    16.16667   -97.54885 36.32327      87.239     437.388  955.210  293.185   84.550    0.135   13.015 0.00000e+00
   10    16.18333   -97.54790 36.32621     100.263     451.264  953.735  293.055   85.083    0.232   13.011 0.00000e+00
   11    16.20000   -97.54707 36.32916     120.537     472.354  951.437  292.855   85.919    0.299   13.007 0.00000e+00
   12    16.21667   -97.54626 36.33205     151.449     503.614  947.973  292.543   87.227    0.419   12.997 0.00000e+00
   13    16.23333   -97.54543 36.33487     187.544     540.274  943.932  292.189   88.701    0.532   12.981 0.00000e+00
   14    16.25000   -97.54462 36.33778     225.687     579.320  939.686  291.812   90.388    0.597   12.976 0.00000e+00
   15    16.26667   -97.54382 36.34087     271.821     625.345  934.685  291.363   92.447    0.886   12.970 0.00000e+00
   16    16.28333   -97.54291 36.34407     335.259     688.538  927.791  290.734   95.440    1.305   12.962 0.00000e+00
   17    16.30000   -97.54153 36.34718     411.551     764.391  919.662  290.000   99.196    1.723   12.970 9.30786e-04
   18    16.31667   -97.53972 36.35023     493.147     842.851  911.277  289.534  100.000    1.757   12.824 1.15577e-01
   19    16.33333   -97.53752 36.35345     568.891     914.895  903.625  289.182  100.000    1.571   12.645 2.40394e-01
   20    16.35000   -97.53521 36.35666     630.422     972.011  897.586  288.870  100.000    1.328   12.478 2.96185e-01
   21    16.36667   -97.53293 36.35986     676.713    1013.888  893.158  288.613  100.000    1.229   12.335 3.22636e-01
   22    16.38333   -97.53079 36.36292     718.922    1052.302  889.056  288.376  100.000    1.510   12.203 3.44908e-01
   23    16.40000   -97.52875 36.36578     773.099    1103.944  883.762  288.067  100.000    1.738   12.034 3.66607e-01
   24    16.41667   -97.52647 36.36855     832.541    1160.181  877.919  287.723  100.000    1.519   11.847 4.01131e-01
   25    16.43333   -97.52386 36.37136     872.458    1197.464  873.984  287.534  100.000    0.799   11.756 4.49052e-01
   26    16.45000   -97.52104 36.37437     885.753    1213.148  872.284  287.430  100.000    0.061   11.701 4.09460e-01
   27    16.46667   -97.51816 36.37767     885.068    1215.700  872.005  287.412  100.000    0.045   11.690 3.72508e-01
   28    16.48333   -97.51518 36.38113     895.759    1229.303  870.660  287.348  100.000    0.374   11.660 3.72496e-01
   29    16.50000   -97.51219 36.38459     927.939    1262.694  867.235  287.156  100.000    0.835   11.561 3.89050e-01
   30    16.51667   -97.50889 36.38810     979.629    1314.982  861.874  286.807  100.000    1.280   11.369 3.76671e-01
   31    16.53333   -97.50493 36.39179    1047.240    1383.524  854.917  286.416  100.000    1.611   11.173 4.47401e-01
   32    16.55000   -97.50060 36.39542    1113.642    1451.349  848.041  286.076  100.000    1.616   11.016 5.66834e-01
   33    16.56667   -97.49635 36.39897    1163.537    1502.887  842.926  285.791  100.000    1.548   10.877 6.00497e-01
   34    16.58333   -97.49222 36.40244    1203.067    1541.865  839.073  285.459  100.000    1.214   10.691 4.73777e-01
   35    16.60000   -97.48822 36.40583    1240.905    1577.280  835.623  285.241  100.000    1.114   10.582 4.68862e-01
   36    16.61667   -97.48405 36.40915    1271.510    1604.264  832.888  285.177  100.000    0.458   10.572 6.26705e-01
   37    16.63333   -97.47961 36.41253    1279.269    1609.042  832.407  285.216  100.000   -0.121   10.606 6.72657e-01
   38    16.65000   -97.47507 36.41589    1264.365    1594.226  833.755  285.241  100.000   -0.592   10.607 5.12228e-01
   39    16.66667   -97.47055 36.41926    1239.141    1572.831  835.896  285.248  100.000   -0.644   10.584 2.85979e-01
   40    16.68333   -97.46611 36.42263    1224.866    1556.946  837.723  285.304  100.000   -0.266   10.599 2.20803e-01
   41    16.70000   -97.46177 36.42599    1221.009    1548.114  838.615  285.336  100.000   -0.153   10.611 2.01503e-01
   42    16.71667   -97.45755 36.42934    1216.298    1538.042  839.619  285.367  100.000   -0.113   10.619 1.80211e-01
   43    16.73333   -97.45346 36.43269    1200.821    1518.199  841.547  285.447  100.000   -0.273   10.651 1.23006e-01
   44    16.75000   -97.44952 36.43607    1171.391    1486.090  844.745  285.620  100.000   -0.377   10.715 4.78239e-02
   45    16.76667   -97.44571 36.43948    1138.439    1450.656  848.274  285.838   99.300   -0.321   10.747 2.48134e-03
   46    16.78333   -97.44191 36.44290    1114.134    1425.739  850.772  286.051   98.103   -0.027   10.736 0.00000e+00
   47    16.80000   -97.43814 36.44632    1113.421    1424.467  850.915  286.052   97.919    0.377   10.715 0.00000e+00
   48    16.81667   -97.43435 36.44968    1137.935    1449.641  848.314  285.799   98.917    0.611   10.678 5.91262e-05
   49    16.83333   -97.43063 36.45298    1173.867    1487.548  844.523  285.492   99.988    0.658   10.624 2.09288e-02
   50    16.85000   -97.42701 36.45625    1204.896    1518.488  841.585  285.342  100.000    0.515   10.577 8.00909e-02
   51    16.86667   -97.42349 36.45955    1218.294    1528.740  840.528  285.298  100.000    0.167   10.560 1.08659e-01
   52    16.88333   -97.42003 36.46295    1208.346    1516.549  841.714  285.365  100.000   -0.141   10.592 8.94742e-02
   53    16.90000   -97.41656 36.46648    1185.977    1492.521  844.074  285.481  100.000   -0.266   10.643 4.16456e-02
   54    16.91667   -97.41294 36.47012    1164.501    1470.438  846.281  285.611   99.856   -0.146   10.672 5.62379e-03
   55    16.93333   -97.40913 36.47381    1165.509    1467.237  846.763  285.635   99.741    0.294   10.671 4.57674e-03
   56    16.95000   -97.40525 36.47738    1188.676    1485.682  844.834  285.494  100.000    0.459   10.634 2.09652e-02
   57    16.96667   -97.40143 36.48076    1215.878    1510.288  842.442  285.360  100.000    0.379   10.579 6.45097e-02
   58    16.98333   -97.39771 36.48405    1228.637    1519.937  841.405  285.309  100.000   -0.001   10.556 8.61772e-02
   59    17.00000   -97.39407 36.48735    1212.319    1503.069  843.009  285.397  100.000   -0.445   10.594 5.46412e-02
   60    17.01667   -97.39040 36.49075    1171.683    1463.974  846.867  285.651   99.466   -0.683   10.651 1.20434e-03
   61    17.03333   -97.38665 36.49421    1126.571    1421.669  851.157  286.044   97.546   -0.609   10.665 0.00000e+00
   62    17.05000   -97.38277 36.49773    1094.388    1391.809  854.215  286.327   96.145   -0.396   10.671 0.00000e+00
   63    17.06667   -97.37896 36.50127    1080.990    1380.111  855.439  286.450   95.414   -0.150   10.661 0.00000e+00
   64    17.08333   -97.37537 36.50479    1082.307    1382.891  855.157  286.430   95.287    0.025   10.636 0.00000e+00
   65    17.10000   -97.37202 36.50830    1088.308    1390.548  854.425  286.369   95.328    0.071   10.607 0.00000e+00
   66    17.11667   -97.36880 36.51181    1093.323    1397.395  853.705  286.306   95.412    0.056   10.582 0.00000e+00
   67    17.13333   -97.36555 36.51530    1094.968    1399.984  853.508  286.292   95.355    0.047   10.568 0.00000e+00
   68    17.15000   -97.36214 36.51881    1091.630    1395.583  854.003  286.344   95.027    0.007   10.562 0.00000e+00
   69    17.16667   -97.35848 36.52231    1085.143    1386.816  854.864  286.425   94.608    0.094   10.561 0.00000e+00
   70    17.18333   -97.35468 36.52583    1090.210    1390.412  854.425  286.367   95.049    0.452   10.575 0.00000e+00
   71    17.20000   -97.35087 36.52935    1118.867    1418.488  851.580  286.079   96.669    0.786   10.588 0.00000e+00
   72    17.21667   -97.34731 36.53290    1158.402    1459.690  847.373  285.657   99.102    0.708   10.610 6.15449e-04
   73    17.23333   -97.34389 36.53646    1187.051    1491.158  844.257  285.422  100.000    0.315   10.597 2.81456e-02
   74    17.25000   -97.34060 36.54005    1193.328    1498.190  843.594  285.395  100.000   -0.131   10.587 2.83375e-02
   75    17.26667   -97.33733 36.54366    1175.641    1481.144  845.291  285.526   99.488   -0.505   10.585 1.36864e-03
   76    17.28333   -97.33401 36.54729    1142.133    1449.451  848.448  285.840   97.548   -0.661   10.557 0.00000e+00
   77    17.30000   -97.33055 36.55091    1108.020    1417.738  851.611  286.167   95.470   -0.565   10.518 0.00000e+00
   78    17.31667   -97.32690 36.55452    1089.051    1401.941  853.189  286.348   94.144   -0.240   10.476 0.00000e+00
   79    17.33333   -97.32314 36.55809    1092.946    1409.547  852.346  286.303   93.894    0.040   10.428 0.00000e+00
   80    17.35000   -97.31932 36.56157    1105.888    1428.859  850.403  286.150   94.286    0.020   10.390 0.00000e+00
   81    17.36667   -97.31561 36.56498    1113.121    1439.691  849.463  286.075   94.474   -0.038   10.372 0.00000e+00
   82    17.38333   -97.31200 36.56837    1105.717    1433.163  850.166  286.114   94.590   -0.159   10.402 0.00000e+00
   83    17.40000   -97.30846 36.57175    1083.215    1409.566  852.649  286.297   94.161   -0.228   10.450 0.00000e+00
   84    17.41667   -97.30493 36.57512    1051.357    1374.673  856.152  286.575   93.265   -0.304   10.498 0.00000e+00
   85    17.43333   -97.30141 36.57849    1014.096    1336.720  859.943  286.863   92.499   -0.279   10.563 0.00000e+00
   86    17.45000   -97.29782 36.58189     985.161    1308.858  862.701  287.070   91.941   -0.186   10.608 0.00000e+00
   87    17.46667   -97.29416 36.58532     969.360    1294.253  864.390  287.205   91.489   -0.116   10.628 0.00000e+00
   88    17.48333   -97.29047 36.58872     965.326    1285.201  865.447  287.315   90.945   -0.151   10.628 0.00000e+00
   89    17.50000   -97.28676 36.59200     962.312    1274.264  866.547  287.465   89.938   -0.278   10.600 0.00000e+00
   90    17.51667   -97.28305 36.59516     952.730    1257.547  868.214  287.660   88.753   -0.311   10.574 0.00000e+00
   91    17.53333   -97.27935 36.59824     940.656    1239.861  870.010  287.834   87.970   -0.148   10.578 0.00000e+00
   92    17.55000   -97.27571 36.60130     935.140    1231.390  870.848  287.910   87.696    0.085   10.587 0.00000e+00
   93    17.56667   -97.27203 36.60434     940.211    1234.112  870.533  287.871   87.992    0.164   10.600 0.00000e+00
   94    17.58333   -97.26830 36.60744     943.284    1236.168  870.296  287.862   88.265    0.026   10.629 0.00000e+00
   95    17.60000   -97.26455 36.61068     943.340    1236.144  870.240  287.886   88.117    0.001   10.629 0.00000e+00
   96    17.61667   -97.26090 36.61409     948.319    1241.186  869.756  287.843   88.144    0.150   10.608 0.00000e+00
   97    17.63333   -97.25735 36.61765     967.866    1260.365  867.808  287.642   89.182    0.474   10.618 0.00000e+00
   98    17.65000   -97.25394 36.62132    1002.493    1295.337  864.173  287.270   91.384    0.711   10.664 0.00000e+00
   99    17.66667   -97.25076 36.62498    1044.146    1337.355  859.932  286.868   93.343    0.676   10.663 0.00000e+00
  100    17.68333   -97.24776 36.62853    1079.550    1373.582  856.257  286.533   94.784    0.512   10.638 0.00000e+00
  101    17.70000   -97.24489 36.63194    1100.673    1395.109  854.184  286.355   95.322    0.141   10.600 0.00000e+00
  102    17.71667   -97.24198 36.63522    1104.476    1398.068  853.905  286.366   94.832   -0.207   10.556 0.00000e+00
  103    17.73333   -97.23897 36.63842    1094.215    1387.932  854.838  286.531   93.189   -0.331   10.475 0.00000e+00
  104    17.75000   -97.23586 36.64160    1080.901    1375.663  856.077  286.682   92.004   -0.176   10.430 0.00000e+00
  105    17.76667   -97.23264 36.64481    1074.995    1370.540  856.592  286.717   91.860    0.127   10.430 0.00000e+00
  106    17.78333   -97.22945 36.64803    1082.387    1378.328  855.862  286.602   92.807    0.429   10.468 0.00000e+00
  107    17.80000   -97.22623 36.65123    1099.810    1395.186  854.129  286.398   94.235    0.476   10.509 0.00000e+00
  108    17.81667   -97.22301 36.65430    1115.238    1410.764  852.510  286.211   95.522    0.315   10.543 0.00000e+00
  109    17.83333   -97.21981 36.65723    1119.540    1416.052  851.968  286.153   95.901    0.029   10.551 0.00000e+00
  110    17.85000   -97.21669 36.66009    1110.906    1408.967  852.693  286.232   95.361   -0.246   10.537 0.00000e+00
  111    17.86667   -97.21367 36.66294    1092.492    1391.857  854.466  286.432   93.989   -0.393   10.501 0.00000e+00
  112    17.88333   -97.21078 36.66587    1071.607    1371.551  856.547  286.648   92.726   -0.429   10.482 0.00000e+00
  113    17.90000   -97.20795 36.66888    1051.687    1351.551  858.585  286.875   91.270   -0.423   10.447 0.00000e+00
  114    17.91667   -97.20513 36.67194    1030.930    1330.959  860.679  287.093   90.060   -0.460   10.431 0.00000e+00
  115    17.93333   -97.20229 36.67502    1007.132    1307.616  863.056  287.332   88.844   -0.523   10.423 0.00000e+00
  116    17.95000   -97.19942 36.67811     974.495    1275.691  866.314  287.653   87.230   -0.665   10.411 0.00000e+00
  117    17.96667   -97.19651 36.68122     933.200    1234.977  870.499  288.046   85.541   -0.771   10.422 0.00000e+00
  118    17.98333   -97.19363 36.68433     889.399    1191.579  874.955  288.472   83.610   -0.734   10.419 0.00000e+00
  119    18.00000   -97.19080 36.68744     854.421    1157.289  878.481  288.806   82.155   -0.463   10.418 0.00000e+00
  120    18.01667   -97.18800 36.69053     838.965    1142.825  880.005  288.944   81.615   -0.044   10.425 0.00000e+00
  121    18.03333   -97.18523 36.69362     847.125    1151.845  879.102  288.860   81.988    0.360   10.426 0.00000e+00
  122    18.05000   -97.18246 36.69667     871.980    1177.423  876.456  288.590   83.388    0.610   10.452 0.00000e+00
  123    18.06667   -97.17968 36.69964     905.487    1211.642  872.899  288.233   85.190    0.696   10.477 0.00000e+00
  124    18.08333   -97.17687 36.70250     940.790    1247.399  869.261  287.869   87.117    0.636   10.508 0.00000e+00
  125    18.10000   -97.17404 36.70523     969.554    1276.139  866.290  287.578   88.592    0.439   10.522 0.00000e+00
  126    18.11667   -97.17119 36.70792     984.284    1290.875  864.844  287.426   89.427    0.108   10.534 0.00000e+00
  127    18.13333   -97.16829 36.71062     981.632    1288.300  865.070  287.442   89.452   -0.238   10.545 0.00000e+00
  128    18.15000   -97.16539 36.71337     965.373    1272.436  866.647  287.605   88.564   -0.464   10.533 0.00000e+00
  129    18.16667   -97.16251 36.71615     943.555    1251.795  868.750  287.834   87.218   -0.504   10.503 0.00000e+00
  130    18.18333   -97.15967 36.71893     922.161    1232.097  870.777  288.039   86.168   -0.427   10.491 0.00000e+00
  131    18.20000   -97.15691 36.72169     903.379    1214.924  872.585  288.216   85.332   -0.261   10.487 0.00000e+00
  132    18.21667   -97.15424 36.72437     890.600    1203.782  873.744  288.309   85.077   -0.050   10.505 0.00000e+00
  133    18.23333   -97.15158 36.72701     888.525    1202.556  873.910  288.325   85.036    0.158   10.509 0.00000e+00
  134    18.25000   -97.14877 36.72956     890.906    1204.310  873.776  288.303   85.195    0.000   10.515 0.00000e+00
  135    18.26667   -97.14583 36.73203     881.292    1193.390  874.954  288.415   84.667   -0.340   10.512 0.00000e+00
  136    18.28333   -97.14292 36.73443     859.891    1170.184  877.338  288.665   83.384   -0.515   10.493 0.00000e+00
  137    18.30000   -97.14005 36.73682     833.257    1142.118  880.209  289.002   81.294   -0.496   10.420 0.00000e+00
  138    18.31667   -97.13725 36.73924     801.673    1109.682  883.469  289.295   79.599   -0.370   10.358 0.00000e+00
  139    18.33333   -97.13466 36.74181     772.057    1080.595  886.549  289.470   80.551   -0.229   10.564 0.00000e+00
  140    18.35000   -97.13230 36.74453     756.938    1065.732  888.136  289.567   81.101    0.159   10.683 0.00000e+00
  141    18.36667   -97.13007 36.74740     771.844    1080.394  886.621  289.388   82.304    0.640   10.736 0.00000e+00
  142    18.38333   -97.12794 36.75037     812.972    1122.070  882.171  288.877   86.015    0.940   10.912 0.00000e+00
  143    18.40000   -97.12573 36.75348     856.590    1168.501  877.294  288.316   91.285    0.598   11.230 0.00000e+00
  144    18.41667   -97.12318 36.75655     884.651    1199.429  874.145  288.006   92.468   -0.164   11.190 0.00000e+00
  145    18.43333   -97.12046 36.75947     887.581    1204.592  873.740  288.004   91.744   -0.901   11.106 0.00000e+00
  146    18.45000   -97.11774 36.76225     859.808    1176.132  876.770  288.395   88.702   -1.351   10.976 0.00000e+00
  147    18.46667   -97.11511 36.76489     809.306    1124.118  882.143  289.014   84.528   -1.419   10.819 0.00000e+00
  148    18.48333   -97.11266 36.76751     756.385    1069.753  887.775  289.604   81.202   -0.940   10.726 0.00000e+00
  149    18.50000   -97.11038 36.77014     722.998    1035.051  891.401  289.969   79.254   -0.325   10.673 0.00000e+00
  150    18.51667   -97.10829 36.77282     713.618    1025.424  892.406  290.020   79.761    0.120   10.764 0.00000e+00
  151    18.53333   -97.10630 36.77552     720.775    1032.432  891.692  289.874   81.695    0.284   10.931 0.00000e+00
  152    18.55000   -97.10434 36.77823     737.830    1048.709  889.969  289.677   83.380    0.360   11.038 0.00000e+00
  153    18.56667   -97.10238 36.78091     758.482    1069.103  887.734  289.439   84.858    0.333   11.091 0.00000e+00
  154    18.58333   -97.10040 36.78360     774.295    1086.542  885.905  289.243   86.158    0.216   11.144 0.00000e+00
  155    18.60000   -97.09839 36.78634     778.222    1092.070  885.349  289.168   86.965   -0.078   11.201 0.00000e+00
  156    18.61667   -97.09632 36.78917     761.287    1076.402  886.995  289.309   86.552   -0.507   11.228 0.00000e+00
  157    18.63333   -97.09412 36.79191     722.807    1038.759  890.846  289.679   84.550   -0.854   11.183 0.00000e+00
  158    18.65000   -97.09179 36.79457     669.951     987.424  896.236  290.193   82.079   -1.065   11.151 0.00000e+00
  159    18.66667   -97.08945 36.79716     609.890     929.083  902.395  290.771   79.551   -1.075   11.137 0.00000e+00
  160    18.68333   -97.08723 36.79975     556.359     876.290  907.984  291.294   77.391   -0.878   11.131 0.00000e+00
  161    18.70000   -97.08504 36.80235     518.282     838.318  912.060  291.670   76.016   -0.537   11.146 0.00000e+00
  162    18.71667   -97.08293 36.80497     498.251     818.375  914.160  291.854   75.518   -0.212   11.177 0.00000e+00
  163    18.73333   -97.08089 36.80760     494.932     816.084  914.395  291.871   75.705    0.089   11.213 0.00000e+00
  164    18.75000   -97.07893 36.81020     506.248     828.188  913.128  291.747   76.443    0.329   11.250 0.00000e+00
  165    18.76667   -97.07714 36.81269     521.658     843.971  911.468  291.581   77.403    0.333   11.293 0.00000e+00
  166    18.78333   -97.07549 36.81509     530.172     853.439  910.402  291.472   77.961    0.178   11.310 0.00000e+00
  167    18.80000   -97.07391 36.81740     519.125     843.786  911.448  291.547   78.197   -0.242   11.385 0.00000e+00
  168    18.81667   -97.07236 36.81970     481.489     807.626  915.211  291.901   76.735   -0.681   11.377 0.00000e+00
  169    18.83333   -97.07076 36.82209     423.640     751.360  921.284  292.431   74.947   -1.022   11.413 0.00000e+00
  170    18.85000   -97.06908 36.82465     360.348     689.555  927.883  293.023   72.909   -1.105   11.440 0.00000e+00
  171    18.86667   -97.06733 36.82732     293.449     624.213  934.930  293.670   70.520   -1.119   11.434 0.00000e+00
  172    18.88333   -97.06539 36.83010     227.657     560.150  941.879  294.287   68.576   -1.021   11.468 0.00000e+00
  173    18.90000   -97.06338 36.83290     167.489     501.341  948.246  294.860   66.878   -1.017   11.509 0.00000e+00
  174    18.91667   -97.06139 36.83566     104.716     440.055  954.931  295.496   64.986   -0.979   11.549 0.00000e+00
  175    18.93333   -97.05944 36.83829      58.629     395.925  959.793  296.006   63.716   -0.526   11.623 0.00000e+00
  176    18.95000   -97.05753 36.84091      34.988     374.316  962.157  296.287   63.185   -0.448   11.698 0.00000e+00
  177    18.96667   -97.05574 36.84337      14.640     355.843  964.223  296.876   61.450   -0.388   11.767 0.00000e+00
  178    18.98333   -97.05412 36.84580       4.674     347.621  964.976  297.355   59.139   -0.108   11.651 0.00000e+00
