    0    16.01667   -97.50938 36.24866      19.208     378.995  961.683  293.026   85.596   -0.005   12.957 0.00000e+00
    1    16.03333   -97.50969 36.24992      17.435     376.833  961.882  293.086   85.448   -0.029   12.980 0.00000e+00
    2    16.05000   -97.51019 36.25109      17.237     376.006  961.934  293.116   85.391    0.011   12.996 0.00000e+00
    3    16.06667   -97.51087 36.25228      17.579     375.483  962.003  293.211   85.168    0.023   13.038 0.00000e+00
    4    16.08333   -97.51164 36.25369      19.713     376.765  961.866  293.257   85.045    0.027   13.058 0.00000e+00
    5    16.10000   -97.51254 36.25526      20.671     377.447  961.779  293.335   84.800    0.039   13.085 0.00000e+00
    6    16.11667   -97.51337 36.25692      22.944     380.724  961.410  293.312   84.766   -0.026   13.067 0.00000e+00
    7    16.13333   -97.51398 36.25856      21.135     379.873  961.497  293.362   84.387   -0.070   13.048 0.00000e+00
    8    16.15000   -97.51451 36.26028      16.156     375.843  961.908  293.507   83.727   -0.111   13.058 0.00000e+00
    9    16.16667   -97.51510 36.26208      12.947     373.420  962.168  293.634   83.172   -0.016   13.070 0.00000e+00
   10    16.18333   -97.51565 36.26398      15.527     376.885  961.786  293.753   82.929    0.127   13.134 0.00000e+00
   11    16.20000   -97.51599 36.26591      22.875     385.673  960.827  293.740   83.180    0.202   13.177 0.00000e+00
   12    16.21667   -97.51618 36.26788      36.222     400.702  959.194  293.520   83.990    0.306   13.147 0.00000e+00
   13    16.23333   -97.51627 36.26994      57.560     423.920  956.639  293.188   85.105    0.478   13.083 0.00000e+00
   14    16.25000   -97.51617 36.27205      87.409     455.192  953.323  292.836   86.326    0.561   13.027 0.00000e+00
   15    16.26667   -97.51582 36.27421     121.428     488.369  949.676  292.481   87.746    0.555   13.000 0.00000e+00
   16    16.28333   -97.51520 36.27636     155.676     521.741  945.975  292.160   89.182    0.316   12.999 0.00000e+00
   17    16.30000   -97.51443 36.27850     173.585     538.833  944.212  292.015   89.815    0.142   12.997 0.00000e+00
   18    16.31667   -97.51358 36.28076     184.193     548.565  943.068  291.927   90.048    0.120   12.975 0.00000e+00
   19    16.33333   -97.51273 36.28315     189.629     552.920  942.582  291.874   90.077    0.304   12.942 0.00000e+00
   20    16.35000   -97.51182 36.28562     197.616     559.746  941.892  291.781   90.362    0.218   12.917 0.00000e+00
   21    16.36667   -97.51091 36.28813     202.711     563.457  941.526  291.718   90.524   -0.062   12.893 0.00000e+00
   22    16.38333   -97.51013 36.29070     199.736     558.377  942.066  291.758   90.184   -0.168   12.870 0.00000e+00
   23    16.40000   -97.50956 36.29331     197.466     554.157  942.523  291.848   89.631   -0.188   12.857 0.00000e+00
   24    16.41667   -97.50912 36.29601     196.976     551.853  942.778  291.889   89.484   -0.064   12.867 0.00000e+00
   25    16.43333   -97.50875 36.29873     200.836     552.381  942.742  291.894   89.504    0.077   12.874 0.00000e+00
   26    16.45000   -97.50826 36.30153     212.924     560.460  941.858  291.835   89.747    0.084   12.873 0.00000e+00
   27    16.46667   -97.50760 36.30446     223.627     567.014  941.090  291.778   90.016   -0.010   12.876 0.00000e+00
   28    16.48333   -97.50696 36.30750     226.708     568.549  940.907  291.755   90.174   -0.054   12.882 0.00000e+00
   29    16.50000   -97.50643 36.31057     237.800     578.542  939.794  291.634   90.727    0.260   12.877 0.00000e+00
   30    16.51667   -97.50586 36.31377     256.723     596.110  937.904  291.509   91.330    0.380   12.887 0.00000e+00
   31    16.53333   -97.50542 36.31701     271.754     610.343  936.356  291.369   91.926    0.364   12.879 0.00000e+00
   32    16.55000   -97.50511 36.32019     288.693     626.668  934.594  291.208   92.635    0.401   12.870 0.00000e+00
   33    16.56667   -97.50486 36.32322     302.016     638.685  933.325  291.091   93.103    0.259   12.857 0.00000e+00
   34    16.58333   -97.50475 36.32600     308.214     643.101  932.825  291.044   93.205    0.120   12.840 0.00000e+00
   35    16.60000   -97.50484 36.32857     306.598     639.900  933.153  291.076   93.015   -0.023   12.836 0.00000e+00
   36    16.61667   -97.50515 36.33102     295.461     629.036  934.173  291.168   92.476   -0.220   12.822 0.00000e+00
   37    16.63333   -97.50560 36.33335     284.524     620.731  935.068  291.252   91.944   -0.298   12.803 0.00000e+00
   38    16.65000   -97.50590 36.33556     268.901     607.573  936.490  291.389   91.203   -0.417   12.791 0.00000e+00
   39    16.66667   -97.50613 36.33768     239.261     580.272  939.554  291.666   89.954   -0.512   12.797 0.00000e+00
   40    16.68333   -97.50634 36.33979     204.833     546.870  943.233  292.013   88.401   -0.582   12.804 0.00000e+00
   41    16.70000   -97.50655 36.34194     169.699     512.046  947.083  292.392   86.647   -0.631   12.801 0.00000e+00
   42    16.71667   -97.50673 36.34422     138.297     480.967  950.450  292.714   85.240   -0.559   12.804 0.00000e+00
   43    16.73333   -97.50684 36.34662     113.105     455.863  953.293  293.000   84.021   -0.343   12.810 0.00000e+00
   44    16.75000   -97.50692 36.34916      99.411     440.067  955.058  293.200   83.225   -0.185   12.825 0.00000e+00
   45    16.76667   -97.50703 36.35175      91.378     429.545  956.224  293.379   82.595   -0.063   12.856 0.00000e+00
   46    16.78333   -97.50725 36.35435      84.848     420.474  957.203  293.573   81.988    0.031   12.903 0.00000e+00
   47    16.80000   -97.50771 36.35702      80.804     414.101  957.874  293.705   81.573    0.058   12.934 0.00000e+00
   48    16.81667   -97.50841 36.35973      79.341     410.296  958.236  293.768   81.359    0.091   12.947 0.00000e+00
   49    16.83333   -97.50922 36.36238      80.545     409.080  958.379  293.769   81.319    0.031   12.939 0.00000e+00
   50    16.85000   -97.51002 36.36496      77.380     403.996  958.956  293.816   81.055   -0.068   12.927 0.00000e+00
   51    16.86667   -97.51075 36.36746      70.924     396.134  959.845  293.887   80.683   -0.117   12.912 0.00000e+00
   52    16.88333   -97.51144 36.36992      63.932     387.853  960.771  293.950   80.309   -0.144   12.891 0.00000e+00
   53    16.90000   -97.51227 36.37234      61.275     385.275  960.917  293.977   80.163   -0.036   12.887 0.00000e+00
   54    16.91667   -97.51327 36.37470      64.522     391.411  960.221  293.986   80.224    0.168   12.913 0.00000e+00
   55    16.93333   -97.51453 36.37685      81.950     411.424  957.997  293.877   80.814    0.462   12.950 0.00000e+00
   56    16.95000   -97.51583 36.37883     118.930     450.656  953.696  293.515   82.253    0.822   12.945 0.00000e+00
   57    16.96667   -97.51701 36.38069     168.555     501.893  948.052  293.011   84.360    0.894   12.943 0.00000e+00
   58    16.98333   -97.51788 36.38246     213.639     547.976  943.043  292.554   86.308    0.679   12.937 0.00000e+00
   59    17.00000   -97.51864 36.38408     249.719     585.026  939.000  292.212   87.783    0.644   12.934 0.00000e+00
   60    17.01667   -97.51935 36.38556     285.704     621.962  935.009  291.836   89.454    0.556   12.927 0.00000e+00
   61    17.03333   -97.52000 36.38697     316.872     654.041  931.511  291.537   90.721    0.493   12.913 0.00000e+00
   62    17.05000   -97.52055 36.38837     344.424     682.534  928.445  291.265   91.983    0.615   12.912 0.00000e+00
   63    17.06667   -97.52090 36.38993     367.765     706.851  925.839  291.056   92.880    0.536   12.903 0.00000e+00
   64    17.08333   -97.52111 36.39169     377.555     717.727  924.623  290.987   93.093    0.050   12.892 0.00000e+00
   65    17.10000   -97.52138 36.39365     369.760     711.141  925.345  291.076   92.545   -0.446   12.879 0.00000e+00
   66    17.11667   -97.52174 36.39565     342.254     684.882  928.180  291.361   91.128   -0.767   12.874 0.00000e+00
   67    17.13333   -97.52213 36.39750     298.543     642.050  932.816  291.817   88.951   -1.032   12.869 0.00000e+00
   68    17.15000   -97.52266 36.39927     231.403     575.354  940.048  292.480   85.875   -1.529   12.853 0.00000e+00
   69    17.16667   -97.52326 36.40101     157.088     501.400  948.114  293.171   83.044   -1.218   12.868 0.00000e+00
   70    17.18333   -97.52383 36.40266      96.498     441.068  954.715  293.744   80.668   -0.927   12.865 0.00000e+00
   71    17.20000   -97.52433 36.40426      57.471     402.219  959.019  294.269   78.434   -0.472   12.865 0.00000e+00
   72    17.21667   -97.52499 36.40577      41.987     386.904  960.707  294.507   77.583   -0.193   12.892 0.00000e+00
   73    17.23333   -97.52592 36.40723      31.270     376.424  961.824  294.720   76.881   -0.178   12.930 0.00000e+00
   74    17.25000   -97.52711 36.40865      23.019     368.439  962.744  294.959   76.202   -0.096   12.994 0.00000e+00
   75    17.26667   -97.52827 36.41002      21.622     367.380  962.849  295.123   75.878    0.133   13.068 0.00000e+00
   76    17.28333   -97.52927 36.41139      32.923     379.057  961.561  295.096   76.085    0.402   13.100 0.00000e+00
   77    17.30000   -97.53006 36.41286      58.935     405.505  958.635  294.716   77.233    0.510   13.029 0.00000e+00
   78    17.31667   -97.53061 36.41450      99.209     446.298  954.146  294.311   78.736    1.003   13.015 0.00000e+00
   79    17.33333   -97.53102 36.41602     161.898     509.485  947.204  293.659   81.171    1.188   12.980 0.00000e+00
   80    17.35000   -97.53115 36.41748     233.515     581.614  939.305  292.987   83.952    1.267   12.982 0.00000e+00
   81    17.36667   -97.53075 36.41900     302.355     651.052  931.790  292.306   86.848    1.091   12.973 0.00000e+00
   82    17.38333   -97.52966 36.42064     367.506     716.978  924.657  291.650   89.614    0.996   12.942 0.00000e+00
   83    17.40000   -97.52814 36.42250     424.695     774.542  918.655  291.096   91.970    0.967   12.909 0.00000e+00
   84    17.41667   -97.52637 36.42464     472.197     820.293  913.813  290.641   93.855    0.629   12.867 0.00000e+00
   85    17.43333   -97.52464 36.42699     502.885     848.172  910.874  290.365   95.036    0.355   12.843 0.00000e+00
   86    17.45000   -97.52304 36.42947     523.138     865.083  909.135  290.204   95.157    0.242   12.752 0.00000e+00
   87    17.46667   -97.52151 36.43204     537.412     876.504  907.847  290.104   95.152    0.072   12.689 0.00000e+00
   88    17.48333   -97.52008 36.43470     538.320     875.958  907.838  290.121   94.779   -0.285   12.653 0.00000e+00
   89    17.50000   -97.51891 36.43740     520.965     858.387  909.646  290.297   93.733   -0.582   12.630 0.00000e+00
   90    17.51667   -97.51801 36.44011     492.828     829.466  912.763  290.609   91.844   -0.653   12.580 0.00000e+00
   91    17.53333   -97.51735 36.44289     459.259     794.676  916.453  290.989   89.511   -0.565   12.510 0.00000e+00
   92    17.55000   -97.51689 36.44567     426.482     760.825  920.111  291.370   87.213   -0.311   12.436 0.00000e+00
   93    17.56667   -97.51659 36.44834     405.912     738.813  922.425  291.570   86.502    0.189   12.460 0.00000e+00
   94    17.58333   -97.51624 36.45078     399.234     730.449  923.384  291.645   86.315    0.197   12.480 0.00000e+00
   95    17.60000   -97.51570 36.45296     394.110     723.618  924.117  291.704   86.164    0.050   12.494 0.00000e+00
   96    17.61667   -97.51498 36.45481     381.095     708.929  925.729  291.837   85.763   -0.431   12.519 0.00000e+00
   97    17.63333   -97.51414 36.45644     337.242     663.876  930.570  292.259   84.048   -1.108   12.534 0.00000e+00
   98    17.65000   -97.51359 36.45818     270.189     596.033  937.877  292.927   81.193   -1.362   12.527 0.00000e+00
   99    17.66667   -97.51355 36.46023     196.007     521.318  945.991  293.653   78.261   -1.348   12.526 0.00000e+00
  100    17.68333   -97.51387 36.46255     134.236     459.070  952.770  294.277   75.829   -0.980   12.527 0.00000e+00
  101    17.70000   -97.51451 36.46508      98.779     422.532  956.826  294.658   74.422   -0.403   12.533 0.00000e+00
  102    17.71667   -97.51530 36.46770      89.377     411.737  958.047  294.821   73.901    0.095   12.556 0.00000e+00
  103    17.73333   -97.51620 36.47038     104.625     425.593  956.467  295.028   73.681    0.945   12.701 0.00000e+00
  104    17.75000   -97.51702 36.47307     143.693     463.455  952.318  294.741   74.897    0.945   12.739 0.00000e+00
  105    17.76667   -97.51736 36.47576     176.704     495.343  948.860  294.429   76.073    0.316   12.739 0.00000e+00
  106    17.78333   -97.51739 36.47868     177.634     494.971  948.869  294.460   75.603   -0.420   12.684 0.00000e+00
  107    17.80000   -97.51764 36.48196     152.534     468.313  951.740  294.829   74.133    0.028   12.686 0.00000e+00
  108    17.81667   -97.51815 36.48521     165.657     479.877  950.446  294.697   74.486    1.071   12.660 0.00000e+00
  109    17.83333   -97.51862 36.48836     206.607     519.559  946.036  294.286   75.961    0.784   12.646 0.00000e+00
  110    17.85000   -97.51874 36.49128     260.463     574.176  940.149  293.816   77.864    1.002   12.669 0.00000e+00
  111    17.86667   -97.51859 36.49368     379.737     694.149  927.229  292.797   82.104    2.512   12.711 0.00000e+00
  112    17.88333   -97.51830 36.49580     565.905     880.828  907.298  290.972   90.054    3.285   12.700 0.00000e+00
  113    17.90000   -97.51778 36.49794     764.711    1079.713  886.402  289.027   99.613    3.119   12.699 5.64133e-03
  114    17.91667   -97.51675 36.50011     940.850    1255.382  868.308  288.211  100.000    2.651   12.365 3.66653e-01
  115    17.93333   -97.51527 36.50240    1098.514    1412.216  852.407  287.548  100.000    2.949   12.068 7.09492e-01
  116    17.95000   -97.51342 36.50489    1263.039    1575.360  836.109  286.779  100.000    3.733   11.702 1.06853e+00
  117    17.96667   -97.51115 36.50802    1432.089    1740.258  819.786  285.678  100.000    4.215   11.103 1.22114e+00
  118    17.98333   -97.50812 36.51174    1545.893    1849.912  809.062  284.881  100.000    2.554   10.674 1.23755e+00
  119    18.00000   -97.50479 36.51579    1564.468    1867.139  807.328  284.947  100.000    0.279   10.746 1.11311e+00
  120    18.01667   -97.50179 36.51951    1509.636    1813.177  812.555  284.677  100.000   -0.816   10.487 3.21880e-01
  121    18.03333   -97.49892 36.52281    1412.157    1717.111  821.903  284.921   96.423   -1.373   10.138 2.30991e-03
  122    18.05000   -97.49565 36.52561    1316.496    1622.482  831.275  285.564   94.296   -1.017   10.229 0.00000e+00
  123    18.06667   -97.49194 36.52816    1270.660    1576.958  835.786  286.055   90.810   -0.381   10.120 0.00000e+00
  124    18.08333   -97.48843 36.53082    1288.740    1595.336  833.965  285.952   89.983    0.719    9.982 0.00000e+00
  125    18.10000   -97.48534 36.53360    1352.019    1659.711  827.651  285.415   90.967    1.278    9.814 0.00000e+00
  126    18.11667   -97.48264 36.53639    1424.145    1733.428  820.329  284.678   94.535    1.206    9.800 0.00000e+00
  127    18.13333   -97.48026 36.53912    1478.569    1789.720  814.858  284.106   97.405    0.771    9.784 0.00000e+00
  128    18.15000   -97.47813 36.54181    1506.541    1819.635  811.931  283.839   98.375    0.195    9.742 0.00000e+00
  129    18.16667   -97.47629 36.54451    1507.696    1823.583  811.497  283.791   97.782   -0.119    9.657 7.99306e-04
  130    18.18333   -97.47469 36.54730    1491.414    1809.997  812.846  283.875   97.164   -0.402    9.634 0.00000e+00
  131    18.20000   -97.47330 36.55030    1463.210    1783.530  815.484  284.122   95.797   -0.671    9.625 0.00000e+00
  132    18.21667   -97.47205 36.55348    1415.886    1737.334  819.996  284.586   92.852   -0.755    9.570 0.00000e+00
  133    18.23333   -97.47073 36.55656    1354.690    1676.532  826.071  284.845   95.048   -0.753    9.893 0.00000e+00
  134    18.25000   -97.46918 36.55944    1292.641    1613.737  832.315  285.366   94.441   -0.825   10.099 7.85759e-04
  135    18.26667   -97.46747 36.56204    1233.929    1553.723  838.276  285.989   91.272   -0.566   10.097 0.00000e+00
  136    18.28333   -97.46576 36.56455    1210.201    1528.224  840.865  286.295   89.167   -0.324   10.034 0.00000e+00
  137    18.30000   -97.46417 36.56711    1202.508    1518.409  841.829  286.434   87.993   -0.224    9.981 0.00000e+00
  138    18.31667   -97.46278 36.56962    1203.876    1518.092  841.837  286.457   87.815   -0.165    9.976 0.00000e+00
  139    18.33333   -97.46164 36.57204    1215.569    1528.582  840.711  286.381   88.011    0.255    9.961 0.00000e+00
  140    18.35000   -97.46085 36.57452    1233.620    1545.692  839.007  286.237   88.570    0.928    9.950 0.00000e+00
  141    18.36667   -97.46006 36.57707    1267.716    1578.792  835.767  285.859   91.176    0.904   10.031 0.00000e+00
  142    18.38333   -97.45908 36.57982    1313.618    1623.467  831.352  285.390   94.253    0.516   10.106 0.00000e+00
  143    18.40000   -97.45819 36.58273    1347.245    1656.024  828.122  285.070   96.315    0.040   10.150 0.00000e+00
  144    18.41667   -97.45724 36.58561    1364.714    1672.546  826.524  285.041   94.787   -0.285    9.989 0.00000e+00
  145    18.43333   -97.45616 36.58848    1369.992    1677.019  826.044  285.112   92.918   -0.357    9.845 0.00000e+00
  146    18.45000   -97.45501 36.59134    1363.725    1670.538  826.686  285.224   91.842   -0.324    9.795 0.00000e+00
  147    18.46667   -97.45371 36.59422    1348.937    1655.819  828.097  285.372   90.954   -0.237    9.780 0.00000e+00
  148    18.48333   -97.45237 36.59709    1328.135    1635.602  830.062  285.533   90.530   -0.092    9.815 0.00000e+00
  149    18.50000   -97.45102 36.59995    1311.458    1620.219  831.608  285.633   90.773    0.072    9.888 0.00000e+00
  150    18.51667   -97.44964 36.60277    1307.050    1616.928  831.916  285.629   91.321    0.221    9.941 0.00000e+00
  151    18.53333   -97.44825 36.60558    1317.464    1627.957  830.858  285.509   92.147    0.361    9.965 0.00000e+00
  152    18.55000   -97.44690 36.60841    1340.888    1650.871  828.617  285.284   93.345    0.476    9.972 0.00000e+00
  153    18.56667   -97.44557 36.61127    1372.445    1681.870  825.610  284.987   94.865    0.570    9.973 0.00000e+00
  154    18.58333   -97.44421 36.61417    1403.912    1712.563  822.629  284.679   96.550    0.458    9.981 0.00000e+00
  155    18.60000   -97.44283 36.61718    1421.965    1729.780  820.895  284.517   97.248    0.066    9.966 0.00000e+00
  156    18.61667   -97.44144 36.62027    1416.060    1723.462  821.500  284.632   96.070   -0.281    9.914 0.00000e+00
  157    18.63333   -97.44003 36.62341    1385.827    1693.281  824.467  284.997   93.402   -0.815    9.839 0.00000e+00
  158    18.65000   -97.43851 36.62656    1316.725    1624.350  831.242  285.661   88.771   -1.951    9.692 0.00000e+00
  159    18.66667   -97.43652 36.62975    1217.535    1525.576  841.044  286.332   90.770   -1.117   10.236 1.08449e-03
  160    18.68333   -97.43425 36.63295    1161.708    1471.619  846.399  286.746   91.387   -0.548   10.523 0.00000e+00
  161    18.70000   -97.43190 36.63614    1134.333    1446.620  848.870  286.968   91.205   -0.279   10.624 1.28471e-02
  162    18.71667   -97.42978 36.63919    1119.806    1433.362  850.372  287.021   91.193   -0.027   10.641 8.31093e-04
  163    18.73333   -97.42796 36.64219    1121.034    1432.007  850.544  286.957   92.382    0.098   10.732 0.00000e+00
  164    18.75000   -97.42635 36.64523    1132.605    1440.779  849.592  286.905   91.684    0.252   10.627 0.00000e+00
  165    18.76667   -97.42487 36.64840    1155.002    1461.332  847.490  286.677   93.012    0.348   10.648 0.00000e+00
  166    18.78333   -97.42355 36.65165    1184.049    1488.499  844.851  286.418   94.245    0.443   10.640 0.00000e+00
  167    18.80000   -97.42236 36.65489    1209.933    1511.844  842.488  286.198   95.071    0.286   10.610 0.00000e+00
  168    18.81667   -97.42126 36.65813    1220.527    1522.023  841.468  286.125   95.095   -0.011   10.574 0.00000e+00
  169    18.83333   -97.42019 36.66138    1218.121    1519.347  841.756  286.187   94.463   -0.175   10.543 0.00000e+00
  170    18.85000   -97.41916 36.66467    1208.022    1509.163  842.774  286.315   93.542   -0.352   10.516 0.00000e+00
  171    18.86667   -97.41814 36.66799    1186.624    1488.085  844.869  286.541   92.212   -0.588   10.495 0.00000e+00
  172    18.88333   -97.41711 36.67128    1152.051    1453.709  848.365  286.913   90.091   -0.736   10.463 0.00000e+00
  173    18.90000   -97.41607 36.67451    1109.926    1411.496  852.622  287.354   87.501   -0.714   10.407 0.00000e+00
  174    18.91667   -97.41499 36.67762    1070.818    1372.261  856.565  287.753   85.297   -0.518   10.364 0.00000e+00
  175    18.93333   -97.41389 36.68059    1042.985    1344.451  859.378  288.028   84.021   -0.220   10.359 0.00000e+00
  176    18.95000   -97.41273 36.68341    1028.485    1330.538  860.810  288.164   83.400    0.040   10.356 0.00000e+00
  177    18.96667   -97.41164 36.68613    1026.959    1329.497  860.894  288.158   83.645    0.243   10.382 0.00000e+00
  178    18.98333   -97.41058 36.68874    1035.288    1338.681  859.948  288.077   83.964    0.320   10.378 0.00000e+00
