    0    16.01667   -97.51777 36.21816      65.460     405.988  958.710  293.083   84.770    0.098   12.918 0.00000e+00
    1    16.03333   -97.51725 36.22192      67.429     407.524  958.439  293.093   84.766    0.096   12.930 0.00000e+00
    2    16.05000   -97.51688 36.22582      71.147     413.454  957.859  293.055   84.926    0.133   12.930 0.00000e+00
    3    16.06667   -97.51673 36.22980      74.324     418.519  957.341  292.995   85.081    0.123   12.913 0.00000e+00
    4    16.08333   -97.51694 36.23375      83.787     429.896  956.044  292.913   85.496    0.315   12.927 0.00000e+00
    5    16.10000   -97.51760 36.23754     101.676     449.331  953.844  292.742   86.408    0.279   12.956 0.00000e+00
    6    16.11667   -97.51857 36.24118     100.343     447.881  953.967  292.753   86.440   -0.373   12.968 0.00000e+00
    7    16.13333   -97.51934 36.24448      75.938     422.624  956.742  293.000   85.357   -0.482   12.967 0.00000e+00
    8    16.15000   -97.51986 36.24752      58.254     405.121  958.599  293.209   84.570   -0.132   12.991 0.00000e+00
    9    16.16667   -97.52032 36.25037      52.986     402.194  958.982  293.382   84.089    0.001   13.052 0.00000e+00
   10    16.18333   -97.52072 36.25307      50.464     402.067  959.014  293.411   83.907   -0.091   13.047 0.00000e+00
   11    16.20000   -97.52103 36.25562      41.390     395.001  959.849  293.516   83.482   -0.223   13.055 0.00000e+00
   12    16.21667   -97.52132 36.25804      31.228     385.932  960.818  293.653   82.958   -0.175   13.071 0.00000e+00
   13    16.23333   -97.52151 36.26033      24.634     380.474  961.470  293.867   82.295   -0.030   13.132 0.00000e+00
   14    16.25000   -97.52161 36.26263      22.216     379.254  961.664  294.025   81.826    0.001   13.183 0.00000e+00
   15    16.26667   -97.52155 36.26508      22.163     381.469  961.346  294.012   81.626   -0.004   13.144 0.00000e+00
   16    16.28333   -97.52139 36.26763      22.039     384.218  961.009  294.018   81.345    0.016   13.109 0.00000e+00
   17    16.30000   -97.52135 36.27019      23.281     388.405  960.485  294.000   81.295    0.030   13.093 0.00000e+00
   18    16.31667   -97.52148 36.27273      25.929     392.270  960.225  294.027   81.269    0.086   13.114 0.00000e+00
   19    16.33333   -97.52175 36.27530      31.530     396.521  959.721  293.981   81.463    0.103   13.115 0.00000e+00
   20    16.35000   -97.52208 36.27806      34.876     398.525  959.584  293.975   81.519    0.049   13.121 0.00000e+00
   21    16.36667   -97.52264 36.28101      35.525     397.630  959.620  294.022   81.418    0.018   13.143 0.00000e+00
   22    16.38333   -97.52361 36.28410      34.317     394.678  959.954  294.122   81.036    0.005   13.158 0.00000e+00
   23    16.40000   -97.52477 36.28715      38.863     397.710  959.637  294.198   80.838    0.277   13.192 0.00000e+00
   24    16.41667   -97.52557 36.29002      68.568     426.178  956.499  293.957   81.803    1.035   13.195 0.00000e+00
   25    16.43333   -97.52559 36.29295     143.475     499.876  948.358  293.217   84.822    1.745   13.178 0.00000e+00
   26    16.45000   -97.52480 36.29600     223.446     578.864  939.663  292.403   88.233    1.241   13.148 0.00000e+00
   27    16.46667   -97.52345 36.29916     279.880     634.758  933.561  291.812   90.676    0.636   13.103 0.00000e+00
   28    16.48333   -97.52184 36.30230     309.525     663.922  930.436  291.427   91.848    0.191   12.998 0.00000e+00
   29    16.50000   -97.52013 36.30525     325.810     679.505  928.845  291.231   92.428   -0.067   12.941 0.00000e+00
   30    16.51667   -97.51833 36.30809     339.594     691.021  927.668  291.105   92.836   -0.017   12.911 0.00000e+00
   31    16.53333   -97.51642 36.31088     359.761     708.481  925.740  290.917   93.718    0.241   12.906 0.00000e+00
   32    16.55000   -97.51436 36.31364     389.608     735.916  922.750  290.638   94.873    0.467   12.876 0.00000e+00
   33    16.56667   -97.51211 36.31634     419.051     762.938  919.836  290.363   95.960    0.483   12.839 0.00000e+00
   34    16.58333   -97.50974 36.31915     443.163     785.173  917.517  290.162   96.760    0.543   12.813 0.00000e+00
   35    16.60000   -97.50739 36.32219     478.899     818.194  914.002  289.884   97.907    0.993   12.786 0.00000e+00
   36    16.61667   -97.50496 36.32541     528.211     863.576  909.167  289.439  100.000    1.052   12.766 1.22416e-02
   37    16.63333   -97.50266 36.32865     564.498     897.047  905.487  289.285  100.000    0.931   12.702 8.97444e-02
   38    16.65000   -97.50052 36.33183     581.025     914.326  903.552  289.176  100.000    0.492   12.642 1.06363e-01
   39    16.66667   -97.49846 36.33493     584.304     919.454  903.085  289.140  100.000    0.412   12.619 8.79943e-02
   40    16.68333   -97.49638 36.33797     583.990     920.001  903.062  289.118  100.000    0.400   12.602 6.76177e-02
   41    16.70000   -97.49421 36.34089     583.056     919.614  903.073  289.101  100.000    0.331   12.587 5.90585e-02
   42    16.71667   -97.49184 36.34373     579.630     917.328  903.283  289.099  100.000    0.080   12.583 4.78431e-02
   43    16.73333   -97.48923 36.34658     564.907     904.215  904.747  289.165  100.000   -0.233   12.604 1.71078e-02
   44    16.75000   -97.48653 36.34962     547.546     886.104  906.735  289.309   99.337   -0.419   12.603 0.00000e+00
   45    16.76667   -97.48380 36.35288     537.806     873.655  908.150  289.503   97.729   -0.296   12.536 0.00000e+00
   46    16.78333   -97.48118 36.35626     544.897     875.951  908.001  289.535   97.059    0.311   12.478 0.00000e+00
   47    16.80000   -97.47877 36.35984     577.773     902.352  905.182  289.306   98.306    0.878   12.492 0.00000e+00
   48    16.81667   -97.47644 36.36362     613.056     932.894  901.679  289.028   99.695    0.246   12.493 1.48799e-02
   49    16.83333   -97.47437 36.36736     618.105     939.505  900.957  288.998   99.546   -0.228   12.460 3.69512e-03
   50    16.85000   -97.47255 36.37090     612.905     936.664  901.209  289.028   99.333   -0.339   12.454 0.00000e+00
   51    16.86667   -97.47072 36.37426     609.656     935.594  901.352  289.038   99.303   -0.162   12.456 2.58035e-03
   52    16.88333   -97.46878 36.37746     609.743     937.279  901.124  289.004   99.584   -0.096   12.468 2.82725e-03
   53    16.90000   -97.46669 36.38059     608.566     938.657  901.000  289.000   99.442   -0.146   12.448 1.57223e-04
   54    16.91667   -97.46444 36.38373     601.714     933.893  901.605  289.107   98.314   -0.250   12.383 0.00000e+00
   55    16.93333   -97.46210 36.38690     591.490     923.883  902.658  289.273   96.721   -0.302   12.300 0.00000e+00
   56    16.95000   -97.45970 36.39016     582.678     916.562  903.320  289.392   95.504   -0.287   12.229 0.00000e+00
   57    16.96667   -97.45718 36.39353     583.200     920.043  902.989  289.414   94.888   -0.016   12.172 0.00000e+00
   58    16.98333   -97.45446 36.39700     596.058     935.353  901.418  289.306   95.094    0.228   12.135 0.00000e+00
   59    17.00000   -97.45160 36.40044     616.230     956.182  899.338  289.137   95.736    0.345   12.113 0.00000e+00
   60    17.01667   -97.44888 36.40381     637.260     974.690  897.527  288.964   96.664    0.405   12.119 0.00000e+00
   61    17.03333   -97.44632 36.40710     661.578     993.766  895.554  288.778   97.687    0.418   12.129 0.00000e+00
   62    17.05000   -97.44380 36.41036     686.404    1013.480  893.410  288.611   98.266    0.291   12.098 0.00000e+00
   63    17.06667   -97.44118 36.41358     706.326    1029.457  891.708  288.384   99.773    0.250   12.128 6.16628e-04
   64    17.08333   -97.43845 36.41655     710.750    1031.354  891.488  288.357  100.000   -0.274   12.151 6.85770e-03
   65    17.10000   -97.43562 36.41901     698.729    1017.213  892.978  288.591   99.943   -0.666   12.295 4.56205e-02
   66    17.11667   -97.43279 36.42134     686.063    1002.861  894.414  288.669   99.805   -0.450   12.320 1.91176e-02
   67    17.13333   -97.43016 36.42370     692.281    1008.888  893.739  288.637   99.774   -0.166   12.300 6.00225e-03
   68    17.15000   -97.42762 36.42606     698.462    1015.869  893.026  288.660   98.862   -0.174   12.216 0.00000e+00
   69    17.16667   -97.42521 36.42830     693.323    1010.966  893.544  288.808   97.641   -0.145   12.173 0.00000e+00
   70    17.18333   -97.42294 36.43039     680.943     998.904  894.862  288.937   96.893    0.055   12.163 0.00000e+00
   71    17.20000   -97.42078 36.43242     663.151     981.971  896.648  289.117   95.706    0.071   12.130 0.00000e+00
   72    17.21667   -97.41869 36.43451     640.150     959.568  899.054  289.340   94.550   -0.171   12.124 0.00000e+00
   73    17.23333   -97.41667 36.43673     615.479     934.600  901.726  289.590   93.266   -0.479   12.117 0.00000e+00
   74    17.25000   -97.41473 36.43911     590.863     909.247  904.411  289.896   91.354   -0.625   12.067 0.00000e+00
   75    17.26667   -97.41282 36.44159     571.061     888.145  906.645  290.152   89.754   -0.427   12.021 0.00000e+00
   76    17.28333   -97.41093 36.44408     562.176     878.281  907.684  290.275   88.962   -0.043   11.996 0.00000e+00
   77    17.30000   -97.40893 36.44652     570.772     886.335  906.743  290.183   89.408    0.302   11.998 0.00000e+00
   78    17.31667   -97.40670 36.44888     588.283     904.241  904.833  289.970   90.913    0.338   12.060 0.00000e+00
   79    17.33333   -97.40421 36.45117     593.000     909.415  904.304  289.866   92.295   -0.041   12.170 0.00000e+00
   80    17.35000   -97.40160 36.45345     570.672     887.483  906.665  290.106   91.057   -0.619   12.160 0.00000e+00
   81    17.36667   -97.39914 36.45577     527.263     842.552  911.559  290.554   89.040   -0.823   12.170 0.00000e+00
   82    17.38333   -97.39691 36.45821     481.625     792.769  916.817  291.003   87.337   -0.720   12.212 0.00000e+00
   83    17.40000   -97.39487 36.46074     443.260     751.468  921.263  291.380   85.948   -0.484   12.249 0.00000e+00
   84    17.41667   -97.39293 36.46331     416.961     722.539  924.416  291.649   84.936   -0.247   12.270 0.00000e+00
   85    17.43333   -97.39097 36.46593     400.176     701.812  926.618  291.856   83.720   -0.165   12.224 0.00000e+00
   86    17.45000   -97.38906 36.46861     389.111     687.498  928.085  292.007   82.772   -0.147   12.182 0.00000e+00
   87    17.46667   -97.38727 36.47131     379.925     675.892  929.347  292.142   81.926   -0.206   12.144 0.00000e+00
   88    17.48333   -97.38553 36.47396     371.076     664.853  930.583  292.281   81.007   -0.280   12.097 0.00000e+00
   89    17.50000   -97.38387 36.47656     356.619     648.005  932.402  292.473   79.955   -0.358   12.061 0.00000e+00
   90    17.51667   -97.38223 36.47908     334.654     623.933  934.932  292.709   78.972   -0.413   12.058 0.00000e+00
   91    17.53333   -97.38055 36.48150     300.129     589.450  938.601  293.027   77.580   -0.823   12.036 0.00000e+00
   92    17.55000   -97.37882 36.48393     253.675     544.394  943.493  293.459   76.083   -0.940   12.063 0.00000e+00
   93    17.56667   -97.37706 36.48647     203.609     495.784  948.793  293.945   74.548   -0.973   12.114 0.00000e+00
   94    17.58333   -97.37539 36.48917     152.645     446.280  954.278  294.446   72.921   -0.928   12.154 0.00000e+00
   95    17.60000   -97.37403 36.49202     112.995     407.805  958.505  294.817   71.411   -0.401   12.124 0.00000e+00
   96    17.61667   -97.37302 36.49499     100.197     396.019  959.847  294.935   71.306    0.100   12.178 0.00000e+00
   97    17.63333   -97.37221 36.49809     101.207     398.169  959.585  294.950   71.884    0.342   12.291 0.00000e+00
   98    17.65000   -97.37151 36.50127     110.573     408.986  958.377  294.859   72.396    0.289   12.325 0.00000e+00
   99    17.66667   -97.37091 36.50453     116.214     416.120  957.607  294.795   73.049    0.224   12.397 0.00000e+00
  100    17.68333   -97.37053 36.50781     118.753     420.522  957.047  294.848   72.934    0.260   12.425 0.00000e+00
  101    17.70000   -97.37038 36.51100     124.290     427.963  956.248  294.621   73.798    0.065   12.408 0.00000e+00
  102    17.71667   -97.37041 36.51407     140.428     445.700  954.323  294.624   74.292    0.373   12.519 0.00000e+00
  103    17.73333   -97.37065 36.51730     168.443     474.624  951.120  294.595   74.874    0.505   12.637 0.00000e+00
  104    17.75000   -97.37077 36.52078     187.946     495.108  948.905  294.446   75.416    0.311   12.642 0.00000e+00
  105    17.76667   -97.37035 36.52418     187.317     495.480  948.880  294.420   75.349    0.043   12.610 0.00000e+00
  106    17.78333   -97.36967 36.52699     181.589     490.442  949.451  294.466   75.164   -0.005   12.607 0.00000e+00
  107    17.80000   -97.36908 36.52947     173.137     482.446  950.328  294.529   74.946   -0.137   12.608 0.00000e+00
  108    17.81667   -97.36855 36.53171     164.767     473.866  951.331  294.605   74.702   -0.173   12.613 0.00000e+00
  109    17.83333   -97.36812 36.53374     160.536     469.256  951.800  294.640   74.579   -0.103   12.613 0.00000e+00
  110    17.85000   -97.36781 36.53565     161.751     470.219  951.701  294.617   74.579    0.142   12.597 0.00000e+00
  111    17.86667   -97.36775 36.53748     173.451     481.849  950.424  294.524   75.040    0.496   12.618 0.00000e+00
  112    17.88333   -97.36780 36.53943     203.991     512.636  947.056  294.233   76.379    0.878   12.660 0.00000e+00
  113    17.90000   -97.36776 36.54169     245.951     555.036  942.405  293.859   77.128    0.922   12.552 0.00000e+00
  114    17.91667   -97.36768 36.54421     287.511     597.045  937.826  293.480   78.176    1.043   12.487 0.00000e+00
  115    17.93333   -97.36747 36.54682     329.246     639.287  933.247  293.070   79.213    0.978   12.394 0.00000e+00
  116    17.95000   -97.36716 36.54946     361.984     673.307  929.517  292.711   80.388    0.637   12.347 0.00000e+00
  117    17.96667   -97.36684 36.55207     363.431     676.100  929.199  292.654   79.880   -0.193   12.230 0.00000e+00
  118    17.98333   -97.36681 36.55471     333.105     647.271  932.273  292.964   78.575   -0.455   12.226 0.00000e+00
  119    18.00000   -97.36720 36.55745     306.006     622.617  934.918  293.272   77.855   -0.292   12.314 0.00000e+00
  120    18.01667   -97.36787 36.56034     293.048     612.328  936.022  293.414   77.014   -0.325   12.274 0.00000e+00
  121    18.03333   -97.36887 36.56322     293.543     615.423  935.651  293.377   77.371   -0.299   12.308 0.00000e+00
  122    18.05000   -97.37035 36.56624     296.810     621.324  935.000  293.353   77.609   -0.154   12.336 0.00000e+00
  123    18.06667   -97.37154 36.56925     294.915     621.483  934.973  293.399   77.930   -0.308   12.423 0.00000e+00
  124    18.08333   -97.37215 36.57214     275.520     603.556  936.898  293.601   77.330   -0.609   12.458 0.00000e+00
  125    18.10000   -97.37244 36.57482     242.267     571.673  940.352  293.914   76.185   -0.750   12.468 0.00000e+00
  126    18.11667   -97.37262 36.57729     212.616     543.345  943.484  294.198   75.191   -0.618   12.483 0.00000e+00
  127    18.13333   -97.37291 36.57961     188.883     520.826  945.977  294.403   74.441   -0.353   12.483 0.00000e+00
  128    18.15000   -97.37325 36.58186     176.275     508.009  947.455  294.516   73.965   -0.114   12.471 0.00000e+00
  129    18.16667   -97.37354 36.58411     171.195     502.447  948.049  294.554   73.800    0.032   12.465 0.00000e+00
  130    18.18333   -97.37376 36.58638     177.943     508.793  947.398  294.475   73.993    0.206   12.445 0.00000e+00
  131    18.20000   -97.37398 36.58865     202.652     533.095  944.792  294.341   74.587    0.524   12.475 0.00000e+00
  132    18.21667   -97.37419 36.59090     242.180     571.934  940.579  294.065   75.733    0.736   12.508 0.00000e+00
  133    18.23333   -97.37436 36.59316     283.128     612.175  936.228  293.683   77.109    0.715   12.495 0.00000e+00
  134    18.25000   -97.37444 36.59536     320.501     648.826  932.258  293.332   78.342    0.629   12.473 0.00000e+00
  135    18.26667   -97.37453 36.59747     347.116     675.160  929.387  293.080   79.062    0.399   12.429 0.00000e+00
  136    18.28333   -97.37456 36.59953     357.008     685.415  928.285  292.966   79.369    0.129   12.404 0.00000e+00
  137    18.30000   -97.37450 36.60159     356.644     685.345  928.282  292.952   79.275   -0.037   12.378 0.00000e+00
  138    18.31667   -97.37435 36.60361     349.116     678.013  929.120  293.019   78.914   -0.166   12.363 0.00000e+00
  139    18.33333   -97.37410 36.60559     335.862     664.348  930.638  293.163   78.210   -0.274   12.343 0.00000e+00
  140    18.35000   -97.37372 36.60748     322.316     649.412  932.227  293.330   77.450   -0.199   12.330 0.00000e+00
  141    18.36667   -97.37311 36.60926     325.316     650.833  932.084  293.352   77.298    0.257   12.324 0.00000e+00
  142    18.38333   -97.37228 36.61095     341.590     665.377  930.511  293.244   77.661    0.327   12.320 0.00000e+00
  143    18.40000   -97.37111 36.61255     366.722     688.524  928.020  293.040   78.572    0.183   12.340 0.00000e+00
  144    18.41667   -97.36977 36.61412     385.882     705.605  926.132  292.914   79.244    0.047   12.373 0.00000e+00
  145    18.43333   -97.36862 36.61562     384.510     702.544  926.437  292.931   79.552   -0.454   12.430 0.00000e+00
  146    18.45000   -97.36788 36.61712     349.413     666.105  930.349  293.258   78.167   -0.719   12.414 0.00000e+00
  147    18.46667   -97.36769 36.61878     304.300     619.870  935.351  293.694   76.353   -0.537   12.393 0.00000e+00
  148    18.48333   -97.36776 36.62046     275.866     590.458  938.535  293.984   75.092   -0.037   12.367 0.00000e+00
  149    18.50000   -97.36782 36.62206     274.462     588.301  938.742  294.018   74.730    0.263   12.332 0.00000e+00
  150    18.51667   -97.36781 36.62362     290.883     604.264  937.026  293.895   74.964    0.384   12.298 0.00000e+00
  151    18.53333   -97.36770 36.62523     313.748     626.638  934.595  293.707   75.548    0.341   12.282 0.00000e+00
  152    18.55000   -97.36754 36.62685     334.891     647.228  932.391  293.537   76.227    0.204   12.291 0.00000e+00
  153    18.56667   -97.36723 36.62842     353.266     664.995  930.501  293.402   76.808    0.131   12.306 0.00000e+00
  154    18.58333   -97.36682 36.62989     375.954     686.894  928.119  293.210   77.598    0.349   12.316 0.00000e+00
  155    18.60000   -97.36623 36.63140     403.683     713.359  925.328  292.967   78.319    0.615   12.280 0.00000e+00
  156    18.61667   -97.36552 36.63293     431.248     739.541  922.507  292.751   78.627    0.725   12.200 0.00000e+00
  157    18.63333   -97.36477 36.63458     455.279     762.229  920.028  292.545   79.072    0.547   12.144 0.00000e+00
  158    18.65000   -97.36398 36.63643     475.811     781.442  917.992  292.388   79.273    0.429   12.082 0.00000e+00
  159    18.66667   -97.36305 36.63836     489.842     794.261  916.592  292.282   79.251    0.171   12.017 0.00000e+00
  160    18.68333   -97.36211 36.64032     497.747     801.241  915.819  292.258   79.186    0.097   11.999 0.00000e+00
  161    18.70000   -97.36115 36.64239     507.151     809.876  914.914  292.219   79.323    0.204   12.003 0.00000e+00
  162    18.71667   -97.36021 36.64452     516.146     818.267  914.000  292.159   79.701    0.414   12.027 0.00000e+00
  163    18.73333   -97.35928 36.64660     517.891     819.443  913.860  292.153   79.726    0.311   12.028 0.00000e+00
  164    18.75000   -97.35831 36.64865     510.039     811.033  914.784  292.227   79.226    0.057   11.996 0.00000e+00
  165    18.76667   -97.35735 36.65071     508.302     808.606  915.023  292.261   78.900    0.323   11.969 0.00000e+00
  166    18.78333   -97.35649 36.65261     544.800     844.308  911.281  291.926   80.535    0.580   12.011 0.00000e+00
  167    18.80000   -97.35548 36.65443     590.177     888.776  906.534  291.492   83.132    0.889   12.127 0.00000e+00
  168    18.81667   -97.35406 36.65627     626.670     924.795  902.703  291.161   84.818    0.498   12.168 0.00000e+00
  169    18.83333   -97.35223 36.65831     638.039     936.043  901.550  291.046   85.285   -0.073   12.161 0.00000e+00
  170    18.85000   -97.35048 36.66059     628.476     926.474  902.508  291.113   85.139   -0.106   12.180 0.00000e+00
  171    18.86667   -97.34895 36.66292     617.427     915.427  903.705  291.221   84.652   -0.015   12.177 0.00000e+00
  172    18.88333   -97.34764 36.66517     606.653     904.592  904.873  291.335   84.070    0.039   12.165 0.00000e+00
  173    18.90000   -97.34658 36.66732     595.374     893.114  906.091  291.455   83.474    0.055   12.154 0.00000e+00
  174    18.91667   -97.34571 36.66941     583.467     880.927  907.378  291.581   82.972   -0.050   12.161 0.00000e+00
  175    18.93333   -97.34494 36.67146     569.894     867.061  908.761  291.717   82.427   -0.137   12.166 0.00000e+00
  176    18.95000   -97.34422 36.67354     550.100     847.393  910.866  291.935   81.509   -0.295   12.169 0.00000e+00
  177    18.96667   -97.34343 36.67565     516.556     814.103  914.417  292.286   79.771   -0.578   12.129 0.00000e+00
  178    18.98333   -97.34261 36.67770     466.478     764.264  919.698  292.785   77.416   -0.806   12.075 0.00000e+00
