    0    16.01667   -97.57679 36.27039       0.612     340.414  965.712  294.938   77.264   -0.000   13.117 0.00000e+00
    1    16.03333   -97.57673 36.27266       0.329     340.821  965.632  294.896   77.462    0.000   13.117 0.00000e+00
    2    16.05000   -97.57642 36.27488       0.478     341.808  965.552  294.826   77.837    0.001   13.125 0.00000e+00
    3    16.06667   -97.57581 36.27709       0.118     342.317  965.496  294.946   77.570    0.001   13.178 0.00000e+00
    4    16.08333   -97.57509 36.27928       0.184     343.262  965.395  294.872   77.907    0.000   13.177 0.00000e+00
    5    16.10000   -97.57419 36.28144       0.513     344.463  965.235  294.757   78.243   -0.001   13.141 0.00000e+00
    6    16.11667   -97.57318 36.28345       0.738     345.605  965.098  294.865   77.860    0.006   13.167 0.00000e+00
    7    16.13333   -97.57242 36.28512       1.243     346.945  964.987  294.960   77.805    0.020   13.237 0.00000e+00
    8    16.15000   -97.57199 36.28679       2.619     349.131  964.732  294.983   78.059    0.035   13.302 0.00000e+00
    9    16.16667   -97.57169 36.28856       5.665     352.986  964.427  294.972   78.451    0.080   13.364 0.00000e+00
   10    16.18333   -97.57144 36.29041      11.469     359.415  963.821  294.835   79.261    0.131   13.397 0.00000e+00
   11    16.20000   -97.57124 36.29242      21.471     370.054  962.658  294.488   80.260    0.171   13.293 0.00000e+00
   12    16.21667   -97.57099 36.29463      30.225     379.482  961.617  294.068   81.144    0.046   13.109 0.00000e+00
   13    16.23333   -97.57063 36.29687      30.377     380.441  961.440  293.849   81.716   -0.170   13.025 0.00000e+00
   14    16.25000   -97.57010 36.29911      24.146     376.096  961.899  293.935   81.442   -0.196   13.045 0.00000e+00
   15    16.26667   -97.56947 36.30118      24.154     377.947  961.732  294.129   80.745    0.154   13.092 0.00000e+00
   16    16.28333   -97.56879 36.30309      43.164     398.669  959.454  293.822   81.495    0.434   12.995 0.00000e+00
   17    16.30000   -97.56825 36.30536      68.344     425.662  956.484  293.353   82.965    0.310   12.888 0.00000e+00
   18    16.31667   -97.56782 36.30781      92.634     451.165  953.700  293.056   84.015    0.262   12.849 0.00000e+00
   19    16.33333   -97.56729 36.31031     111.797     471.358  951.462  292.771   85.108    0.259   12.816 0.00000e+00
   20    16.35000   -97.56670 36.31281     135.177     495.533  948.873  292.543   86.097    0.465   12.816 0.00000e+00
   21    16.36667   -97.56611 36.31526     176.871     536.529  944.415  292.139   87.905    1.095   12.818 0.00000e+00
   22    16.38333   -97.56550 36.31778     255.813     614.240  935.912  291.382   91.457    1.919   12.829 0.00000e+00
   23    16.40000   -97.56464 36.32049     382.391     739.210  922.360  290.045   98.015    2.460   12.815 1.91289e-04
   24    16.41667   -97.56335 36.32340     522.729     878.827  907.354  289.180  100.000    2.289   12.589 2.16411e-01
   25    16.43333   -97.56158 36.32653     644.366    1000.414  894.471  288.634  100.000    1.572   12.332 4.90101e-01
   26    16.45000   -97.55951 36.32993     733.890    1090.219  885.150  288.241  100.000    0.910   12.152 6.86652e-01
   27    16.46667   -97.55727 36.33344     800.766    1154.323  878.509  287.952  100.000    0.603   12.017 8.06258e-01
   28    16.48333   -97.55488 36.33694     853.734    1205.115  873.230  287.691  100.000    0.481   11.887 8.52014e-01
   29    16.50000   -97.55216 36.34054     893.180    1243.278  869.277  287.507  100.000    0.394   11.800 8.69646e-01
   30    16.51667   -97.54900 36.34438     914.880    1265.078  866.985  287.436  100.000    0.300   11.777 9.16726e-01
   31    16.53333   -97.54530 36.34850     924.984    1275.770  865.963  287.394  100.000    0.362   11.759 9.21435e-01
   32    16.55000   -97.54111 36.35297     948.732    1295.503  864.029  287.285  100.000    1.073   11.702 9.31339e-01
   33    16.56667   -97.53651 36.35757    1027.844    1367.708  856.658  286.907  100.000    2.277   11.515 9.98479e-01
   34    16.58333   -97.53162 36.36185    1168.421    1503.009  843.001  286.241  100.000    3.107   11.203 1.16386e+00
   35    16.60000   -97.52647 36.36576    1306.707    1637.392  829.699  285.627  100.000    2.652   10.933 1.39979e+00
   36    16.61667   -97.52121 36.36929    1377.716    1704.253  823.071  285.204  100.000    1.239   10.719 1.43271e+00
   37    16.63333   -97.51588 36.37242    1354.011    1678.890  825.420  285.170  100.000   -0.410   10.665 1.09086e+00
   38    16.65000   -97.51044 36.37531    1242.772    1570.111  836.080  285.557  100.000   -2.255   10.801 5.99300e-01
   39    16.66667   -97.50472 36.37815    1081.542    1411.867  851.968  286.275   98.013   -2.607   10.870 1.50599e-02
   40    16.68333   -97.49902 36.38131    1035.834    1366.682  856.639  286.566   96.982    0.586   10.903 1.40138e-02
   41    16.70000   -97.49377 36.38461    1104.005    1436.257  849.604  285.951  100.000    1.343   10.904 8.30209e-02
   42    16.71667   -97.48882 36.38801    1163.672    1496.702  843.573  285.704  100.000    0.924   10.807 2.46113e-01
   43    16.73333   -97.48402 36.39153    1179.786    1515.390  841.598  285.565  100.000    0.442   10.733 2.45990e-01
   44    16.75000   -97.47937 36.39500    1164.635    1504.487  842.761  285.596  100.000    0.211   10.741 2.00335e-01
   45    16.76667   -97.47491 36.39841    1147.268    1485.797  844.812  285.694  100.000    0.295   10.784 1.51351e-01
   46    16.78333   -97.47064 36.40179    1134.129    1469.564  846.368  285.759  100.000    0.290   10.810 1.00032e-01
   47    16.80000   -97.46658 36.40522    1124.098    1460.667  847.138  285.763  100.000    0.402   10.803 5.38116e-02
   48    16.81667   -97.46255 36.40880    1125.027    1464.606  846.786  285.713  100.000    0.482   10.770 4.70733e-02
   49    16.83333   -97.45846 36.41251    1141.177    1478.797  845.564  285.646  100.000    0.596   10.737 5.36699e-02
   50    16.85000   -97.45425 36.41627    1165.330    1495.372  843.936  285.569  100.000    0.182   10.695 5.97607e-02
   51    16.86667   -97.45002 36.41994    1174.220    1497.395  843.717  285.567  100.000   -0.306   10.691 7.53644e-02
   52    16.88333   -97.44570 36.42344    1160.161    1478.985  845.548  285.641   99.953   -0.771   10.712 2.81462e-02
   53    16.90000   -97.44131 36.42685    1134.553    1450.897  848.323  285.820   99.296   -0.920   10.734 2.71054e-03
   54    16.91667   -97.43681 36.43028    1125.817    1439.971  849.401  285.908   98.497   -0.329   10.696 0.00000e+00
   55    16.93333   -97.43245 36.43368    1143.870    1460.158  847.301  285.754   98.472    0.214   10.611 4.30197e-04
   56    16.95000   -97.42828 36.43698    1166.456    1485.952  844.733  285.550   98.865    0.096   10.543 0.00000e+00
   57    16.96667   -97.42427 36.44022    1169.905    1491.123  844.241  285.529   98.585   -0.294   10.504 0.00000e+00
   58    16.98333   -97.42014 36.44350    1150.764    1473.421  846.065  285.715   97.480   -0.559   10.492 0.00000e+00
   59    17.00000   -97.41573 36.44689    1130.675    1450.825  848.373  285.945   96.195   -0.369   10.484 0.00000e+00
   60    17.01667   -97.41100 36.45041    1128.841    1448.299  848.525  285.974   95.973    0.050   10.478 0.00000e+00
   61    17.03333   -97.40613 36.45396    1156.078    1475.860  845.766  285.722   97.210    0.489   10.472 0.00000e+00
   62    17.05000   -97.40139 36.45749    1201.542    1515.436  842.026  285.369   99.019    0.587   10.468 8.58179e-05
   63    17.06667   -97.39707 36.46098    1231.524    1539.620  839.557  285.157  100.000    0.087   10.460 9.14665e-03
   64    17.08333   -97.39309 36.46446    1226.246    1530.215  840.570  285.246   99.702   -0.480   10.472 1.53074e-03
   65    17.10000   -97.38925 36.46793    1187.559    1486.725  844.826  285.664   97.485   -0.941   10.473 0.00000e+00
   66    17.11667   -97.38521 36.47145    1135.296    1431.420  850.345  286.200   94.704   -0.682   10.472 0.00000e+00
   67    17.13333   -97.38084 36.47509    1122.080    1414.709  852.032  286.364   93.853    0.441   10.469 0.00000e+00
   68    17.15000   -97.37646 36.47875    1175.132    1464.962  846.971  285.880   96.282    1.367   10.466 0.00000e+00
   69    17.16667   -97.37228 36.48235    1255.925    1546.223  838.735  285.113  100.000    1.285   10.451 1.80280e-02
   70    17.18333   -97.36832 36.48589    1316.253    1608.663  832.566  284.823  100.000    0.762   10.330 1.40967e-01
   71    17.20000   -97.36449 36.48940    1336.771    1630.328  830.491  284.730  100.000    0.035   10.293 1.84297e-01
   72    17.21667   -97.36069 36.49290    1310.401    1603.961  833.065  284.860  100.000   -0.748   10.351 1.33938e-01
   73    17.23333   -97.35670 36.49644    1242.949    1537.464  839.635  285.207   99.697   -1.192   10.456 1.64445e-03
   74    17.25000   -97.35238 36.50005    1178.672    1474.066  845.995  285.781   96.969   -0.494   10.484 0.00000e+00
   75    17.26667   -97.34790 36.50367    1181.324    1474.444  845.995  285.745   97.535    0.758   10.520 0.00000e+00
   76    17.28333   -97.34357 36.50720    1237.901    1530.075  840.308  285.245  100.000    1.064   10.507 2.30707e-02
   77    17.30000   -97.33943 36.51066    1291.600    1586.921  834.680  284.958  100.000    0.720   10.397 1.25141e-01
   78    17.31667   -97.33536 36.51411    1317.008    1614.879  832.023  284.855  100.000    0.183   10.360 2.06936e-01
   79    17.33333   -97.33126 36.51764    1307.227    1605.659  832.888  284.918  100.000   -0.529   10.392 2.16684e-01
   80    17.35000   -97.32709 36.52129    1263.745    1564.281  837.049  285.146  100.000   -1.132   10.491 1.51481e-01
   81    17.36667   -97.32294 36.52503    1208.391    1509.022  842.536  285.565   98.393   -1.328   10.530 9.74607e-02
   82    17.38333   -97.31895 36.52863    1170.885    1472.467  846.108  285.816   96.901   -0.910   10.499 1.81458e-02
   83    17.40000   -97.31509 36.53205    1175.633    1479.535  845.456  285.822   95.802   -0.168   10.392 0.00000e+00
   84    17.41667   -97.31137 36.53538    1220.080    1525.597  840.803  285.449   96.664    0.295   10.288 8.08793e-04
   85    17.43333   -97.30769 36.53868    1272.604    1581.111  835.213  284.985   98.416    0.296   10.225 1.05460e-03
   86    17.45000   -97.30402 36.54193    1304.488    1617.787  831.556  284.704   99.266   -0.237   10.167 0.00000e+00
   87    17.46667   -97.30038 36.54515    1305.838    1623.241  831.102  284.717   98.616   -0.663   10.115 0.00000e+00
   88    17.48333   -97.29675 36.54832    1284.693    1604.657  832.930  284.928   97.000   -0.826   10.068 0.00000e+00
   89    17.50000   -97.29315 36.55147    1256.051    1577.734  835.694  285.210   95.262   -0.539   10.041 0.00000e+00
   90    17.51667   -97.28954 36.55457    1234.817    1555.925  837.912  285.437   93.786   -0.241   10.008 0.00000e+00
   91    17.53333   -97.28590 36.55762    1223.924    1543.113  839.159  285.545   93.182   -0.039   10.000 0.00000e+00
   92    17.55000   -97.28236 36.56066    1222.193    1540.933  839.376  285.565   92.795    0.176    9.969 0.00000e+00
   93    17.56667   -97.27901 36.56369    1231.452    1550.568  838.482  285.479   93.025    0.423    9.948 0.00000e+00
   94    17.58333   -97.27587 36.56672    1251.752    1567.990  836.928  285.313   93.908    0.598    9.951 0.00000e+00
   95    17.60000   -97.27292 36.56976    1274.676    1585.880  835.178  285.125   94.987    0.494    9.961 0.00000e+00
   96    17.61667   -97.27005 36.57286    1285.923    1591.817  834.475  285.039   95.578    0.117    9.975 0.00000e+00
   97    17.63333   -97.26720 36.57604    1275.733    1579.043  835.773  285.153   95.285   -0.266   10.004 0.00000e+00
   98    17.65000   -97.26427 36.57930    1248.210    1549.021  838.781  285.433   93.948   -0.495   10.012 0.00000e+00
   99    17.66667   -97.26117 36.58266    1209.240    1506.622  842.968  285.829   92.096   -0.608   10.025 0.00000e+00
  100    17.68333   -97.25787 36.58612    1166.268    1461.465  847.477  286.264   90.203   -0.596   10.050 0.00000e+00
  101    17.70000   -97.25445 36.58969    1134.023    1427.383  850.867  286.596   88.787   -0.429   10.070 0.00000e+00
  102    17.71667   -97.25101 36.59339    1121.740    1414.037  852.190  286.732   88.246   -0.155   10.083 0.00000e+00
  103    17.73333   -97.24763 36.59714    1127.439    1419.462  851.614  286.679   88.587    0.160   10.093 0.00000e+00
  104    17.75000   -97.24426 36.60080    1144.313    1436.321  849.970  286.504   89.584    0.401   10.110 0.00000e+00
  105    17.76667   -97.24090 36.60432    1166.913    1458.913  847.683  286.265   90.864    0.534   10.122 0.00000e+00
  106    17.78333   -97.23750 36.60774    1190.135    1482.091  845.378  286.029   92.135    0.530   10.133 0.00000e+00
  107    17.80000   -97.23403 36.61110    1210.034    1501.566  843.422  285.832   93.193    0.402   10.141 0.00000e+00
  108    17.81667   -97.23054 36.61443    1223.280    1514.242  842.131  285.698   93.975    0.209   10.151 0.00000e+00
  109    17.83333   -97.22705 36.61773    1227.326    1519.417  841.578  285.643   94.311    0.054   10.158 0.00000e+00
  110    17.85000   -97.22356 36.62103    1223.077    1516.747  841.856  285.664   94.400   -0.131   10.177 0.00000e+00
  111    17.86667   -97.22020 36.62434    1208.717    1503.901  843.127  285.787   93.873   -0.375   10.188 0.00000e+00
  112    17.88333   -97.21697 36.62770    1184.249    1481.308  845.475  286.017   92.708   -0.526   10.187 0.00000e+00
  113    17.90000   -97.21391 36.63110    1159.666    1457.593  847.873  286.273   91.312   -0.421   10.175 0.00000e+00
  114    17.91667   -97.21091 36.63456    1146.822    1444.813  849.178  286.418   90.473   -0.135   10.162 0.00000e+00
  115    17.93333   -97.20790 36.63809    1152.255    1450.261  848.627  286.375   90.601    0.239   10.154 0.00000e+00
  116    17.95000   -97.20490 36.64168    1176.074    1474.382  846.170  286.138   91.742    0.561   10.153 0.00000e+00
  117    17.96667   -97.20187 36.64529    1211.583    1510.317  842.598  285.780   93.644    0.688   10.165 0.00000e+00
  118    17.98333   -97.19877 36.64891    1246.623    1545.386  839.074  285.437   95.448    0.475   10.171 0.00000e+00
  119    18.00000   -97.19562 36.65248    1263.238    1562.581  837.357  285.276   96.247    0.079   10.169 0.00000e+00
  120    18.01667   -97.19235 36.65601    1257.519    1557.351  837.863  285.329   95.959   -0.221   10.168 0.00000e+00
  121    18.03333   -97.18907 36.65948    1236.400    1536.803  839.922  285.523   95.035   -0.322   10.175 0.00000e+00
  122    18.05000   -97.18584 36.66294    1213.475    1515.156  842.127  285.720   94.289   -0.201   10.200 0.00000e+00
  123    18.06667   -97.18269 36.66637    1201.488    1502.932  843.323  285.810   94.148    0.062   10.231 0.00000e+00
  124    18.08333   -97.17963 36.66977    1205.661    1507.297  842.916  285.746   94.784    0.306   10.261 0.00000e+00
  125    18.10000   -97.17656 36.67316    1219.081    1520.820  841.585  285.600   95.718    0.277   10.280 0.00000e+00
  126    18.11667   -97.17342 36.67654    1224.293    1525.870  841.089  285.568   95.688   -0.184   10.261 0.00000e+00
  127    18.13333   -97.17024 36.67983    1207.717    1509.708  842.702  285.771   94.165   -0.658   10.214 0.00000e+00
  128    18.15000   -97.16715 36.68304    1171.651    1474.073  846.247  286.181   91.489   -0.831   10.153 0.00000e+00
  129    18.16667   -97.16430 36.68616    1123.305    1426.135  851.131  286.666   89.037   -0.755   10.141 0.00000e+00
  130    18.18333   -97.16171 36.68919    1079.958    1383.230  855.469  287.073   87.257   -0.519   10.155 0.00000e+00
  131    18.20000   -97.15924 36.69221    1055.173    1359.224  857.869  287.303   86.247   -0.187   10.161 0.00000e+00
  132    18.21667   -97.15683 36.69520    1050.878    1355.613  858.230  287.341   86.087    0.090   10.163 0.00000e+00
  133    18.23333   -97.15440 36.69813    1061.214    1366.532  857.125  287.235   86.611    0.248   10.168 0.00000e+00
  134    18.25000   -97.15186 36.70101    1078.279    1384.257  855.358  287.067   87.409    0.282   10.170 0.00000e+00
  135    18.26667   -97.14919 36.70386    1094.654    1401.309  853.598  286.906   88.129    0.178   10.168 0.00000e+00
  136    18.28333   -97.14635 36.70669    1105.398    1412.801  852.450  286.813   88.473    0.069   10.159 0.00000e+00
  137    18.30000   -97.14334 36.70951    1111.580    1419.583  851.773  286.762   88.622    0.100   10.150 0.00000e+00
  138    18.31667   -97.14024 36.71230    1120.866    1429.546  850.784  286.656   89.201    0.275   10.158 0.00000e+00
  139    18.33333   -97.13712 36.71510    1140.182    1449.052  848.919  286.386   91.363    0.514   10.244 0.00000e+00
  140    18.35000   -97.13417 36.71775    1173.687    1481.021  845.737  285.918   95.231    0.782   10.393 4.31216e-04
  141    18.36667   -97.13141 36.72007    1210.257    1515.990  842.212  285.750   99.652    0.653   10.801 1.43872e-01
  142    18.38333   -97.12850 36.72228    1236.522    1540.751  839.706  286.141   99.893    0.871   11.143 4.02002e-01
  143    18.40000   -97.12534 36.72473    1250.708    1553.130  838.461  285.951   99.928    0.295   11.025 2.78509e-01
  144    18.41667   -97.12234 36.72762    1237.075    1537.694  840.025  286.010   97.938    0.134   10.827 2.11063e-01
  145    18.43333   -97.11995 36.73095    1213.287    1513.252  842.341  286.046   96.786   -0.013   10.695 8.81386e-02
  146    18.45000   -97.11832 36.73441    1213.714    1515.906  842.118  286.004   94.253    0.043   10.389 1.73285e-02
  147    18.46667   -97.11740 36.73745    1261.979    1565.713  837.167  285.522   95.834    0.761   10.293 0.00000e+00
  148    18.48333   -97.11667 36.73975    1324.196    1629.324  830.853  285.029   99.021    1.355   10.372 9.09668e-02
  149    18.50000   -97.11587 36.74178    1355.118    1661.521  827.713  284.759  100.000    0.751   10.347 9.93162e-02
  150    18.51667   -97.11485 36.74393    1364.035    1671.398  826.779  284.649  100.000   -0.230   10.276 5.15283e-02
  151    18.53333   -97.11368 36.74627    1349.415    1657.407  828.182  284.757   98.473   -0.756   10.163 0.00000e+00
  152    18.55000   -97.11244 36.74878    1314.385    1622.658  831.617  285.155   95.543   -0.909   10.083 0.00000e+00
  153    18.56667   -97.11119 36.75135    1268.393    1577.145  836.129  285.644   92.470   -0.786   10.025 0.00000e+00
  154    18.58333   -97.10997 36.75392    1223.899    1533.198  840.522  286.110   89.695   -0.551    9.975 0.00000e+00
  155    18.60000   -97.10876 36.75652    1189.593    1498.518  844.050  286.484   87.554   -0.346    9.938 0.00000e+00
  156    18.61667   -97.10737 36.75912    1170.737    1478.678  846.030  286.693   86.480   -0.129    9.927 0.00000e+00
  157    18.63333   -97.10577 36.76176    1166.365    1473.236  846.547  286.734   86.199    0.040    9.916 0.00000e+00
  158    18.65000   -97.10388 36.76444    1170.785    1476.776  846.138  286.649   86.676    0.186    9.920 0.00000e+00
  159    18.66667   -97.10175 36.76712    1179.269    1486.310  845.038  286.445   88.155    0.198    9.969 0.00000e+00
  160    18.68333   -97.09939 36.76971    1185.717    1495.146  844.198  286.224   90.297    0.036   10.073 0.00000e+00
  161    18.70000   -97.09686 36.77200    1192.869    1504.591  843.240  286.153   90.237   -0.403   10.031 0.00000e+00
  162    18.71667   -97.09429 36.77402    1196.661    1510.396  842.651  286.249   88.526   -0.462    9.910 1.13239e-03
  163    18.73333   -97.09191 36.77600    1165.702    1481.209  845.609  286.275   92.654   -0.857   10.353 1.82953e-02
  164    18.75000   -97.09010 36.77817    1102.752    1419.908  851.766  286.773   92.633   -1.157   10.617 2.61066e-02
  165    18.76667   -97.08896 36.78064    1034.954    1353.427  858.512  287.377   89.671   -0.670   10.607 2.75578e-05
  166    18.78333   -97.08819 36.78336     991.195    1310.465  862.926  287.751   88.397   -0.071   10.660 0.00000e+00
  167    18.80000   -97.08746 36.78619     985.360    1305.399  863.432  287.723   89.285    0.382   10.741 0.00000e+00
  168    18.81667   -97.08690 36.78909     979.829    1300.544  863.962  287.639   92.474   -0.257   11.057 0.00000e+00
  169    18.83333   -97.08665 36.79212     950.751    1271.939  866.879  287.844   93.926   -0.718   11.342 0.00000e+00
  170    18.85000   -97.08655 36.79527     902.088    1223.701  871.780  288.267   93.165   -1.032   11.499 0.00000e+00
  171    18.86667   -97.08624 36.79842     845.936    1167.134  877.657  288.805   90.932   -1.091   11.542 0.00000e+00
  172    18.88333   -97.08566 36.80148     788.346    1108.425  883.729  289.403   87.617   -1.102   11.478 0.00000e+00
  173    18.90000   -97.08496 36.80441     727.000    1046.102  890.200  289.971   85.759   -1.035   11.566 0.00000e+00
  174    18.91667   -97.08418 36.80722     663.200     982.598  896.780  290.612   82.291   -1.055   11.476 0.00000e+00
  175    18.93333   -97.08342 36.80993     609.197     929.102  902.460  291.164   79.293   -0.919   11.381 0.00000e+00
  176    18.95000   -97.08281 36.81258     568.271     888.501  906.718  291.560   77.238   -0.819   11.314 0.00000e+00
  177    18.96667   -97.08236 36.81517     535.671     856.852  910.052  291.857   76.531   -0.583   11.380 0.00000e+00
  178    18.98333   -97.08201 36.81759     503.711     826.019  913.310  292.112   76.949   -0.684   11.586 0.00000e+00
