    0    16.01667   -97.45052 36.30053      65.149     402.885  959.225  292.652   85.647   -0.416   12.697 0.00000e+00
    1    16.03333   -97.44924 36.30404      47.421     387.234  960.955  292.923   84.766   -0.185   12.758 0.00000e+00
    2    16.05000   -97.44801 36.30738      35.937     376.398  962.207  293.121   84.169   -0.125   12.810 0.00000e+00
    3    16.06667   -97.44683 36.31056      28.412     368.537  963.116  293.251   83.732   -0.106   12.835 0.00000e+00
    4    16.08333   -97.44577 36.31343      23.908     363.391  963.742  293.390   83.357   -0.009   12.881 0.00000e+00
    5    16.10000   -97.44475 36.31602      23.753     362.107  963.857  293.450   83.181    0.042   12.900 0.00000e+00
    6    16.11667   -97.44382 36.31842      24.332     361.798  963.896  293.458   83.028    0.008   12.882 0.00000e+00
    7    16.13333   -97.44313 36.32072      26.270     363.108  963.744  293.465   82.799    0.044   12.854 0.00000e+00
    8    16.15000   -97.44267 36.32302      30.228     365.651  963.473  293.428   82.698    0.109   12.813 0.00000e+00
    9    16.16667   -97.44231 36.32545      38.568     371.743  962.812  293.376   82.821    0.260   12.799 0.00000e+00
   10    16.18333   -97.44193 36.32803      53.090     383.873  961.475  293.269   83.317    0.386   12.808 0.00000e+00
   11    16.20000   -97.44153 36.33092      71.595     399.972  959.650  293.087   83.959    0.433   12.785 0.00000e+00
   12    16.21667   -97.44110 36.33401      90.059     416.607  957.818  292.935   84.565    0.571   12.780 0.00000e+00
   13    16.23333   -97.44061 36.33707     109.547     434.298  955.866  292.755   85.208    0.480   12.759 0.00000e+00
   14    16.25000   -97.44002 36.34008     121.522     443.718  954.840  292.672   85.505    0.447   12.750 0.00000e+00
   15    16.26667   -97.43932 36.34308     132.703     451.859  953.932  292.600   85.789    0.368   12.748 0.00000e+00
   16    16.28333   -97.43845 36.34612     140.323     456.616  953.370  292.558   85.997    0.253   12.752 0.00000e+00
   17    16.30000   -97.43747 36.34922     135.448     451.333  953.863  292.607   85.738   -0.069   12.746 0.00000e+00
   18    16.31667   -97.43639 36.35233     119.486     435.385  955.695  292.778   84.858   -0.347   12.727 0.00000e+00
   19    16.33333   -97.43535 36.35539      94.676     410.557  958.383  293.020   83.577   -0.497   12.690 0.00000e+00
   20    16.35000   -97.43449 36.35846      65.466     383.428  961.347  293.270   82.354   -0.503   12.662 0.00000e+00
   21    16.36667   -97.43383 36.36154      41.975     362.392  963.656  293.473   81.421   -0.330   12.648 0.00000e+00
   22    16.38333   -97.43342 36.36465      27.115     350.654  964.931  293.708   80.657   -0.169   12.697 0.00000e+00
   23    16.40000   -97.43328 36.36751      18.635     345.554  965.524  293.952   79.999   -0.075   12.778 0.00000e+00
   24    16.41667   -97.43333 36.37014      13.776     343.862  965.714  294.033   79.885   -0.046   12.822 0.00000e+00
   25    16.43333   -97.43342 36.37254      12.174     344.508  965.719  294.164   79.630   -0.001   12.885 0.00000e+00
   26    16.45000   -97.43342 36.37466      15.080     348.351  965.286  294.202   79.720    0.087   12.936 0.00000e+00
   27    16.46667   -97.43330 36.37666      22.843     356.970  964.286  294.153   80.105    0.199   12.973 0.00000e+00
   28    16.48333   -97.43300 36.37886      38.351     373.418  962.496  293.948   80.871    0.386   12.956 0.00000e+00
   29    16.50000   -97.43259 36.38124      67.130     403.199  959.168  293.682   82.060    0.759   12.975 0.00000e+00
   30    16.51667   -97.43214 36.38369     113.730     450.761  953.915  293.145   84.094    0.959   12.930 0.00000e+00
   31    16.53333   -97.43162 36.38634     161.898     499.937  948.488  292.631   86.168    1.153   12.903 0.00000e+00
   32    16.55000   -97.43114 36.38904     217.470     556.385  942.329  292.107   88.563    1.229   12.917 0.00000e+00
   33    16.56667   -97.43076 36.39189     266.082     605.457  936.997  291.591   90.623    0.995   12.866 0.00000e+00
   34    16.58333   -97.43044 36.39487     312.228     651.985  931.980  291.143   92.474    0.997   12.831 0.00000e+00
   35    16.60000   -97.43002 36.39792     359.767     698.268  927.057  290.709   94.261    0.939   12.792 0.00000e+00
   36    16.61667   -97.42943 36.40102     397.567     732.640  923.305  290.374   95.663    0.708   12.759 0.00000e+00
   37    16.63333   -97.42866 36.40414     436.262     768.118  919.510  290.032   97.072    0.702   12.721 0.00000e+00
   38    16.65000   -97.42773 36.40720     476.512     804.062  915.663  289.682   98.870    0.821   12.722 9.59947e-06
   39    16.66667   -97.42660 36.41021     518.639     841.177  911.731  289.415   99.899    1.005   12.691 1.14145e-02
   40    16.68333   -97.42525 36.41325     559.805     877.810  907.705  289.220  100.000    0.956   12.608 5.23789e-02
   41    16.70000   -97.42351 36.41645     588.546     904.492  904.829  289.099  100.000    0.753   12.552 1.01702e-01
   42    16.71667   -97.42148 36.41979     598.914     913.079  903.917  289.018  100.000    0.128   12.492 6.35546e-02
   43    16.73333   -97.41939 36.42325     577.110     890.680  906.224  289.151   99.190   -0.484   12.465 0.00000e+00
   44    16.75000   -97.41743 36.42673     539.128     853.158  910.247  289.564   96.389   -0.611   12.384 0.00000e+00
   45    16.76667   -97.41551 36.43023     504.696     818.857  913.903  289.927   94.225   -0.505   12.341 0.00000e+00
   46    16.78333   -97.41348 36.43371     482.548     797.103  916.247  290.186   92.511   -0.278   12.287 0.00000e+00
   47    16.80000   -97.41132 36.43717     476.672     791.120  916.932  290.287   91.659    0.068   12.243 0.00000e+00
   48    16.81667   -97.40912 36.44061     489.162     802.807  915.674  290.170   92.266    0.392   12.249 0.00000e+00
   49    16.83333   -97.40685 36.44401     517.993     831.160  912.602  289.871   93.849    0.523   12.265 0.00000e+00
   50    16.85000   -97.40450 36.44734     555.916     869.347  908.498  289.477   95.622    0.734   12.240 0.00000e+00
   51    16.86667   -97.40191 36.45070     591.536     906.332  904.584  289.091   97.667    0.445   12.248 0.00000e+00
   52    16.88333   -97.39930 36.45414     598.175     914.022  903.794  289.018   98.115   -0.193   12.258 0.00000e+00
   53    16.90000   -97.39705 36.45755     586.362     898.280  905.598  289.197   97.129   -0.323   12.251 0.00000e+00
   54    16.91667   -97.39513 36.46093     571.988     880.044  907.530  289.396   95.860   -0.227   12.220 0.00000e+00
   55    16.93333   -97.39338 36.46430     561.821     866.080  909.043  289.533   95.125    0.022   12.213 0.00000e+00
   56    16.95000   -97.39165 36.46767     555.620     854.787  910.217  289.644   94.414   -0.019   12.193 0.00000e+00
   57    16.96667   -97.38988 36.47105     545.962     841.099  911.611  289.785   93.631   -0.235   12.183 0.00000e+00
   58    16.98333   -97.38807 36.47438     532.483     825.414  913.297  289.959   92.649   -0.230   12.167 0.00000e+00
   59    17.00000   -97.38620 36.47761     530.082     820.421  913.862  290.033   92.186    0.063   12.156 0.00000e+00
   60    17.01667   -97.38400 36.48071     542.557     831.085  912.548  289.904   93.227    0.206   12.210 0.00000e+00
   61    17.03333   -97.38155 36.48383     554.230     844.430  911.138  289.719   95.431    0.280   12.371 0.00000e+00
   62    17.05000   -97.37912 36.48703     556.616     848.721  910.662  289.644   96.076   -0.014   12.401 0.00000e+00
   63    17.06667   -97.37700 36.49025     544.059     838.031  911.823  289.762   95.258   -0.393   12.373 0.00000e+00
   64    17.08333   -97.37521 36.49348     518.163     813.545  914.460  290.034   93.593   -0.679   12.335 0.00000e+00
   65    17.10000   -97.37373 36.49671     485.065     781.592  917.907  290.409   91.266   -0.661   12.273 0.00000e+00
   66    17.11667   -97.37253 36.49992     450.585     748.479  921.495  290.764   89.419   -0.637   12.251 0.00000e+00
   67    17.13333   -97.37151 36.50312     416.009     715.309  925.033  291.078   88.066   -0.630   12.261 0.00000e+00
   68    17.15000   -97.37062 36.50628     380.223     681.083  928.713  291.410   86.594   -0.658   12.264 0.00000e+00
   69    17.16667   -97.36996 36.50944     342.901     645.591  932.559  291.712   85.573   -0.631   12.301 0.00000e+00
   70    17.18333   -97.36958 36.51262     305.295     609.863  936.467  292.025   84.568   -0.605   12.347 0.00000e+00
   71    17.20000   -97.36941 36.51584     273.966     579.531  939.759  292.245   84.587   -0.275   12.478 0.00000e+00
   72    17.21667   -97.36932 36.51904     266.002     572.253  940.596  292.314   84.938    0.359   12.574 0.00000e+00
   73    17.23333   -97.36926 36.52219     281.121     588.096  938.855  292.194   85.654    0.589   12.608 0.00000e+00
   74    17.25000   -97.36921 36.52528     298.918     606.913  936.834  292.012   86.449    0.389   12.607 0.00000e+00
   75    17.26667   -97.36923 36.52833     310.414     619.474  935.480  291.886   86.926    0.219   12.594 0.00000e+00
   76    17.28333   -97.36938 36.53130     317.517     627.284  934.614  291.798   87.360    0.071   12.599 0.00000e+00
   77    17.30000   -97.36957 36.53402     322.410     632.321  934.188  291.765   87.355   -0.069   12.578 0.00000e+00
   78    17.31667   -97.36971 36.53657     323.661     633.731  934.010  291.768   87.081   -0.168   12.543 0.00000e+00
   79    17.33333   -97.36975 36.53905     318.521     628.738  934.501  291.824   86.731   -0.337   12.530 0.00000e+00
   80    17.35000   -97.36965 36.54143     297.800     608.229  936.722  292.024   85.819   -0.695   12.526 0.00000e+00
   81    17.36667   -97.36935 36.54368     256.882     567.382  941.194  292.440   83.941   -0.960   12.517 0.00000e+00
   82    17.38333   -97.36892 36.54571     206.146     516.649  946.682  292.945   81.936   -0.975   12.537 0.00000e+00
   83    17.40000   -97.36840 36.54746     160.556     471.344  951.582  293.390   80.239   -0.846   12.558 0.00000e+00
   84    17.41667   -97.36785 36.54898     124.427     435.766  955.530  293.738   78.894   -0.577   12.566 0.00000e+00
   85    17.43333   -97.36722 36.55042      98.366     410.236  958.384  294.013   78.075   -0.374   12.613 0.00000e+00
   86    17.45000   -97.36632 36.55188      81.495     393.887  960.151  294.204   77.473   -0.246   12.641 0.00000e+00
   87    17.46667   -97.36510 36.55341      69.493     382.402  961.388  294.386   76.817   -0.102   12.660 0.00000e+00
   88    17.48333   -97.36372 36.55494      68.265     381.818  961.406  294.446   76.600    0.025   12.671 0.00000e+00
   89    17.50000   -97.36261 36.55636      79.931     394.618  959.984  294.491   76.660    0.416   12.736 0.00000e+00
   90    17.51667   -97.36197 36.55775     108.759     424.786  956.657  294.208   77.663    0.521   12.722 0.00000e+00
   91    17.53333   -97.36174 36.55934     137.511     455.175  953.314  293.950   78.636    0.529   12.722 0.00000e+00
   92    17.55000   -97.36172 36.56104     161.562     481.025  950.481  293.696   79.628    0.467   12.718 0.00000e+00
   93    17.56667   -97.36192 36.56271     180.848     502.110  948.125  293.470   80.489    0.399   12.707 0.00000e+00
   94    17.58333   -97.36221 36.56431     193.198     516.290  946.532  293.320   81.144    0.268   12.713 0.00000e+00
   95    17.60000   -97.36256 36.56602     201.363     526.417  945.400  293.344   81.080    0.211   12.738 0.00000e+00
   96    17.61667   -97.36295 36.56800     204.059     531.313  944.841  293.400   80.800   -0.007   12.746 0.00000e+00
   97    17.63333   -97.36328 36.57024     192.406     522.125  945.851  293.551   80.013   -0.318   12.727 0.00000e+00
   98    17.65000   -97.36337 36.57257     172.425     504.015  947.840  293.751   79.135   -0.301   12.719 0.00000e+00
   99    17.66667   -97.36324 36.57475     154.615     486.862  949.790  293.860   78.403   -0.289   12.660 0.00000e+00
  100    17.68333   -97.36288 36.57684     145.656     478.580  950.738  294.000   77.821   -0.057   12.664 0.00000e+00
  101    17.70000   -97.36246 36.57896     146.143     479.740  950.622  294.088   77.586    0.128   12.696 0.00000e+00
  102    17.71667   -97.36203 36.58107     154.275     488.036  949.760  294.062   77.640    0.294   12.696 0.00000e+00
  103    17.73333   -97.36159 36.58318     162.630     496.054  948.894  293.961   77.842    0.065   12.661 0.00000e+00
  104    17.75000   -97.36119 36.58532     155.519     488.743  949.645  294.028   77.377   -0.340   12.628 0.00000e+00
  105    17.76667   -97.36066 36.58751     137.001     470.189  951.699  294.212   76.632   -0.628   12.623 0.00000e+00
  106    17.78333   -97.36004 36.58955     116.688     449.169  953.985  294.418   75.968   -0.710   12.644 0.00000e+00
  107    17.80000   -97.35933 36.59159      86.299     417.711  957.436  294.817   74.698   -0.743   12.697 0.00000e+00
  108    17.81667   -97.35855 36.59365      63.030     393.720  959.998  295.125   73.817   -0.573   12.753 0.00000e+00
  109    17.83333   -97.35764 36.59581      48.776     379.165  961.574  295.587   72.598    0.015   12.883 0.00000e+00
  110    17.85000   -97.35670 36.59791      65.752     395.177  959.916  295.504   72.883    0.448   12.891 0.00000e+00
  111    17.86667   -97.35601 36.59999     101.188     428.407  956.294  295.211   73.939    0.899   12.892 0.00000e+00
  112    17.88333   -97.35561 36.60204     167.771     492.391  949.277  294.477   76.452    1.541   12.834 0.00000e+00
  113    17.90000   -97.35544 36.60419     273.627     595.272  938.070  293.357   80.585    2.180   12.770 0.00000e+00
  114    17.91667   -97.35522 36.60651     404.525     723.774  924.166  292.045   86.049    2.310   12.749 0.00000e+00
  115    17.93333   -97.35470 36.60884     542.822     860.171  909.600  290.747   91.814    2.659   12.731 0.00000e+00
  116    17.95000   -97.35402 36.61107     690.331    1005.653  894.304  289.328   98.643    3.087   12.706 3.09970e-05
  117    17.96667   -97.35310 36.61349     862.070    1174.894  876.711  288.387  100.000    3.401   12.385 2.88297e-01
  118    17.98333   -97.35150 36.61616    1046.477    1356.464  858.147  287.517  100.000    3.467   11.961 6.51555e-01
  119    18.00000   -97.34896 36.61919    1232.358    1538.095  839.883  286.765  100.000    4.299   11.638 1.10840e+00
  120    18.01667   -97.34549 36.62249    1404.060    1705.041  823.256  285.758  100.000    4.018   11.116 1.23887e+00
  121    18.03333   -97.34151 36.62614    1507.354    1807.088  813.241  284.952  100.000    2.087   10.669 1.24603e+00
  122    18.05000   -97.33780 36.62990    1532.398    1830.218  811.024  284.586  100.000    0.843   10.443 8.91335e-01
  123    18.06667   -97.33436 36.63366    1508.992    1806.083  813.353  284.242   98.750   -0.074   10.029 3.52488e-01
  124    18.08333   -97.33112 36.63740    1439.841    1736.554  820.150  284.323   97.268   -1.076    9.849 1.09690e-01
  125    18.10000   -97.32792 36.64124    1345.409    1641.797  829.390  284.775   97.689   -1.524   10.080 4.96087e-03
  126    18.11667   -97.32477 36.64516    1285.801    1582.619  835.302  285.391   94.134   -0.884   10.046 0.00000e+00
  127    18.13333   -97.32195 36.64909    1284.611    1581.118  835.517  285.432   94.246   -0.089   10.083 2.07470e-02
  128    18.15000   -97.31926 36.65301    1292.980    1588.401  834.809  285.411   94.012   -0.339   10.052 0.00000e+00
  129    18.16667   -97.31673 36.65693    1290.576    1585.749  835.002  285.359   95.238   -0.585   10.146 0.00000e+00
  130    18.18333   -97.31424 36.66077    1296.823    1592.350  834.358  285.293   98.039   -0.136   10.407 5.41172e-02
  131    18.20000   -97.31203 36.66433    1311.719    1607.188  832.859  285.102   99.509    0.022   10.449 2.84747e-02
  132    18.21667   -97.31001 36.66781    1330.606    1627.224  830.833  284.916   99.455   -0.034   10.340 4.75838e-02
  133    18.23333   -97.30814 36.67128    1347.874    1646.646  828.869  284.792   99.267   -0.091   10.260 6.61352e-02
  134    18.25000   -97.30620 36.67472    1359.587    1662.383  827.332  284.671   99.511   -0.410   10.222 3.38108e-02
  135    18.26667   -97.30411 36.67813    1360.189    1666.563  826.958  284.652   98.912   -0.858   10.153 0.00000e+00
  136    18.28333   -97.30196 36.68159    1350.385    1659.149  827.730  284.894   95.441   -0.948    9.946 0.00000e+00
  137    18.30000   -97.29976 36.68505    1341.396    1651.508  828.495  285.106   93.039   -0.522    9.824 0.00000e+00
  138    18.31667   -97.29750 36.68851    1339.059    1650.114  828.687  285.049   94.315   -0.229    9.919 0.00000e+00
  139    18.33333   -97.29514 36.69192    1332.000    1643.870  829.328  285.049   94.705   -0.305    9.952 0.00000e+00
  140    18.35000   -97.29272 36.69518    1318.577    1630.991  830.600  285.244   92.972   -0.492    9.882 0.00000e+00
  141    18.36667   -97.29022 36.69829    1306.777    1619.263  831.755  285.444   91.418   -0.464    9.833 0.00000e+00
  142    18.38333   -97.28764 36.70130    1302.558    1615.096  832.182  285.563   90.252   -0.207    9.779 0.00000e+00
  143    18.40000   -97.28493 36.70424    1311.758    1624.649  831.222  285.487   90.522    0.075    9.770 0.00000e+00
  144    18.41667   -97.28214 36.70713    1334.305    1645.297  829.253  285.268   91.951    0.381    9.805 0.00000e+00
  145    18.43333   -97.27930 36.70992    1369.961    1678.277  826.031  285.001   93.886    0.692    9.874 0.00000e+00
  146    18.45000   -97.27645 36.71256    1399.588    1705.022  823.391  284.611   94.811   -0.395    9.748 0.00000e+00
  147    18.46667   -97.27357 36.71537    1396.787    1699.665  823.895  284.483   97.954   -1.607    9.979 0.00000e+00
  148    18.48333   -97.27060 36.71838    1382.454    1683.671  825.454  284.681  100.000   -0.954   10.322 1.12711e-01
  149    18.50000   -97.26744 36.72161    1345.926    1646.310  829.034  285.045  100.000   -1.337   10.527 1.96161e-01
  150    18.51667   -97.26472 36.72519    1278.058    1580.222  835.523  285.450  100.000   -1.508   10.719 1.21973e-01
  151    18.53333   -97.26343 36.72906    1251.175    1555.667  837.948  285.581   99.296    0.473   10.697 4.83078e-02
  152    18.55000   -97.26281 36.73248    1338.105    1644.034  829.228  284.981  100.000    2.385   10.480 1.16575e-01
  153    18.56667   -97.26196 36.73519    1434.736    1741.692  819.703  284.458  100.000    1.872   10.242 2.68950e-01
  154    18.58333   -97.26073 36.73765    1481.984    1789.730  815.071  284.251  100.000    1.000   10.160 3.54026e-01
  155    18.60000   -97.25935 36.74055    1498.202    1805.992  813.529  284.108  100.000    0.758   10.082 3.15654e-01
  156    18.61667   -97.25812 36.74376    1500.293    1807.566  813.386  284.010  100.000    0.365   10.011 2.15354e-01
  157    18.63333   -97.25703 36.74706    1471.193    1777.616  816.373  284.000  100.000   -0.494    9.972 8.86927e-03
  158    18.65000   -97.25603 36.75027    1404.294    1710.085  822.923  284.673   95.769   -1.157    9.893 0.00000e+00
  159    18.66667   -97.25507 36.75333    1320.617    1626.075  831.194  285.543   90.613   -1.325    9.817 0.00000e+00
  160    18.68333   -97.25419 36.75633    1254.619    1559.829  837.786  286.287   85.961   -0.900    9.704 0.00000e+00
  161    18.70000   -97.25328 36.75935    1229.149    1533.786  840.371  286.620   83.633   -0.242    9.619 0.00000e+00
  162    18.71667   -97.25221 36.76244    1234.061    1538.059  839.936  286.594   83.624    0.233    9.608 0.00000e+00
  163    18.73333   -97.25099 36.76560    1254.193    1558.277  837.867  286.386   84.624    0.474    9.614 0.00000e+00
  164    18.75000   -97.24960 36.76881    1281.713    1586.226  835.095  286.089   86.221    0.607    9.638 0.00000e+00
  165    18.76667   -97.24815 36.77205    1310.194    1615.154  832.274  285.768   88.226    0.565    9.689 0.00000e+00
  166    18.78333   -97.24664 36.77529    1331.424    1636.323  830.173  285.522   89.930    0.380    9.741 0.00000e+00
  167    18.80000   -97.24504 36.77852    1344.338    1649.289  828.927  285.385   90.709    0.143    9.752 0.00000e+00
  168    18.81667   -97.24334 36.78174    1353.053    1658.149  827.970  285.264   91.845   -0.105    9.807 0.00000e+00
  169    18.83333   -97.24155 36.78489    1362.556    1668.204  827.001  285.254   91.083    0.083    9.730 0.00000e+00
  170    18.85000   -97.23975 36.78798    1370.300    1676.994  826.108  285.074   92.362   -0.139    9.760 0.00000e+00
  171    18.86667   -97.23786 36.79111    1367.566    1677.020  826.060  285.023   93.407   -0.323    9.838 0.00000e+00
  172    18.88333   -97.23579 36.79436    1357.818    1670.838  826.749  285.034   94.877   -0.534    9.992 0.00000e+00
  173    18.90000   -97.23364 36.79768    1341.401    1656.554  828.168  285.163   94.696   -0.518   10.041 0.00000e+00
  174    18.91667   -97.23148 36.80096    1320.059    1636.906  830.051  285.366   93.461   -0.701   10.021 0.00000e+00
  175    18.93333   -97.22934 36.80412    1294.299    1613.369  832.425  285.629   91.961   -0.631   10.004 0.00000e+00
  176    18.95000   -97.22726 36.80713    1275.736    1596.460  834.121  285.766   90.442   -0.501    9.908 0.00000e+00
  177    18.96667   -97.22534 36.81015    1263.547    1585.657  835.173  285.756   92.502   -0.435   10.114 0.00000e+00
  178    18.98333   -97.22354 36.81313    1238.525    1562.448  837.487  286.039   90.837   -0.775   10.092 0.00000e+00
