    0    16.01667   -97.55863 36.28203      68.593     417.796  957.293  293.022   85.390    0.230   12.982 0.00000e+00
    1    16.03333   -97.55802 36.28456      88.822     438.552  955.025  292.919   85.934    0.452   13.012 0.00000e+00
    2    16.05000   -97.55745 36.28709     124.083     474.316  951.116  292.581   87.436    0.816   13.016 0.00000e+00
    3    16.06667   -97.55717 36.28967     175.149     526.104  945.381  292.132   89.488    0.617   13.029 0.00000e+00
    4    16.08333   -97.55710 36.29232     198.459     550.395  942.782  291.950   90.174   -0.241   13.016 0.00000e+00
    5    16.10000   -97.55710 36.29520     181.581     534.547  944.484  292.069   89.122   -0.606   12.937 0.00000e+00
    6    16.11667   -97.55722 36.29827     135.130     489.559  949.444  292.471   87.095   -0.966   12.898 0.00000e+00
    7    16.13333   -97.55738 36.30141      74.531     430.829  955.909  293.030   84.640   -0.956   12.893 0.00000e+00
    8    16.15000   -97.55737 36.30455      32.929     391.094  960.332  293.399   83.121   -0.417   12.898 0.00000e+00
    9    16.16667   -97.55740 36.30753      18.590     376.920  961.951  293.682   82.207   -0.093   12.960 0.00000e+00
   10    16.18333   -97.55769 36.31015      15.100     373.269  962.339  293.883   81.688    0.026   13.036 0.00000e+00
   11    16.20000   -97.55800 36.31244      16.122     374.189  962.242  294.012   81.291    0.036   13.078 0.00000e+00
   12    16.21667   -97.55824 36.31453      18.883     376.194  962.080  294.033   81.069    0.030   13.062 0.00000e+00
   13    16.23333   -97.55843 36.31659      21.026     377.084  962.027  294.064   80.914    0.030   13.062 0.00000e+00
   14    16.25000   -97.55860 36.31864      22.005     376.854  962.035  294.129   80.724    0.028   13.084 0.00000e+00
   15    16.26667   -97.55893 36.32064      22.996     376.716  962.011  294.215   80.521    0.050   13.121 0.00000e+00
   16    16.28333   -97.55952 36.32252      26.725     380.351  961.506  294.201   80.637    0.155   13.136 0.00000e+00
   17    16.30000   -97.56017 36.32438      36.534     391.130  960.309  294.105   81.038    0.316   13.139 0.00000e+00
   18    16.31667   -97.56080 36.32624      57.378     412.879  957.915  293.845   81.997    0.444   13.115 0.00000e+00
   19    16.33333   -97.56149 36.32817      91.194     447.802  954.082  293.437   83.521    0.658   13.076 0.00000e+00
   20    16.35000   -97.56237 36.33036     135.373     492.799  949.279  292.959   85.447    0.696   13.050 0.00000e+00
   21    16.36667   -97.56322 36.33278     153.024     508.799  947.572  292.806   86.156    0.060   13.057 0.00000e+00
   22    16.38333   -97.56355 36.33562     141.024     494.168  949.179  292.938   85.533   -0.231   13.047 0.00000e+00
   23    16.40000   -97.56345 36.33871     124.689     474.850  951.243  293.088   84.749   -0.306   13.021 0.00000e+00
   24    16.41667   -97.56294 36.34186     111.143     459.517  952.878  293.227   84.100   -0.130   13.012 0.00000e+00
   25    16.43333   -97.56213 36.34499     119.498     466.318  952.094  293.195   84.174    0.386   13.008 0.00000e+00
   26    16.45000   -97.56131 36.34809     162.022     505.980  947.807  292.852   85.616    1.169   13.009 0.00000e+00
   27    16.46667   -97.56087 36.35109     247.248     586.718  938.925  292.078   88.924    1.821   12.993 0.00000e+00
   28    16.48333   -97.56075 36.35403     334.149     669.292  929.873  291.223   92.667    1.068   12.953 0.00000e+00
   29    16.50000   -97.56028 36.35670     385.515     718.305  924.543  290.697   94.902    0.786   12.904 0.00000e+00
   30    16.51667   -97.55926 36.35923     435.287     766.838  919.398  290.246   96.861    1.103   12.869 0.00000e+00
   31    16.53333   -97.55745 36.36167     479.084     809.605  914.768  289.854   98.494    1.127   12.828 0.00000e+00
   32    16.55000   -97.55511 36.36423     484.492     814.599  914.185  289.759   98.787    0.761   12.796 2.54599e-04
   33    16.56667   -97.55247 36.36701     459.616     790.532  916.830  289.937   97.850    0.411   12.782 0.00000e+00
   34    16.58333   -97.54974 36.37004     430.012     759.599  920.242  290.227   96.384    0.229   12.779 0.00000e+00
   35    16.60000   -97.54709 36.37335     411.989     740.543  922.156  290.416   95.327    0.092   12.765 0.00000e+00
   36    16.61667   -97.54465 36.37680     409.276     740.122  922.130  290.419   95.250    0.089   12.758 0.00000e+00
   37    16.63333   -97.54242 36.38020     425.538     759.031  920.170  290.295   95.420    0.264   12.707 0.00000e+00
   38    16.65000   -97.54037 36.38348     460.708     795.112  916.315  290.016   96.202    0.518   12.638 0.00000e+00
   39    16.66667   -97.53838 36.38662     505.604     840.248  911.547  289.648   97.441    0.752   12.569 0.00000e+00
   40    16.68333   -97.53643 36.38984     549.856     884.594  906.696  289.235   99.241    0.761   12.532 0.00000e+00
   41    16.70000   -97.53455 36.39322     584.708     921.718  902.692  288.964   99.986    0.543   12.463 1.23302e-02
   42    16.71667   -97.53268 36.39674     599.466     939.523  900.782  288.880   99.839    0.040   12.405 2.87989e-02
   43    16.73333   -97.53082 36.40034     577.435     919.939  902.939  289.072   98.392   -0.706   12.347 2.37649e-03
   44    16.75000   -97.52917 36.40390     522.383     866.115  908.697  289.683   94.506   -1.032   12.256 0.00000e+00
   45    16.76667   -97.52779 36.40734     459.689     804.561  915.284  290.341   90.838   -0.877   12.198 0.00000e+00
   46    16.78333   -97.52661 36.41066     408.569     754.702  920.619  290.824   88.624   -0.444   12.200 0.00000e+00
   47    16.80000   -97.52550 36.41393     382.879     729.920  923.352  291.028   88.121    0.069   12.252 0.00000e+00
   48    16.81667   -97.52428 36.41717     389.037     735.785  922.780  290.947   88.784    0.631   12.289 0.00000e+00
   49    16.83333   -97.52280 36.42046     428.060     773.391  918.811  290.578   90.634    1.127   12.307 0.00000e+00
   50    16.85000   -97.52090 36.42379     496.286     838.207  911.952  289.955   93.787    1.396   12.332 0.00000e+00
   51    16.86667   -97.51846 36.42709     583.839     921.040  903.095  289.176   97.802    1.660   12.354 0.00000e+00
   52    16.88333   -97.51557 36.43039     685.173    1018.448  892.698  288.495  100.000    1.580   12.247 1.00421e-01
   53    16.90000   -97.51236 36.43369     762.662    1095.061  884.625  288.127  100.000    0.882   12.069 2.45911e-01
   54    16.91667   -97.50924 36.43688     796.186    1127.921  881.281  287.919  100.000    0.146   11.954 2.38158e-01
   55    16.93333   -97.50636 36.43996     797.913    1127.710  881.324  287.837  100.000   -0.320   11.888 1.14710e-01
   56    16.95000   -97.50365 36.44287     774.992    1102.975  883.889  287.995   99.484   -0.649   11.897 3.99372e-02
   57    16.96667   -97.50098 36.44576     733.302    1060.236  888.373  288.337   97.918   -0.773   11.912 0.00000e+00
   58    16.98333   -97.49823 36.44873     687.396    1012.529  893.407  288.816   95.249   -0.396   11.884 0.00000e+00
   59    17.00000   -97.49529 36.45185     665.471     988.485  895.940  289.047   93.948    0.352   11.863 0.00000e+00
   60    17.01667   -97.49217 36.45509     692.777    1012.557  893.486  288.778   95.401    0.976   11.872 0.00000e+00
   61    17.03333   -97.48899 36.45835     769.622    1084.610  885.922  288.080   98.882    1.222   11.863 0.00000e+00
   62    17.05000   -97.48570 36.46157     860.094    1170.781  876.935  287.521  100.000    0.976   11.706 7.02612e-02
   63    17.06667   -97.48238 36.46473     919.119    1226.671  871.173  287.241  100.000    0.188   11.572 1.50338e-01
   64    17.08333   -97.47912 36.46785     924.850    1230.063  870.802  287.203  100.000   -0.640   11.548 1.25782e-01
   65    17.10000   -97.47602 36.47096     877.236    1181.998  875.667  287.423   99.651   -1.490   11.590 2.34219e-04
   66    17.11667   -97.47316 36.47406     798.103    1103.066  883.894  288.142   95.894   -1.760   11.577 0.00000e+00
   67    17.13333   -97.47049 36.47715     727.572    1031.849  891.331  288.814   92.989   -1.250   11.627 0.00000e+00
   68    17.15000   -97.46790 36.48032     692.027     995.483  895.135  289.148   91.899   -0.248   11.690 0.00000e+00
   69    17.16667   -97.46519 36.48360     690.636     993.071  895.389  289.104   92.820    0.225   11.771 0.00000e+00
   70    17.18333   -97.46249 36.48685     702.797    1003.697  894.333  288.983   93.655    0.222   11.799 0.00000e+00
   71    17.20000   -97.45996 36.49004     704.638    1004.397  894.213  288.962   93.850   -0.191   11.809 0.00000e+00
   72    17.21667   -97.45783 36.49319     688.079     987.258  896.032  289.137   92.958   -0.485   11.805 0.00000e+00
   73    17.23333   -97.45598 36.49628     663.330     961.779  898.751  289.388   91.723   -0.564   11.801 0.00000e+00
   74    17.25000   -97.45419 36.49933     633.734     931.601  901.911  289.681   90.293   -0.542   11.796 0.00000e+00
   75    17.26667   -97.45231 36.50244     599.796     897.300  905.476  290.006   88.768   -0.609   11.795 0.00000e+00
   76    17.28333   -97.45043 36.50570     563.107     861.818  909.184  290.326   87.407   -0.525   11.805 0.00000e+00
   77    17.30000   -97.44859 36.50919     538.621     840.686  911.445  290.503   86.790   -0.279   11.825 0.00000e+00
   78    17.31667   -97.44662 36.51287     519.737     824.928  913.160  290.632   86.436   -0.381   11.852 0.00000e+00
   79    17.33333   -97.44466 36.51652     505.211     812.424  914.521  290.739   86.107   -0.075   11.869 0.00000e+00
   80    17.35000   -97.44286 36.52008     505.332     814.690  914.225  290.680   86.667    0.228   11.905 0.00000e+00
   81    17.36667   -97.44121 36.52359     518.746     830.266  912.540  290.494   87.776    0.484   11.938 0.00000e+00
   82    17.38333   -97.43967 36.52708     542.027     855.296  909.910  290.224   89.293    0.556   11.972 0.00000e+00
   83    17.40000   -97.43823 36.53055     565.003     879.836  907.309  289.967   90.680    0.454   11.994 0.00000e+00
   84    17.41667   -97.43679 36.53407     584.741     900.030  905.233  289.775   91.638    0.313   12.000 0.00000e+00
   85    17.43333   -97.43534 36.53767     592.326     907.527  904.490  289.697   92.161    0.046   12.018 0.00000e+00
   86    17.45000   -97.43393 36.54126     587.063     900.265  905.330  289.760   92.025   -0.134   12.038 0.00000e+00
   87    17.46667   -97.43260 36.54481     574.826     885.619  906.817  289.889   91.498   -0.210   12.048 0.00000e+00
   88    17.48333   -97.43131 36.54825     559.615     870.076  908.394  290.043   90.682   -0.227   12.038 0.00000e+00
   89    17.50000   -97.43000 36.55159     553.627     866.485  908.790  290.092   90.291    0.086   12.019 0.00000e+00
   90    17.51667   -97.42858 36.55488     568.042     883.574  906.975  289.941   90.922    0.375   12.010 0.00000e+00
   91    17.53333   -97.42698 36.55819     595.505     912.967  903.917  289.677   92.154    0.325   12.010 0.00000e+00
   92    17.55000   -97.42525 36.56153     615.281     934.151  901.607  289.461   93.502   -0.134   12.049 0.00000e+00
   93    17.56667   -97.42352 36.56487     610.182     929.633  902.206  289.530   93.089   -0.515   12.041 0.00000e+00
   94    17.58333   -97.42188 36.56811     588.735     907.479  904.548  289.750   91.927   -0.614   12.028 0.00000e+00
   95    17.60000   -97.42043 36.57141     563.188     880.783  907.355  290.024   90.500   -0.538   12.013 0.00000e+00
   96    17.61667   -97.41910 36.57479     540.887     859.030  909.593  290.244   89.329   -0.382   11.996 0.00000e+00
   97    17.63333   -97.41788 36.57829     527.903     847.258  910.846  290.370   88.799   -0.085   12.004 0.00000e+00
   98    17.65000   -97.41659 36.58185     523.675     843.621  911.273  290.388   89.246   -0.025   12.073 0.00000e+00
   99    17.66667   -97.41518 36.58538     513.038     833.085  912.354  290.464   89.515   -0.300   12.153 0.00000e+00
  100    17.68333   -97.41373 36.58889     486.985     807.469  915.074  290.697   88.739   -0.572   12.192 0.00000e+00
  101    17.70000   -97.41237 36.59239     448.625     769.845  919.049  291.059   87.141   -0.726   12.197 0.00000e+00
  102    17.71667   -97.41107 36.59594     408.608     730.645  923.271  291.441   85.507   -0.656   12.206 0.00000e+00
  103    17.73333   -97.40990 36.59951     375.620     698.295  926.766  291.763   84.076   -0.448   12.202 0.00000e+00
  104    17.75000   -97.40881 36.60303     352.553     675.749  929.158  291.970   83.257   -0.231   12.210 0.00000e+00
  105    17.76667   -97.40787 36.60638     336.000     659.807  930.895  292.122   82.693   -0.058   12.221 0.00000e+00
  106    17.78333   -97.40691 36.60950     326.287     650.927  931.855  292.181   82.584    0.044   12.238 0.00000e+00
  107    17.80000   -97.40591 36.61243     318.060     643.542  932.660  292.249   82.588   -0.036   12.281 0.00000e+00
  108    17.81667   -97.40501 36.61529     308.187     634.216  933.686  292.339   82.516   -0.088   12.326 0.00000e+00
  109    17.83333   -97.40433 36.61808     298.119     624.520  934.728  292.421   82.360   -0.155   12.352 0.00000e+00
  110    17.85000   -97.40382 36.62083     288.136     614.743  935.890  292.516   82.078   -0.138   12.368 0.00000e+00
  111    17.86667   -97.40343 36.62351     281.396     608.317  936.610  292.579   81.787   -0.024   12.363 0.00000e+00
  112    17.88333   -97.40311 36.62601     277.368     604.598  937.063  292.631   81.684    0.091   12.382 0.00000e+00
  113    17.90000   -97.40268 36.62833     271.948     599.236  937.695  292.693   81.490    0.023   12.393 0.00000e+00
  114    17.91667   -97.40206 36.63046     258.305     584.539  939.417  292.870   80.578   -0.260   12.367 0.00000e+00
  115    17.93333   -97.40118 36.63239     231.585     554.977  942.639  293.268   79.012   -0.827   12.390 0.00000e+00
  116    17.95000   -97.40027 36.63422     174.167     494.762  949.110  293.884   76.572   -1.417   12.392 0.00000e+00
  117    17.96667   -97.39997 36.63639     123.715     442.110  954.879  294.494   74.375   -0.514   12.425 0.00000e+00
  118    17.98333   -97.39980 36.63888     135.624     452.038  953.705  294.570   74.421    0.916   12.507 0.00000e+00
  119    18.00000   -97.39869 36.64140     210.796     525.280  945.631  293.964   76.921    1.256   12.557 0.00000e+00
  120    18.01667   -97.39664 36.64360     256.974     569.366  940.854  293.539   78.513    0.338   12.546 0.00000e+00
  121    18.03333   -97.39461 36.64558     250.089     561.086  941.713  293.567   78.458   -0.074   12.548 0.00000e+00
  122    18.05000   -97.39291 36.64745     229.805     539.346  944.120  293.733   77.583   -0.121   12.505 0.00000e+00
  123    18.06667   -97.39137 36.64925     217.055     524.685  945.777  293.852   77.140    0.086   12.503 0.00000e+00
  124    18.08333   -97.38985 36.65112     209.530     515.309  946.811  293.907   76.869    0.171   12.489 0.00000e+00
  125    18.10000   -97.38826 36.65305     203.051     506.978  947.671  293.982   76.213    0.096   12.428 0.00000e+00
  126    18.11667   -97.38657 36.65498     197.121     499.394  948.472  294.073   75.549   -0.008   12.380 0.00000e+00
  127    18.13333   -97.38483 36.65687     193.280     495.005  948.886  294.125   75.176   -0.040   12.353 0.00000e+00
  128    18.15000   -97.38312 36.65871     194.791     496.181  948.806  294.128   75.115   -0.017   12.346 0.00000e+00
  129    18.16667   -97.38147 36.66048     192.463     493.429  949.114  294.164   74.884   -0.099   12.332 0.00000e+00
  130    18.18333   -97.37993 36.66223     183.502     483.971  950.133  294.260   74.503   -0.211   12.329 0.00000e+00
  131    18.20000   -97.37844 36.66391     165.159     465.226  952.138  294.442   73.879   -0.371   12.338 0.00000e+00
  132    18.21667   -97.37694 36.66552     135.329     435.295  955.394  294.730   72.714   -0.547   12.319 0.00000e+00
  133    18.23333   -97.37537 36.66706      99.866     399.727  959.360  295.087   71.298   -0.630   12.297 0.00000e+00
  134    18.25000   -97.37370 36.66856      65.652     365.331  963.132  295.389   70.189   -0.589   12.285 0.00000e+00
  135    18.26667   -97.37178 36.66995      50.602     350.010  964.840  295.811   68.704   -0.009   12.319 0.00000e+00
  136    18.28333   -97.36987 36.67121      55.674     354.802  964.267  295.829   68.623    0.157   12.326 0.00000e+00
  137    18.30000   -97.36819 36.67241      64.186     363.430  963.295  296.063   67.928    0.331   12.389 0.00000e+00
  138    18.31667   -97.36674 36.67349      91.851     391.414  960.208  295.927   68.369    0.586   12.406 0.00000e+00
  139    18.33333   -97.36542 36.67469     121.868     421.763  956.859  295.506   69.723    0.338   12.373 0.00000e+00
  140    18.35000   -97.36408 36.67612     128.033     428.271  956.150  295.371   70.068   -0.198   12.340 0.00000e+00
  141    18.36667   -97.36265 36.67784     102.172     402.768  958.914  295.703   68.914   -0.653   12.351 0.00000e+00
  142    18.38333   -97.36145 36.67994      57.526     358.445  963.840  296.159   67.224   -0.726   12.327 0.00000e+00
  143    18.40000   -97.36105 36.68241      26.870     328.052  967.202  296.614   65.830   -0.235   12.367 0.00000e+00
  144    18.41667   -97.36177 36.68490      22.228     323.774  967.589  297.389   63.151    0.320   12.433 0.00000e+00
  145    18.43333   -97.36269 36.68694      59.903     361.625  963.389  296.955   65.084    1.187   12.535 0.00000e+00
  146    18.45000   -97.36247 36.68808     147.051     448.905  953.790  295.984   67.958    1.899   12.459 0.00000e+00
  147    18.46667   -97.36104 36.68905     256.233     558.341  941.868  294.844   71.705    1.644   12.412 0.00000e+00
  148    18.48333   -97.35924 36.69008     341.857     644.177  932.576  293.947   74.853    1.672   12.379 0.00000e+00
  149    18.50000   -97.35758 36.69136     453.057     755.808  920.563  292.827   79.161    2.479   12.368 0.00000e+00
  150    18.51667   -97.35580 36.69283     592.451     895.919  905.721  291.379   85.164    2.434   12.346 0.00000e+00
  151    18.53333   -97.35391 36.69442     709.604    1014.112  893.240  290.121   90.681    1.670   12.305 0.00000e+00
  152    18.55000   -97.35234 36.69633     804.936    1110.717  883.180  289.159   92.811    1.538   11.977 0.00000e+00
  153    18.56667   -97.35086 36.69844     887.507    1194.927  874.407  288.312   96.406    1.901   11.897 3.70672e-05
  154    18.58333   -97.34916 36.70056     953.494    1262.518  867.536  287.706   98.725    1.853   11.807 1.05725e-03
  155    18.60000   -97.34727 36.70261    1008.043    1318.520  861.836  287.382   99.993    1.443   11.786 6.01729e-02
  156    18.61667   -97.34545 36.70451    1067.040    1378.744  855.745  287.126  100.000    1.470   11.694 1.64217e-01
  157    18.63333   -97.34355 36.70646    1134.238    1446.563  848.958  286.828  100.000    1.241   11.561 2.66206e-01
  158    18.65000   -97.34163 36.70867    1185.268    1497.983  843.805  286.471  100.000    0.370   11.364 2.43099e-01
  159    18.66667   -97.33972 36.71124    1202.968    1516.018  841.968  286.208   99.133   -0.256   11.077 1.09244e-01
  160    18.68333   -97.33784 36.71410    1193.362    1506.170  843.041  286.243   97.468   -0.500   10.902 1.14030e-02
  161    18.70000   -97.33600 36.71719    1166.158    1477.401  845.950  286.457   96.068   -0.525   10.860 0.00000e+00
  162    18.71667   -97.33418 36.72052    1123.617    1433.062  850.405  286.854   93.735   -0.887   10.818 0.00000e+00
  163    18.73333   -97.33234 36.72402    1061.849    1369.682  856.825  287.344   92.261   -1.205   10.912 0.00000e+00
  164    18.75000   -97.33059 36.72742     991.079    1297.552  864.138  288.027   89.039   -1.534   10.916 0.00000e+00
  165    18.76667   -97.32903 36.73050     919.905    1225.230  871.531  288.756   85.301   -1.305   10.869 0.00000e+00
  166    18.78333   -97.32764 36.73330     864.250    1169.614  877.279  289.247   83.684   -0.650   10.933 0.00000e+00
  167    18.80000   -97.32642 36.73582     836.328    1141.835  880.130  289.470   82.945   -0.199   10.958 0.00000e+00
  168    18.81667   -97.32526 36.73820     836.766    1142.461  880.028  289.468   82.770    0.178   10.934 0.00000e+00
  169    18.83333   -97.32411 36.74067     854.077    1160.334  878.188  289.326   82.862    0.550   10.870 0.00000e+00
  170    18.85000   -97.32298 36.74327     887.345    1194.042  874.762  289.036   83.514    0.831   10.795 0.00000e+00
  171    18.86667   -97.32187 36.74599     934.401    1241.304  869.945  288.587   85.153    0.977   10.752 0.00000e+00
  172    18.88333   -97.32074 36.74876     987.692    1295.079  864.426  288.050   87.605    0.976   10.752 0.00000e+00
  173    18.90000   -97.31969 36.75154    1037.046    1345.439  859.272  287.565   89.697    0.737   10.732 0.00000e+00
  174    18.91667   -97.31876 36.75427    1068.008    1377.563  856.068  287.263   91.117    0.315   10.729 0.00000e+00
  175    18.93333   -97.31792 36.75697    1073.255    1383.884  855.394  287.213   91.271   -0.124   10.721 0.00000e+00
  176    18.95000   -97.31726 36.75967    1062.592    1374.221  856.408  287.334   90.473   -0.178   10.698 0.00000e+00
  177    18.96667   -97.31670 36.76238    1058.978    1371.528  856.671  287.351   90.499    0.131   10.711 0.00000e+00
  178    18.98333   -97.31606 36.76506    1072.506    1385.629  855.276  287.243   90.594    0.410   10.664 0.00000e+00
