    0    16.01667   -97.45139 36.29619       2.782     338.737  966.257  294.085   80.524   -0.009   12.959 0.00000e+00
    1    16.03333   -97.45001 36.29803       1.825     337.576  966.300  293.589   83.240    0.001   12.988 0.00000e+00
    2    16.05000   -97.44859 36.29977       1.988     338.269  966.181  293.920   81.502    0.010   12.983 0.00000e+00
    3    16.06667   -97.44750 36.30143       3.088     340.285  965.951  294.103   80.900    0.027   13.038 0.00000e+00
    4    16.08333   -97.44688 36.30315       6.282     344.833  965.511  294.102   81.163    0.088   13.086 0.00000e+00
    5    16.10000   -97.44648 36.30502      13.707     353.711  964.694  293.967   81.813    0.223   13.092 0.00000e+00
    6    16.11667   -97.44603 36.30722      27.785     367.870  963.155  293.763   82.339    0.483   13.031 0.00000e+00
    7    16.13333   -97.44541 36.30975      48.662     388.332  960.905  293.475   83.287    0.571   12.976 0.00000e+00
    8    16.15000   -97.44473 36.31256      70.614     409.711  958.563  293.205   84.234    0.513   12.936 0.00000e+00
    9    16.16667   -97.44416 36.31549      93.818     432.056  956.051  292.931   85.179    0.480   12.893 0.00000e+00
   10    16.18333   -97.44369 36.31852     110.491     447.897  954.312  292.728   85.848    0.293   12.854 0.00000e+00
   11    16.20000   -97.44331 36.32165     117.480     454.069  953.669  292.664   86.044    0.102   12.841 0.00000e+00
   12    16.21667   -97.44298 36.32476     112.787     446.773  954.521  292.730   85.695   -0.078   12.830 0.00000e+00
   13    16.23333   -97.44260 36.32782     100.164     431.360  956.216  292.863   85.056   -0.177   12.818 0.00000e+00
   14    16.25000   -97.44207 36.33082      86.376     415.005  958.013  293.006   84.379   -0.180   12.806 0.00000e+00
   15    16.26667   -97.44141 36.33377      73.805     400.579  959.592  293.147   83.781   -0.125   12.807 0.00000e+00
   16    16.28333   -97.44059 36.33670      62.915     387.851  961.020  293.286   83.208   -0.091   12.811 0.00000e+00
   17    16.30000   -97.43964 36.33957      54.617     377.250  962.221  293.423   82.684   -0.072   12.823 0.00000e+00
   18    16.31667   -97.43864 36.34235      48.462     368.279  963.188  293.560   82.216   -0.056   12.847 0.00000e+00
   19    16.33333   -97.43764 36.34495      44.640     362.061  963.870  293.658   81.864   -0.024   12.861 0.00000e+00
   20    16.35000   -97.43666 36.34738      41.946     357.853  964.269  293.727   81.617    0.001   12.873 0.00000e+00
   21    16.36667   -97.43564 36.34970      42.346     358.115  964.254  293.770   81.415    0.026   12.875 0.00000e+00
   22    16.38333   -97.43452 36.35200      45.544     360.857  963.970  293.772   81.237    0.008   12.852 0.00000e+00
   23    16.40000   -97.43333 36.35438      46.967     361.598  963.857  293.775   81.009   -0.008   12.820 0.00000e+00
   24    16.41667   -97.43217 36.35685      45.605     361.352  963.797  293.797   80.787   -0.048   12.804 0.00000e+00
   25    16.43333   -97.43113 36.35935      40.319     358.228  964.146  293.872   80.499   -0.087   12.813 0.00000e+00
   26    16.45000   -97.43018 36.36187      33.840     354.230  964.534  293.917   80.294   -0.103   12.811 0.00000e+00
   27    16.46667   -97.42929 36.36420      28.389     351.252  964.863  294.023   79.874   -0.154   12.824 0.00000e+00
   28    16.48333   -97.42844 36.36628      22.587     347.429  965.310  294.262   79.296   -0.066   12.915 0.00000e+00
   29    16.50000   -97.42761 36.36814      19.032     345.451  965.542  294.412   78.879   -0.024   12.964 0.00000e+00
   30    16.51667   -97.42686 36.36985      19.394     347.076  965.400  294.500   78.668    0.027   13.003 0.00000e+00
   31    16.53333   -97.42620 36.37148      22.332     351.067  964.969  294.574   78.465    0.107   13.034 0.00000e+00
   32    16.55000   -97.42567 36.37301      32.521     361.930  963.759  294.492   78.779    0.198   13.036 0.00000e+00
   33    16.56667   -97.42522 36.37475      45.231     375.406  962.276  294.298   79.388    0.215   13.000 0.00000e+00
   34    16.58333   -97.42480 36.37666      61.861     392.927  960.303  294.119   80.026    0.336   12.987 0.00000e+00
   35    16.60000   -97.42422 36.37864      87.838     419.747  957.359  293.736   81.363    0.442   12.933 0.00000e+00
   36    16.61667   -97.42345 36.38087     126.687     459.430  952.937  293.284   83.157    0.806   12.911 0.00000e+00
   37    16.63333   -97.42241 36.38312     179.902     513.412  946.982  292.680   85.551    0.812   12.870 0.00000e+00
   38    16.65000   -97.42133 36.38547     229.618     564.164  941.413  292.178   87.618    0.888   12.848 0.00000e+00
   39    16.66667   -97.42038 36.38809     267.724     603.527  937.209  291.802   89.228    0.838   12.835 0.00000e+00
   40    16.68333   -97.41948 36.39071     299.373     632.836  934.207  291.525   90.347    0.756   12.812 0.00000e+00
   41    16.70000   -97.41865 36.39317     332.112     662.522  930.973  291.233   91.614    0.695   12.798 0.00000e+00
   42    16.71667   -97.41781 36.39543     365.863     693.433  927.568  290.918   93.042    0.821   12.788 0.00000e+00
   43    16.73333   -97.41681 36.39756     400.981     725.952  924.035  290.612   94.346    0.629   12.766 0.00000e+00
   44    16.75000   -97.41568 36.39967     426.746     749.266  921.497  290.397   95.328    0.320   12.759 0.00000e+00
   45    16.76667   -97.41454 36.40184     440.123     760.280  920.295  290.297   95.863    0.005   12.765 0.00000e+00
   46    16.78333   -97.41342 36.40407     438.549     756.442  920.679  290.342   95.598   -0.215   12.762 0.00000e+00
   47    16.80000   -97.41236 36.40637     422.427     738.368  922.646  290.527   94.687   -0.469   12.763 0.00000e+00
   48    16.81667   -97.41138 36.40875     398.459     712.809  925.345  290.781   93.325   -0.486   12.746 0.00000e+00
   49    16.83333   -97.41049 36.41121     374.690     687.624  928.039  291.035   92.024   -0.399   12.736 0.00000e+00
   50    16.85000   -97.40963 36.41375     357.399     669.061  930.059  291.225   90.981   -0.258   12.717 0.00000e+00
   51    16.86667   -97.40879 36.41633     341.701     652.329  931.877  291.380   90.149   -0.116   12.699 0.00000e+00
   52    16.88333   -97.40796 36.41894     324.840     634.433  933.795  291.534   89.331   -0.132   12.681 0.00000e+00
   53    16.90000   -97.40724 36.42155     307.803     616.433  935.755  291.702   88.471   -0.153   12.666 0.00000e+00
   54    16.91667   -97.40672 36.42406     301.103     609.496  936.475  291.782   88.254    0.151   12.689 0.00000e+00
   55    16.93333   -97.40621 36.42655     315.231     623.360  935.004  291.759   88.889    0.655   12.783 0.00000e+00
   56    16.95000   -97.40530 36.42911     343.918     651.397  931.994  291.542   90.163    0.507   12.831 0.00000e+00
   57    16.96667   -97.40406 36.43179     360.545     667.479  930.192  291.409   90.604    0.082   12.810 0.00000e+00
   58    16.98333   -97.40273 36.43456     359.839     666.474  930.314  291.449   89.990   -0.051   12.754 0.00000e+00
   59    17.00000   -97.40154 36.43734     348.401     654.684  931.598  291.584   88.895   -0.065   12.689 0.00000e+00
   60    17.01667   -97.40054 36.44009     335.184     642.097  932.937  291.720   87.904   -0.234   12.638 0.00000e+00
   61    17.03333   -97.39977 36.44280     321.252     629.573  934.280  291.850   87.067   -0.365   12.603 0.00000e+00
   62    17.05000   -97.39919 36.44546     306.397     616.222  935.741  291.990   86.249   -0.339   12.575 0.00000e+00
   63    17.06667   -97.39885 36.44806     291.428     602.840  937.191  292.120   85.569   -0.169   12.559 0.00000e+00
   64    17.08333   -97.39875 36.45060     280.751     593.796  938.180  292.201   85.201    0.049   12.556 0.00000e+00
   65    17.10000   -97.39877 36.45309     279.351     594.047  938.159  292.191   85.213    0.206   12.550 0.00000e+00
   66    17.11667   -97.39883 36.45554     284.471     599.768  937.705  292.146   85.363    0.239   12.542 0.00000e+00
   67    17.13333   -97.39893 36.45794     293.575     605.790  937.052  292.090   85.564    0.211   12.536 0.00000e+00
   68    17.15000   -97.39900 36.46024     295.428     604.579  937.168  292.095   85.567    0.004   12.539 0.00000e+00
   69    17.16667   -97.39908 36.46242     283.491     589.694  938.694  292.232   84.954   -0.300   12.537 0.00000e+00
   70    17.18333   -97.39918 36.46457     263.272     566.557  941.251  292.472   84.009   -0.541   12.551 0.00000e+00
   71    17.20000   -97.39935 36.46672     239.079     539.459  944.226  292.754   82.930   -0.649   12.571 0.00000e+00
   72    17.21667   -97.39972 36.46883     214.408     511.999  947.198  293.028   81.865   -0.596   12.585 0.00000e+00
   73    17.23333   -97.40025 36.47092     198.954     493.952  949.211  293.221   81.053   -0.217   12.585 0.00000e+00
   74    17.25000   -97.40090 36.47301     189.139     483.359  950.319  293.327   80.546   -0.141   12.574 0.00000e+00
   75    17.26667   -97.40160 36.47508     182.046     476.668  951.057  293.407   80.258   -0.218   12.582 0.00000e+00
   76    17.28333   -97.40214 36.47716     175.790     470.884  951.692  293.470   80.039   -0.156   12.589 0.00000e+00
   77    17.30000   -97.40255 36.47926     159.175     454.706  953.491  293.641   79.445   -0.324   12.605 0.00000e+00
   78    17.31667   -97.40293 36.48132     135.309     430.446  956.188  293.897   78.502   -0.540   12.619 0.00000e+00
   79    17.33333   -97.40347 36.48328     110.409     404.594  959.020  294.169   77.488   -0.374   12.631 0.00000e+00
   80    17.35000   -97.40405 36.48523      92.130     385.349  961.141  294.375   76.716   -0.091   12.638 0.00000e+00
   81    17.36667   -97.40456 36.48717      79.367     371.580  962.658  294.516   76.193   -0.095   12.642 0.00000e+00
   82    17.38333   -97.40510 36.48923      70.619     362.646  963.575  294.621   75.795   -0.166   12.646 0.00000e+00
   83    17.40000   -97.40580 36.49146      66.856     359.857  963.866  294.753   75.448    0.037   12.687 0.00000e+00
   84    17.41667   -97.40660 36.49376      81.969     375.932  962.103  294.753   75.759    0.439   12.763 0.00000e+00
   85    17.43333   -97.40733 36.49612     116.627     411.509  958.125  294.531   76.822    0.946   12.819 0.00000e+00
   86    17.45000   -97.40791 36.49855     173.362     469.906  951.709  294.016   78.843    1.502   12.829 0.00000e+00
   87    17.46667   -97.40816 36.50110     256.140     554.755  942.412  293.200   82.167    2.039   12.833 0.00000e+00
   88    17.48333   -97.40793 36.50376     359.667     660.087  931.011  292.134   86.415    2.149   12.779 0.00000e+00
   89    17.50000   -97.40707 36.50647     472.031     773.061  918.938  291.048   91.340    1.843   12.778 0.00000e+00
   90    17.51667   -97.40558 36.50933     566.594     867.105  908.944  290.184   94.786    1.221   12.689 0.00000e+00
   91    17.53333   -97.40356 36.51242     643.511     942.932  900.842  289.523   96.962    1.225   12.555 1.27551e-04
   92    17.55000   -97.40100 36.51572     727.158    1026.274  891.986  288.877   98.750    1.354   12.388 4.55231e-02
   93    17.56667   -97.39807 36.51918     814.753    1115.321  882.659  288.355  100.000    1.304   12.276 1.60278e-01
   94    17.58333   -97.39500 36.52274     887.150    1191.119  874.718  287.923  100.000    1.243   12.047 2.85908e-01
   95    17.60000   -97.39188 36.52633     940.282    1249.198  868.796  287.640  100.000    0.943   11.909 3.67087e-01
   96    17.61667   -97.38882 36.52987     972.913    1285.451  865.130  287.391  100.000    0.670   11.767 3.18029e-01
   97    17.63333   -97.38577 36.53329     982.047    1297.380  863.930  286.999  100.000    0.056   11.475 1.18120e-01
   98    17.65000   -97.38272 36.53659     961.920    1279.403  865.824  287.027   98.216   -0.624   11.259 6.57457e-03
   99    17.66667   -97.37968 36.53986     914.028    1232.177  870.709  287.525   95.072   -0.770   11.195 0.00000e+00
  100    17.68333   -97.37668 36.54311     854.273    1171.129  877.087  288.123   92.552   -0.524   11.248 0.00000e+00
  101    17.70000   -97.37366 36.54644     808.583    1123.003  882.037  288.561   91.109   -0.366   11.326 0.00000e+00
  102    17.71667   -97.37062 36.54984     781.624    1094.988  884.882  288.810   90.237   -0.260   11.363 0.00000e+00
  103    17.73333   -97.36765 36.55316     773.908    1087.403  885.620  288.934   88.992    0.084   11.287 0.00000e+00
  104    17.75000   -97.36480 36.55637     792.906    1108.036  883.453  288.730   90.000    0.651   11.293 0.00000e+00
  105    17.76667   -97.36190 36.55957     837.682    1155.618  878.464  288.257   92.342    0.899   11.302 0.00000e+00
  106    17.78333   -97.35880 36.56279     878.558    1198.783  874.077  287.801   95.045    0.409   11.351 0.00000e+00
  107    17.80000   -97.35567 36.56605     883.477    1204.453  873.643  287.783   94.821   -0.296   11.316 0.00000e+00
  108    17.81667   -97.35261 36.56921     857.348    1177.266  876.391  288.023   93.955   -0.642   11.353 0.00000e+00
  109    17.83333   -97.34966 36.57227     818.987    1138.410  880.423  288.388   92.325   -0.655   11.371 0.00000e+00
  110    17.85000   -97.34665 36.57532     784.550    1104.370  883.919  288.693   91.085   -0.529   11.396 0.00000e+00
  111    17.86667   -97.34360 36.57847     760.067    1079.509  886.625  288.941   89.928   -0.248   11.398 0.00000e+00
  112    17.88333   -97.34052 36.58184     757.457    1073.381  887.273  289.012   89.470    0.196   11.383 0.00000e+00
  113    17.90000   -97.33749 36.58537     779.327    1091.341  885.344  288.839   90.159    0.686   11.368 0.00000e+00
  114    17.91667   -97.33448 36.58900     829.494    1139.006  880.418  288.370   92.441    1.275   11.372 0.00000e+00
  115    17.93333   -97.33141 36.59271     896.297    1202.057  873.895  287.733   95.875    1.138   11.401 0.00000e+00
  116    17.95000   -97.32838 36.59643     936.869    1239.291  870.012  287.342   98.176    0.166   11.432 0.00000e+00
  117    17.96667   -97.32565 36.60006     927.903    1229.392  871.046  287.443   97.714   -0.593   11.440 0.00000e+00
  118    17.98333   -97.32320 36.60354     884.932    1185.424  875.599  287.870   95.570   -0.976   11.444 0.00000e+00
  119    18.00000   -97.32086 36.60690     828.127    1127.035  881.618  288.452   92.548   -0.969   11.430 0.00000e+00
  120    18.01667   -97.31849 36.61021     772.964    1071.235  887.341  289.002   89.730   -0.789   11.408 0.00000e+00
  121    18.03333   -97.31607 36.61353     724.856    1023.073  892.407  289.460   87.829   -0.614   11.434 0.00000e+00
  122    18.05000   -97.31371 36.61682     690.700     988.127  896.102  289.785   86.808   -0.453   11.492 0.00000e+00
  123    18.06667   -97.31152 36.62014     675.885     971.756  897.845  289.957   86.149   -0.186   11.509 0.00000e+00
  124    18.08333   -97.30947 36.62345     676.848     971.669  897.818  289.987   85.610    0.087   11.459 0.00000e+00
  125    18.10000   -97.30741 36.62660     691.544     986.351  896.249  289.844   85.888    0.511   11.411 0.00000e+00
  126    18.11667   -97.30526 36.62963     717.589    1012.557  893.495  289.474   89.498    0.653   11.648 0.00000e+00
  127    18.13333   -97.30318 36.63254     739.541    1034.842  891.146  289.187   91.985    0.216   11.784 0.00000e+00
  128    18.15000   -97.30113 36.63522     746.142    1041.764  890.430  289.105   93.129   -0.274   11.877 0.00000e+00
  129    18.16667   -97.29923 36.63779     732.950    1028.880  891.806  289.233   92.746   -0.592   11.908 0.00000e+00
  130    18.18333   -97.29760 36.64021     714.527    1010.621  893.729  289.397   92.211   -0.744   11.939 0.00000e+00
  131    18.20000   -97.29606 36.64256     701.281     997.113  895.162  289.503   92.342   -0.395   12.018 0.00000e+00
  132    18.21667   -97.29454 36.64498     690.232     985.498  896.378  289.603   92.070   -0.349   12.043 0.00000e+00
  133    18.23333   -97.29314 36.64755     674.096     969.226  898.078  289.755   91.500   -0.441   12.063 0.00000e+00
  134    18.25000   -97.29206 36.65023     650.333     946.147  900.445  289.965   90.860   -0.617   12.109 0.00000e+00
  135    18.26667   -97.29128 36.65294     620.943     917.595  903.461  290.256   90.035   -0.642   12.183 0.00000e+00
  136    18.28333   -97.29079 36.65561     589.629     887.182  906.656  290.600   87.805   -0.588   12.102 0.00000e+00
  137    18.30000   -97.29046 36.65813     557.383     855.817  910.003  290.947   85.573   -0.412   12.012 0.00000e+00
  138    18.31667   -97.29028 36.66047     521.958     821.178  913.611  291.296   83.784   -0.427   11.977 0.00000e+00
  139    18.33333   -97.29031 36.66269     476.787     776.654  918.408  291.729   82.162   -0.831   12.008 0.00000e+00
  140    18.35000   -97.29053 36.66479     421.213     721.781  924.279  292.280   80.211   -1.094   12.059 0.00000e+00
  141    18.36667   -97.29069 36.66685     357.234     658.623  931.078  292.912   77.762   -1.253   12.075 0.00000e+00
  142    18.38333   -97.29070 36.66899     286.470     588.772  938.623  293.599   75.300   -1.341   12.106 0.00000e+00
  143    18.40000   -97.29064 36.67123     215.335     518.618  946.255  294.290   72.967   -1.246   12.147 0.00000e+00
  144    18.41667   -97.29074 36.67352     151.286     455.969  953.126  294.891   71.012   -1.009   12.180 0.00000e+00
  145    18.43333   -97.29114 36.67587     102.050     408.335  958.370  295.397   69.323   -0.552   12.200 0.00000e+00
  146    18.45000   -97.29193 36.67823      79.824     387.882  960.633  295.589   68.348   -0.183   12.143 0.00000e+00
  147    18.46667   -97.29271 36.68054      92.934     402.530  959.079  295.711   67.986    0.492   12.189 0.00000e+00
  148    18.48333   -97.29334 36.68274     138.551     448.632  953.961  295.419   69.004    1.283   12.218 0.00000e+00
  149    18.50000   -97.29395 36.68504     213.676     524.153  945.713  294.566   72.565    1.950   12.296 0.00000e+00
  150    18.51667   -97.29465 36.68753     306.506     617.364  935.558  293.643   76.017    1.998   12.296 0.00000e+00
  151    18.53333   -97.29553 36.69027     356.307     667.788  930.107  293.183   77.785    1.055   12.298 0.00000e+00
  152    18.55000   -97.29663 36.69329     351.453     663.777  930.578  293.219   77.650   -0.411   12.298 0.00000e+00
  153    18.56667   -97.29778 36.69650     301.262     614.543  935.912  293.677   75.433   -1.477   12.223 0.00000e+00
  154    18.58333   -97.29858 36.69958     238.496     551.953  942.715  294.293   72.945   -1.188   12.192 0.00000e+00
  155    18.60000   -97.29919 36.70233     191.580     505.188  947.820  294.741   71.307   -0.858   12.187 0.00000e+00
  156    18.61667   -97.29975 36.70495     165.215     478.896  950.695  295.100   70.171   -0.483   12.224 0.00000e+00
  157    18.63333   -97.30009 36.70758     164.438     476.370  951.038  295.248   69.716    0.339   12.252 0.00000e+00
  158    18.65000   -97.30022 36.71022     207.063     516.930  946.542  295.077   70.124    1.070   12.253 0.00000e+00
  159    18.66667   -97.30003 36.71297     273.981     581.611  939.558  294.446   71.912    1.454   12.175 0.00000e+00
  160    18.68333   -97.29980 36.71563     352.837     658.921  931.139  293.688   73.701    1.770   12.012 0.00000e+00
  161    18.70000   -97.29961 36.71848     452.649     757.276  920.572  292.725   76.789    2.258   11.921 0.00000e+00
  162    18.71667   -97.29905 36.72129     551.669     854.890  910.124  291.724   80.999    2.124   11.943 0.00000e+00
  163    18.73333   -97.29837 36.72398     636.388     939.236  901.275  290.896   84.850    1.850   11.989 0.00000e+00
  164    18.75000   -97.29765 36.72652     712.966    1015.596  893.275  290.137   87.690    1.509   11.911 0.00000e+00
  165    18.76667   -97.29701 36.72882     781.477    1083.862  886.165  289.471   90.464    1.519   11.870 0.00000e+00
  166    18.78333   -97.29649 36.73124     841.012    1143.542  879.971  288.870   93.514    1.172   11.888 0.00000e+00
  167    18.80000   -97.29604 36.73375     879.984    1183.115  875.885  288.544   94.373    0.731   11.802 0.00000e+00
  168    18.81667   -97.29546 36.73635     908.025    1211.717  872.956  288.326   94.601    0.532   11.705 0.00000e+00
  169    18.83333   -97.29478 36.73901     924.926    1229.232  871.100  288.179   94.767    0.273   11.639 0.00000e+00
  170    18.85000   -97.29401 36.74175     929.089    1234.316  870.593  288.150   94.350   -0.060   11.573 0.00000e+00
  171    18.86667   -97.29308 36.74455     915.763    1221.986  871.877  288.274   93.545   -0.472   11.549 0.00000e+00
  172    18.88333   -97.29214 36.74733     888.657    1196.097  874.528  288.534   92.058   -0.751   11.523 0.00000e+00
  173    18.90000   -97.29132 36.75006     856.495    1165.755  877.641  288.861   89.971   -0.793   11.461 0.00000e+00
  174    18.91667   -97.29041 36.75269     823.867    1134.811  880.879  289.204   88.111   -0.831   11.433 0.00000e+00
  175    18.93333   -97.28943 36.75523     785.781    1098.186  884.637  289.594   86.388   -0.869   11.444 0.00000e+00
  176    18.95000   -97.28848 36.75781     738.425    1051.434  889.518  290.025   85.264   -0.765   11.547 0.00000e+00
  177    18.96667   -97.28757 36.76038     686.987    1000.519  894.849  290.472   84.036   -0.775   11.641 0.00000e+00
  178    18.98333   -97.28673 36.76287     640.627     954.609  899.667  290.897   82.475   -0.601   11.674 0.00000e+00
