    0    16.01667   -97.45836 36.20271      17.557     380.803  961.687  293.460   83.952    0.101   13.057 0.00000e+00
    1    16.03333   -97.45836 36.20424      23.983     388.264  960.817  293.412   83.997    0.144   13.037 0.00000e+00
    2    16.05000   -97.45834 36.20576      32.725     398.160  959.729  293.346   84.186    0.210   13.028 0.00000e+00
    3    16.06667   -97.45831 36.20739      50.863     417.690  957.552  293.190   84.754    0.364   13.018 0.00000e+00
    4    16.08333   -97.45834 36.20921      89.051     457.501  953.138  292.799   86.255    0.909   12.989 0.00000e+00
    5    16.10000   -97.45834 36.21139     164.718     535.078  944.613  292.023   89.549    1.780   12.960 0.00000e+00
    6    16.11667   -97.45827 36.21381     279.443     651.684  931.856  290.892   94.818    2.340   12.950 0.00000e+00
    7    16.13333   -97.45803 36.21625     408.040     781.502  917.821  289.752  100.000    2.555   12.906 4.16865e-02
    8    16.15000   -97.45744 36.21868     527.518     902.051  904.926  289.197  100.000    2.194   12.638 2.95863e-01
    9    16.16667   -97.45609 36.22108     631.876    1007.477  893.742  288.713  100.000    1.668   12.406 5.26079e-01
   10    16.18333   -97.45374 36.22364     715.351    1091.804  884.907  288.286  100.000    1.073   12.190 6.52279e-01
   11    16.20000   -97.45084 36.22642     767.845    1145.758  879.337  287.982  100.000    0.594   12.029 6.93716e-01
   12    16.21667   -97.44745 36.22941     793.080    1170.541  876.900  287.814  100.000    0.193   11.933 6.92853e-01
   13    16.23333   -97.44358 36.23264     793.928    1167.332  877.291  287.785  100.000   -0.289   11.905 6.37463e-01
   14    16.25000   -97.43929 36.23608     772.157    1139.931  880.154  287.879  100.000   -0.552   11.939 5.64908e-01
   15    16.26667   -97.43488 36.23997     735.705    1099.912  883.971  288.033  100.000   -1.169   12.006 4.82303e-01
   16    16.28333   -97.43065 36.24427     701.056    1068.570  887.305  288.137  100.000   -0.690   12.041 3.08933e-01
   17    16.30000   -97.42684 36.24869     698.307    1067.002  887.618  288.085  100.000    0.073   11.996 1.36751e-01
   18    16.31667   -97.42336 36.25306     720.679    1087.875  885.419  287.944  100.000    0.595   11.916 1.08728e-01
   19    16.33333   -97.41995 36.25742     759.584    1121.276  882.155  287.783  100.000    1.018   11.836 1.53016e-01
   20    16.35000   -97.41666 36.26168     802.930    1155.777  878.501  287.577  100.000    0.650   11.728 1.66212e-01
   21    16.36667   -97.41341 36.26583     830.433    1178.831  876.111  287.439  100.000    0.220   11.655 1.61603e-01
   22    16.38333   -97.41022 36.26976     842.598    1186.761  875.218  287.402  100.000   -0.073   11.640 1.75747e-01
   23    16.40000   -97.40701 36.27339     834.248    1177.244  876.262  287.458  100.000   -0.230   11.668 1.49227e-01
   24    16.41667   -97.40376 36.27681     813.960    1152.533  878.992  287.581  100.000   -0.161   11.724 8.24405e-02
   25    16.43333   -97.40053 36.28007     791.653    1123.638  881.873  287.729  100.000   -0.141   11.787 4.05774e-02
   26    16.45000   -97.39745 36.28317     768.376    1097.219  884.624  287.883   99.870   -0.230   11.846 1.50808e-02
   27    16.46667   -97.39441 36.28618     745.978    1072.444  887.051  288.074   99.068   -0.335   11.865 6.25231e-04
   28    16.48333   -97.39117 36.28935     738.751    1066.735  887.677  288.056   99.746   -0.190   11.924 5.47584e-05
   29    16.50000   -97.38791 36.29266     763.681    1091.425  885.181  287.936   99.743    0.125   11.865 2.12842e-02
   30    16.51667   -97.38474 36.29595     808.591    1133.795  880.769  287.700   99.890    0.422   11.760 4.76675e-02
   31    16.53333   -97.38158 36.29912     856.719    1180.233  875.978  287.460  100.000    0.603   11.673 1.01811e-01
   32    16.55000   -97.37843 36.30218     899.893    1221.874  871.691  287.281  100.000    0.655   11.594 2.06921e-01
   33    16.56667   -97.37518 36.30507     935.396    1256.129  868.115  287.152  100.000    0.452   11.545 3.23302e-01
   34    16.58333   -97.37167 36.30783     950.842    1271.943  866.507  287.148  100.000    0.083   11.565 4.25744e-01
   35    16.60000   -97.36786 36.31054     941.531    1262.818  867.473  287.254  100.000   -0.271   11.632 4.69415e-01
   36    16.61667   -97.36370 36.31330     915.816    1235.510  870.290  287.449  100.000   -0.258   11.742 4.94703e-01
   37    16.63333   -97.35934 36.31611     901.586    1222.532  871.461  287.527  100.000    0.199   11.786 5.05185e-01
   38    16.65000   -97.35493 36.31898     932.268    1255.566  868.201  287.375  100.000    1.063   11.713 5.49378e-01
   39    16.66667   -97.35062 36.32192    1008.592    1333.356  860.111  286.972  100.000    1.422   11.518 6.51728e-01
   40    16.68333   -97.34635 36.32499    1090.578    1419.179  851.472  286.557  100.000    1.113   11.324 7.95179e-01
   41    16.70000   -97.34205 36.32812    1139.442    1470.641  846.299  286.300  100.000    0.288   11.203 8.59052e-01
   42    16.71667   -97.33766 36.33126    1140.391    1472.578  846.323  286.293  100.000   -0.399   11.199 8.31699e-01
   43    16.73333   -97.33320 36.33436    1114.935    1439.760  849.719  286.439  100.000   -0.583   11.261 7.48846e-01
   44    16.75000   -97.32849 36.33741    1085.705    1403.232  853.362  286.599  100.000   -0.217   11.330 6.80838e-01
   45    16.76667   -97.32351 36.34039    1091.082    1401.442  853.528  286.593  100.000    0.715   11.323 6.93159e-01
   46    16.78333   -97.31853 36.34338    1148.250    1452.343  848.350  286.331  100.000    1.437   11.198 7.79057e-01
   47    16.80000   -97.31396 36.34647    1219.501    1519.618  841.511  285.984  100.000    1.196   11.035 8.53015e-01
   48    16.81667   -97.30986 36.34969    1260.790    1560.575  837.415  285.752  100.000    0.485   10.922 8.43394e-01
   49    16.83333   -97.30615 36.35301    1269.996    1568.286  836.717  285.684  100.000    0.034   10.883 7.95456e-01
   50    16.85000   -97.30270 36.35635    1255.407    1553.247  838.003  285.724  100.000   -0.383   10.894 7.27764e-01
   51    16.86667   -97.29932 36.35964    1220.815    1523.206  840.988  285.863  100.000   -0.510   10.955 6.54916e-01
   52    16.88333   -97.29602 36.36288    1178.793    1485.282  844.805  286.034  100.000   -0.488   11.029 5.64379e-01
   53    16.90000   -97.29270 36.36600    1139.480    1450.258  848.274  286.203  100.000   -0.347   11.106 4.99292e-01
   54    16.91667   -97.28928 36.36900    1114.460    1429.722  850.371  286.294  100.000   -0.055   11.145 4.49555e-01
   55    16.93333   -97.28571 36.37201    1114.029    1432.599  850.270  286.268  100.000    0.534   11.127 4.23822e-01
   56    16.95000   -97.28203 36.37507    1150.539    1466.352  846.964  286.080  100.000    1.115   11.033 4.46186e-01
   57    16.96667   -97.27827 36.37812    1220.639    1531.513  840.496  285.754  100.000    1.427   10.883 5.48242e-01
   58    16.98333   -97.27441 36.38120    1305.502    1610.842  832.574  285.346  100.000    1.406   10.694 6.55975e-01
   59    17.00000   -97.27052 36.38426    1379.927    1680.974  825.657  284.988  100.000    1.125   10.533 7.45613e-01
   60    17.01667   -97.26646 36.38728    1425.271    1723.519  821.459  284.804  100.000    0.590   10.459 8.55366e-01
   61    17.03333   -97.26220 36.39023    1426.876    1722.711  821.515  284.848  100.000   -0.113   10.488 9.51918e-01
   62    17.05000   -97.25766 36.39309    1376.036    1671.589  826.459  285.079  100.000   -0.909   10.587 7.69201e-01
   63    17.06667   -97.25298 36.39596    1298.272    1594.431  834.010  285.388  100.000   -1.125   10.706 4.61678e-01
   64    17.08333   -97.24801 36.39896    1247.348    1546.263  838.807  285.547   99.853   -0.198   10.722 2.42287e-01
   65    17.10000   -97.24307 36.40213    1274.320    1575.776  835.887  285.368  100.000    1.179   10.655 2.50342e-01
   66    17.11667   -97.23837 36.40532    1355.046    1657.986  827.764  285.022  100.000    1.600   10.529 4.51364e-01
   67    17.13333   -97.23393 36.40843    1431.520    1733.056  820.483  284.614  100.000    1.165   10.340 5.56935e-01
   68    17.15000   -97.22962 36.41149    1470.876    1770.880  816.736  284.405  100.000    0.412   10.244 6.29610e-01
   69    17.16667   -97.22540 36.41451    1469.536    1767.115  817.220  284.309  100.000   -0.271   10.173 5.18792e-01
   70    17.18333   -97.22115 36.41753    1431.777    1726.456  821.100  284.385  100.000   -0.880   10.160 2.77549e-01
   71    17.20000   -97.21675 36.42054    1371.312    1664.908  827.172  284.648   99.579   -0.938   10.216 6.45800e-02
   72    17.21667   -97.21220 36.42361    1323.547    1616.018  831.886  284.967   97.733   -0.427   10.183 0.00000e+00
   73    17.23333   -97.20766 36.42680    1314.414    1611.277  832.330  284.987   97.199    0.271   10.135 0.00000e+00
   74    17.25000   -97.20339 36.43010    1340.554    1640.362  829.485  284.683   98.926    0.394   10.144 4.45459e-04
   75    17.26667   -97.19926 36.43344    1361.942    1664.150  827.192  284.510  100.000    0.018   10.184 3.49971e-02
   76    17.28333   -97.19512 36.43675    1358.881    1661.620  827.541  284.548  100.000   -0.481   10.205 4.63179e-02
   77    17.30000   -97.19087 36.43998    1332.508    1631.504  830.576  284.749   99.651   -0.855   10.249 1.03853e-02
   78    17.31667   -97.18653 36.44312    1289.974    1584.652  835.128  285.143   97.617   -1.027   10.250 0.00000e+00
   79    17.33333   -97.18218 36.44619    1243.237    1538.151  839.709  285.575   95.435   -0.753   10.255 0.00000e+00
   80    17.35000   -97.17786 36.44919    1217.761    1514.151  842.312  285.838   93.873   -0.024   10.232 0.00000e+00
   81    17.36667   -97.17352 36.45208    1228.747    1518.135  841.977  285.823   93.633    0.659   10.200 0.00000e+00
   82    17.38333   -97.16917 36.45493    1259.222    1541.895  839.402  285.586   94.583    0.828   10.175 0.00000e+00
   83    17.40000   -97.16494 36.45787    1283.528    1567.548  836.837  285.340   95.710    0.636   10.161 0.00000e+00
   84    17.41667   -97.16089 36.46095    1289.384    1574.730  836.145  285.183   97.395    0.150   10.241 4.92781e-04
   85    17.43333   -97.15697 36.46417    1266.480    1551.755  838.479  285.281   98.665   -0.412   10.413 0.00000e+00
   86    17.45000   -97.15314 36.46740    1221.956    1504.513  843.292  285.681   97.378   -0.775   10.493 0.00000e+00
   87    17.46667   -97.14939 36.47057    1178.234    1456.197  848.119  286.145   94.964   -0.841   10.490 0.00000e+00
   88    17.48333   -97.14561 36.47359    1149.975    1425.400  851.124  286.501   92.515   -0.700   10.424 0.00000e+00
   89    17.50000   -97.14182 36.47656    1143.827    1417.679  851.992  286.649   91.278   -0.342   10.374 0.00000e+00
   90    17.51667   -97.13792 36.47961    1150.640    1422.287  851.461  286.639   91.052   -0.243   10.349 0.00000e+00
   91    17.53333   -97.13397 36.48283    1146.690    1418.693  851.806  286.668   91.081   -0.446   10.367 0.00000e+00
   92    17.55000   -97.13005 36.48611    1126.411    1399.596  853.692  286.870   90.006   -0.485   10.359 0.00000e+00
   93    17.56667   -97.12617 36.48936    1111.691    1386.165  855.045  286.985   89.580   -0.059   10.371 0.00000e+00
   94    17.58333   -97.12224 36.49251    1122.398    1398.395  853.806  286.839   90.563    0.583   10.400 0.00000e+00
   95    17.60000   -97.11817 36.49563    1158.046    1434.705  850.220  286.414   93.346    0.917   10.469 0.00000e+00
   96    17.61667   -97.11406 36.49875    1199.141    1474.603  846.201  285.963   96.180    0.773   10.522 0.00000e+00
   97    17.63333   -97.11002 36.50191    1222.156    1497.549  843.865  285.703   97.830    0.287   10.550 0.00000e+00
   98    17.65000   -97.10609 36.50507    1221.603    1498.043  843.817  285.683   98.097   -0.083   10.565 0.00000e+00
   99    17.66667   -97.10228 36.50822    1204.555    1482.662  845.417  285.837   97.292   -0.256   10.565 0.00000e+00
  100    17.68333   -97.09850 36.51140    1181.642    1458.665  847.881  286.069   96.148   -0.235   10.570 0.00000e+00
  101    17.70000   -97.09478 36.51462    1160.716    1435.609  850.123  286.284   95.031   -0.219   10.569 0.00000e+00
  102    17.71667   -97.09105 36.51791    1140.560    1417.094  851.985  286.467   94.087   -0.154   10.567 0.00000e+00
  103    17.73333   -97.08727 36.52123    1127.988    1405.098  853.165  286.596   93.303   -0.131   10.553 0.00000e+00
  104    17.75000   -97.08344 36.52460    1114.365    1394.912  854.139  286.708   92.557   -0.339   10.534 0.00000e+00
  105    17.76667   -97.07959 36.52797    1098.127    1381.495  855.585  286.876   91.474   -0.400   10.508 0.00000e+00
  106    17.78333   -97.07583 36.53132    1088.349    1374.403  856.261  286.992   90.554   -0.268   10.474 0.00000e+00
  107    17.80000   -97.07208 36.53464    1092.439    1381.741  855.538  286.960   90.451    0.032   10.448 0.00000e+00
  108    17.81667   -97.06829 36.53792    1111.205    1401.740  853.599  286.798   91.109    0.287   10.437 0.00000e+00
  109    17.83333   -97.06448 36.54113    1136.545    1428.965  850.804  286.535   92.360    0.429   10.434 0.00000e+00
  110    17.85000   -97.06061 36.54433    1161.578    1456.411  848.007  286.261   93.729    0.454   10.434 0.00000e+00
  111    17.86667   -97.05672 36.54753    1180.602    1478.368  845.768  286.020   95.109    0.331   10.449 0.00000e+00
  112    17.88333   -97.05282 36.55078    1187.084    1488.532  844.741  285.904   95.845    0.064   10.463 0.00000e+00
  113    17.90000   -97.04897 36.55410    1178.975    1484.566  845.195  285.922   96.030   -0.177   10.489 0.00000e+00
  114    17.91667   -97.04524 36.55751    1161.750    1469.196  846.839  286.053   95.658   -0.313   10.519 0.00000e+00
  115    17.93333   -97.04167 36.56101    1140.695    1447.200  849.152  286.254   94.833   -0.412   10.538 0.00000e+00
  116    17.95000   -97.03828 36.56454    1114.759    1419.177  851.937  286.536   93.258   -0.565   10.522 0.00000e+00
  117    17.96667   -97.03501 36.56805    1081.223    1385.540  855.249  286.870   91.136   -0.817   10.470 0.00000e+00
  118    17.98333   -97.03184 36.57154    1046.535    1352.962  858.612  287.224   89.642   -0.661   10.497 0.00000e+00
  119    18.00000   -97.02870 36.57502    1025.092    1329.894  861.068  287.499   88.038   -0.343   10.466 0.00000e+00
  120    18.01667   -97.02553 36.57847    1020.825    1322.069  861.931  287.609   87.208   -0.003   10.431 0.00000e+00
  121    18.03333   -97.02232 36.58193    1035.451    1329.322  861.289  287.554   87.338    0.363   10.417 0.00000e+00
  122    18.05000   -97.01904 36.58545    1062.503    1348.651  859.266  287.368   88.099    0.495   10.406 0.00000e+00
  123    18.06667   -97.01572 36.58904    1084.710    1364.085  857.563  287.202   88.916    0.227   10.410 0.00000e+00
  124    18.08333   -97.01233 36.59269    1079.189    1357.733  858.141  287.242   88.855   -0.306   10.424 0.00000e+00
  125    18.10000   -97.00895 36.59626    1045.858    1323.929  861.542  287.551   87.590   -0.707   10.442 0.00000e+00
  126    18.11667   -97.00563 36.59970     996.990    1279.587  865.957  287.967   85.791   -0.750   10.454 0.00000e+00
  127    18.13333   -97.00240 36.60297     958.615    1248.463  869.043  288.250   84.657   -0.386   10.470 0.00000e+00
  128    18.15000   -96.99925 36.60610     947.829    1246.654  869.257  288.261   84.661    0.150   10.475 0.00000e+00
  129    18.16667   -96.99615 36.60912     971.630    1278.303  866.104  287.970   85.891    0.615   10.467 0.00000e+00
  130    18.18333   -96.99297 36.61212    1022.659    1333.184  860.732  287.485   87.922    1.022   10.447 0.00000e+00
  131    18.20000   -96.98961 36.61525    1079.188    1389.713  854.997  286.841   91.040    0.708   10.442 0.00000e+00
  132    18.21667   -96.98608 36.61859    1109.817    1419.403  851.951  286.484   93.460    0.127   10.509 0.00000e+00
  133    18.23333   -96.98251 36.62218    1102.113    1412.233  852.663  286.539   93.330   -0.517   10.524 0.00000e+00
  134    18.25000   -96.97902 36.62595    1053.371    1365.612  857.283  286.984   91.200   -0.965   10.530 0.00000e+00
  135    18.26667   -96.97569 36.62980     990.736    1306.529  863.376  287.556   88.549   -0.792   10.538 0.00000e+00
  136    18.28333   -96.97249 36.63355     946.500    1264.560  867.695  287.949   86.939   -0.325   10.561 0.00000e+00
  137    18.30000   -96.96942 36.63720     933.250    1253.367  868.857  288.063   86.517    0.160   10.573 0.00000e+00
  138    18.31667   -96.96651 36.64071     947.256    1269.238  867.210  287.969   86.540    0.657   10.532 0.00000e+00
  139    18.33333   -96.96379 36.64415     983.067    1306.801  863.436  287.598   88.615    0.900   10.573 0.00000e+00
  140    18.35000   -96.96132 36.64760    1026.248    1352.795  858.606  287.115   91.404    0.918   10.628 0.00000e+00
  141    18.36667   -96.95899 36.65108    1062.525    1395.697  854.334  286.693   93.957    0.901   10.681 0.00000e+00
  142    18.38333   -96.95670 36.65465    1083.302    1421.971  851.947  286.510   94.522    0.405   10.647 0.00000e+00
  143    18.40000   -96.95442 36.65829    1085.231    1414.299  852.859  286.633   93.225   -0.273   10.574 0.00000e+00
  144    18.41667   -96.95222 36.66201    1054.454    1373.544  856.756  287.002   91.149   -1.037   10.543 0.00000e+00
  145    18.43333   -96.95007 36.66574     992.770    1307.416  863.422  287.624   88.467   -1.475   10.574 0.00000e+00
  146    18.45000   -96.94794 36.66942     917.420    1228.986  871.435  288.390   85.268   -1.443   10.612 0.00000e+00
  147    18.46667   -96.94585 36.67304     842.584    1151.993  879.330  289.198   80.707   -1.132   10.487 0.00000e+00
  148    18.48333   -96.94363 36.67659     780.530    1087.845  886.060  289.724   79.804   -0.808   10.643 0.00000e+00
  149    18.50000   -96.94122 36.68002     729.602    1034.016  891.687  290.087   80.759   -0.662   10.954 0.00000e+00
  150    18.51667   -96.93874 36.68336     687.646     987.313  896.591  290.437   81.163   -0.626   11.196 0.00000e+00
  151    18.53333   -96.93622 36.68661     648.655     944.071  901.068  290.880   79.123   -0.582   11.170 0.00000e+00
  152    18.55000   -96.93369 36.68978     605.123     901.340  905.390  291.304   76.544   -0.872   11.048 0.00000e+00
  153    18.56667   -96.93130 36.69285     557.922     856.679  910.254  291.744   75.094   -0.862   11.085 0.00000e+00
  154    18.58333   -96.92909 36.69585     525.303     823.375  913.830  292.078   74.057   -0.408   11.121 0.00000e+00
  155    18.60000   -96.92706 36.69880     498.875     799.435  916.176  292.273   73.616   -0.270   11.162 0.00000e+00
  156    18.61667   -96.92516 36.70174     471.902     777.034  918.619  292.444   73.453   -0.303   11.227 0.00000e+00
  157    18.63333   -96.92348 36.70468     436.200     745.121  922.067  292.726   72.609   -0.493   11.254 0.00000e+00
  158    18.65000   -96.92200 36.70765     388.474     699.820  927.058  293.148   71.354   -0.644   11.294 0.00000e+00
  159    18.66667   -96.92055 36.71052     338.124     649.258  932.559  293.620   70.217   -0.884   11.378 0.00000e+00
  160    18.68333   -96.91910 36.71344     280.435     590.484  938.779  294.175   68.845   -1.041   11.471 0.00000e+00
  161    18.70000   -96.91763 36.71647     218.797     529.395  945.418  294.723   68.051   -1.255   11.647 0.00000e+00
  162    18.71667   -96.91607 36.71962     145.946     456.802  953.375  295.395   66.337   -1.481   11.735 0.00000e+00
  163    18.73333   -96.91427 36.72274      82.300     392.182  960.485  296.025   64.747   -0.904   11.817 0.00000e+00
  164    18.75000   -96.91226 36.72578      48.955     357.302  964.282  296.359   63.628   -0.338   11.805 0.00000e+00
  165    18.76667   -96.91010 36.72873      42.320     350.373  965.025  296.384   63.519   -0.001   11.794 0.00000e+00
  166    18.78333   -96.90800 36.73157      48.150     356.258  964.366  296.274   63.848    0.173   11.784 0.00000e+00
  167    18.80000   -96.90607 36.73441      59.005     367.200  963.182  296.158   64.257    0.202   11.790 0.00000e+00
  168    18.81667   -96.90430 36.73727      70.907     379.021  961.871  296.032   64.752    0.228   11.805 0.00000e+00
  169    18.83333   -96.90273 36.74009      84.436     393.684  960.205  295.893   65.189    0.231   11.805 0.00000e+00
  170    18.85000   -96.90131 36.74285     101.549     412.231  958.239  295.729   65.706    0.351   11.804 0.00000e+00
  171    18.86667   -96.90004 36.74557     136.199     447.843  954.300  295.399   66.742    0.741   11.798 0.00000e+00
  172    18.88333   -96.89880 36.74834     180.373     495.201  949.010  294.920   68.348    0.747   11.796 0.00000e+00
  173    18.90000   -96.89758 36.75117     215.915     535.655  944.658  294.535   69.665    0.587   11.795 0.00000e+00
  174    18.91667   -96.89636 36.75401     239.878     564.333  941.518  294.261   70.655    0.361   11.801 0.00000e+00
  175    18.93333   -96.89519 36.75682     253.349     582.227  939.669  294.101   71.265    0.163   11.808 0.00000e+00
  176    18.95000   -96.89407 36.75955     258.010     590.568  938.729  294.023   71.608   -0.003   11.820 0.00000e+00
  177    18.96667   -96.89296 36.76220     251.724     588.069  939.017  294.031   71.598   -0.284   11.820 0.00000e+00
  178    18.98333   -96.89183 36.76480     228.298     565.599  941.707  294.251   70.929   -0.614   11.837 0.00000e+00
