    0    16.01667   -97.48428 36.25066      46.998     418.826  957.584  292.880   86.143   -0.071   12.977 0.00000e+00
    1    16.03333   -97.48412 36.25408      47.257     414.962  958.015  293.035   85.635    0.054   13.020 0.00000e+00
    2    16.05000   -97.48412 36.25751      55.426     420.208  957.404  293.057   85.638    0.178   13.047 0.00000e+00
    3    16.06667   -97.48415 36.26091      70.107     432.348  956.108  292.960   86.014    0.151   13.043 0.00000e+00
    4    16.08333   -97.48405 36.26421      78.122     438.572  955.309  292.875   86.292   -0.122   13.026 0.00000e+00
    5    16.10000   -97.48372 36.26740      67.650     428.382  956.492  292.979   85.770   -0.321   13.016 0.00000e+00
    6    16.11667   -97.48296 36.27042      49.959     410.122  958.536  293.216   84.706   -0.279   13.019 0.00000e+00
    7    16.13333   -97.48193 36.27328      35.082     394.008  960.316  293.426   83.694   -0.358   13.008 0.00000e+00
    8    16.15000   -97.48075 36.27615      21.480     378.996  961.968  293.707   82.604   -0.274   13.043 0.00000e+00
    9    16.16667   -97.47946 36.27882      12.165     368.155  963.122  293.943   81.871   -0.058   13.103 0.00000e+00
   10    16.18333   -97.47830 36.28139      13.446     368.619  963.011  293.998   81.856    0.123   13.147 0.00000e+00
   11    16.20000   -97.47780 36.28391      24.423     380.229  961.701  293.784   82.582    0.237   13.106 0.00000e+00
   12    16.21667   -97.47756 36.28662      39.818     396.828  959.830  293.475   83.653    0.265   13.049 0.00000e+00
   13    16.23333   -97.47733 36.28958      61.091     418.847  957.442  293.209   84.521    0.478   12.999 0.00000e+00
   14    16.25000   -97.47706 36.29265      99.111     456.725  953.176  292.804   86.017    0.950   12.957 0.00000e+00
   15    16.26667   -97.47697 36.29576     160.403     517.952  946.520  292.211   88.465    1.337   12.929 0.00000e+00
   16    16.28333   -97.47702 36.29887     229.767     586.220  938.990  291.532   91.512    1.100   12.917 0.00000e+00
   17    16.30000   -97.47697 36.30201     284.350     639.223  933.236  291.011   93.566    0.590   12.857 0.00000e+00
   18    16.31667   -97.47669 36.30519     319.557     672.894  929.571  290.713   94.760    0.296   12.828 0.00000e+00
   19    16.33333   -97.47615 36.30838     342.067     693.394  927.349  290.537   95.179    0.229   12.771 0.00000e+00
   20    16.35000   -97.47532 36.31147     368.791     717.911  924.728  290.330   95.952    0.267   12.742 0.00000e+00
   21    16.36667   -97.47426 36.31453     393.082     739.464  922.475  290.176   96.144    0.333   12.674 0.00000e+00
   22    16.38333   -97.47297 36.31762     413.862     756.879  920.618  290.046   96.446    0.352   12.634 0.00000e+00
   23    16.40000   -97.47153 36.32072     430.079     769.545  919.240  289.923   96.893    0.341   12.613 0.00000e+00
   24    16.41667   -97.46996 36.32373     443.169     778.772  918.181  289.828   97.304    0.305   12.604 7.04223e-09
   25    16.43333   -97.46831 36.32664     452.995     785.740  917.400  289.747   97.713    0.193   12.602 0.00000e+00
   26    16.45000   -97.46667 36.32947     456.412     787.334  917.183  289.685   98.207   -0.024   12.619 0.00000e+00
   27    16.46667   -97.46526 36.33223     453.004     781.634  917.887  289.747   97.777   -0.028   12.603 0.00000e+00
   28    16.48333   -97.46408 36.33494     451.084     776.238  918.563  289.831   97.077    0.122   12.572 0.00000e+00
   29    16.50000   -97.46299 36.33764     465.204     785.833  917.474  289.763   97.194    0.381   12.547 0.00000e+00
   30    16.51667   -97.46163 36.34024     487.597     808.029  914.888  289.551   98.094    0.502   12.528 0.00000e+00
   31    16.53333   -97.45981 36.34269     497.250     818.792  913.812  289.539   97.703   -0.088   12.483 0.00000e+00
   32    16.55000   -97.45783 36.34519     477.931     799.273  916.002  289.757   96.493   -0.568   12.472 0.00000e+00
   33    16.56667   -97.45605 36.34781     446.087     765.855  919.649  290.096   94.765   -0.542   12.467 0.00000e+00
   34    16.58333   -97.45441 36.35070     406.697     724.477  924.103  290.493   92.852   -0.912   12.468 0.00000e+00
   35    16.60000   -97.45303 36.35396     358.078     674.420  929.461  291.003   90.312   -0.802   12.454 0.00000e+00
   36    16.61667   -97.45200 36.35767     325.833     642.522  932.850  291.361   88.449    0.017   12.432 0.00000e+00
   37    16.63333   -97.45126 36.36170     334.974     653.176  931.604  291.290   89.333    1.040   12.517 0.00000e+00
   38    16.65000   -97.45074 36.36572     379.367     700.542  926.398  290.825   91.721    0.898   12.548 0.00000e+00
   39    16.66667   -97.45010 36.36954     407.724     732.519  922.931  290.500   93.222   -0.112   12.539 0.00000e+00
   40    16.68333   -97.44945 36.37310     400.099     728.026  923.520  290.565   92.619   -0.593   12.502 0.00000e+00
   41    16.70000   -97.44899 36.37631     390.566     720.912  924.265  290.667   91.829   -0.085   12.466 0.00000e+00
   42    16.71667   -97.44856 36.37926     408.163     740.498  922.216  290.483   92.728    0.531   12.469 0.00000e+00
   43    16.73333   -97.44795 36.38208     443.896     778.105  918.150  290.118   94.769    0.635   12.506 0.00000e+00
   44    16.75000   -97.44719 36.38494     474.543     810.979  914.594  289.786   96.635    0.456   12.533 0.00000e+00
   45    16.76667   -97.44640 36.38791     484.173     823.317  913.283  289.667   97.420   -0.110   12.557 1.47430e-05
   46    16.78333   -97.44574 36.39088     467.696     808.825  914.814  289.821   96.677   -0.698   12.563 0.00000e+00
   47    16.80000   -97.44539 36.39365     445.153     787.958  917.025  290.051   95.424   -0.605   12.554 0.00000e+00
   48    16.81667   -97.44530 36.39626     427.656     771.901  918.862  290.224   94.460   -0.100   12.540 0.00000e+00
   49    16.83333   -97.44527 36.39876     423.603     765.501  919.707  290.317   94.167   -0.070   12.564 0.00000e+00
   50    16.85000   -97.44525 36.40125     410.710     749.284  921.453  290.487   93.805   -0.437   12.628 0.00000e+00
   51    16.86667   -97.44523 36.40382     369.591     704.736  926.285  290.930   92.128   -0.756   12.690 0.00000e+00
   52    16.88333   -97.44506 36.40647     298.520     630.363  934.369  291.674   88.702   -1.321   12.696 0.00000e+00
   53    16.90000   -97.44476 36.40912     202.747     531.553  945.111  292.643   84.260   -1.770   12.672 0.00000e+00
   54    16.91667   -97.44449 36.41174     117.912     443.761  954.764  293.520   80.326   -1.536   12.632 0.00000e+00
   55    16.93333   -97.44439 36.41434      59.356     382.814  961.465  294.144   77.556   -0.976   12.590 0.00000e+00
   56    16.95000   -97.44453 36.41684      28.521     350.514  965.063  294.584   75.777   -0.490   12.594 0.00000e+00
   57    16.96667   -97.44501 36.41882      14.038     335.037  966.742  294.946   74.804   -0.152   12.691 0.00000e+00
   58    16.98333   -97.44588 36.42037      10.821     331.274  967.133  295.140   74.162    0.042   12.729 0.00000e+00
   59    17.00000   -97.44675 36.42179      13.346     333.376  966.922  295.254   74.139    0.064   12.818 0.00000e+00
   60    17.01667   -97.44748 36.42339      17.257     336.872  966.537  295.328   74.231    0.079   12.897 0.00000e+00
   61    17.03333   -97.44827 36.42506      22.343     341.516  965.963  295.389   74.349    0.108   12.975 0.00000e+00
   62    17.05000   -97.44921 36.42687      28.216     346.870  965.390  295.379   74.562    0.134   13.011 0.00000e+00
   63    17.06667   -97.45020 36.42879      39.545     357.527  964.187  295.260   75.029    0.254   13.014 0.00000e+00
   64    17.08333   -97.45109 36.43083      66.461     383.687  961.278  294.945   76.146    0.672   12.993 0.00000e+00
   65    17.10000   -97.45155 36.43306     120.056     436.551  955.484  294.428   78.126    1.311   12.990 0.00000e+00
   66    17.11667   -97.45139 36.43516     220.374     536.023  944.488  293.388   82.114    2.056   12.947 0.00000e+00
   67    17.13333   -97.45044 36.43732     348.010     662.514  930.746  292.081   87.081    2.401   12.838 0.00000e+00
   68    17.15000   -97.44914 36.43969     467.508     780.960  917.995  290.889   92.015    2.220   12.757 0.00000e+00
   69    17.16667   -97.44799 36.44238     556.422     869.147  908.562  289.989   95.516    1.672   12.634 0.00000e+00
   70    17.18333   -97.44696 36.44524     617.177     929.176  902.165  289.383   98.049    1.209   12.563 4.21426e-06
   71    17.20000   -97.44576 36.44816     656.023     967.639  898.092  289.009   99.587    0.853   12.514 2.83719e-03
   72    17.21667   -97.44447 36.45112     670.792     982.766  896.551  288.918   99.523    0.456   12.454 9.72656e-03
   73    17.23333   -97.44308 36.45402     663.959     975.935  897.299  288.995   98.897   -0.148   12.427 1.63271e-03
   74    17.25000   -97.44162 36.45683     629.422     940.762  901.020  289.351   96.777   -1.010   12.391 0.00000e+00
   75    17.26667   -97.44003 36.45959     562.942     873.784  908.107  290.020   93.001   -1.560   12.332 0.00000e+00
   76    17.28333   -97.43842 36.46241     479.946     790.545  916.954  290.835   88.950   -1.568   12.303 0.00000e+00
   77    17.30000   -97.43674 36.46530     398.487     708.324  925.796  291.619   85.613   -1.469   12.325 0.00000e+00
   78    17.31667   -97.43521 36.46824     321.575     630.391  934.221  292.382   82.171   -1.327   12.300 0.00000e+00
   79    17.33333   -97.43398 36.47122     265.666     573.558  940.433  292.940   79.890   -0.956   12.302 0.00000e+00
   80    17.35000   -97.43306 36.47425     223.966     530.339  945.080  293.356   78.184   -0.724   12.296 0.00000e+00
   81    17.36667   -97.43252 36.47725     190.249     495.492  948.846  293.688   76.840   -0.443   12.288 0.00000e+00
   82    17.38333   -97.43241 36.48013     167.896     472.119  951.438  293.908   76.104   -0.137   12.304 0.00000e+00
   83    17.40000   -97.43254 36.48287     156.915     459.079  952.938  294.024   75.848    0.111   12.332 0.00000e+00
   84    17.41667   -97.43281 36.48557     147.589     447.740  954.190  294.114   75.702    0.140   12.361 0.00000e+00
   85    17.43333   -97.43310 36.48840     147.643     445.897  954.422  294.128   75.878    0.195   12.397 0.00000e+00
   86    17.45000   -97.43321 36.49125     171.344     468.481  951.906  293.918   76.743    0.291   12.409 0.00000e+00
   87    17.46667   -97.43331 36.49397     208.582     504.660  947.912  293.610   78.085    0.505   12.439 0.00000e+00
   88    17.48333   -97.43349 36.49670     244.000     539.211  944.031  293.335   79.354    0.525   12.478 0.00000e+00
   89    17.50000   -97.43378 36.49963     261.066     558.734  941.871  293.205   80.115    0.258   12.524 0.00000e+00
   90    17.51667   -97.43409 36.50274     255.912     556.368  942.120  293.266   80.071   -0.173   12.562 0.00000e+00
   91    17.53333   -97.43445 36.50592     226.090     529.112  945.081  293.550   78.984   -0.746   12.573 0.00000e+00
   92    17.55000   -97.43463 36.50909     172.700     477.733  950.727  294.072   77.180   -1.103   12.615 0.00000e+00
   93    17.56667   -97.43428 36.51217     112.760     419.759  957.108  294.658   75.102   -0.945   12.644 0.00000e+00
   94    17.58333   -97.43321 36.51504      66.835     375.742  961.913  295.092   73.521   -0.648   12.651 0.00000e+00
   95    17.60000   -97.43165 36.51753      45.570     356.286  964.060  295.365   72.656   -0.187   12.685 0.00000e+00
   96    17.61667   -97.42979 36.51957      48.074     360.345  963.612  295.453   72.439    0.179   12.722 0.00000e+00
   97    17.63333   -97.42827 36.52143      67.976     381.678  961.347  295.302   72.961    0.400   12.726 0.00000e+00
   98    17.65000   -97.42732 36.52343     106.175     420.676  957.084  295.009   74.023    0.966   12.736 0.00000e+00
   99    17.66667   -97.42686 36.52567     177.809     493.019  949.151  294.259   76.540    1.625   12.678 0.00000e+00
  100    17.68333   -97.42695 36.52813     274.222     590.493  938.526  293.293   80.201    1.636   12.652 0.00000e+00
  101    17.70000   -97.42752 36.53081     345.716     663.020  930.671  292.578   83.120    0.828   12.645 0.00000e+00
  102    17.71667   -97.42818 36.53366     369.298     686.183  928.158  292.332   84.157    0.059   12.641 0.00000e+00
  103    17.73333   -97.42851 36.53654     357.119     673.396  929.500  292.425   83.623   -0.629   12.616 0.00000e+00
  104    17.75000   -97.42831 36.53932     322.790     637.927  933.403  292.780   81.712   -0.926   12.553 0.00000e+00
  105    17.76667   -97.42776 36.54181     281.297     594.595  938.162  293.216   79.719   -0.832   12.521 0.00000e+00
  106    17.78333   -97.42701 36.54403     248.715     560.220  941.840  293.528   78.312   -0.511   12.493 0.00000e+00
  107    17.80000   -97.42613 36.54609     230.822     540.778  943.880  293.709   77.482   -0.177   12.473 0.00000e+00
  108    17.81667   -97.42515 36.54812     225.129     535.548  944.347  293.754   77.191    0.086   12.455 0.00000e+00
  109    17.83333   -97.42406 36.55024     226.904     538.906  944.011  293.711   77.218    0.285   12.431 0.00000e+00
  110    17.85000   -97.42292 36.55246     236.249     550.024  942.800  293.592   77.553    0.441   12.408 0.00000e+00
  111    17.86667   -97.42184 36.55475     252.634     568.310  940.784  293.438   78.130    0.652   12.407 0.00000e+00
  112    17.88333   -97.42099 36.55708     273.148     589.941  938.508  293.310   78.734    0.461   12.435 0.00000e+00
  113    17.90000   -97.42043 36.55955     274.060     591.733  938.308  293.314   78.867   -0.219   12.461 0.00000e+00
  114    17.91667   -97.41978 36.56227     231.818     550.339  942.862  293.744   77.057   -0.966   12.445 0.00000e+00
  115    17.93333   -97.41864 36.56517     169.137     487.159  949.775  294.303   74.754   -0.878   12.409 0.00000e+00
  116    17.95000   -97.41686 36.56813     135.823     452.824  953.497  294.677   72.958    0.218   12.345 0.00000e+00
  117    17.96667   -97.41471 36.57116     150.441     467.346  951.854  294.661   73.050    0.822   12.370 0.00000e+00
  118    17.98333   -97.41279 36.57403     188.328     506.147  947.592  294.393   74.440    0.782   12.454 0.00000e+00
  119    18.00000   -97.41125 36.57675     232.592     551.462  942.673  293.974   75.992    0.717   12.453 0.00000e+00
  120    18.01667   -97.40997 36.57938     281.409     601.493  937.177  293.509   77.672    0.864   12.438 0.00000e+00
  121    18.03333   -97.40891 36.58187     340.271     661.133  930.705  292.936   79.988    1.055   12.444 0.00000e+00
  122    18.05000   -97.40813 36.58416     402.571     724.016  923.937  292.332   82.427    1.176   12.438 0.00000e+00
  123    18.06667   -97.40764 36.58628     458.155     780.112  917.956  291.785   84.544    0.946   12.406 0.00000e+00
  124    18.08333   -97.40732 36.58821     490.220     812.627  914.495  291.462   85.523    0.693   12.343 0.00000e+00
  125    18.10000   -97.40698 36.59003     508.632     831.493  912.495  291.268   85.993    0.467   12.286 0.00000e+00
  126    18.11667   -97.40655 36.59181     515.393     838.753  911.719  291.199   86.391   -0.006   12.299 0.00000e+00
  127    18.13333   -97.40610 36.59365     516.371     840.278  911.566  291.216   86.043   -0.240   12.266 0.00000e+00
  128    18.15000   -97.40570 36.59564     509.641     834.127  912.200  291.300   85.342   -0.486   12.222 0.00000e+00
  129    18.16667   -97.40540 36.59767     483.948     808.797  914.901  291.546   84.387   -0.818   12.238 0.00000e+00
  130    18.18333   -97.40508 36.59974     438.167     763.161  919.762  292.030   81.946   -0.881   12.188 0.00000e+00
  131    18.20000   -97.40466 36.60186     388.619     713.808  925.085  292.542   79.435   -0.855   12.130 0.00000e+00
  132    18.21667   -97.40415 36.60398     336.417     661.842  930.668  293.034   77.787   -0.912   12.177 0.00000e+00
  133    18.23333   -97.40355 36.60610     278.655     604.495  936.828  293.619   75.162   -0.987   12.123 0.00000e+00
  134    18.25000   -97.40286 36.60818     219.711     546.085  943.221  294.197   72.927   -0.941   12.110 0.00000e+00
  135    18.26667   -97.40210 36.61021     165.404     492.127  949.132  294.732   70.936   -0.847   12.100 0.00000e+00
  136    18.28333   -97.40135 36.61218     119.855     446.685  954.172  295.194   69.130   -0.699   12.068 0.00000e+00
  137    18.30000   -97.40057 36.61412      86.891     413.429  957.837  295.527   67.790   -0.444   12.033 0.00000e+00
  138    18.31667   -97.39988 36.61602      66.290     392.093  960.162  295.768   67.218   -0.230   12.080 0.00000e+00
  139    18.33333   -97.39914 36.61786      57.769     382.577  961.248  295.918   66.950   -0.164   12.129 0.00000e+00
  140    18.35000   -97.39826 36.61955      47.317     370.816  962.583  296.160   66.398   -0.144   12.192 0.00000e+00
  141    18.36667   -97.39725 36.62108      35.165     357.041  964.114  296.399   65.595   -0.167   12.202 0.00000e+00
  142    18.38333   -97.39621 36.62240      21.443     341.698  965.768  296.871   64.273   -0.171   12.284 0.00000e+00
  143    18.40000   -97.39511 36.62352       9.379     328.289  967.123  297.322   62.836   -0.127   12.327 0.00000e+00
  144    18.41667   -97.39333 36.62458       4.563     322.532  967.627  297.224   63.139   -0.022   12.306 0.00000e+00
  145    18.43333   -97.39134 36.62542       6.093     323.664  967.494  297.948   61.286    0.107   12.483 0.00000e+00
  146    18.45000   -97.38970 36.62624      14.791     331.732  966.765  297.855   62.057    0.275   12.579 0.00000e+00
  147    18.46667   -97.38879 36.62721      48.678     364.774  963.185  297.414   63.478    1.031   12.574 0.00000e+00
  148    18.48333   -97.38861 36.62880     128.161     442.951  954.585  296.222   66.833    1.844   12.423 0.00000e+00
  149    18.50000   -97.38918 36.63080     243.543     557.112  942.079  294.857   71.151    1.844   12.323 0.00000e+00
  150    18.51667   -97.38992 36.63287     316.336     628.937  934.358  294.027   74.165    0.677   12.303 0.00000e+00
  151    18.53333   -97.39032 36.63512     351.125     662.526  930.701  293.652   75.524    0.593   12.288 0.00000e+00
  152    18.55000   -97.39023 36.63753     390.441     700.365  926.628  293.256   77.001    0.776   12.276 0.00000e+00
  153    18.56667   -97.38974 36.64004     439.112     748.105  921.482  292.766   78.825    0.990   12.256 0.00000e+00
  154    18.58333   -97.38909 36.64256     493.866     802.197  915.735  292.241   80.717    1.059   12.220 0.00000e+00
  155    18.60000   -97.38840 36.64505     549.474     857.010  909.935  291.719   82.626    0.988   12.182 0.00000e+00
  156    18.61667   -97.38769 36.64732     600.355     906.826  904.715  291.248   84.299    1.032   12.133 0.00000e+00
  157    18.63333   -97.38690 36.64934     650.297     955.404  899.552  290.761   86.621    1.050   12.157 0.00000e+00
  158    18.65000   -97.38611 36.65115     708.110    1012.145  893.610  290.191   89.142    0.941   12.146 0.00000e+00
  159    18.66667   -97.38536 36.65284     758.055    1061.173  888.490  289.708   91.607    0.768   12.171 0.00000e+00
  160    18.68333   -97.38465 36.65451     793.747    1096.036  884.864  289.372   92.780    0.325   12.114 0.00000e+00
  161    18.70000   -97.38382 36.65619     811.035    1112.847  883.110  289.226   93.088    0.106   12.065 0.00000e+00
  162    18.71667   -97.38285 36.65789     818.658    1120.175  882.343  289.177   92.751   -0.120   11.994 0.00000e+00
  163    18.73333   -97.38176 36.65958     819.372    1120.529  882.338  289.221   91.683   -0.321   11.889 0.00000e+00
  164    18.75000   -97.38059 36.66125     814.453    1115.195  882.884  289.322   90.377   -0.424   11.789 0.00000e+00
  165    18.76667   -97.37943 36.66286     805.189    1105.471  883.864  289.444   89.280   -0.433   11.725 0.00000e+00
  166    18.78333   -97.37817 36.66446     788.338    1088.378  885.622  289.622   88.050   -0.494   11.672 0.00000e+00
  167    18.80000   -97.37683 36.66602     760.969    1060.924  888.491  289.904   86.512   -0.650   11.640 0.00000e+00
  168    18.81667   -97.37534 36.66763     718.979    1018.817  892.880  290.314   84.666   -0.902   11.636 0.00000e+00
  169    18.83333   -97.37392 36.66935     660.753     960.402  898.928  290.876   82.319   -1.184   11.647 0.00000e+00
  170    18.85000   -97.37263 36.67117     593.324     892.734  906.105  291.550   79.514   -1.260   11.648 0.00000e+00
  171    18.86667   -97.37152 36.67305     522.761     822.350  913.498  292.232   76.931   -1.193   11.669 0.00000e+00
  172    18.88333   -97.37045 36.67495     449.589     749.743  921.248  292.960   74.071   -1.261   11.661 0.00000e+00
  173    18.90000   -97.36940 36.67689     361.611     662.426  930.586  293.811   70.804   -1.599   11.636 0.00000e+00
  174    18.91667   -97.36852 36.67893     259.988     561.478  941.473  294.792   67.627   -1.701   11.674 0.00000e+00
  175    18.93333   -97.36801 36.68114     169.488     471.235  951.339  295.691   64.681   -1.456   11.678 0.00000e+00
  176    18.95000   -97.36784 36.68346     102.651     404.207  958.673  296.341   62.856   -0.904   11.718 0.00000e+00
  177    18.96667   -97.36794 36.68586      64.183     365.565  962.893  296.707   61.833   -0.478   11.736 0.00000e+00
  178    18.98333   -97.36826 36.68831      43.711     344.923  965.160  297.134   60.784   -0.196   11.813 0.00000e+00
