    0    16.01667   -97.58862 36.22167       4.074     340.944  965.815  294.470   80.216   -0.002   13.227 0.00000e+00
    1    16.03333   -97.58849 36.22323       4.116     340.642  965.885  294.543   79.913   -0.008   13.237 0.00000e+00
    2    16.05000   -97.58832 36.22468       4.412     340.454  965.856  294.630   79.477    0.009   13.236 0.00000e+00
    3    16.06667   -97.58823 36.22592       5.990     341.611  965.787  294.692   79.231    0.047   13.247 0.00000e+00
    4    16.08333   -97.58810 36.22712       9.914     345.131  965.432  294.593   79.663    0.108   13.243 0.00000e+00
    5    16.10000   -97.58793 36.22840      17.586     352.354  964.686  294.490   80.042    0.183   13.231 0.00000e+00
    6    16.11667   -97.58778 36.22997      31.733     365.979  963.179  294.353   80.446    0.346   13.206 0.00000e+00
    7    16.13333   -97.58768 36.23203      52.117     385.811  961.004  294.027   81.503    0.422   13.142 0.00000e+00
    8    16.15000   -97.58743 36.23466      73.013     405.924  958.822  293.649   82.635    0.346   13.044 0.00000e+00
    9    16.16667   -97.58696 36.23770      92.157     423.915  956.789  293.352   83.462    0.309   12.961 0.00000e+00
   10    16.18333   -97.58617 36.24097     112.189     443.615  954.530  293.146   84.160    0.326   12.932 0.00000e+00
   11    16.20000   -97.58527 36.24428     130.557     462.256  952.465  292.984   84.580    0.332   12.894 0.00000e+00
   12    16.21667   -97.58450 36.24746     150.043     482.538  950.179  292.794   85.114    0.366   12.853 0.00000e+00
   13    16.23333   -97.58395 36.25046     171.637     505.395  947.671  292.565   86.200    0.526   12.866 0.00000e+00
   14    16.25000   -97.58354 36.25329     203.111     538.080  944.069  292.233   87.768    0.668   12.878 0.00000e+00
   15    16.26667   -97.58313 36.25603     242.116     578.150  939.700  291.833   89.667    0.749   12.889 0.00000e+00
   16    16.28333   -97.58258 36.25872     291.924     628.751  934.221  291.352   91.887    0.889   12.889 0.00000e+00
   17    16.30000   -97.58175 36.26143     343.146     680.705  928.585  290.840   94.367    0.961   12.891 0.00000e+00
   18    16.31667   -97.58051 36.26425     388.064     726.243  923.661  290.429   96.004    0.976   12.845 0.00000e+00
   19    16.33333   -97.57880 36.26728     431.485     770.377  918.911  290.091   96.799    0.857   12.741 0.00000e+00
   20    16.35000   -97.57661 36.27049     466.291     806.138  915.049  289.829   97.399    0.471   12.660 4.73102e-05
   21    16.36667   -97.57413 36.27375     477.497     818.697  913.690  289.741   97.558    0.102   12.629 0.00000e+00
   22    16.38333   -97.57149 36.27695     464.552     807.210  914.930  289.848   97.133   -0.347   12.643 0.00000e+00
   23    16.40000   -97.56876 36.27998     428.242     772.662  918.583  290.234   94.731   -0.853   12.588 0.00000e+00
   24    16.41667   -97.56615 36.28278     375.690     722.275  924.019  290.784   91.594   -1.088   12.530 0.00000e+00
   25    16.43333   -97.56371 36.28533     318.729     666.759  930.022  291.343   88.807   -0.900   12.506 0.00000e+00
   26    16.45000   -97.56152 36.28769     270.767     619.692  935.144  291.761   87.194   -0.461   12.539 0.00000e+00
   27    16.46667   -97.55950 36.29007     243.408     593.786  937.916  291.964   86.583   -0.138   12.573 0.00000e+00
   28    16.48333   -97.55757 36.29259     233.216     585.137  938.913  292.043   86.285    0.094   12.579 0.00000e+00
   29    16.50000   -97.55574 36.29522     235.725     588.916  938.549  292.015   86.373    0.222   12.575 0.00000e+00
   30    16.51667   -97.55405 36.29791     244.615     599.226  937.405  291.918   86.784    0.236   12.573 0.00000e+00
   31    16.53333   -97.55256 36.30054     257.932     613.974  935.878  291.769   87.601    0.307   12.593 0.00000e+00
   32    16.55000   -97.55118 36.30310     277.337     634.436  933.650  291.578   88.919    0.452   12.660 0.00000e+00
   33    16.56667   -97.54971 36.30553     298.059     655.860  931.353  291.385   90.039    0.296   12.695 0.00000e+00
   34    16.58333   -97.54804 36.30782     304.179     661.657  930.688  291.325   90.268   -0.131   12.688 0.00000e+00
   35    16.60000   -97.54623 36.31013     285.520     643.006  932.679  291.513   89.380   -0.579   12.686 0.00000e+00
   36    16.61667   -97.54433 36.31258     251.485     608.790  936.545  291.863   87.718   -0.669   12.676 0.00000e+00
   37    16.63333   -97.54246 36.31518     218.408     572.296  940.599  292.224   86.085   -0.503   12.671 0.00000e+00
   38    16.65000   -97.54072 36.31787     192.951     543.086  943.752  292.494   84.825   -0.374   12.657 0.00000e+00
   39    16.66667   -97.53912 36.32060     176.670     524.007  945.749  292.662   84.069   -0.225   12.650 0.00000e+00
   40    16.68333   -97.53762 36.32336     169.252     516.486  946.463  292.717   83.810   -0.128   12.645 0.00000e+00
   41    16.70000   -97.53619 36.32621     166.830     515.286  946.615  292.741   83.685   -0.069   12.644 0.00000e+00
   42    16.71667   -97.53487 36.32919     158.970     508.437  947.443  292.808   83.335   -0.257   12.632 0.00000e+00
   43    16.73333   -97.53381 36.33227     139.042     488.244  949.703  293.013   82.474   -0.437   12.633 0.00000e+00
   44    16.75000   -97.53307 36.33533     115.352     464.018  952.411  293.257   81.441   -0.390   12.630 0.00000e+00
   45    16.76667   -97.53269 36.33835      95.142     443.674  954.599  293.433   80.738   -0.252   12.630 0.00000e+00
   46    16.78333   -97.53266 36.34135      78.443     428.513  956.227  293.571   80.170   -0.242   12.628 0.00000e+00
   47    16.80000   -97.53291 36.34436      63.238     415.122  957.675  293.749   79.544   -0.196   12.650 0.00000e+00
   48    16.81667   -97.53331 36.34748      53.611     406.082  958.795  293.936   78.980   -0.068   12.692 0.00000e+00
   49    16.83333   -97.53378 36.35058      51.663     400.972  959.338  294.161   78.534    0.038   12.791 0.00000e+00
   50    16.85000   -97.53444 36.35356      51.231     397.296  959.726  294.265   78.177   -0.015   12.810 0.00000e+00
   51    16.86667   -97.53514 36.35624      47.388     389.691  960.621  294.376   77.906   -0.166   12.842 0.00000e+00
   52    16.88333   -97.53583 36.35859      43.557     381.811  961.508  294.524   77.574   -0.165   12.893 0.00000e+00
   53    16.90000   -97.53644 36.36086      43.765     378.159  961.909  294.677   77.349   -0.044   12.973 0.00000e+00
   54    16.91667   -97.53697 36.36313      43.263     374.074  962.330  294.636   77.400   -0.165   12.943 0.00000e+00
   55    16.93333   -97.53742 36.36560      36.082     364.822  963.315  294.757   77.047   -0.059   12.967 0.00000e+00
   56    16.95000   -97.53778 36.36814      31.065     358.037  964.109  294.960   76.559   -0.052   13.037 0.00000e+00
   57    16.96667   -97.53791 36.37046      24.987     350.258  964.956  295.106   76.123   -0.118   13.068 0.00000e+00
   58    16.98333   -97.53778 36.37240      18.080     343.113  965.579  295.295   75.603   -0.126   13.122 0.00000e+00
   59    17.00000   -97.53750 36.37398      13.101     339.566  965.935  295.356   75.467   -0.067   13.143 0.00000e+00
   60    17.01667   -97.53717 36.37533      11.702     339.387  965.992  295.416   75.322    0.013   13.165 0.00000e+00
   61    17.03333   -97.53696 36.37659      13.041     341.894  965.695  295.489   75.216    0.090   13.211 0.00000e+00
   62    17.05000   -97.53694 36.37788      14.819     344.909  965.351  295.479   75.163    0.068   13.198 0.00000e+00
   63    17.06667   -97.53716 36.37917      16.562     347.935  965.024  295.482   75.133    0.046   13.200 0.00000e+00
   64    17.08333   -97.53748 36.38046      17.736     350.104  964.827  295.546   74.960   -0.000   13.224 0.00000e+00
   65    17.10000   -97.53790 36.38170      15.374     348.262  965.068  295.599   74.793   -0.067   13.234 0.00000e+00
   66    17.11667   -97.53843 36.38278      12.900     346.308  965.276  295.586   74.776   -0.057   13.217 0.00000e+00
   67    17.13333   -97.53902 36.38377      12.984     346.971  965.172  295.720   74.520    0.092   13.283 0.00000e+00
   68    17.15000   -97.53938 36.38496      21.922     356.485  964.160  295.824   74.384    0.262   13.357 0.00000e+00
   69    17.16667   -97.53956 36.38651      40.929     376.166  961.946  295.522   75.169    0.521   13.281 0.00000e+00
   70    17.18333   -97.53968 36.38834      83.609     419.613  957.177  294.945   76.704    1.147   13.145 0.00000e+00
   71    17.20000   -97.53970 36.39028     170.044     506.773  947.637  293.996   80.061    1.976   13.068 0.00000e+00
   72    17.21667   -97.53945 36.39227     286.962     624.240  934.835  292.788   84.977    2.120   13.040 0.00000e+00
   73    17.23333   -97.53877 36.39412     394.927     732.469  923.059  291.699   89.737    2.181   13.024 0.00000e+00
   74    17.25000   -97.53743 36.39585     490.336     827.613  912.890  290.710   94.204    2.019   12.985 0.00000e+00
   75    17.26667   -97.53535 36.39793     558.053     896.580  905.406  289.941   98.163    1.211   12.989 0.00000e+00
   76    17.28333   -97.53273 36.40024     568.405     909.870  904.049  289.819   96.749   -0.193   12.722 0.00000e+00
   77    17.30000   -97.53040 36.40276     525.774     869.012  908.396  290.276   92.994   -0.812   12.531 0.00000e+00
   78    17.31667   -97.52878 36.40550     480.821     824.905  913.136  290.730   90.220   -0.297   12.448 0.00000e+00
   79    17.33333   -97.52771 36.40858     468.948     814.266  914.222  290.828   90.038    0.084   12.485 0.00000e+00
   80    17.35000   -97.52680 36.41189     487.916     834.437  912.088  290.586   91.691    0.463   12.550 0.00000e+00
   81    17.36667   -97.52569 36.41497     537.235     884.397  906.878  290.071   94.456    0.960   12.583 0.00000e+00
   82    17.38333   -97.52422 36.41786     606.903     953.576  899.620  289.378   98.101    1.181   12.602 2.93207e-04
   83    17.40000   -97.52235 36.42076     675.205    1020.073  892.691  288.868  100.000    0.992   12.546 6.04603e-02
   84    17.41667   -97.52016 36.42377     725.743    1066.855  887.835  288.697  100.000    0.700   12.478 2.07453e-01
   85    17.43333   -97.51778 36.42692     753.797    1090.570  885.325  288.614  100.000    0.556   12.445 2.65312e-01
   86    17.45000   -97.51512 36.43030     761.677    1094.635  884.815  288.555  100.000    0.200   12.404 1.99855e-01
   87    17.46667   -97.51239 36.43389     744.176    1076.685  886.667  288.567  100.000   -0.336   12.376 5.79642e-02
   88    17.48333   -97.50992 36.43750     709.474    1041.974  890.360  288.868   97.533   -0.595   12.251 3.75442e-03
   89    17.50000   -97.50775 36.44107     674.292    1005.065  894.292  289.275   94.478   -0.706   12.129 0.00000e+00
   90    17.51667   -97.50562 36.44455     632.271     961.526  898.820  289.747   91.467   -1.059   12.043 0.00000e+00
   91    17.53333   -97.50328 36.44771     580.759     908.522  904.422  290.305   88.181   -1.097   11.957 0.00000e+00
   92    17.55000   -97.50081 36.45060     522.155     847.830  910.861  290.924   84.838   -1.028   11.881 0.00000e+00
   93    17.56667   -97.49826 36.45332     464.181     787.996  917.222  291.505   82.264   -0.956   11.869 0.00000e+00
   94    17.58333   -97.49579 36.45604     402.647     724.298  924.101  292.082   80.353   -1.129   11.933 0.00000e+00
   95    17.60000   -97.49350 36.45891     336.627     654.557  931.655  292.713   78.210   -1.270   11.987 0.00000e+00
   96    17.61667   -97.49142 36.46197     264.154     578.240  939.915  293.421   75.966   -1.403   12.062 0.00000e+00
   97    17.63333   -97.48953 36.46499     205.133     517.129  946.501  294.001   74.050   -0.583   12.105 0.00000e+00
   98    17.65000   -97.48795 36.46787     184.071     495.168  948.929  294.191   73.118   -0.224   12.063 0.00000e+00
   99    17.66667   -97.48650 36.47073     169.218     479.352  950.655  294.289   72.971   -0.463   12.090 0.00000e+00
  100    17.68333   -97.48519 36.47361     142.613     451.382  953.744  294.578   72.506   -0.620   12.190 0.00000e+00
  101    17.70000   -97.48425 36.47648     108.637     416.151  957.625  294.962   71.431   -0.587   12.248 0.00000e+00
  102    17.71667   -97.48381 36.47929      78.511     385.160  960.987  295.322   71.016   -0.462   12.407 0.00000e+00
  103    17.73333   -97.48362 36.48207      51.620     358.166  963.952  295.668   70.223   -0.366   12.493 0.00000e+00
  104    17.75000   -97.48329 36.48500      33.175     339.750  965.997  295.958   69.453   -0.157   12.551 0.00000e+00
  105    17.76667   -97.48264 36.48780      23.596     329.909  967.094  296.446   68.685   -0.126   12.774 0.00000e+00
  106    17.78333   -97.48180 36.49020      16.578     322.488  967.897  296.665   68.441   -0.188   12.889 0.00000e+00
  107    17.80000   -97.48105 36.49215      16.196     321.925  967.897  296.969   68.087    0.077   13.063 0.00000e+00
  108    17.81667   -97.48039 36.49400      26.128     331.913  966.791  296.722   68.785    0.203   13.014 0.00000e+00
  109    17.83333   -97.47988 36.49604      40.048     346.136  965.182  296.408   69.605    0.284   12.941 0.00000e+00
  110    17.85000   -97.47935 36.49817      58.405     363.983  963.261  296.116   70.189    0.362   12.844 0.00000e+00
  111    17.86667   -97.47879 36.50042      67.985     372.605  962.295  295.985   70.495    0.211   12.810 0.00000e+00
  112    17.88333   -97.47829 36.50285      70.246     373.940  962.137  295.929   70.654    0.196   12.797 0.00000e+00
  113    17.90000   -97.47787 36.50541      75.257     377.938  961.706  295.927   70.689    0.304   12.807 0.00000e+00
  114    17.91667   -97.47753 36.50813      86.473     387.870  960.607  295.876   70.838    0.325   12.809 0.00000e+00
  115    17.93333   -97.47722 36.51105      98.956     398.948  959.366  295.791   71.142    0.110   12.814 0.00000e+00
  116    17.95000   -97.47705 36.51409     128.017     427.139  956.199  295.478   72.182    0.545   12.796 0.00000e+00
  117    17.96667   -97.47714 36.51707     202.125     502.256  947.862  294.837   74.767    1.582   12.854 0.00000e+00
  118    17.98333   -97.47749 36.52002     322.402     623.416  934.731  293.792   78.676    2.516   12.856 0.00000e+00
  119    18.00000   -97.47766 36.52282     475.548     777.542  918.123  292.290   84.530    2.867   12.803 0.00000e+00
  120    18.01667   -97.47758 36.52534     627.659     930.883  901.875  290.781   90.770    2.540   12.723 0.00000e+00
  121    18.03333   -97.47720 36.52757     773.979    1078.454  886.422  289.323   96.644    3.077   12.557 0.00000e+00
  122    18.05000   -97.47658 36.52976     925.404    1231.438  870.568  288.162  100.000    3.042   12.293 1.42025e-01
  123    18.06667   -97.47537 36.53223    1077.437    1386.119  854.807  287.244  100.000    2.791   11.798 3.69609e-01
  124    18.08333   -97.47372 36.53471    1222.126    1533.770  840.002  286.368  100.000    2.499   11.339 5.57373e-01
  125    18.10000   -97.47189 36.53724    1370.843    1685.527  824.972  285.319  100.000    2.179   10.776 6.51311e-01
  126    18.11667   -97.47017 36.53995    1517.927    1835.461  810.400  284.513  100.000    2.198   10.399 8.55844e-01
  127    18.13333   -97.46847 36.54298    1674.301    1993.751  795.241  283.733  100.000    2.382   10.062 1.10350e+00
  128    18.15000   -97.46583 36.54663    1809.483    2129.108  782.495  283.325  100.000    1.822    9.951 1.32347e+00
  129    18.16667   -97.46236 36.55101    1843.500    2160.225  779.706  282.376  100.000   -2.232    9.363 4.01558e-01
  130    18.18333   -97.45924 36.55487    1720.959    2035.533  791.332  283.468   85.932   -4.035    8.518 1.91342e-02
  131    18.20000   -97.45723 36.55795    1537.712    1852.594  808.853  285.277   77.160   -2.627    8.442 0.00000e+00
  132    18.21667   -97.45562 36.56056    1431.545    1747.201  819.091  286.656   65.426   -0.301    7.741 0.00000e+00
  133    18.23333   -97.45425 36.56313    1414.915    1731.586  820.692  286.182   71.260    1.031    8.157 0.00000e+00
  134    18.25000   -97.45281 36.56593    1448.863    1765.190  817.432  285.293   80.512    1.060    8.725 0.00000e+00
  135    18.26667   -97.45077 36.56910    1495.431    1811.258  812.905  284.672   85.837    0.664    8.976 0.00000e+00
  136    18.28333   -97.44855 36.57241    1530.308    1846.124  809.490  284.345   87.559    0.175    8.996 0.00000e+00
  137    18.30000   -97.44611 36.57600    1547.968    1864.067  807.720  284.177   87.542    0.115    8.914 0.00000e+00
  138    18.31667   -97.44353 36.57967    1558.129    1876.102  806.545  283.975   89.017    0.092    8.956 0.00000e+00
  139    18.33333   -97.44095 36.58328    1569.172    1887.417  805.440  283.861   89.696   -0.005    8.968 0.00000e+00
  140    18.35000   -97.43845 36.58680    1584.698    1902.378  804.060  283.891   88.481    0.160    8.880 0.00000e+00
  141    18.36667   -97.43616 36.59034    1600.757    1917.534  802.630  283.758   87.438    0.181    8.712 0.00000e+00
  142    18.38333   -97.43407 36.59407    1604.367    1919.118  802.531  283.590   89.192    0.134    8.789 7.78822e-05
  143    18.40000   -97.43197 36.59796    1596.753    1909.444  803.411  283.486   92.564   -0.038    9.047 0.00000e+00
  144    18.41667   -97.42967 36.60192    1591.257    1903.727  803.945  283.377   95.867    0.325    9.296 0.00000e+00
  145    18.43333   -97.42723 36.60606    1599.475    1912.684  803.050  283.215   98.711    0.084    9.478 3.41666e-02
  146    18.45000   -97.42485 36.61018    1596.614    1910.253  803.288  283.451   95.655   -0.299    9.329 2.14835e-02
  147    18.46667   -97.42259 36.61398    1587.684    1901.986  804.062  283.546   94.251   -0.346    9.242 9.48277e-04
  148    18.48333   -97.42039 36.61752    1575.135    1891.183  805.116  283.613   94.462   -0.263    9.292 0.00000e+00
  149    18.50000   -97.41821 36.62097    1556.810    1874.762  806.652  283.702   95.307   -0.149    9.413 0.00000e+00
  150    18.51667   -97.41591 36.62445    1535.246    1856.586  808.417  283.761   96.754   -0.126    9.573 0.00000e+00
  151    18.53333   -97.41344 36.62795    1519.837    1845.065  809.523  283.886   96.060   -0.276    9.571 2.15390e-02
  152    18.55000   -97.41081 36.63146    1510.325    1836.800  810.531  283.959   97.665   -0.684    9.767 1.33592e-02
  153    18.56667   -97.40848 36.63508    1508.536    1831.296  811.058  284.067   96.371   -0.637    9.701 0.00000e+00
  154    18.58333   -97.40659 36.63869    1532.102    1851.474  809.100  284.047   95.105    0.142    9.584 3.42873e-02
  155    18.60000   -97.40496 36.64221    1575.607    1892.861  805.086  283.642   97.213    0.713    9.582 6.06060e-03
  156    18.61667   -97.40353 36.64565    1613.226    1928.609  801.696  283.248   98.735    0.574    9.518 7.54895e-03
  157    18.63333   -97.40218 36.64916    1616.893    1928.955  801.701  283.218   99.710   -0.275    9.593 2.10098e-02
  158    18.65000   -97.40072 36.65291    1592.364    1900.390  804.437  283.482   99.575   -0.576    9.718 2.01027e-02
  159    18.66667   -97.39907 36.65681    1569.866    1874.797  806.893  283.733   98.528   -0.178    9.749 4.56295e-03
  160    18.68333   -97.39735 36.66072    1572.910    1875.501  806.814  283.543   99.533    0.474    9.725 2.90686e-03
  161    18.70000   -97.39572 36.66456    1598.036    1898.885  804.523  283.480  100.000    0.974    9.776 1.28706e-01
  162    18.71667   -97.39416 36.66837    1635.692    1936.131  800.953  283.604  100.000    1.319    9.903 3.78933e-01
  163    18.73333   -97.39232 36.67217    1666.085    1966.289  798.069  283.865  100.000    1.493   10.115 6.20428e-01
  164    18.75000   -97.39014 36.67624    1701.062    2000.763  794.786  283.807  100.000    1.407   10.118 7.25276e-01
  165    18.76667   -97.38744 36.68025    1738.634    2037.739  791.244  283.473  100.000    1.449    9.936 7.37758e-01
  166    18.78333   -97.38430 36.68429    1780.815    2080.951  787.122  283.110   99.410    1.384    9.671 6.17627e-01
  167    18.80000   -97.38077 36.68869    1816.380    2117.372  783.711  282.565   98.227    0.494    9.251 2.08115e-01
  168    18.81667   -97.37684 36.69301    1811.542    2112.614  784.150  282.193   97.897   -0.875    8.986 5.53799e-03
  169    18.83333   -97.37285 36.69720    1769.969    2071.677  787.989  282.613   96.261   -1.160    9.046 4.45811e-02
  170    18.85000   -97.36906 36.70145    1714.417    2018.293  793.028  283.064   94.146   -1.385    9.063 1.51938e-02
  171    18.86667   -97.36546 36.70574    1651.729    1958.324  798.761  283.677   89.767   -1.130    8.939 0.00000e+00
  172    18.88333   -97.36187 36.71004    1590.216    1899.644  804.351  284.230   86.492   -0.370    8.876 0.00000e+00
  173    18.90000   -97.35834 36.71401    1558.316    1870.634  807.227  284.433   84.275    0.658    8.734 0.00000e+00
  174    18.91667   -97.35510 36.71777    1569.909    1882.323  806.141  284.194   85.610    1.125    8.744 0.00000e+00
  175    18.93333   -97.35185 36.72160    1602.424    1913.242  803.210  283.850   87.213    0.986    8.737 0.00000e+00
  176    18.95000   -97.34842 36.72556    1638.188    1947.632  799.896  283.630   86.160    0.649    8.541 0.00000e+00
  177    18.96667   -97.34492 36.72960    1671.970    1980.125  796.789  283.492   84.264    0.532    8.308 0.00000e+00
  178    18.98333   -97.34150 36.73368    1702.423    2010.318  793.881  283.308   84.030    0.492    8.214 0.00000e+00
