    0    16.01667   -97.49304 36.22565      25.087     383.735  961.196  293.127   84.645   -0.105   12.901 0.00000e+00
    1    16.03333   -97.49299 36.22781      20.839     381.653  961.462  293.241   84.359   -0.035   12.945 0.00000e+00
    2    16.05000   -97.49286 36.22995      18.871     381.681  961.500  293.356   84.105    0.006   12.999 0.00000e+00
    3    16.06667   -97.49269 36.23212      18.349     382.210  961.374  293.439   83.968   -0.019   13.047 0.00000e+00
    4    16.08333   -97.49248 36.23429      17.272     382.250  961.280  293.551   83.665   -0.019   13.092 0.00000e+00
    5    16.10000   -97.49229 36.23637      16.225     382.477  961.205  293.632   83.436   -0.009   13.123 0.00000e+00
    6    16.11667   -97.49217 36.23830      16.160     383.603  961.050  293.684   83.285    0.012   13.145 0.00000e+00
    7    16.13333   -97.49221 36.24010      17.274     385.036  960.896  293.732   83.138    0.036   13.163 0.00000e+00
    8    16.15000   -97.49236 36.24186      20.405     388.222  960.536  293.746   83.053    0.066   13.166 0.00000e+00
    9    16.16667   -97.49249 36.24361      25.737     393.609  959.930  293.739   83.004    0.084   13.161 0.00000e+00
   10    16.18333   -97.49254 36.24542      32.538     400.595  959.143  293.679   83.102    0.140   13.138 0.00000e+00
   11    16.20000   -97.49245 36.24735      43.655     412.438  957.862  293.537   83.485    0.238   13.100 0.00000e+00
   12    16.21667   -97.49232 36.24944      63.653     433.811  955.569  293.268   84.408    0.456   13.055 0.00000e+00
   13    16.23333   -97.49230 36.25174      95.954     467.430  951.909  292.862   85.938    0.679   13.010 0.00000e+00
   14    16.25000   -97.49252 36.25420     130.629     503.651  948.025  292.496   87.465    0.509   12.993 0.00000e+00
   15    16.26667   -97.49306 36.25671     144.222     517.092  946.620  292.384   87.973   -0.105   12.996 0.00000e+00
   16    16.28333   -97.49362 36.25933     117.480     489.103  949.728  292.613   86.762   -0.732   12.960 0.00000e+00
   17    16.30000   -97.49380 36.26198      71.240     441.351  955.003  293.051   84.767   -0.685   12.942 0.00000e+00
   18    16.31667   -97.49347 36.26456      39.852     408.551  958.600  293.376   83.335   -0.384   12.936 0.00000e+00
   19    16.33333   -97.49284 36.26688      22.636     390.441  960.582  293.768   82.130   -0.175   13.037 0.00000e+00
   20    16.35000   -97.49219 36.26872      13.986     381.146  961.523  293.970   81.483   -0.071   13.085 0.00000e+00
   21    16.36667   -97.49155 36.27027       9.478     376.248  962.020  294.165   80.759   -0.036   13.119 0.00000e+00
   22    16.38333   -97.49104 36.27164       9.629     376.139  962.033  294.348   80.318    0.046   13.197 0.00000e+00
   23    16.40000   -97.49084 36.27299      14.169     380.121  961.633  294.347   80.420    0.151   13.219 0.00000e+00
   24    16.41667   -97.49087 36.27451      22.621     387.849  960.749  294.237   80.671    0.226   13.182 0.00000e+00
   25    16.43333   -97.49099 36.27631      37.430     401.752  959.169  294.008   81.350    0.350   13.127 0.00000e+00
   26    16.45000   -97.49112 36.27848      63.326     426.506  956.417  293.663   82.479    0.577   13.064 0.00000e+00
   27    16.46667   -97.49123 36.28093     104.189     465.817  952.058  293.164   84.312    0.827   13.004 0.00000e+00
   28    16.48333   -97.49130 36.28342     154.914     514.615  946.725  292.647   86.459    0.707   12.984 0.00000e+00
   29    16.50000   -97.49123 36.28587     195.241     553.199  942.497  292.201   88.217    0.325   12.940 0.00000e+00
   30    16.51667   -97.49082 36.28854     220.226     576.524  939.977  291.974   88.789    0.273   12.874 0.00000e+00
   31    16.53333   -97.49008 36.29126     244.588     598.359  937.650  291.811   89.057    0.108   12.813 0.00000e+00
   32    16.55000   -97.48914 36.29399     270.355     621.556  935.132  291.636   89.468    0.174   12.765 0.00000e+00
   33    16.56667   -97.48813 36.29660     300.885     649.693  931.970  291.377   90.445    0.626   12.737 0.00000e+00
   34    16.58333   -97.48713 36.29920     342.018     690.495  927.512  290.961   92.574    0.923   12.759 0.00000e+00
   35    16.60000   -97.48609 36.30208     386.573     734.843  922.754  290.550   94.385    0.880   12.739 0.00000e+00
   36    16.61667   -97.48479 36.30513     426.266     774.209  918.560  290.190   95.848    0.739   12.701 0.00000e+00
   37    16.63333   -97.48319 36.30823     466.804     813.652  914.336  289.807   97.662    0.522   12.686 3.05171e-05
   38    16.65000   -97.48145 36.31133     505.014     851.111  910.300  289.493   98.739    0.517   12.627 2.05156e-04
   39    16.66667   -97.47964 36.31431     544.529     890.172  906.223  289.234   99.358    0.513   12.553 1.80977e-02
   40    16.68333   -97.47784 36.31721     581.963     926.073  902.533  288.989  100.000    0.505   12.488 2.86121e-02
   41    16.70000   -97.47609 36.32008     615.444     956.613  899.354  288.821  100.000    0.371   12.414 5.59992e-02
   42    16.71667   -97.47433 36.32303     642.136     979.951  896.891  288.695  100.000    0.145   12.349 6.76642e-02
   43    16.73333   -97.47253 36.32606     657.166     991.004  895.794  288.631  100.000    0.071   12.313 5.42229e-02
   44    16.75000   -97.47069 36.32917     658.439     987.320  896.130  288.636  100.000   -0.121   12.311 3.13116e-02
   45    16.76667   -97.46884 36.33231     641.739     967.702  898.033  288.761   99.596   -0.398   12.318 2.59874e-04
   46    16.78333   -97.46705 36.33551     610.305     933.913  901.715  289.094   97.846   -0.610   12.313 0.00000e+00
   47    16.80000   -97.46544 36.33878     573.550     893.961  905.830  289.500   95.549   -0.612   12.285 0.00000e+00
   48    16.81667   -97.46384 36.34217     537.689     860.176  909.411  289.831   93.790   -0.464   12.269 0.00000e+00
   49    16.83333   -97.46211 36.34573     509.225     833.839  912.258  290.051   93.120   -0.361   12.316 0.00000e+00
   50    16.85000   -97.46014 36.34941     490.249     813.559  914.592  290.239   92.552   -0.311   12.356 0.00000e+00
   51    16.86667   -97.45805 36.35295     480.022     800.702  915.945  290.360   91.981   -0.195   12.357 0.00000e+00
   52    16.88333   -97.45607 36.35625     486.284     804.692  915.488  290.312   92.256    0.365   12.363 0.00000e+00
   53    16.90000   -97.45416 36.35937     516.801     834.160  912.273  289.998   94.505    0.801   12.456 0.00000e+00
   54    16.91667   -97.45220 36.36237     557.373     875.415  907.734  289.554   97.644    0.800   12.572 0.00000e+00
   55    16.93333   -97.45021 36.36538     587.490     908.588  904.194  289.247   99.096    0.429   12.559 1.80127e-03
   56    16.95000   -97.44829 36.36842     602.817     927.238  902.247  289.106   99.468    0.126   12.519 4.89370e-03
   57    16.96667   -97.44652 36.37149     606.474     933.841  901.602  289.054   99.565   -0.038   12.499 1.09844e-03
   58    16.98333   -97.44490 36.37459     606.218     935.364  901.410  289.053   99.214   -0.076   12.456 0.00000e+00
   59    17.00000   -97.44333 36.37773     604.807     935.751  901.341  289.064   98.829   -0.081   12.417 0.00000e+00
   60    17.01667   -97.44166 36.38092     601.423     934.961  901.384  289.080   98.572   -0.078   12.397 0.00000e+00
   61    17.03333   -97.43989 36.38412     603.430     940.297  900.863  289.061   98.321    0.048   12.358 0.00000e+00
   62    17.05000   -97.43795 36.38736     611.243     950.642  899.819  288.970   98.772    0.123   12.356 0.00000e+00
   63    17.06667   -97.43602 36.39060     619.415     960.582  898.846  288.880   99.317    0.098   12.367 2.70252e-03
   64    17.08333   -97.43430 36.39383     631.068     973.097  897.574  288.780  100.000    0.297   12.391 1.09807e-02
   65    17.10000   -97.43279 36.39705     650.493     991.945  895.734  288.790  100.000    0.372   12.440 8.82109e-02
   66    17.11667   -97.43149 36.40015     667.169    1004.166  894.460  288.768  100.000    0.467   12.441 1.16833e-01
   67    17.13333   -97.43013 36.40318     695.926    1029.103  891.757  288.699  100.000    0.355   12.424 1.52520e-01
   68    17.15000   -97.42819 36.40631     709.743    1038.782  890.828  288.577  100.000   -0.715   12.339 7.09008e-02
   69    17.16667   -97.42609 36.40913     695.825    1019.348  892.865  288.711   99.266   -1.026   12.309 2.70859e-03
   70    17.18333   -97.42395 36.41147     676.781     995.920  895.273  288.971   97.857   -0.657   12.306 1.04923e-04
   71    17.20000   -97.42184 36.41359     648.080     964.159  898.565  289.310   96.069   -0.476   12.302 0.00000e+00
   72    17.21667   -97.41996 36.41581     617.893     932.450  901.911  289.580   94.689   -0.257   12.291 0.00000e+00
   73    17.23333   -97.41822 36.41827     608.660     921.872  903.022  289.623   94.871   -0.031   12.334 0.00000e+00
   74    17.25000   -97.41634 36.42108     615.406     927.000  902.503  289.554   95.623   -0.058   12.383 0.00000e+00
   75    17.26667   -97.41446 36.42422     609.220     920.563  903.115  289.597   95.841   -0.517   12.437 0.00000e+00
   76    17.28333   -97.41273 36.42741     582.135     893.422  906.038  289.871   94.455   -1.115   12.434 0.00000e+00
   77    17.30000   -97.41105 36.43037     548.243     859.276  909.648  290.232   92.491   -1.247   12.410 0.00000e+00
   78    17.31667   -97.40931 36.43311     517.045     828.065  912.992  290.574   90.667   -1.119   12.388 0.00000e+00
   79    17.33333   -97.40767 36.43568     485.065     795.699  916.470  290.924   88.679   -1.087   12.342 0.00000e+00
   80    17.35000   -97.40627 36.43816     450.959     761.091  920.210  291.263   86.700   -0.790   12.278 0.00000e+00
   81    17.36667   -97.40511 36.44065     426.527     736.721  922.754  291.491   85.274   -0.515   12.218 0.00000e+00
   82    17.38333   -97.40387 36.44320     407.273     717.843  924.764  291.688   84.187   -0.438   12.187 0.00000e+00
   83    17.40000   -97.40244 36.44566     384.884     696.071  927.075  291.914   83.100   -0.375   12.171 0.00000e+00
   84    17.41667   -97.40092 36.44801     362.429     674.669  929.379  292.132   82.163   -0.253   12.170 0.00000e+00
   85    17.43333   -97.39940 36.45041     343.077     656.327  931.380  292.322   81.333   -0.047   12.166 0.00000e+00
   86    17.45000   -97.39787 36.45293     326.880     640.910  933.076  292.450   80.996   -0.091   12.191 0.00000e+00
   87    17.46667   -97.39637 36.45566     307.399     620.981  935.396  292.661   80.544   -0.140   12.254 0.00000e+00
   88    17.48333   -97.39485 36.45853     280.843     591.022  938.568  292.930   79.340   -0.457   12.235 0.00000e+00
   89    17.50000   -97.39314 36.46136     236.588     543.995  943.716  293.398   77.765   -0.523   12.280 0.00000e+00
   90    17.51667   -97.39111 36.46420     197.099     501.127  948.450  293.792   76.439   -0.239   12.308 0.00000e+00
   91    17.53333   -97.38887 36.46695     182.972     483.364  950.295  293.968   75.806    0.141   12.317 0.00000e+00
   92    17.55000   -97.38673 36.46962     201.177     499.003  948.570  293.917   76.217    0.786   12.367 0.00000e+00
   93    17.56667   -97.38503 36.47218     259.805     555.228  942.471  293.471   78.084    1.367   12.403 0.00000e+00
   94    17.58333   -97.38362 36.47474     345.917     638.918  933.395  292.690   81.379    1.821   12.431 0.00000e+00
   95    17.60000   -97.38240 36.47722     437.960     728.818  923.692  291.792   85.150    1.607   12.422 0.00000e+00
   96    17.61667   -97.38116 36.47964     518.904     807.906  915.132  291.023   88.443    1.344   12.405 0.00000e+00
   97    17.63333   -97.37991 36.48198     580.300     869.935  908.499  290.421   91.192    0.931   12.400 0.00000e+00
   98    17.65000   -97.37864 36.48425     615.248     906.148  904.644  290.069   92.928    0.521   12.408 0.00000e+00
   99    17.66667   -97.37735 36.48646     625.679     917.819  903.413  289.973   93.311    0.225   12.400 0.00000e+00
  100    17.68333   -97.37611 36.48860     624.506     917.819  903.407  290.027   92.714    0.196   12.364 0.00000e+00
  101    17.70000   -97.37502 36.49073     624.439     918.722  903.296  290.101   91.591    0.263   12.273 0.00000e+00
  102    17.71667   -97.37394 36.49295     628.799     923.951  902.793  290.142   90.650    0.204   12.186 0.00000e+00
  103    17.73333   -97.37275 36.49538     635.214     931.145  902.041  290.099   90.901    0.287   12.196 0.00000e+00
  104    17.75000   -97.37140 36.49796     640.733     937.542  901.357  290.015   91.665    0.221   12.242 0.00000e+00
  105    17.76667   -97.36989 36.50060     642.513     940.411  901.048  289.963   92.136    0.185   12.269 0.00000e+00
  106    17.78333   -97.36829 36.50320     642.900     941.944  900.861  289.956   91.997   -0.026   12.247 0.00000e+00
  107    17.80000   -97.36673 36.50573     631.018     931.434  901.963  290.084   91.144   -0.426   12.219 0.00000e+00
  108    17.81667   -97.36532 36.50821     604.566     906.466  904.597  290.356   89.805   -0.703   12.214 0.00000e+00
  109    17.83333   -97.36412 36.51054     569.118     872.419  908.204  290.690   88.063   -0.865   12.186 0.00000e+00
  110    17.85000   -97.36320 36.51291     529.461     834.173  912.336  291.141   85.653   -0.730   12.142 0.00000e+00
  111    17.86667   -97.36252 36.51546     500.630     805.304  915.446  291.497   83.809   -0.748   12.110 0.00000e+00
  112    17.88333   -97.36206 36.51804     492.070     796.143  916.445  291.716   82.803    0.276   12.118 0.00000e+00
  113    17.90000   -97.36154 36.52081     529.048     832.348  912.594  291.402   84.388    0.795   12.158 0.00000e+00
  114    17.91667   -97.36073 36.52370     588.343     891.092  906.350  290.842   86.210    0.922   12.070 0.00000e+00
  115    17.93333   -97.35980 36.52643     641.703     944.075  900.752  290.306   88.802    0.598   12.091 0.00000e+00
  116    17.95000   -97.35894 36.52892     674.941     977.051  897.261  289.979   89.689    0.065   12.006 0.00000e+00
  117    17.96667   -97.35825 36.53107     704.287    1006.316  894.169  289.656   91.521    0.416   12.042 0.00000e+00
  118    17.98333   -97.35751 36.53289     753.033    1055.135  888.998  289.146   94.396    1.048   12.090 6.50077e-04
  119    18.00000   -97.35656 36.53461     847.271    1149.499  879.200  288.256   98.855    1.685   12.088 1.99081e-02
  120    18.01667   -97.35528 36.53639     966.691    1269.169  866.860  287.655  100.000    2.210   11.947 2.56209e-01
  121    18.03333   -97.35361 36.53842    1107.268    1410.306  852.482  287.058  100.000    2.780   11.687 5.78294e-01
  122    18.05000   -97.35139 36.54081    1269.834    1574.276  836.042  286.325  100.000    3.417   11.359 9.19857e-01
  123    18.06667   -97.34825 36.54344    1439.038    1745.565  819.166  285.363  100.000    3.627   10.884 1.13103e+00
  124    18.08333   -97.34462 36.54630    1591.533    1900.190  804.251  284.613  100.000    3.242   10.550 1.35024e+00
  125    18.10000   -97.34093 36.54936    1680.126    1989.157  795.814  284.255  100.000    1.923   10.412 1.47354e+00
  126    18.11667   -97.33702 36.55288    1710.223    2020.236  792.800  284.174  100.000    0.073   10.393 1.36051e+00
  127    18.13333   -97.33306 36.55669    1694.828    2007.010  794.020  283.817  100.000   -0.046   10.135 1.06731e+00
  128    18.15000   -97.32906 36.56059    1668.574    1982.620  796.302  283.892   95.992   -0.088    9.728 6.12460e-01
  129    18.16667   -97.32505 36.56449    1652.593    1970.678  797.414  284.084   78.572   -0.317    8.054 0.00000e+00
  130    18.18333   -97.32104 36.56836    1665.428    1987.394  795.840  284.651   63.783    0.071    6.804 0.00000e+00
  131    18.20000   -97.31703 36.57244    1691.615    2014.705  793.423  284.342   66.401    0.259    6.960 0.00000e+00
  132    18.21667   -97.31308 36.57682    1704.226    2021.893  792.762  284.028   69.839    0.066    7.174 0.00000e+00
  133    18.23333   -97.30933 36.58145    1685.969    2000.189  794.653  284.152   70.712   -0.634    7.307 0.00000e+00
  134    18.25000   -97.30584 36.58620    1641.475    1957.255  798.781  284.727   66.538   -0.948    7.107 0.00000e+00
  135    18.26667   -97.30244 36.59089    1601.637    1917.479  802.675  285.106   65.394   -0.399    7.129 0.00000e+00
  136    18.28333   -97.29919 36.59542    1595.402    1906.736  803.813  285.056   67.761    0.192    7.351 0.00000e+00
  137    18.30000   -97.29620 36.59983    1614.525    1919.739  802.610  284.967   67.569    0.426    7.299 0.00000e+00
  138    18.31667   -97.29327 36.60412    1652.115    1950.948  799.581  284.763   66.947    0.678    7.161 0.00000e+00
  139    18.33333   -97.29008 36.60836    1705.367    2000.895  794.757  284.279   68.534    0.874    7.141 0.00000e+00
  140    18.35000   -97.28640 36.61263    1757.129    2050.429  790.019  283.770   70.679    0.696    7.161 0.00000e+00
  141    18.36667   -97.28233 36.61697    1778.467    2071.693  787.985  283.583   71.243    0.021    7.147 0.00000e+00
  142    18.38333   -97.27828 36.62146    1760.949    2054.000  789.620  283.613   71.742   -0.677    7.196 0.00000e+00
  143    18.40000   -97.27455 36.62608    1725.859    2019.285  792.960  284.184   69.284   -0.268    7.190 0.00000e+00
  144    18.41667   -97.27096 36.63069    1705.760    1999.114  794.925  284.145   70.986    0.391    7.330 0.00000e+00
  145    18.43333   -97.26737 36.63509    1690.565    1984.065  796.330  284.148   69.726   -0.388    7.188 0.00000e+00
  146    18.45000   -97.26382 36.63942    1656.357    1950.447  799.510  284.424   69.180   -0.860    7.236 0.00000e+00
  147    18.46667   -97.26024 36.64373    1615.369    1909.969  803.402  284.824   70.066   -0.517    7.489 0.00000e+00
  148    18.48333   -97.25662 36.64795    1626.489    1921.836  802.286  285.074   64.653    0.841    7.036 0.00000e+00
  149    18.50000   -97.25303 36.65225    1712.789    2008.548  793.999  283.978   71.732    2.143    7.333 0.00000e+00
  150    18.51667   -97.24938 36.65675    1826.198    2122.545  783.199  282.570   81.674    1.767    7.700 0.00000e+00
  151    18.53333   -97.24576 36.66152    1873.608    2169.802  778.784  282.100   83.819   -0.209    7.698 0.00000e+00
  152    18.55000   -97.24230 36.66636    1818.451    2113.474  784.085  282.818   78.215   -1.473    7.490 0.00000e+00
  153    18.56667   -97.23875 36.67110    1709.274    2003.969  794.486  283.795   74.390   -1.972    7.507 0.00000e+00
  154    18.58333   -97.23548 36.67579    1600.519    1895.671  804.901  284.903   69.893   -1.553    7.496 0.00000e+00
  155    18.60000   -97.23248 36.68053    1551.942    1847.373  809.521  285.502   67.812   -0.311    7.524 0.00000e+00
  156    18.61667   -97.22974 36.68546    1585.018    1880.286  806.320  285.051   71.440    1.714    7.724 0.00000e+00
  157    18.63333   -97.22661 36.69002    1695.505    1990.949  795.683  283.878   77.505    2.483    7.853 0.00000e+00
  158    18.65000   -97.22286 36.69419    1794.554    2090.622  786.260  282.720   85.502    1.592    8.111 0.00000e+00
  159    18.66667   -97.21875 36.69841    1842.614    2139.003  781.636  282.244   86.963    0.380    8.036 0.00000e+00
  160    18.68333   -97.21441 36.70300    1830.169    2127.706  782.681  282.299   87.223   -0.560    8.079 0.00000e+00
  161    18.70000   -97.21028 36.70790    1784.083    2082.400  787.003  282.585   87.712   -0.620    8.237 0.00000e+00
  162    18.71667   -97.20644 36.71254    1760.085    2060.303  789.087  282.978   83.439   -0.370    8.026 0.00000e+00
  163    18.73333   -97.20266 36.71704    1756.818    2060.156  789.143  283.243   78.345   -0.185    7.670 0.00000e+00
  164    18.75000   -97.19884 36.72167    1764.686    2069.652  788.271  283.438   72.845    0.044    7.234 0.00000e+00
  165    18.76667   -97.19505 36.72630    1780.403    2086.926  786.590  283.513   68.824    0.198    6.884 0.00000e+00
  166    18.78333   -97.19131 36.73084    1798.967    2107.779  784.700  283.401   68.066    0.420    6.774 0.00000e+00
  167    18.80000   -97.18753 36.73526    1819.317    2127.363  782.856  283.110   70.878    0.308    6.933 0.00000e+00
  168    18.81667   -97.18385 36.73966    1823.794    2132.164  782.329  282.951   73.894   -0.102    7.156 0.00000e+00
  169    18.83333   -97.18048 36.74413    1811.914    2123.570  783.162  283.066   73.311   -0.316    7.147 0.00000e+00
  170    18.85000   -97.17731 36.74871    1790.788    2105.073  784.938  283.322   70.612   -0.544    6.988 0.00000e+00
  171    18.86667   -97.17432 36.75343    1764.558    2080.934  787.171  283.732   65.725   -0.600    6.667 0.00000e+00
  172    18.88333   -97.17131 36.75826    1749.043    2066.287  788.621  283.897   65.243   -0.085    6.679 0.00000e+00
  173    18.90000   -97.16814 36.76307    1752.855    2070.241  788.200  283.623   70.705    0.323    7.110 0.00000e+00
  174    18.91667   -97.16473 36.76783    1759.768    2077.337  787.566  283.278   77.041    0.151    7.576 0.00000e+00
  175    18.93333   -97.16117 36.77258    1751.193    2068.439  788.355  283.387   76.133   -0.375    7.534 0.00000e+00
  176    18.95000   -97.15763 36.77732    1729.769    2050.176  790.086  283.726   71.888   -0.417    7.262 0.00000e+00
  177    18.96667   -97.15424 36.78209    1729.513    2053.793  789.768  283.842   68.873    0.250    7.015 0.00000e+00
  178    18.98333   -97.15106 36.78693    1772.148    2098.652  785.639  283.409   70.880    1.085    7.049 0.00000e+00
