    0    16.01667   -97.51265 36.21830      46.831     391.212  960.286  293.145   84.312    0.022   12.876 0.00000e+00
    1    16.03333   -97.51349 36.22187      52.678     397.020  959.660  293.181   84.329    0.019   12.917 0.00000e+00
    2    16.05000   -97.51387 36.22522      51.934     395.726  959.880  293.248   84.105   -0.079   12.934 0.00000e+00
    3    16.06667   -97.51392 36.22840      46.284     389.945  960.567  293.378   83.651   -0.030   12.960 0.00000e+00
    4    16.08333   -97.51367 36.23149      42.346     386.993  960.808  293.456   83.392   -0.042   12.979 0.00000e+00
    5    16.10000   -97.51321 36.23452      38.003     385.024  960.961  293.513   83.224   -0.018   12.997 0.00000e+00
    6    16.11667   -97.51263 36.23745      35.925     385.534  960.913  293.524   83.235    0.006   13.008 0.00000e+00
    7    16.13333   -97.51208 36.24024      36.029     388.062  960.592  293.436   83.628    0.016   13.003 0.00000e+00
    8    16.15000   -97.51170 36.24285      36.335     390.665  960.253  293.362   83.917    0.011   12.992 0.00000e+00
    9    16.16667   -97.51149 36.24547      34.924     391.598  960.111  293.393   83.828   -0.035   13.005 0.00000e+00
   10    16.18333   -97.51148 36.24815      30.176     387.787  960.650  293.515   83.307   -0.072   13.015 0.00000e+00
   11    16.20000   -97.51173 36.25083      24.761     381.915  961.291  293.655   82.431   -0.135   12.983 0.00000e+00
   12    16.21667   -97.51235 36.25338      19.594     376.161  961.968  293.829   81.615   -0.061   12.985 0.00000e+00
   13    16.23333   -97.51333 36.25579      20.676     377.544  961.727  293.888   81.401    0.066   13.002 0.00000e+00
   14    16.25000   -97.51450 36.25813      31.431     389.554  960.351  293.833   81.882    0.362   13.053 0.00000e+00
   15    16.26667   -97.51527 36.26023      70.824     429.909  955.854  293.420   83.683    1.151   13.063 0.00000e+00
   16    16.28333   -97.51524 36.26247     145.182     505.790  947.453  292.695   86.872    1.840   13.075 0.00000e+00
   17    16.30000   -97.51440 36.26499     222.141     585.339  938.755  291.916   90.361    1.539   13.071 0.00000e+00
   18    16.31667   -97.51303 36.26762     289.852     655.594  931.190  291.180   93.674    1.270   13.040 0.00000e+00
   19    16.33333   -97.51128 36.27040     345.633     712.936  925.144  290.587   96.467    0.943   13.017 0.00000e+00
   20    16.35000   -97.50934 36.27328     382.882     748.490  921.420  290.217   98.140    0.497   12.986 0.00000e+00
   21    16.36667   -97.50734 36.27629     400.650     763.455  919.805  290.071   98.808    0.202   12.976 9.12605e-04
   22    16.38333   -97.50543 36.27953     407.309     767.498  919.391  290.056   98.711    0.261   12.957 3.70741e-04
   23    16.40000   -97.50356 36.28307     412.831     770.221  919.053  290.032   98.769    0.441   12.949 4.98305e-05
   24    16.41667   -97.50176 36.28687     415.079     770.248  919.041  290.043   98.668    0.391   12.945 9.37211e-08
   25    16.43333   -97.50014 36.29080     409.530     762.236  919.970  290.121   97.968    0.209   12.905 9.82110e-09
   26    16.45000   -97.49884 36.29473     394.695     744.023  921.977  290.287   96.917    0.007   12.874 0.00000e+00
   27    16.46667   -97.49784 36.29866     376.276     721.979  924.341  290.485   95.777   -0.038   12.851 0.00000e+00
   28    16.48333   -97.49710 36.30258     361.595     704.756  926.131  290.636   94.915    0.050   12.833 0.00000e+00
   29    16.50000   -97.49644 36.30647     352.278     693.536  927.329  290.723   94.303    0.155   12.805 0.00000e+00
   30    16.51667   -97.49587 36.31027     341.747     681.123  928.648  290.838   93.660   -0.121   12.793 0.00000e+00
   31    16.53333   -97.49544 36.31394     328.239     665.517  930.385  290.986   92.888   -0.317   12.783 0.00000e+00
   32    16.55000   -97.49522 36.31748     315.746     649.091  932.189  291.151   92.112   -0.287   12.784 0.00000e+00
   33    16.56667   -97.49516 36.32087     304.072     633.596  933.823  291.310   91.332   -0.366   12.782 0.00000e+00
   34    16.58333   -97.49517 36.32410     284.042     613.339  935.945  291.506   90.386   -0.506   12.779 0.00000e+00
   35    16.60000   -97.49526 36.32711     261.658     591.869  938.389  291.727   89.192   -0.526   12.754 0.00000e+00
   36    16.61667   -97.49539 36.32993     250.914     582.021  939.430  291.869   88.662   -0.207   12.777 0.00000e+00
   37    16.63333   -97.49541 36.33268     258.909     591.418  938.396  291.824   89.020    0.148   12.807 0.00000e+00
   38    16.65000   -97.49527 36.33546     274.015     607.929  936.620  291.674   89.692    0.265   12.807 0.00000e+00
   39    16.66667   -97.49504 36.33824     285.070     620.316  935.276  291.541   90.243    0.212   12.796 0.00000e+00
   40    16.68333   -97.49468 36.34101     292.054     628.967  934.279  291.436   90.685    0.080   12.787 0.00000e+00
   41    16.70000   -97.49409 36.34371     292.914     631.537  933.983  291.414   90.750   -0.085   12.783 0.00000e+00
   42    16.71667   -97.49333 36.34632     283.232     623.472  934.909  291.503   90.291   -0.279   12.777 0.00000e+00
   43    16.73333   -97.49247 36.34889     268.042     606.896  936.741  291.672   89.510   -0.475   12.777 0.00000e+00
   44    16.75000   -97.49159 36.35154     244.395     581.510  939.459  291.921   88.339   -0.671   12.773 0.00000e+00
   45    16.76667   -97.49082 36.35434     212.623     548.319  943.007  292.241   86.867   -0.815   12.767 0.00000e+00
   46    16.78333   -97.49026 36.35738     176.086     509.686  947.334  292.652   85.042   -0.681   12.767 0.00000e+00
   47    16.80000   -97.49010 36.36060     151.650     482.469  950.379  292.934   83.807   -0.375   12.764 0.00000e+00
   48    16.81667   -97.49022 36.36382     150.431     478.555  950.795  292.990   83.496   -0.029   12.756 0.00000e+00
   49    16.83333   -97.49039 36.36691     162.229     488.377  949.713  292.928   83.762    0.086   12.762 0.00000e+00
   50    16.85000   -97.49060 36.36987     173.310     497.550  948.679  292.839   84.211    0.146   12.773 0.00000e+00
   51    16.86667   -97.49095 36.37266     184.516     508.234  947.393  292.750   84.607    0.327   12.779 0.00000e+00
   52    16.88333   -97.49136 36.37514     217.524     543.038  943.571  292.504   85.937    0.786   12.833 0.00000e+00
   53    16.90000   -97.49142 36.37719     280.641     607.519  936.535  291.974   88.545    1.035   12.886 0.00000e+00
   54    16.91667   -97.49103 36.37903     340.342     668.519  929.923  291.384   91.193    0.649   12.877 0.00000e+00
   55    16.93333   -97.49016 36.38089     378.321     707.889  925.688  291.029   92.964    0.371   12.894 0.00000e+00
   56    16.95000   -97.48895 36.38280     409.516     740.175  922.248  290.751   94.331    0.385   12.903 0.00000e+00
   57    16.96667   -97.48741 36.38479     449.723     781.017  917.848  290.388   95.906    0.636   12.880 0.00000e+00
   58    16.98333   -97.48544 36.38693     492.939     825.157  913.035  289.995   97.453    0.602   12.831 0.00000e+00
   59    17.00000   -97.48312 36.38932     520.096     854.939  909.903  289.742   98.418    0.408   12.794 0.00000e+00
   60    17.01667   -97.48069 36.39199     538.037     875.809  907.681  289.566   98.991    0.496   12.756 1.96800e-03
   61    17.03333   -97.47823 36.39494     563.673     903.859  904.825  289.354   99.383    0.691   12.673 2.02600e-03
   62    17.05000   -97.47546 36.39815     595.222     934.143  901.696  289.146   99.478    0.433   12.560 1.16215e-02
   63    17.06667   -97.47238 36.40145     602.613     938.654  901.138  289.114   98.704   -0.386   12.445 0.00000e+00
   64    17.08333   -97.46942 36.40463     568.908     903.445  904.749  289.460   96.395   -0.958   12.378 0.00000e+00
   65    17.10000   -97.46693 36.40770     512.239     848.418  910.594  290.032   93.363   -1.151   12.355 0.00000e+00
   66    17.11667   -97.46489 36.41074     447.057     784.660  917.424  290.689   89.995   -1.165   12.326 0.00000e+00
   67    17.13333   -97.46318 36.41376     385.467     723.752  924.082  291.306   87.086   -1.002   12.314 0.00000e+00
   68    17.15000   -97.46169 36.41680     336.826     672.493  929.806  291.790   85.337   -0.746   12.365 0.00000e+00
   69    17.16667   -97.46041 36.41978     305.523     637.047  933.653  292.114   84.257   -0.402   12.409 0.00000e+00
   70    17.18333   -97.45908 36.42265     288.625     616.097  935.894  292.311   83.565   -0.271   12.431 0.00000e+00
   71    17.20000   -97.45755 36.42553     271.591     595.883  938.108  292.505   82.757   -0.380   12.432 0.00000e+00
   72    17.21667   -97.45584 36.42844     242.900     563.983  941.529  292.819   81.477   -0.715   12.437 0.00000e+00
   73    17.23333   -97.45414 36.43142     194.107     512.365  947.160  293.331   79.584   -0.994   12.469 0.00000e+00
   74    17.25000   -97.45270 36.43451     137.637     453.963  953.525  293.902   77.487   -0.870   12.496 0.00000e+00
   75    17.26667   -97.45149 36.43769      99.275     413.997  957.913  294.312   76.124   -0.373   12.534 0.00000e+00
   76    17.28333   -97.45041 36.44091      77.576     391.348  960.390  294.571   75.369   -0.163   12.578 0.00000e+00
   77    17.30000   -97.44948 36.44418      61.477     374.517  962.265  294.719   74.540   -0.337   12.530 0.00000e+00
   78    17.31667   -97.44867 36.44758      44.213     356.620  964.235  294.940   73.644   -0.262   12.523 0.00000e+00
   79    17.33333   -97.44800 36.45105      30.730     342.931  965.716  295.194   72.766   -0.173   12.550 0.00000e+00
   80    17.35000   -97.44757 36.45421      24.920     337.197  966.300  295.571   72.101   -0.031   12.719 0.00000e+00
   81    17.36667   -97.44734 36.45706      21.917     334.116  966.657  295.793   71.714    0.012   12.820 0.00000e+00
   82    17.38333   -97.44725 36.45977      20.834     332.863  966.750  295.941   71.438    0.030   12.886 0.00000e+00
   83    17.40000   -97.44721 36.46238      20.369     332.226  966.827  296.084   71.104    0.063   12.937 0.00000e+00
   84    17.41667   -97.44721 36.46492      24.440     335.452  966.532  296.083   71.085    0.113   12.937 0.00000e+00
   85    17.43333   -97.44728 36.46748      33.325     343.039  965.681  295.989   71.340    0.221   12.921 0.00000e+00
   86    17.45000   -97.44745 36.47004      51.058     359.521  963.895  295.833   71.831    0.514   12.910 0.00000e+00
   87    17.46667   -97.44749 36.47245      98.894     406.364  958.658  295.285   73.781    1.330   12.892 0.00000e+00
   88    17.48333   -97.44712 36.47479     186.055     492.837  949.180  294.435   77.009    1.912   12.896 0.00000e+00
   89    17.50000   -97.44617 36.47708     301.249     607.501  936.671  293.323   81.402    2.320   12.892 0.00000e+00
   90    17.51667   -97.44470 36.47942     428.291     734.171  923.037  292.114   86.450    2.398   12.880 0.00000e+00
   91    17.53333   -97.44291 36.48186     555.530     859.364  909.688  290.862   92.084    2.302   12.861 0.00000e+00
   92    17.55000   -97.44074 36.48433     661.088     962.579  898.800  289.654   98.195    1.572   12.852 0.00000e+00
   93    17.56667   -97.43821 36.48669     725.948    1025.735  892.130  289.089   99.235    0.268   12.619 4.44916e-02
   94    17.58333   -97.43563 36.48901     722.189    1020.728  892.648  289.132   96.550   -0.771   12.304 0.00000e+00
   95    17.60000   -97.43354 36.49136     675.197     972.337  897.713  289.642   92.722   -1.114   12.141 0.00000e+00
   96    17.61667   -97.43192 36.49382     613.725     909.747  904.297  290.260   89.082   -1.201   12.045 0.00000e+00
   97    17.63333   -97.43090 36.49642     543.811     838.987  911.646  290.865   87.121   -1.289   12.144 0.00000e+00
   98    17.65000   -97.43034 36.49928     484.941     782.542  917.645  291.401   84.880   -0.711   12.160 0.00000e+00
   99    17.66667   -97.42972 36.50254     476.563     777.590  918.109  291.448   85.974    0.099   12.348 0.00000e+00
  100    17.68333   -97.42895 36.50610     514.669     818.890  913.721  291.021   88.191    1.317   12.387 0.00000e+00
  101    17.70000   -97.42749 36.50949     599.828     905.434  904.590  290.147   92.889    1.488   12.466 0.00000e+00
  102    17.71667   -97.42534 36.51248     653.535     960.462  898.759  289.597   95.735    0.442   12.485 0.00000e+00
  103    17.73333   -97.42314 36.51521     652.660     961.273  898.736  289.610   95.618   -0.301   12.480 0.00000e+00
  104    17.75000   -97.42130 36.51778     627.108     936.926  901.321  289.838   94.569   -0.483   12.489 0.00000e+00
  105    17.76667   -97.41985 36.52021     595.133     905.633  904.700  290.135   93.406   -0.484   12.524 0.00000e+00
  106    17.78333   -97.41866 36.52258     561.751     871.945  908.357  290.471   91.773   -0.531   12.521 0.00000e+00
  107    17.80000   -97.41774 36.52487     520.859     830.029  912.796  290.879   89.833   -0.751   12.517 0.00000e+00
  108    17.81667   -97.41709 36.52702     467.402     775.735  918.618  291.428   87.022   -1.099   12.475 0.00000e+00
  109    17.83333   -97.41671 36.52914     410.163     717.848  924.811  292.008   84.183   -1.288   12.434 0.00000e+00
  110    17.85000   -97.41645 36.53131     352.860     660.142  930.985  292.553   81.662   -1.395   12.400 0.00000e+00
  111    17.86667   -97.41632 36.53374     282.348     589.457  938.619  293.334   78.384   -1.416   12.396 0.00000e+00
  112    17.88333   -97.41658 36.53669     235.014     542.223  943.743  293.824   76.561   -0.030   12.415 0.00000e+00
  113    17.90000   -97.41678 36.53963     276.243     583.628  939.253  293.484   78.058    1.543   12.452 0.00000e+00
  114    17.91667   -97.41643 36.54236     373.359     680.879  928.683  292.577   81.843    2.106   12.477 0.00000e+00
  115    17.93333   -97.41555 36.54488     479.150     786.821  917.317  291.568   86.270    1.788   12.495 0.00000e+00
  116    17.95000   -97.41412 36.54722     551.252     859.638  909.533  290.848   89.583    1.186   12.503 0.00000e+00
  117    17.96667   -97.41229 36.54950     577.700     887.498  906.571  290.576   90.706    0.167   12.484 0.00000e+00
  118    17.98333   -97.41047 36.55170     552.997     863.978  909.006  290.788   89.819   -0.788   12.495 0.00000e+00
  119    18.00000   -97.40903 36.55400     483.413     795.584  916.341  291.483   85.800   -1.638   12.374 0.00000e+00
  120    18.01667   -97.40836 36.55648     371.082     683.922  928.331  292.585   80.830   -2.163   12.333 0.00000e+00
  121    18.03333   -97.40831 36.55915     260.354     573.525  940.191  293.677   76.314   -1.793   12.309 0.00000e+00
  122    18.05000   -97.40861 36.56197     191.330     504.803  947.717  294.362   73.655   -0.912   12.298 0.00000e+00
  123    18.06667   -97.40897 36.56487     173.762     488.076  949.480  294.530   72.898    0.029   12.276 0.00000e+00
  124    18.08333   -97.40931 36.56771     222.247     537.926  944.033  294.143   74.607    1.512   12.337 0.00000e+00
  125    18.10000   -97.40942 36.57037     339.013     656.004  931.213  293.085   78.970    2.363   12.394 0.00000e+00
  126    18.11667   -97.40934 36.57286     477.086     795.180  916.308  291.736   84.730    2.549   12.418 0.00000e+00
  127    18.13333   -97.40893 36.57525     606.307     925.318  902.571  290.491   90.534    2.002   12.448 0.00000e+00
  128    18.15000   -97.40823 36.57756     702.883    1022.839  892.362  289.564   95.190    1.548   12.477 0.00000e+00
  129    18.16667   -97.40739 36.57979     778.234    1099.083  884.432  288.906   97.560    1.312   12.368 0.00000e+00
  130    18.18333   -97.40618 36.58207     859.377    1181.000  875.966  288.290   98.440    1.564   12.109 1.19961e-02
  131    18.20000   -97.40462 36.58464     946.513    1269.106  866.912  287.743   99.737    1.438   11.965 1.16994e-01
  132    18.21667   -97.40302 36.58742    1007.959    1331.723  860.523  287.322  100.000    0.856   11.780 1.33069e-01
  133    18.23333   -97.40156 36.59004    1033.467    1358.378  857.815  287.089   98.794    0.226   11.478 6.58018e-02
  134    18.25000   -97.40038 36.59227    1049.141    1375.007  856.149  287.078   98.343    0.305   11.440 1.16400e-01
  135    18.26667   -97.39960 36.59434    1064.909    1391.557  854.444  286.860   99.743    0.024   11.461 6.87845e-02
  136    18.28333   -97.39855 36.59661    1068.658    1396.214  853.927  286.842  100.000    0.407   11.497 9.14791e-02
  137    18.30000   -97.39751 36.59916    1078.568    1406.725  852.928  286.769   99.668    0.408   11.405 7.93925e-02
  138    18.31667   -97.39641 36.60192    1080.815    1409.676  852.602  286.710   99.234    0.147   11.316 2.96342e-02
  139    18.33333   -97.39513 36.60479    1075.008    1404.709  853.127  286.737   97.911   -0.115   11.178 0.00000e+00
  140    18.35000   -97.39378 36.60763    1066.417    1395.653  854.069  286.848   96.443   -0.264   11.079 6.33647e-03
  141    18.36667   -97.39243 36.61040    1063.942    1392.772  854.308  286.905   96.518   -0.353   11.125 1.73827e-02
  142    18.38333   -97.39102 36.61315    1072.088    1400.726  853.597  286.818   97.059   -0.266   11.134 1.18579e-02
  143    18.40000   -97.38954 36.61593    1083.405    1410.161  852.714  286.693   98.273   -0.070   11.192 3.28962e-03
  144    18.41667   -97.38806 36.61871    1089.820    1414.070  852.270  286.711   98.482   -0.100   11.236 0.00000e+00
  145    18.43333   -97.38651 36.62141    1086.986    1408.297  852.903  286.941   94.875   -0.362   10.980 0.00000e+00
  146    18.45000   -97.38492 36.62402    1079.182    1398.344  853.902  287.138   92.477   -0.362   10.828 0.00000e+00
  147    18.46667   -97.38331 36.62656    1069.290    1387.037  854.979  287.272   91.291   -0.221   10.770 0.00000e+00
  148    18.48333   -97.38169 36.62905    1066.722    1383.667  855.306  287.277   91.579    0.155   10.803 0.00000e+00
  149    18.50000   -97.38008 36.63157    1076.919    1393.530  854.320  287.135   92.914    0.437   10.872 0.00000e+00
  150    18.51667   -97.37843 36.63407    1096.947    1413.027  852.470  286.933   93.945    0.481   10.872 0.00000e+00
  151    18.53333   -97.37680 36.63654    1121.443    1435.498  850.302  286.711   94.787    0.404   10.839 0.00000e+00
  152    18.55000   -97.37521 36.63900    1142.719    1453.754  848.459  286.528   95.767    0.320   10.844 0.00000e+00
  153    18.56667   -97.37369 36.64146    1156.041    1464.452  847.367  286.406   96.345    0.200   10.836 0.00000e+00
  154    18.58333   -97.37216 36.64394    1159.291    1465.288  847.296  286.391   96.292   -0.013   10.821 0.00000e+00
  155    18.60000   -97.37059 36.64642    1151.001    1454.784  848.287  286.492   95.599   -0.241   10.801 0.00000e+00
  156    18.61667   -97.36895 36.64886    1136.012    1438.104  849.920  286.673   94.140   -0.331   10.743 0.00000e+00
  157    18.63333   -97.36726 36.65129    1122.430    1423.359  851.410  286.844   92.897   -0.242   10.702 0.00000e+00
  158    18.65000   -97.36555 36.65381    1107.328    1407.201  853.028  286.991   92.251   -0.344   10.710 0.00000e+00
  159    18.66667   -97.36382 36.65642    1077.620    1377.026  856.054  287.284   90.825   -0.723   10.710 0.00000e+00
  160    18.68333   -97.36211 36.65903    1030.402    1329.932  860.832  287.744   88.505   -1.041   10.694 0.00000e+00
  161    18.70000   -97.36047 36.66158     976.355    1275.965  866.340  288.255   86.331   -1.031   10.714 0.00000e+00
  162    18.71667   -97.35884 36.66403     928.969    1228.342  871.212  288.712   84.458   -0.745   10.735 0.00000e+00
  163    18.73333   -97.35715 36.66642     896.986    1195.987  874.527  289.023   83.213   -0.343   10.751 0.00000e+00
  164    18.75000   -97.35538 36.66882     879.938    1178.792  876.303  289.194   82.472    0.080   10.750 0.00000e+00
  165    18.76667   -97.35353 36.67123     879.905    1178.836  876.295  289.200   82.224    0.397   10.722 0.00000e+00
  166    18.78333   -97.35166 36.67373     893.992    1192.514  874.934  289.049   83.037    0.664   10.740 0.00000e+00
  167    18.80000   -97.34969 36.67632     916.906    1215.001  872.580  288.797   84.584    0.738   10.793 0.00000e+00
  168    18.81667   -97.34761 36.67902     946.767    1244.725  869.533  288.484   86.211    0.783   10.819 0.00000e+00
  169    18.83333   -97.34541 36.68177     980.159    1278.593  866.015  288.144   87.772    0.736   10.819 0.00000e+00
  170    18.85000   -97.34314 36.68452    1010.002    1309.171  862.904  287.847   89.207    0.545   10.825 0.00000e+00
  171    18.86667   -97.34093 36.68721    1033.536    1333.628  860.423  287.607   90.436    0.387   10.835 0.00000e+00
  172    18.88333   -97.33881 36.68983    1060.143    1361.638  857.598  287.348   91.725    0.424   10.841 0.00000e+00
  173    18.90000   -97.33665 36.69237    1088.141    1391.078  854.592  287.068   93.298    0.279   10.866 0.00000e+00
  174    18.91667   -97.33430 36.69485    1090.431    1394.833  854.223  287.017   93.897   -0.606   10.904 0.00000e+00
  175    18.93333   -97.33182 36.69728    1020.938    1326.971  861.074  287.667   91.067   -2.007   10.945 0.00000e+00
  176    18.95000   -97.32978 36.69958     890.964    1199.170  874.128  288.908   85.504   -2.470   10.970 0.00000e+00
  177    18.96667   -97.32825 36.70173     759.847    1070.053  887.490  290.150   80.496   -2.158   11.015 0.00000e+00
  178    18.98333   -97.32700 36.70380     653.243     965.287  898.485  291.151   76.867   -1.648   11.072 0.00000e+00
