    0    16.01667   -97.56279 36.25497      90.091     433.594  955.610  292.742   87.420    1.069   13.083 0.00000e+00
    1    16.03333   -97.56289 36.25703     159.467     502.265  948.063  291.991   90.574    1.319   13.034 0.00000e+00
    2    16.05000   -97.56310 36.25921     231.527     573.355  940.247  291.297   93.843    1.236   13.032 0.00000e+00
    3    16.06667   -97.56297 36.26159     291.877     632.915  933.777  290.768   95.955    0.807   12.975 0.00000e+00
    4    16.08333   -97.56207 36.26435     353.134     694.199  926.985  290.256   97.652    0.864   12.875 0.00000e+00
    5    16.10000   -97.56035 36.26739     401.371     744.444  921.591  289.801   99.647    0.592   12.837 7.19062e-03
    6    16.11667   -97.55836 36.27069     429.257     774.699  918.289  289.603  100.000    0.140   12.782 4.30264e-02
    7    16.13333   -97.55663 36.27423     433.577     781.255  917.598  289.564  100.000   -0.323   12.760 5.11727e-02
    8    16.15000   -97.55547 36.27798     414.465     763.929  919.502  289.635  100.000   -0.788   12.789 2.40086e-02
    9    16.16667   -97.55502 36.28180     374.592     725.070  923.717  289.942   98.842   -1.066   12.819 2.09035e-04
   10    16.18333   -97.55521 36.28555     331.022     681.885  928.374  290.378   96.551   -0.797   12.810 0.00000e+00
   11    16.20000   -97.55580 36.28918     311.919     663.167  930.379  290.555   95.541   -0.209   12.792 0.00000e+00
   12    16.21667   -97.55644 36.29264     327.070     679.271  928.662  290.398   96.253    0.355   12.784 0.00000e+00
   13    16.23333   -97.55695 36.29589     362.852     716.085  924.680  290.025   98.086    0.508   12.775 1.14071e-05
   14    16.25000   -97.55721 36.29897     401.817     756.671  920.297  289.651   99.937    0.415   12.769 1.41502e-02
   15    16.26667   -97.55734 36.30185     428.165     784.730  917.271  289.504  100.000    0.005   12.715 6.59894e-02
   16    16.28333   -97.55753 36.30455     428.696     786.839  917.091  289.485  100.000   -0.606   12.702 6.82256e-02
   17    16.30000   -97.55805 36.30726     407.744     766.033  919.375  289.611   99.750   -0.340   12.725 3.89905e-03
   18    16.31667   -97.55836 36.31009     374.214     732.354  923.000  289.947   98.018   -0.738   12.726 7.56462e-09
   19    16.33333   -97.55851 36.31310     320.446     678.421  928.851  290.496   95.209   -1.265   12.722 0.00000e+00
   20    16.35000   -97.55887 36.31617     246.053     602.412  937.162  291.258   91.525   -1.374   12.721 0.00000e+00
   21    16.36667   -97.55952 36.31920     176.519     531.255  944.943  291.953   88.348   -1.059   12.725 0.00000e+00
   22    16.38333   -97.56058 36.32216     128.074     482.044  950.297  292.403   86.415   -0.486   12.731 0.00000e+00
   23    16.40000   -97.56196 36.32502     115.370     471.086  951.492  292.540   85.871   -0.132   12.745 0.00000e+00
   24    16.41667   -97.56339 36.32793     127.740     485.655  949.954  292.335   86.800    0.162   12.738 0.00000e+00
   25    16.43333   -97.56473 36.33103     134.502     493.354  949.255  292.350   86.947   -0.087   12.781 0.00000e+00
   26    16.45000   -97.56610 36.33431     118.221     474.550  951.305  292.614   85.999   -0.336   12.826 0.00000e+00
   27    16.46667   -97.56749 36.33765     106.876     460.415  952.847  292.830   85.186   -0.087   12.857 0.00000e+00
   28    16.48333   -97.56871 36.34088     105.262     456.725  953.204  292.838   85.156   -0.302   12.854 0.00000e+00
   29    16.50000   -97.56978 36.34398     103.714     453.038  953.606  292.857   85.038   -0.076   12.846 0.00000e+00
   30    16.51667   -97.57071 36.34692     127.199     474.224  951.370  292.941   84.895    0.873   12.922 0.00000e+00
   31    16.53333   -97.57138 36.34976     190.247     533.225  944.954  292.462   86.964    1.356   12.934 0.00000e+00
   32    16.55000   -97.57156 36.35265     264.056     602.625  937.397  291.844   89.646    1.304   12.928 0.00000e+00
   33    16.56667   -97.57130 36.35550     336.345     670.779  929.814  291.203   92.155    1.162   12.866 0.00000e+00
   34    16.58333   -97.57068 36.35830     408.600     741.462  922.158  290.549   94.906    1.110   12.817 0.00000e+00
   35    16.60000   -97.56976 36.36110     476.096     807.682  915.040  289.910   97.823    0.901   12.782 0.00000e+00
   36    16.61667   -97.56866 36.36399     538.061     869.045  908.389  289.362  100.000    0.860   12.723 2.98709e-02
   37    16.63333   -97.56738 36.36708     600.236     932.696  901.611  289.055  100.000    0.964   12.571 1.70640e-01
   38    16.65000   -97.56581 36.37041     664.042     997.884  894.751  288.767  100.000    0.850   12.436 3.18546e-01
   39    16.66667   -97.56377 36.37381     714.159    1048.681  889.414  288.513  100.000    0.242   12.307 4.02392e-01
   40    16.68333   -97.56135 36.37709     737.014    1072.222  886.960  288.426  100.000    0.042   12.273 4.47695e-01
   41    16.70000   -97.55865 36.38034     756.159    1091.396  885.003  288.348  100.000    0.415   12.238 4.79506e-01
   42    16.71667   -97.55566 36.38369     786.660    1121.323  881.900  288.171  100.000    1.065   12.142 4.65992e-01
   43    16.73333   -97.55224 36.38712     845.388    1180.150  875.657  287.863  100.000    2.041   11.987 5.53751e-01
   44    16.75000   -97.54856 36.39073     950.341    1288.841  864.471  287.345  100.000    3.274   11.740 7.45131e-01
   45    16.76667   -97.54507 36.39461    1117.784    1458.891  847.334  286.475  100.000    3.962   11.317 9.57584e-01
   46    16.78333   -97.54213 36.39850    1311.794    1652.969  828.090  285.520  100.000    3.708   10.876 1.26969e+00
   47    16.80000   -97.53949 36.40222    1472.206    1814.069  812.323  284.712  100.000    2.665   10.512 1.50304e+00
   48    16.81667   -97.53725 36.40569    1561.154    1904.482  803.591  284.268  100.000    1.182   10.318 1.60299e+00
   49    16.83333   -97.53523 36.40910    1570.089    1914.667  802.595  284.017  100.000   -0.573   10.161 1.36787e+00
   50    16.85000   -97.53318 36.41250    1508.309    1854.373  808.343  284.014  100.000   -2.044   10.086 9.37751e-01
   51    16.86667   -97.53086 36.41566    1398.468    1745.948  818.864  284.556  100.000   -2.252   10.322 7.17376e-01
   52    16.88333   -97.52808 36.41871    1275.785    1624.560  830.879  284.939  100.000   -2.236   10.433 2.80653e-01
   53    16.90000   -97.52469 36.42206    1154.250    1500.965  843.229  285.590   97.609   -1.852   10.455 4.15577e-04
   54    16.91667   -97.52040 36.42589    1102.013    1442.011  849.155  286.053   97.815    0.247   10.726 6.46643e-02
   55    16.93333   -97.51588 36.42978    1192.560    1526.089  840.677  285.524   99.806    2.169   10.676 1.69742e-01
   56    16.95000   -97.51197 36.43329    1320.516    1652.496  828.192  284.882  100.000    1.724   10.427 3.89788e-01
   57    16.96667   -97.50858 36.43654    1392.323    1723.434  821.265  284.611  100.000    0.879   10.328 6.04408e-01
   58    16.98333   -97.50537 36.43967    1402.770    1731.798  820.467  284.726  100.000    0.491   10.417 8.10010e-01
   59    17.00000   -97.50241 36.44268    1360.754    1688.012  824.743  285.082  100.000    0.182   10.611 9.15676e-01
   60    17.01667   -97.49962 36.44571    1270.847    1597.125  833.729  285.407  100.000   -0.778   10.724 5.99203e-01
   61    17.03333   -97.49670 36.44897    1144.337    1468.718  846.479  286.017  100.000   -1.300   10.995 2.80383e-01
   62    17.05000   -97.49333 36.45263    1049.238    1370.823  856.366  286.494   99.764   -0.275   11.167 6.17866e-02
   63    17.06667   -97.48976 36.45634    1074.559    1391.552  854.309  286.377  100.000    1.545   11.141 1.09742e-01
   64    17.08333   -97.48662 36.45962    1186.131    1498.608  843.603  285.862  100.000    1.908   10.920 2.78920e-01
   65    17.10000   -97.48399 36.46252    1296.924    1606.010  832.904  285.309  100.000    1.652   10.665 4.27269e-01
   66    17.11667   -97.48157 36.46539    1372.354    1679.377  825.635  284.863  100.000    1.125   10.446 4.72618e-01
   67    17.13333   -97.47922 36.46832    1403.309    1708.531  822.747  284.602  100.000    0.476   10.302 4.11700e-01
   68    17.15000   -97.47675 36.47134    1385.460    1689.928  824.504  284.522  100.000   -0.382   10.227 2.40831e-01
   69    17.16667   -97.47418 36.47448    1316.298    1620.876  831.329  284.781   99.845   -1.309   10.282 2.81459e-02
   70    17.18333   -97.47149 36.47791    1214.296    1518.144  841.564  285.707   94.820   -1.643   10.255 0.00000e+00
   71    17.20000   -97.46854 36.48166    1127.319    1429.873  850.383  286.574   90.238   -0.999   10.226 0.00000e+00
   72    17.21667   -97.46540 36.48548    1096.993    1398.247  853.616  286.888   88.822   -0.017   10.235 0.00000e+00
   73    17.23333   -97.46227 36.48914    1115.849    1415.691  851.833  286.715   89.675    0.565   10.239 0.00000e+00
   74    17.25000   -97.45930 36.49264    1152.667    1452.030  848.190  286.361   91.359    0.725   10.235 0.00000e+00
   75    17.26667   -97.45650 36.49606    1187.149    1485.694  844.850  286.030   92.982    0.618   10.233 0.00000e+00
   76    17.28333   -97.45381 36.49945    1204.701    1502.505  843.152  285.862   93.838    0.295   10.234 0.00000e+00
   77    17.30000   -97.45124 36.50290    1196.730    1494.490  843.913  285.929   93.531   -0.215   10.237 0.00000e+00
   78    17.31667   -97.44872 36.50639    1162.422    1462.425  847.053  286.206   92.061   -0.623   10.223 0.00000e+00
   79    17.33333   -97.44617 36.50991    1117.489    1420.897  851.241  286.588   90.062   -0.631   10.204 0.00000e+00
   80    17.35000   -97.44350 36.51342    1084.385    1390.643  854.327  286.869   88.731   -0.283   10.204 0.00000e+00
   81    17.36667   -97.44069 36.51690    1078.130    1386.946  854.677  286.880   88.914    0.203   10.228 0.00000e+00
   82    17.38333   -97.43779 36.52032    1099.319    1411.539  852.185  286.609   90.674    0.569   10.277 0.00000e+00
   83    17.40000   -97.43487 36.52364    1135.965    1450.530  848.355  286.232   92.686    0.613   10.294 0.00000e+00
   84    17.41667   -97.43201 36.52686    1165.573    1481.452  845.249  285.946   94.073    0.287   10.292 0.00000e+00
   85    17.43333   -97.42924 36.53001    1170.978    1488.547  844.627  285.918   93.915   -0.145   10.263 0.00000e+00
   86    17.45000   -97.42661 36.53309    1154.174    1470.241  846.560  286.117   92.806   -0.415   10.252 0.00000e+00
   87    17.46667   -97.42410 36.53617    1123.651    1436.800  849.930  286.448   91.201   -0.521   10.255 0.00000e+00
   88    17.48333   -97.42168 36.53926    1094.083    1404.549  853.201  286.766   89.672   -0.368   10.256 0.00000e+00
   89    17.50000   -97.41927 36.54244    1080.197    1388.609  854.728  286.913   89.009   -0.035   10.260 0.00000e+00
   90    17.51667   -97.41673 36.54573    1089.307    1397.215  853.759  286.827   89.338    0.326   10.252 0.00000e+00
   91    17.53333   -97.41393 36.54913    1118.989    1428.715  850.545  286.517   90.860    0.647   10.256 0.00000e+00
   92    17.55000   -97.41090 36.55258    1163.917    1475.451  845.874  286.069   93.042    0.788   10.254 0.00000e+00
   93    17.56667   -97.40770 36.55605    1206.991    1519.721  841.465  285.654   94.994    0.529   10.239 0.00000e+00
   94    17.58333   -97.40453 36.55945    1222.289    1535.755  839.812  285.507   95.574   -0.143   10.223 0.00000e+00
   95    17.60000   -97.40148 36.56283    1197.530    1512.909  842.042  285.747   94.179   -0.794   10.207 0.00000e+00
   96    17.61667   -97.39861 36.56621    1142.035    1460.310  847.297  286.273   91.329   -1.100   10.184 0.00000e+00
   97    17.63333   -97.39590 36.56962    1076.150    1397.447  853.640  286.875   88.518   -1.017   10.191 0.00000e+00
   98    17.65000   -97.39339 36.57309    1023.378    1346.968  858.854  287.363   86.444   -0.594   10.212 0.00000e+00
   99    17.66667   -97.39106 36.57660    1001.813    1327.488  860.826  287.532   85.919   -0.032   10.239 0.00000e+00
  100    17.68333   -97.38894 36.58013    1012.884    1341.187  859.495  287.369   86.997    0.473   10.274 0.00000e+00
  101    17.70000   -97.38689 36.58366    1050.423    1379.288  855.615  286.972   89.023    0.779   10.291 0.00000e+00
  102    17.71667   -97.38480 36.58713    1101.572    1431.078  850.337  286.475   91.293    0.868   10.279 0.00000e+00
  103    17.73333   -97.38255 36.59051    1152.431    1482.834  845.164  285.994   93.504    0.758   10.262 0.00000e+00
  104    17.75000   -97.38006 36.59384    1191.542    1522.141  841.274  285.639   95.098    0.401   10.243 0.00000e+00
  105    17.76667   -97.37738 36.59716    1205.336    1535.136  840.006  285.575   94.770   -0.091   10.180 0.00000e+00
  106    17.78333   -97.37454 36.60058    1189.942    1518.507  841.695  285.789   93.163   -0.576   10.130 0.00000e+00
  107    17.80000   -97.37164 36.60410    1154.043    1480.219  845.591  286.207   90.666   -0.761   10.087 0.00000e+00
  108    17.81667   -97.36874 36.60768    1118.121    1440.313  849.587  286.608   88.569   -0.569   10.068 0.00000e+00
  109    17.83333   -97.36587 36.61122    1098.199    1416.964  851.970  286.798   88.061   -0.030   10.107 0.00000e+00
  110    17.85000   -97.36304 36.61469    1105.968    1421.198  851.535  286.698   89.177    0.550   10.174 0.00000e+00
  111    17.86667   -97.36029 36.61810    1139.524    1451.508  848.482  286.369   91.068    0.918   10.205 0.00000e+00
  112    17.88333   -97.35767 36.62144    1186.698    1496.433  843.918  285.890   93.799    1.038   10.239 0.00000e+00
  113    17.90000   -97.35515 36.62479    1234.759    1543.476  839.189  285.393   96.735    0.863   10.277 0.00000e+00
  114    17.91667   -97.35268 36.62818    1275.468    1583.249  835.314  284.987   99.149    0.526   10.302 8.39344e-04
  115    17.93333   -97.35012 36.63161    1298.913    1604.766  833.157  284.816   99.863    0.058   10.285 1.21539e-02
  116    17.95000   -97.34742 36.63507    1297.242    1601.587  833.450  284.844   99.503   -0.399   10.263 6.30969e-03
  117    17.96667   -97.34456 36.63860    1270.058    1572.821  836.343  285.156   97.331   -0.854   10.214 0.00000e+00
  118    17.98333   -97.34152 36.64218    1215.508    1515.205  842.056  285.812   92.788   -1.415   10.100 0.00000e+00
  119    18.00000   -97.33841 36.64567    1134.073    1432.228  850.366  286.654   88.338   -1.434   10.063 0.00000e+00
  120    18.01667   -97.33556 36.64890    1057.325    1355.208  858.138  287.356   85.508   -0.845   10.106 0.00000e+00
  121    18.03333   -97.33297 36.65199    1012.994    1310.338  862.728  287.719   84.576   -0.220   10.180 0.00000e+00
  122    18.05000   -97.33051 36.65503    1001.480    1298.177  863.935  287.781   84.831    0.261   10.237 0.00000e+00
  123    18.06667   -97.32823 36.65802    1011.639    1309.099  862.813  287.624   85.991    0.541   10.285 0.00000e+00
  124    18.08333   -97.32619 36.66098    1032.362    1330.858  860.625  287.365   87.633    0.633   10.332 0.00000e+00
  125    18.10000   -97.32436 36.66388    1054.100    1353.089  858.421  287.113   89.201    0.591   10.373 0.00000e+00
  126    18.11667   -97.32272 36.66673    1069.936    1367.973  856.899  286.944   90.270    0.452   10.400 0.00000e+00
  127    18.13333   -97.32113 36.66953    1079.217    1376.571  856.022  286.851   90.874    0.264   10.417 0.00000e+00
  128    18.15000   -97.31955 36.67225    1084.258    1381.603  855.423  286.807   90.994    0.076   10.408 0.00000e+00
  129    18.16667   -97.31802 36.67489    1086.396    1385.684  854.999  286.793   90.856   -0.013   10.388 0.00000e+00
  130    18.18333   -97.31651 36.67747    1088.065    1389.816  854.551  286.778   90.756   -0.033   10.372 0.00000e+00
  131    18.20000   -97.31508 36.68002    1092.954    1397.627  853.775  286.743   90.551   -0.068   10.334 0.00000e+00
  132    18.21667   -97.31371 36.68259    1101.086    1408.137  852.759  286.649   91.052    0.012   10.340 0.00000e+00
  133    18.23333   -97.31242 36.68519    1110.825    1419.884  851.559  286.510   92.241    0.062   10.394 0.00000e+00
  134    18.25000   -97.31116 36.68782    1111.537    1422.211  851.367  286.474   92.901   -0.142   10.446 0.00000e+00
  135    18.26667   -97.30991 36.69048    1093.202    1404.756  853.152  286.607   93.164   -0.515   10.545 0.00000e+00
  136    18.28333   -97.30853 36.69313    1056.405    1368.737  856.786  286.940   92.050   -0.813   10.604 0.00000e+00
  137    18.30000   -97.30701 36.69576    1011.513    1324.748  861.233  287.379   89.844   -0.898   10.596 0.00000e+00
  138    18.31667   -97.30546 36.69841     969.536    1283.449  865.470  287.817   87.500   -0.830   10.565 0.00000e+00
  139    18.33333   -97.30389 36.70106     934.615    1249.024  868.998  288.189   85.572   -0.700   10.542 0.00000e+00
  140    18.35000   -97.30233 36.70375     907.359    1222.012  871.835  288.484   84.131   -0.536   10.529 0.00000e+00
  141    18.36667   -97.30077 36.70651     888.443    1201.485  874.031  288.723   82.858   -0.334   10.505 0.00000e+00
  142    18.38333   -97.29922 36.70935     878.509    1188.767  875.321  288.900   81.608   -0.197   10.450 0.00000e+00
  143    18.40000   -97.29765 36.71224     877.368    1184.945  875.705  289.024   80.389   -0.048   10.372 0.00000e+00
  144    18.41667   -97.29609 36.71511     888.417    1194.057  874.775  288.942   80.736    0.254   10.373 0.00000e+00
  145    18.43333   -97.29450 36.71783     920.077    1224.427  871.618  288.551   83.311    0.881   10.475 0.00000e+00
  146    18.45000   -97.29283 36.72029     991.200    1294.310  864.490  287.543   94.351    2.149   11.204 7.04103e-04
  147    18.46667   -97.29109 36.72274    1093.213    1395.287  854.190  286.958   99.317    2.274   11.489 1.65818e-01
  148    18.48333   -97.28912 36.72542    1191.827    1493.351  844.304  286.567   99.958    1.854   11.404 3.74240e-01
  149    18.50000   -97.28694 36.72832    1263.338    1564.427  837.221  285.949  100.000    0.957   11.055 2.99460e-01
  150    18.51667   -97.28478 36.73136    1312.974    1614.410  832.226  285.461  100.000    0.310   10.766 2.14794e-01
  151    18.53333   -97.28291 36.73449    1355.846    1658.232  827.915  285.142   99.881    0.181   10.579 1.96939e-01
  152    18.55000   -97.28117 36.73766    1393.550    1696.725  824.097  284.931  100.000    0.071   10.513 1.99980e-01
  153    18.56667   -97.27948 36.74086    1427.753    1732.805  820.511  284.631   99.961    0.193   10.327 1.19453e-01
  154    18.58333   -97.27772 36.74409    1458.378    1766.213  817.210  284.308  100.000    0.326   10.170 1.56502e-02
  155    18.60000   -97.27574 36.74725    1486.118    1796.499  814.334  284.123   98.905    0.331    9.953 2.14309e-02
  156    18.61667   -97.27366 36.75027    1511.129    1822.045  811.901  283.945   99.205    0.266    9.895 1.71127e-02
  157    18.63333   -97.27158 36.75319    1528.945    1839.661  810.240  283.852   99.256    0.168    9.859 1.04297e-02
  158    18.65000   -97.26959 36.75606    1537.946    1847.928  809.505  283.776   99.567   -0.440    9.848 1.87369e-03
  159    18.66667   -97.26752 36.75907    1526.415    1835.899  810.627  283.907   98.459   -1.056    9.811 1.60502e-02
  160    18.68333   -97.26541 36.76236    1486.733    1796.110  814.512  284.204   95.986   -1.577    9.710 0.00000e+00
  161    18.70000   -97.26345 36.76595    1426.821    1736.083  820.350  284.621   96.182   -1.586    9.932 2.92087e-02
  162    18.71667   -97.26132 36.76981    1366.209    1675.158  826.326  284.873   98.100   -1.435   10.226 1.69006e-06
  163    18.73333   -97.25901 36.77356    1328.338    1635.529  830.301  285.197   99.001   -0.558   10.494 0.00000e+00
  164    18.75000   -97.25671 36.77706    1304.805    1610.092  832.816  285.514   95.767   -0.464   10.335 0.00000e+00
  165    18.76667   -97.25441 36.78044    1272.999    1577.183  836.029  285.726   95.105   -1.232   10.368 0.00000e+00
  166    18.78333   -97.25207 36.78379    1235.332    1539.434  839.763  286.002   94.642   -1.055   10.460 0.00000e+00
  167    18.80000   -97.24983 36.78703    1206.060    1510.431  842.688  286.175   94.789   -0.355   10.559 0.00000e+00
  168    18.81667   -97.24780 36.79020    1186.397    1491.369  844.570  286.416   93.362   -0.204   10.543 0.00000e+00
  169    18.83333   -97.24599 36.79339    1172.660    1478.574  845.814  286.576   92.209   -0.217   10.507 0.00000e+00
  170    18.85000   -97.24429 36.79661    1160.101    1467.554  846.858  286.714   91.030   -0.323   10.454 0.00000e+00
  171    18.86667   -97.24261 36.79977    1143.996    1454.317  848.167  286.836   90.437   -0.388   10.453 0.00000e+00
  172    18.88333   -97.24104 36.80275    1128.965    1442.007  849.427  286.960   89.773   -0.258   10.445 0.00000e+00
  173    18.90000   -97.23954 36.80560    1127.321    1442.487  849.479  286.909   90.515    0.090   10.496 0.00000e+00
  174    18.91667   -97.23799 36.80839    1143.907    1459.775  847.714  286.694   91.888    0.407   10.528 0.00000e+00
  175    18.93333   -97.23643 36.81116    1174.927    1491.345  844.543  286.338   94.357    0.669   10.601 0.00000e+00
  176    18.95000   -97.23488 36.81399    1207.932    1525.088  841.157  285.902   97.932    0.702   10.735 0.00000e+00
  177    18.96667   -97.23329 36.81696    1233.205    1551.772  838.473  285.741   99.889    0.456   10.868 7.98186e-02
  178    18.98333   -97.23162 36.82005    1245.331    1565.814  837.072  285.760   99.750   -0.183   10.885 1.11127e-01
