    0    16.01667   -97.56403 36.29210      49.587     399.754  959.345  293.356   82.952   -0.058   12.850 0.00000e+00
    1    16.03333   -97.56269 36.29583      45.488     397.601  959.575  293.461   82.701   -0.044   12.892 0.00000e+00
    2    16.05000   -97.56151 36.29948      40.768     395.347  959.803  293.530   82.538   -0.085   12.919 0.00000e+00
    3    16.06667   -97.56047 36.30309      33.119     390.043  960.396  293.639   82.224   -0.103   12.950 0.00000e+00
    4    16.08333   -97.55962 36.30651      25.121     383.297  961.197  293.804   81.745   -0.091   12.997 0.00000e+00
    5    16.10000   -97.55890 36.30953      20.404     378.535  961.739  293.970   81.341   -0.090   13.059 0.00000e+00
    6    16.11667   -97.55821 36.31226      16.249     374.325  962.242  294.147   80.925   -0.069   13.129 0.00000e+00
    7    16.13333   -97.55746 36.31464      13.060     370.253  962.766  294.289   80.570   -0.076   13.180 0.00000e+00
    8    16.15000   -97.55656 36.31674      11.233     366.924  963.148  294.485   80.084   -0.050   13.255 0.00000e+00
    9    16.16667   -97.55553 36.31863      10.487     364.650  963.426  294.697   79.456    0.002   13.321 0.00000e+00
   10    16.18333   -97.55450 36.32032      12.376     364.962  963.419  294.736   79.268    0.077   13.322 0.00000e+00
   11    16.20000   -97.55376 36.32194      21.062     372.615  962.455  294.579   79.516    0.192   13.248 0.00000e+00
   12    16.21667   -97.55315 36.32394      38.289     390.394  960.448  294.208   80.410    0.445   13.120 0.00000e+00
   13    16.23333   -97.55254 36.32633      82.335     435.358  955.504  293.529   82.262    1.117   12.934 0.00000e+00
   14    16.25000   -97.55177 36.32916     165.014     519.049  946.330  292.597   85.731    2.031   12.840 0.00000e+00
   15    16.26667   -97.55115 36.33193     276.687     630.258  934.228  291.477   90.458    1.314   12.789 0.00000e+00
   16    16.28333   -97.55037 36.33454     340.189     692.959  927.344  290.901   92.066    0.013   12.643 0.00000e+00
   17    16.30000   -97.54932 36.33713     378.850     731.319  923.168  290.616   91.431    0.255   12.387 0.00000e+00
   18    16.31667   -97.54796 36.33969     430.139     782.544  917.616  290.024   94.915    0.969   12.458 0.00000e+00
   19    16.33333   -97.54593 36.34198     496.794     849.673  910.391  289.389   98.123    1.268   12.464 3.26820e-06
   20    16.35000   -97.54402 36.34445     530.896     884.129  906.724  289.107   99.989    1.404   12.523 2.57842e-02
   21    16.36667   -97.54222 36.34731     542.580     895.241  905.665  289.093  100.000    1.498   12.541 7.61502e-02
   22    16.38333   -97.54039 36.35038     556.321     905.858  904.547  288.992  100.000    1.342   12.479 5.83783e-02
   23    16.40000   -97.53834 36.35353     584.610     930.589  901.929  288.841  100.000    1.425   12.391 6.30909e-02
   24    16.41667   -97.53603 36.35666     622.470     963.930  898.440  288.673  100.000    1.513   12.308 8.99107e-02
   25    16.43333   -97.53351 36.35960     664.430    1001.799  894.443  288.459  100.000    1.451   12.194 1.05023e-01
   26    16.45000   -97.53067 36.36248     712.775    1046.858  889.684  288.198  100.000    1.043   12.055 1.41293e-01
   27    16.46667   -97.52728 36.36546     760.655    1091.900  885.055  287.955  100.000    0.560   11.930 1.90165e-01
   28    16.48333   -97.52347 36.36874     786.695    1113.839  882.756  287.792  100.000    0.275   11.836 1.61070e-01
   29    16.50000   -97.51952 36.37214     787.356    1112.756  882.704  287.752  100.000    0.026   11.806 1.12090e-01
   30    16.51667   -97.51549 36.37549     764.367    1092.457  884.780  287.850   99.457   -0.529   11.770 4.91614e-02
   31    16.53333   -97.51133 36.37884     733.900    1065.470  887.616  288.101   97.433   -0.994   11.682 9.73009e-03
   32    16.55000   -97.50703 36.38231     717.720    1050.882  889.205  288.373   95.042   -0.784   11.578 0.00000e+00
   33    16.56667   -97.50254 36.38601     724.091    1057.568  888.437  288.394   94.407   -0.411   11.526 0.00000e+00
   34    16.58333   -97.49802 36.38995     738.987    1074.826  886.633  288.246   95.040   -0.212   11.516 0.00000e+00
   35    16.60000   -97.49358 36.39393     749.866    1087.609  885.361  288.103   96.019   -0.412   11.544 0.00000e+00
   36    16.61667   -97.48928 36.39775     735.832    1074.098  886.821  288.278   95.040   -0.764   11.538 0.00000e+00
   37    16.63333   -97.48524 36.40141     696.087    1033.046  891.139  288.731   92.435   -1.080   11.499 0.00000e+00
   38    16.65000   -97.48139 36.40492     648.993     984.446  896.325  289.218   89.991   -0.939   11.484 0.00000e+00
   39    16.66667   -97.47772 36.40837     620.082     952.752  899.622  289.475   89.126   -0.437   11.521 0.00000e+00
   40    16.68333   -97.47411 36.41182     617.497     949.409  899.883  289.427   89.974    0.065   11.591 0.00000e+00
   41    16.70000   -97.47065 36.41531     631.625     965.089  898.196  289.182   91.880    0.408   11.674 0.00000e+00
   42    16.71667   -97.46739 36.41884     657.544     991.888  895.538  288.846   94.251    0.684   11.753 0.00000e+00
   43    16.73333   -97.46424 36.42244     689.776    1020.951  892.551  288.491   96.711    0.631   11.826 0.00000e+00
   44    16.75000   -97.46104 36.42602     712.047    1038.677  890.716  288.277   98.244    0.300   11.873 0.00000e+00
   45    16.76667   -97.45783 36.42959     719.290    1041.092  890.436  288.233   98.632   -0.003   11.890 0.00000e+00
   46    16.78333   -97.45459 36.43316     715.144    1032.961  891.292  288.357   97.636   -0.226   11.853 0.00000e+00
   47    16.80000   -97.45125 36.43673     705.401    1020.400  892.542  288.543   96.176   -0.313   11.801 0.00000e+00
   48    16.81667   -97.44783 36.44031     695.897    1008.807  893.765  288.749   94.456   -0.253   11.729 0.00000e+00
   49    16.83333   -97.44446 36.44388     694.628    1006.015  894.042  288.843   93.448   -0.048   11.671 0.00000e+00
   50    16.85000   -97.44118 36.44745     706.787    1017.780  892.808  288.751   93.705    0.240   11.649 0.00000e+00
   51    16.86667   -97.43795 36.45103     732.672    1042.571  890.249  288.501   94.959    0.468   11.650 0.00000e+00
   52    16.88333   -97.43476 36.45471     761.250    1070.664  887.180  288.204   96.499    0.396   11.654 0.00000e+00
   53    16.90000   -97.43159 36.45850     777.972    1087.706  885.539  288.033   97.524    0.168   11.669 0.00000e+00
   54    16.91667   -97.42844 36.46235     777.592    1083.189  886.058  288.085   97.199   -0.164   11.663 0.00000e+00
   55    16.93333   -97.42532 36.46621     755.775    1060.517  888.328  288.326   95.717   -0.455   11.636 0.00000e+00
   56    16.95000   -97.42220 36.47003     727.731    1030.854  891.586  288.667   93.664   -0.471   11.598 0.00000e+00
   57    16.96667   -97.41912 36.47375     708.635    1009.403  893.704  288.923   91.905   -0.185   11.541 0.00000e+00
   58    16.98333   -97.41601 36.47739     713.356    1013.389  893.297  288.908   91.771    0.279   11.519 0.00000e+00
   59    17.00000   -97.41276 36.48102     736.460    1034.133  891.162  288.715   92.708    0.408   11.520 0.00000e+00
   60    17.01667   -97.40943 36.48469     760.506    1055.707  888.905  288.516   93.591    0.310   11.511 0.00000e+00
   61    17.03333   -97.40606 36.48837     775.329    1067.620  887.627  288.431   93.734   -0.004   11.482 0.00000e+00
   62    17.05000   -97.40262 36.49204     767.182    1059.527  888.460  288.537   92.987   -0.370   11.458 0.00000e+00
   63    17.06667   -97.39921 36.49566     742.807    1036.437  890.843  288.762   91.905   -0.375   11.459 0.00000e+00
   64    17.08333   -97.39577 36.49932     723.409    1017.753  892.809  288.922   91.337   -0.181   11.481 0.00000e+00
   65    17.10000   -97.39220 36.50300     712.477    1008.550  893.687  288.945   91.715    0.030   11.535 0.00000e+00
   66    17.11667   -97.38860 36.50663     712.088    1011.669  893.313  288.808   93.230    0.271   11.627 0.00000e+00
   67    17.13333   -97.38504 36.51022     722.820    1026.618  891.857  288.615   94.670    0.420   11.680 0.00000e+00
   68    17.15000   -97.38161 36.51385     745.771    1051.940  889.235  288.361   96.065    0.389   11.693 0.00000e+00
   69    17.16667   -97.37836 36.51752     759.677    1067.577  887.593  288.213   96.790    0.139   11.691 0.00000e+00
   70    17.18333   -97.37526 36.52119     760.587    1069.406  887.456  288.207   96.746   -0.162   11.683 0.00000e+00
   71    17.20000   -97.37206 36.52479     733.668    1042.756  890.229  288.520   94.725   -1.023   11.636 0.00000e+00
   72    17.21667   -97.36891 36.52820     677.902     986.685  896.211  289.151   90.999   -1.190   11.564 0.00000e+00
   73    17.23333   -97.36597 36.53147     636.930     943.864  900.825  289.639   88.192   -0.459   11.505 0.00000e+00
   74    17.25000   -97.36306 36.53467     635.823     940.272  901.153  289.684   87.896    0.288   11.495 0.00000e+00
   75    17.26667   -97.36004 36.53788     661.193     964.131  898.515  289.460   88.762    0.502   11.477 0.00000e+00
   76    17.28333   -97.35704 36.54107     695.274     999.403  894.779  289.113   90.413    0.517   11.480 0.00000e+00
   77    17.30000   -97.35416 36.54411     735.316    1040.466  890.473  288.748   91.875    0.644   11.450 0.00000e+00
   78    17.31667   -97.35130 36.54710     773.318    1080.128  886.291  288.233   95.188    0.470   11.529 0.00000e+00
   79    17.33333   -97.34838 36.55014     799.299    1108.330  883.360  287.867   97.650   -0.012   11.588 0.00000e+00
   80    17.35000   -97.34540 36.55328     808.336    1118.856  882.291  287.752   98.445   -0.475   11.609 6.96584e-03
   81    17.36667   -97.34235 36.55667     799.704    1111.094  883.099  287.808   98.469   -0.881   11.644 0.00000e+00
   82    17.38333   -97.33931 36.56034     769.552    1081.825  886.102  288.079   97.320   -0.918   11.673 0.00000e+00
   83    17.40000   -97.33644 36.56424     727.445    1040.141  890.584  288.505   95.204   -0.750   11.679 0.00000e+00
   84    17.41667   -97.33378 36.56813     689.256    1000.567  894.749  288.895   93.282   -0.602   11.680 0.00000e+00
   85    17.43333   -97.33122 36.57196     668.451     978.620  897.015  289.130   92.051   -0.288   11.672 0.00000e+00
   86    17.45000   -97.32865 36.57576     677.434     986.507  896.197  289.142   91.573    0.247   11.631 0.00000e+00
   87    17.46667   -97.32610 36.57952     713.657    1021.690  892.530  288.875   92.295    0.800   11.571 0.00000e+00
   88    17.48333   -97.32352 36.58324     758.427    1065.822  887.900  288.342   95.265    0.631   11.599 0.00000e+00
   89    17.50000   -97.32087 36.58699     786.678    1092.530  885.170  287.946   98.273    0.058   11.698 8.88538e-05
   90    17.51667   -97.31817 36.59076     784.889    1089.460  885.406  287.982   98.631   -0.431   11.765 1.31977e-03
   91    17.53333   -97.31551 36.59445     753.197    1057.632  888.730  288.338   97.000   -0.736   11.795 0.00000e+00
   92    17.55000   -97.31285 36.59799     707.373    1012.146  893.476  288.792   94.697   -0.875   11.795 0.00000e+00
   93    17.56667   -97.31024 36.60141     662.260     967.174  898.278  289.241   92.395   -0.814   11.782 0.00000e+00
   94    17.58333   -97.30769 36.60474     627.315     930.200  902.275  289.628   90.291   -0.554   11.751 0.00000e+00
   95    17.60000   -97.30518 36.60807     602.883     902.954  905.188  289.911   88.739   -0.301   11.723 0.00000e+00
   96    17.61667   -97.30268 36.61138     585.837     882.976  907.260  290.135   87.389   -0.143   11.684 0.00000e+00
   97    17.63333   -97.30021 36.61466     572.993     868.104  908.814  290.268   86.991   -0.054   11.710 0.00000e+00
   98    17.65000   -97.29785 36.61790     561.973     856.324  910.032  290.349   86.993   -0.013   11.755 0.00000e+00
   99    17.66667   -97.29559 36.62109     559.099     853.117  910.360  290.381   86.760    0.065   11.743 0.00000e+00
  100    17.68333   -97.29339 36.62425     563.669     857.974  909.837  290.335   86.953    0.094   11.742 0.00000e+00
  101    17.70000   -97.29119 36.62740     572.294     866.976  908.882  290.244   87.469    0.165   11.755 0.00000e+00
  102    17.71667   -97.28897 36.63051     583.436     878.411  907.677  290.126   88.269    0.206   11.790 0.00000e+00
  103    17.73333   -97.28673 36.63359     597.055     891.677  906.282  289.988   89.196    0.311   11.827 0.00000e+00
  104    17.75000   -97.28448 36.63663     616.734     910.760  904.264  289.790   90.119    0.403   11.825 0.00000e+00
  105    17.76667   -97.28217 36.63974     639.495     933.158  901.862  289.583   90.891    0.419   11.801 0.00000e+00
  106    17.78333   -97.27975 36.64288     662.287     956.039  899.462  289.352   92.817    0.382   11.906 0.00000e+00
  107    17.80000   -97.27713 36.64602     683.322     977.257  897.198  289.124   94.432    0.258   11.967 0.00000e+00
  108    17.81667   -97.27433 36.64907     690.859     987.094  896.079  289.008   95.092   -0.264   11.976 0.00000e+00
  109    17.83333   -97.27145 36.65200     672.600     972.049  897.630  289.192   93.408   -0.762   11.883 0.00000e+00
  110    17.85000   -97.26874 36.65469     643.725     945.891  900.540  289.491   91.745   -0.512   11.859 0.00000e+00
  111    17.86667   -97.26616 36.65720     625.670     927.156  902.572  289.702   90.565   -0.231   11.840 0.00000e+00
  112    17.88333   -97.26366 36.65962     614.982     915.269  903.859  289.830   90.048   -0.055   11.852 0.00000e+00
  113    17.90000   -97.26126 36.66191     609.723     908.732  904.554  289.884   90.187    0.009   11.902 0.00000e+00
  114    17.91667   -97.25889 36.66416     602.665     900.996  905.319  289.934   90.257   -0.083   11.939 0.00000e+00
  115    17.93333   -97.25650 36.66633     590.532     888.258  906.665  290.075   89.503   -0.236   11.929 0.00000e+00
  116    17.95000   -97.25394 36.66854     576.393     872.960  908.278  290.254   88.367   -0.168   11.892 0.00000e+00
  117    17.96667   -97.25117 36.67096     556.598     852.195  910.450  290.441   87.649   -0.465   11.908 0.00000e+00
  118    17.98333   -97.24842 36.67343     525.501     820.409  913.867  290.753   86.211   -0.719   11.903 0.00000e+00
  119    18.00000   -97.24588 36.67577     494.752     789.048  917.223  291.092   84.225   -0.695   11.838 0.00000e+00
  120    18.01667   -97.24352 36.67799     469.441     763.573  919.912  291.310   83.956   -0.451   11.929 0.00000e+00
  121    18.03333   -97.24137 36.68011     449.235     743.646  922.087  291.490   83.501   -0.375   11.972 0.00000e+00
  122    18.05000   -97.23940 36.68212     431.909     726.631  923.895  291.632   83.376   -0.505   12.038 0.00000e+00
  123    18.06667   -97.23758 36.68406     407.313     702.234  926.565  291.843   82.978   -0.773   12.106 0.00000e+00
  124    18.08333   -97.23602 36.68609     367.368     662.377  930.835  292.231   82.177   -0.697   12.230 0.00000e+00
  125    18.10000   -97.23479 36.68828     324.456     619.482  935.513  292.643   80.387   -0.912   12.215 0.00000e+00
  126    18.11667   -97.23392 36.69060     269.169     564.436  941.455  293.187   78.109   -1.106   12.203 0.00000e+00
  127    18.13333   -97.23340 36.69314     189.660     485.232  950.123  293.906   75.250   -1.793   12.182 0.00000e+00
  128    18.15000   -97.23294 36.69585     114.170     410.068  958.354  294.749   72.550   -1.283   12.268 0.00000e+00
  129    18.16667   -97.23226 36.69875      82.423     378.667  961.845  294.988   71.753   -0.566   12.268 0.00000e+00
  130    18.18333   -97.23160 36.70151      94.530     391.108  960.460  295.187   71.709    0.669   12.430 0.00000e+00
  131    18.20000   -97.23124 36.70399     139.595     436.470  955.438  295.002   72.785    1.483   12.540 0.00000e+00
  132    18.21667   -97.23100 36.70615     207.415     504.549  947.980  294.316   75.130    1.786   12.505 0.00000e+00
  133    18.23333   -97.23076 36.70814     292.186     589.557  938.685  293.421   78.062    1.869   12.411 0.00000e+00
  134    18.25000   -97.23064 36.70994     372.271     669.859  929.996  292.624   80.880    1.702   12.349 0.00000e+00
  135    18.26667   -97.23060 36.71156     438.368     736.152  922.899  291.986   83.304    1.592   12.313 0.00000e+00
  136    18.28333   -97.23057 36.71307     499.474     797.435  916.323  291.398   85.427    1.228   12.255 0.00000e+00
  137    18.30000   -97.23058 36.71450     543.205     841.292  911.673  290.980   87.725    1.006   12.318 0.00000e+00
  138    18.31667   -97.23067 36.71597     577.455     875.657  908.050  290.814   89.573    1.000   12.495 0.00000e+00
  139    18.33333   -97.23106 36.71735     642.532     940.887  901.131  290.226   92.101    1.243   12.471 0.00000e+00
  140    18.35000   -97.23133 36.71878     737.778    1036.302  891.117  289.308   96.677    1.875   12.482 0.00000e+00
  141    18.36667   -97.23072 36.72034     834.381    1132.934  881.100  288.518  100.000    2.004   12.428 6.65338e-02
  142    18.38333   -97.22952 36.72213     913.976    1212.384  872.889  288.055  100.000    1.757   12.177 1.80890e-01
  143    18.40000   -97.22816 36.72430     978.958    1277.351  866.241  287.785  100.000    1.649   12.057 3.12870e-01
  144    18.41667   -97.22675 36.72664    1036.503    1335.095  860.319  287.463  100.000    1.731   11.890 3.71354e-01
  145    18.43333   -97.22534 36.72902    1090.808    1389.687  854.760  287.176  100.000    1.920   11.745 4.79566e-01
  146    18.45000   -97.22381 36.73139    1142.812    1441.894  849.487  286.837  100.000    1.945   11.561 4.83932e-01
  147    18.46667   -97.22211 36.73389    1201.239    1500.372  843.644  286.459  100.000    1.868   11.356 4.72749e-01
  148    18.48333   -97.22021 36.73650    1258.960    1558.025  837.900  286.144  100.000    2.262   11.200 5.44646e-01
  149    18.50000   -97.21817 36.73917    1307.503    1606.841  833.018  285.765  100.000    1.916   10.989 4.70883e-01
  150    18.51667   -97.21590 36.74198    1344.929    1645.049  829.246  285.404  100.000    1.427   10.779 3.51632e-01
  151    18.53333   -97.21348 36.74501    1368.633    1669.376  826.841  285.123  100.000    0.968   10.612 2.43677e-01
  152    18.55000   -97.21101 36.74821    1383.601    1684.827  825.308  284.961  100.000    0.803   10.518 1.88161e-01
  153    18.56667   -97.20854 36.75153    1395.290    1697.201  824.100  284.724  100.000    0.586   10.368 9.28995e-02
  154    18.58333   -97.20587 36.75489    1391.836    1694.558  824.275  284.914   99.620   -0.077   10.439 2.14822e-01
  155    18.60000   -97.20325 36.75850    1360.366    1665.803  827.075  285.029   98.309   -0.634   10.346 8.21854e-02
  156    18.61667   -97.20131 36.76218    1327.746    1636.161  830.060  285.222   95.504   -0.467   10.143 0.00000e+00
  157    18.63333   -97.19991 36.76564    1322.976    1632.615  830.461  285.318   93.638    0.158   10.004 0.00000e+00
  158    18.65000   -97.19884 36.76882    1354.462    1664.610  827.323  285.001   95.614    0.822   10.040 0.00000e+00
  159    18.66667   -97.19789 36.77170    1408.133    1718.917  821.935  284.506   98.965    1.174   10.121 2.90747e-02
  160    18.68333   -97.19695 36.77455    1455.008    1767.969  817.160  284.219  100.000    0.881   10.112 1.13392e-01
  161    18.70000   -97.19589 36.77753    1485.149    1800.429  814.033  284.097  100.000    0.523   10.069 1.84233e-01
  162    18.71667   -97.19474 36.78061    1503.900    1821.207  812.059  283.939  100.000    0.225    9.987 1.52374e-01
  163    18.73333   -97.19350 36.78374    1519.905    1838.635  810.414  283.761  100.000    0.130    9.884 1.10443e-01
  164    18.75000   -97.19218 36.78693    1535.500    1855.214  808.801  283.596  100.000    0.039    9.799 8.26268e-02
  165    18.76667   -97.19083 36.79020    1551.211    1871.447  807.285  283.449  100.000    0.017    9.716 7.70570e-02
  166    18.78333   -97.18954 36.79352    1568.366    1888.938  805.605  283.323  100.000    0.149    9.661 7.79278e-02
  167    18.80000   -97.18825 36.79682    1585.991    1906.839  803.917  283.245  100.000    0.361    9.631 1.22945e-01
  168    18.81667   -97.18698 36.80009    1603.977    1924.086  802.217  283.190  100.000    0.416    9.615 1.41553e-01
  169    18.83333   -97.18568 36.80337    1617.038    1936.617  800.995  283.196  100.000    0.457    9.634 1.96055e-01
  170    18.85000   -97.18424 36.80675    1621.502    1941.570  800.495  283.176  100.000    0.247    9.628 2.12689e-01
  171    18.86667   -97.18242 36.81009    1619.534    1940.044  800.682  283.190  100.000    0.078    9.629 2.26441e-01
  172    18.88333   -97.17993 36.81319    1608.722    1928.317  801.802  283.250  100.000   -0.455    9.646 2.03265e-01
  173    18.90000   -97.17696 36.81629    1571.185    1889.854  805.410  283.534  100.000   -0.907    9.802 2.05231e-01
  174    18.91667   -97.17422 36.81965    1526.614    1846.122  809.658  283.759   99.801   -1.430    9.858 1.37102e-01
  175    18.93333   -97.17197 36.82305    1481.354    1801.720  813.993  283.959   97.813   -1.543    9.739 0.00000e+00
  176    18.95000   -97.17004 36.82650    1442.246    1763.459  817.689  284.387   94.088   -1.391    9.597 0.00000e+00
  177    18.96667   -97.16833 36.83004    1401.023    1723.455  821.601  284.841   91.079   -1.177    9.529 0.00000e+00
  178    18.98333   -97.16685 36.83355    1377.910    1701.332  823.813  285.229   87.564   -0.667    9.375 0.00000e+00
