    0    16.01667   -97.41354 36.23624      52.330     416.290  957.998  292.869   84.988   -0.234   12.788 0.00000e+00
    1    16.03333   -97.41399 36.23993      42.135     404.710  959.296  293.007   84.348   -0.158   12.785 0.00000e+00
    2    16.05000   -97.41459 36.24363      35.063     396.464  960.212  293.116   83.916   -0.100   12.794 0.00000e+00
    3    16.06667   -97.41512 36.24723      30.655     391.311  960.748  293.217   83.551   -0.047   12.812 0.00000e+00
    4    16.08333   -97.41562 36.25070      29.892     390.934  960.759  293.271   83.374    0.011   12.828 0.00000e+00
    5    16.10000   -97.41615 36.25407      31.222     392.416  960.608  293.304   83.333    0.028   12.850 0.00000e+00
    6    16.11667   -97.41665 36.25737      31.695     390.281  960.857  293.357   83.207    0.020   12.870 0.00000e+00
    7    16.13333   -97.41703 36.26056      31.248     385.849  961.315  293.413   83.048    0.024   12.884 0.00000e+00
    8    16.15000   -97.41740 36.26365      31.713     382.474  961.584  293.436   82.966    0.051   12.886 0.00000e+00
    9    16.16667   -97.41779 36.26669      31.705     381.465  961.720  293.441   82.909    0.018   12.879 0.00000e+00
   10    16.18333   -97.41828 36.26968      31.518     380.741  961.833  293.445   82.822   -0.024   12.868 0.00000e+00
   11    16.20000   -97.41888 36.27250      31.497     380.878  961.759  293.443   82.793   -0.010   12.862 0.00000e+00
   12    16.21667   -97.41954 36.27523      31.913     382.096  961.609  293.439   82.789   -0.010   12.861 0.00000e+00
   13    16.23333   -97.42017 36.27788      32.577     383.126  961.459  293.448   82.788   -0.004   12.869 0.00000e+00
   14    16.25000   -97.42078 36.28043      35.706     386.319  961.061  293.442   82.875    0.038   12.884 0.00000e+00
   15    16.26667   -97.42134 36.28297      40.692     391.434  960.385  293.407   83.045    0.066   12.891 0.00000e+00
   16    16.28333   -97.42182 36.28563      44.440     395.218  959.944  293.396   83.115    0.075   12.899 0.00000e+00
   17    16.30000   -97.42226 36.28825      49.693     400.293  959.445  293.392   83.201    0.094   12.917 0.00000e+00
   18    16.31667   -97.42262 36.29068      56.407     404.878  958.981  293.365   83.307    0.118   12.917 0.00000e+00
   19    16.33333   -97.42303 36.29297      65.302     411.492  958.274  293.320   83.501    0.212   12.921 0.00000e+00
   20    16.35000   -97.42352 36.29519      84.297     428.275  956.400  293.160   84.038    0.476   12.900 0.00000e+00
   21    16.36667   -97.42401 36.29741     117.735     458.554  953.194  292.893   85.190    0.806   12.903 0.00000e+00
   22    16.38333   -97.42422 36.29967     173.496     509.276  947.682  292.411   87.235    1.191   12.894 0.00000e+00
   23    16.40000   -97.42418 36.30210     241.218     571.698  940.893  291.810   89.870    1.319   12.883 0.00000e+00
   24    16.41667   -97.42393 36.30458     306.278     631.451  934.244  291.216   92.589    1.033   12.875 0.00000e+00
   25    16.43333   -97.42340 36.30719     353.842     677.948  929.065  290.774   94.695    0.864   12.875 0.00000e+00
   26    16.45000   -97.42241 36.30989     403.958     727.806  923.708  290.302   96.978    0.770   12.870 0.00000e+00
   27    16.46667   -97.42086 36.31274     439.868     762.773  919.930  289.964   98.547    0.375   12.852 0.00000e+00
   28    16.48333   -97.41898 36.31572     453.657     777.715  918.187  289.833   98.805    0.014   12.802 0.00000e+00
   29    16.50000   -97.41703 36.31879     449.737     775.911  918.455  289.869   98.457   -0.216   12.783 0.00000e+00
   30    16.51667   -97.41524 36.32194     436.384     764.077  919.823  290.011   97.500   -0.256   12.755 0.00000e+00
   31    16.53333   -97.41364 36.32509     421.101     746.886  921.689  290.173   96.722   -0.289   12.759 0.00000e+00
   32    16.55000   -97.41231 36.32817     397.784     721.842  924.423  290.419   95.461   -0.394   12.754 0.00000e+00
   33    16.56667   -97.41130 36.33108     372.684     694.796  927.370  290.679   94.087   -0.390   12.739 0.00000e+00
   34    16.58333   -97.41066 36.33378     354.053     673.621  929.646  290.929   93.089   -0.190   12.774 0.00000e+00
   35    16.60000   -97.41009 36.33634     349.027     666.335  930.455  291.144   92.543    0.175   12.863 0.00000e+00
   36    16.61667   -97.40942 36.33893     350.486     665.536  930.548  291.233   92.090    0.300   12.871 0.00000e+00
   37    16.63333   -97.40872 36.34159     356.846     669.492  930.098  291.231   91.821    0.265   12.838 0.00000e+00
   38    16.65000   -97.40811 36.34441     357.724     667.982  930.252  291.249   91.584    0.257   12.817 0.00000e+00
   39    16.66667   -97.40757 36.34734     355.218     664.464  930.413  291.259   91.799    0.251   12.854 0.00000e+00
   40    16.68333   -97.40703 36.35031     340.808     653.908  931.516  291.341   91.101   -0.123   12.807 0.00000e+00
   41    16.70000   -97.40657 36.35323     319.372     636.450  933.397  291.526   90.210   -0.321   12.805 0.00000e+00
   42    16.71667   -97.40619 36.35611     305.548     626.380  934.412  291.666   89.144   -0.150   12.752 0.00000e+00
   43    16.73333   -97.40588 36.35896     299.053     623.063  934.838  291.724   88.605    0.141   12.716 0.00000e+00
   44    16.75000   -97.40540 36.36178     306.652     633.870  933.658  291.639   88.516    0.362   12.651 0.00000e+00
   45    16.76667   -97.40460 36.36456     327.737     657.161  931.283  291.438   89.058    0.576   12.600 0.00000e+00
   46    16.78333   -97.40360 36.36732     361.872     692.013  927.550  291.109   90.632    0.726   12.609 0.00000e+00
   47    16.80000   -97.40257 36.37015     403.365     733.907  923.076  290.729   92.630    0.939   12.641 0.00000e+00
   48    16.81667   -97.40136 36.37294     451.850     781.032  918.110  290.297   95.046    1.122   12.687 0.00000e+00
   49    16.83333   -97.40020 36.37569     502.100     828.093  913.083  289.845   97.602    1.030   12.727 0.00000e+00
   50    16.85000   -97.39912 36.37848     544.834     867.537  908.897  289.461   99.750    0.758   12.750 1.00140e-03
   51    16.86667   -97.39810 36.38128     575.720     895.683  905.887  289.287  100.000    0.391   12.695 2.89473e-02
   52    16.88333   -97.39712 36.38410     589.294     907.459  904.608  289.188  100.000   -0.037   12.632 1.80202e-02
   53    16.90000   -97.39610 36.38689     584.765     901.183  905.256  289.262   98.902   -0.552   12.531 1.23748e-05
   54    16.91667   -97.39503 36.38958     561.618     876.564  907.877  289.578   96.351   -0.999   12.423 0.00000e+00
   55    16.93333   -97.39384 36.39212     521.264     835.091  912.275  290.052   93.350   -1.124   12.346 0.00000e+00
   56    16.95000   -97.39269 36.39458     475.261     787.956  917.339  290.564   90.468   -0.952   12.294 0.00000e+00
   57    16.96667   -97.39156 36.39699     444.421     755.877  920.774  290.923   88.331   -0.584   12.235 0.00000e+00
   58    16.98333   -97.39018 36.39940     429.947     740.155  922.476  291.073   87.658   -0.211   12.235 0.00000e+00
   59    17.00000   -97.38853 36.40186     416.802     725.609  924.021  291.183   87.591   -0.005   12.290 0.00000e+00
   60    17.01667   -97.38681 36.40446     404.674     712.109  925.414  291.250   88.222    0.117   12.413 0.00000e+00
   61    17.03333   -97.38514 36.40720     396.007     703.075  926.362  291.284   88.750    0.112   12.501 0.00000e+00
   62    17.05000   -97.38353 36.41007     394.658     701.647  926.540  291.247   89.401    0.109   12.561 0.00000e+00
   63    17.06667   -97.38199 36.41303     395.271     701.887  926.510  291.206   89.875   -0.011   12.595 0.00000e+00
   64    17.08333   -97.38054 36.41605     389.606     695.691  927.243  291.280   89.290   -0.167   12.562 0.00000e+00
   65    17.10000   -97.37933 36.41916     380.126     684.932  928.357  291.397   88.535   -0.202   12.533 0.00000e+00
   66    17.11667   -97.37831 36.42237     373.972     677.366  929.131  291.478   88.032   -0.172   12.516 0.00000e+00
   67    17.13333   -97.37747 36.42561     368.064     671.232  929.803  291.568   87.211   -0.184   12.461 0.00000e+00
   68    17.15000   -97.37675 36.42887     360.893     663.964  930.530  291.647   86.969   -0.073   12.478 0.00000e+00
   69    17.16667   -97.37611 36.43211     355.706     658.562  931.133  291.721   86.547   -0.026   12.468 0.00000e+00
   70    17.18333   -97.37575 36.43540     346.156     648.372  932.244  291.852   86.159   -0.200   12.500 0.00000e+00
   71    17.20000   -97.37556 36.43868     320.597     621.934  935.212  292.157   84.717   -0.665   12.490 0.00000e+00
   72    17.21667   -97.37541 36.44183     277.539     577.962  940.010  292.579   82.441   -0.917   12.417 0.00000e+00
   73    17.23333   -97.37537 36.44484     232.116     531.686  945.064  293.052   80.205   -0.944   12.376 0.00000e+00
   74    17.25000   -97.37561 36.44786     176.532     476.369  951.032  293.690   77.856   -1.142   12.423 0.00000e+00
   75    17.26667   -97.37576 36.45096     110.079     411.946  958.150  294.342   75.394   -1.107   12.434 0.00000e+00
   76    17.28333   -97.37578 36.45409      58.131     361.981  963.725  294.822   73.534   -0.672   12.420 0.00000e+00
   77    17.30000   -97.37590 36.45718      32.059     336.506  966.548  295.249   72.449   -0.300   12.527 0.00000e+00
   78    17.31667   -97.37604 36.46009      20.205     324.627  967.855  295.757   71.300   -0.154   12.702 0.00000e+00
   79    17.33333   -97.37605 36.46285      14.331     318.624  968.580  296.039   70.454   -0.058   12.760 0.00000e+00
   80    17.35000   -97.37592 36.46561      12.778     314.412  969.101  296.268   69.747    0.042   12.804 0.00000e+00
   81    17.36667   -97.37560 36.46839      15.257     313.548  969.145  296.405   69.496    0.119   12.865 0.00000e+00
   82    17.38333   -97.37527 36.47104      24.619     319.759  968.438  296.380   69.885    0.308   12.926 0.00000e+00
   83    17.40000   -97.37507 36.47358      50.735     343.832  965.747  295.910   71.519    0.782   12.890 0.00000e+00
   84    17.41667   -97.37502 36.47621     106.426     397.849  959.736  295.078   74.351    1.443   12.812 0.00000e+00
   85    17.43333   -97.37506 36.47902     202.657     492.284  949.300  293.977   78.337    2.120   12.748 0.00000e+00
   86    17.45000   -97.37479 36.48183     330.986     620.916  935.163  292.685   83.567    2.328   12.737 0.00000e+00
   87    17.46667   -97.37422 36.48458     464.961     756.391  920.592  291.375   89.304    2.182   12.732 0.00000e+00
   88    17.48333   -97.37354 36.48735     575.104     868.085  908.665  290.250   94.690    1.569   12.734 0.00000e+00
   89    17.50000   -97.37254 36.49012     653.858     948.081  900.223  289.470   98.502    1.078   12.720 0.00000e+00
   90    17.51667   -97.37120 36.49291     704.678     999.795  894.755  289.014   99.798    0.804   12.592 1.94081e-02
   91    17.53333   -97.36954 36.49569     745.097    1040.808  890.507  288.735  100.000    0.802   12.470 6.25940e-02
   92    17.55000   -97.36756 36.49855     785.954    1082.458  886.138  288.504  100.000    0.794   12.346 1.30089e-01
   93    17.56667   -97.36522 36.50150     821.367    1119.223  882.266  288.311  100.000    0.802   12.247 1.97888e-01
   94    17.58333   -97.36250 36.50446     851.005    1150.610  879.016  288.119  100.000    0.647   12.142 2.25062e-01
   95    17.60000   -97.35954 36.50745     867.054    1167.573  877.314  287.996  100.000    0.175   12.069 1.85615e-01
   96    17.61667   -97.35675 36.51058     867.028    1166.898  877.435  287.983  100.000   -0.033   12.040 1.22705e-01
   97    17.63333   -97.35431 36.51382     859.622    1157.974  878.392  288.020   99.734   -0.051   12.022 5.59166e-02
   98    17.65000   -97.35207 36.51712     851.823    1149.398  879.254  288.058   99.232    0.016   11.978 1.38734e-02
   99    17.66667   -97.34973 36.52048     840.835    1138.376  880.417  288.136   98.416   -0.101   11.925 3.17347e-03
  100    17.68333   -97.34721 36.52392     820.828    1118.383  882.440  288.315   97.391   -0.362   11.911 1.16026e-04
  101    17.70000   -97.34456 36.52739     789.660    1087.769  885.592  288.599   96.002   -0.612   11.916 0.00000e+00
  102    17.71667   -97.34190 36.53080     754.284    1053.799  889.108  288.937   93.730   -0.654   11.843 0.00000e+00
  103    17.73333   -97.33930 36.53420     727.336    1028.555  891.790  289.227   91.562   -0.463   11.751 0.00000e+00
  104    17.75000   -97.33664 36.53759     715.743    1017.726  892.881  289.376   90.182   -0.258   11.672 0.00000e+00
  105    17.76667   -97.33388 36.54091     714.043    1018.170  892.795  289.396   89.784   -0.174   11.636 0.00000e+00
  106    17.78333   -97.33113 36.54412     722.091    1028.118  891.834  289.300   90.360    0.139   11.651 0.00000e+00
  107    17.80000   -97.32849 36.54733     742.306    1049.773  889.519  289.069   91.687    0.435   11.678 0.00000e+00
  108    17.81667   -97.32581 36.55048     772.513    1083.027  885.983  288.763   92.806    0.595   11.637 0.00000e+00
  109    17.83333   -97.32300 36.55364     804.125    1117.506  882.460  288.419   94.750    0.430   11.665 0.00000e+00
  110    17.85000   -97.31999 36.55685     818.403    1135.436  880.537  288.218   96.144    0.059   11.710 0.00000e+00
  111    17.86667   -97.31679 36.56004     806.420    1129.073  881.177  288.292   95.797   -0.310   11.715 0.00000e+00
  112    17.88333   -97.31348 36.56317     770.851    1098.449  884.430  288.607   94.021   -0.722   11.691 0.00000e+00
  113    17.90000   -97.31033 36.56623     720.348    1048.547  889.755  289.110   91.495   -0.635   11.682 0.00000e+00
  114    17.91667   -97.30751 36.56940     668.658     995.757  895.314  289.550   90.364   -0.560   11.794 0.00000e+00
  115    17.93333   -97.30505 36.57268     623.259     948.662  900.267  289.884   90.190   -0.648   11.960 0.00000e+00
  116    17.95000   -97.30269 36.57594     581.784     905.252  904.838  290.267   88.882   -0.721   12.016 0.00000e+00
  117    17.96667   -97.30045 36.57910     543.058     865.899  908.928  290.664   86.982   -0.572   12.007 0.00000e+00
  118    17.98333   -97.29846 36.58211     509.640     832.864  912.409  291.028   84.840   -0.443   11.939 0.00000e+00
  119    18.00000   -97.29677 36.58504     481.879     805.724  915.368  291.322   83.215   -0.309   11.892 0.00000e+00
  120    18.01667   -97.29535 36.58794     461.035     785.333  917.684  291.546   82.010   -0.256   11.857 0.00000e+00
  121    18.03333   -97.29427 36.59078     447.301     767.235  919.776  291.747   80.950   -0.180   11.826 0.00000e+00
  122    18.05000   -97.29352 36.59361     438.225     752.466  921.292  291.858   81.124   -0.079   11.916 0.00000e+00
  123    18.06667   -97.29318 36.59647     434.221     743.187  922.266  291.926   81.218    0.107   11.967 0.00000e+00
  124    18.08333   -97.29318 36.59948     434.739     739.604  922.577  291.897   82.239    0.235   12.092 0.00000e+00
  125    18.10000   -97.29341 36.60262     444.167     745.008  921.972  291.810   83.081    0.427   12.157 0.00000e+00
  126    18.11667   -97.29364 36.60565     453.424     750.914  921.283  291.748   83.434    0.050   12.170 0.00000e+00
  127    18.13333   -97.29385 36.60849     444.244     740.436  922.403  291.789   84.365   -0.378   12.323 0.00000e+00
  128    18.15000   -97.29414 36.61124     411.345     706.301  926.055  292.077   84.046   -0.901   12.451 0.00000e+00
  129    18.16667   -97.29455 36.61407     354.518     648.541  932.271  292.633   82.032   -1.277   12.501 0.00000e+00
  130    18.18333   -97.29507 36.61698     281.780     575.845  940.146  293.338   79.271   -1.375   12.519 0.00000e+00
  131    18.20000   -97.29584 36.61980     210.162     504.226  947.931  294.044   76.407   -1.101   12.505 0.00000e+00
  132    18.21667   -97.29687 36.62240     149.792     443.875  954.517  294.642   73.947   -0.801   12.472 0.00000e+00
  133    18.23333   -97.29816 36.62478     100.809     395.178  959.915  295.092   72.210   -0.656   12.451 0.00000e+00
  134    18.25000   -97.29959 36.62717      67.849     362.505  963.515  295.464   70.930   -0.339   12.467 0.00000e+00
  135    18.26667   -97.30112 36.62960      51.865     346.813  965.213  295.763   70.382   -0.062   12.577 0.00000e+00
  136    18.28333   -97.30263 36.63194      45.368     340.596  965.901  296.088   69.952    0.066   12.744 0.00000e+00
  137    18.30000   -97.30403 36.63415      42.295     337.788  966.212  296.211   69.809    0.012   12.810 0.00000e+00
  138    18.31667   -97.30521 36.63624      35.268     331.012  966.942  296.274   69.615   -0.128   12.813 0.00000e+00
  139    18.33333   -97.30602 36.63821      28.064     324.053  967.707  296.512   68.967   -0.084   12.870 0.00000e+00
  140    18.35000   -97.30644 36.64010      23.614     319.890  968.153  296.840   68.065    0.031   12.952 0.00000e+00
  141    18.36667   -97.30669 36.64194      24.661     321.183  967.982  296.915   67.951    0.160   12.992 0.00000e+00
  142    18.38333   -97.30689 36.64378      35.063     331.789  966.806  296.553   68.546    0.281   12.835 0.00000e+00
  143    18.40000   -97.30712 36.64571      51.080     347.986  965.004  296.260   69.128    0.422   12.739 0.00000e+00
  144    18.41667   -97.30730 36.64772      77.098     373.798  962.142  295.968   69.987    0.644   12.706 0.00000e+00
  145    18.43333   -97.30754 36.64975     110.028     406.137  958.586  295.517   71.156    0.467   12.613 0.00000e+00
  146    18.45000   -97.30796 36.65181     126.373     421.875  956.869  295.286   71.461    0.166   12.511 0.00000e+00
  147    18.46667   -97.30823 36.65399     133.154     428.093  956.194  295.219   71.530    0.177   12.480 0.00000e+00
  148    18.48333   -97.30840 36.65625     144.145     438.973  954.971  295.136   71.861    0.317   12.490 0.00000e+00
  149    18.50000   -97.30851 36.65852     157.625     452.714  953.496  295.009   72.361    0.205   12.498 0.00000e+00
  150    18.51667   -97.30862 36.66064     159.473     454.789  953.192  294.983   72.507   -0.091   12.507 0.00000e+00
  151    18.53333   -97.30872 36.66256     151.521     447.031  954.090  295.070   72.182   -0.141   12.507 0.00000e+00
  152    18.55000   -97.30878 36.66433     145.394     441.316  954.700  295.128   71.896   -0.022   12.493 0.00000e+00
  153    18.56667   -97.30885 36.66601     138.787     435.282  955.345  295.172   71.604   -0.042   12.468 0.00000e+00
  154    18.58333   -97.30891 36.66766     125.636     422.676  956.676  295.211   71.372   -0.483   12.440 0.00000e+00
  155    18.60000   -97.30898 36.66932      99.881     397.451  959.469  295.451   70.505   -0.607   12.435 0.00000e+00
  156    18.61667   -97.30903 36.67104      76.466     374.594  961.913  295.815   69.124   -0.437   12.436 0.00000e+00
  157    18.63333   -97.30904 36.67290      69.698     369.310  962.454  296.184   67.651   -0.094   12.442 0.00000e+00
  158    18.65000   -97.30900 36.67503      78.934     380.861  961.180  296.350   66.799    0.385   12.427 0.00000e+00
  159    18.66667   -97.30904 36.67741     103.688     408.163  958.222  296.169   67.148    0.880   12.393 0.00000e+00
  160    18.68333   -97.30942 36.68005     154.376     461.514  952.407  295.668   68.692    1.602   12.370 0.00000e+00
  161    18.70000   -97.30981 36.68281     237.132     545.590  943.240  294.853   71.140    1.767   12.303 0.00000e+00
  162    18.71667   -97.31009 36.68550     333.748     643.424  932.672  293.856   74.566    1.443   12.261 0.00000e+00
  163    18.73333   -97.31007 36.68797     433.312     744.122  921.888  292.845   78.450    1.627   12.253 0.00000e+00
  164    18.75000   -97.30958 36.69020     536.462     847.951  910.801  291.812   82.669    1.786   12.248 0.00000e+00
  165    18.76667   -97.30845 36.69221     635.793     947.875  900.243  290.811   86.955    1.591   12.234 0.00000e+00
  166    18.78333   -97.30693 36.69407     711.878    1024.606  892.213  290.034   90.435    1.038   12.218 0.00000e+00
  167    18.80000   -97.30527 36.69569     741.956    1055.357  889.049  289.733   91.671    0.006   12.192 0.00000e+00
  168    18.81667   -97.30382 36.69725     716.471    1030.424  891.679  290.018   89.453   -0.771   12.080 0.00000e+00
  169    18.83333   -97.30267 36.69895     662.958     977.119  897.285  290.554   86.536   -0.950   12.017 0.00000e+00
  170    18.85000   -97.30181 36.70079     604.084     918.302  903.454  291.133   83.537   -0.882   11.953 0.00000e+00
  171    18.86667   -97.30113 36.70280     549.939     864.135  909.184  291.671   80.906   -0.601   11.902 0.00000e+00
  172    18.88333   -97.30052 36.70491     503.787     817.757  914.176  292.136   78.697   -0.614   11.856 0.00000e+00
  173    18.90000   -97.30006 36.70715     459.625     771.900  919.087  292.588   76.777   -0.594   11.836 0.00000e+00
  174    18.91667   -97.29976 36.70951     415.584     725.877  923.952  293.032   75.046   -0.663   11.832 0.00000e+00
  175    18.93333   -97.29958 36.71186     364.171     672.539  929.679  293.548   73.054   -0.776   11.822 0.00000e+00
  176    18.95000   -97.29945 36.71405     310.701     617.520  935.603  294.088   71.037   -0.843   11.813 0.00000e+00
  177    18.96667   -97.29940 36.71607     256.234     562.033  941.576  294.635   69.086   -0.859   11.809 0.00000e+00
  178    18.98333   -97.29945 36.71791     205.929     510.821  947.157  295.146   67.270   -0.865   11.797 0.00000e+00
