    0    16.01667   -97.46329 36.22322       3.414     378.357  961.405  294.018   81.741    0.001   13.167 0.00000e+00
    1    16.03333   -97.46239 36.22510       3.787     382.040  961.102  293.956   82.138    0.006   13.184 0.00000e+00
    2    16.05000   -97.46172 36.22683       4.486     384.728  960.908  293.894   82.387    0.016   13.176 0.00000e+00
    3    16.06667   -97.46137 36.22837       6.082     387.675  960.644  293.830   82.709    0.035   13.178 0.00000e+00
    4    16.08333   -97.46133 36.22978       7.910     390.266  960.535  293.762   83.008    0.049   13.171 0.00000e+00
    5    16.10000   -97.46148 36.23111      11.461     392.513  960.405  293.664   83.421    0.054   13.159 0.00000e+00
    6    16.11667   -97.46185 36.23244      15.874     394.706  960.115  293.664   83.363    0.108   13.153 0.00000e+00
    7    16.13333   -97.46220 36.23383      24.360     401.148  959.439  293.633   83.466    0.198   13.154 0.00000e+00
    8    16.15000   -97.46235 36.23531      40.389     415.203  957.900  293.506   83.858    0.391   13.133 0.00000e+00
    9    16.16667   -97.46208 36.23702      77.108     449.582  954.144  293.170   84.926    0.876   13.075 0.00000e+00
   10    16.18333   -97.46134 36.23927     139.098     508.794  947.448  292.499   87.500    1.379   13.009 0.00000e+00
   11    16.20000   -97.46024 36.24156     224.324     592.804  938.159  291.639   91.069    1.546   12.953 0.00000e+00
   12    16.21667   -97.45886 36.24395     309.097     677.034  929.018  290.818   94.884    1.507   12.938 0.00000e+00
   13    16.23333   -97.45724 36.24654     370.177     737.706  922.397  290.193   97.846    0.885   12.913 0.00000e+00
   14    16.25000   -97.45548 36.24940     400.657     768.234  919.112  289.856   99.380    0.159   12.883 1.27882e-03
   15    16.26667   -97.45369 36.25270     410.347     778.844  918.067  289.755   99.290   -0.073   12.803 6.01201e-03
   16    16.28333   -97.45203 36.25635     416.603     782.869  917.895  289.736   99.095    0.128   12.764 4.53535e-03
   17    16.30000   -97.45049 36.26026     429.561     790.437  917.007  289.641   99.533    0.398   12.755 7.32915e-03
   18    16.31667   -97.44901 36.26431     444.224     800.712  915.890  289.558   99.771    0.509   12.734 2.29023e-02
   19    16.33333   -97.44755 36.26843     460.594     811.445  914.752  289.479  100.000    0.598   12.719 3.81122e-02
   20    16.35000   -97.44598 36.27250     474.191     820.004  913.801  289.422  100.000    0.399   12.695 4.70534e-02
   21    16.36667   -97.44436 36.27647     476.882     819.246  913.902  289.414   99.956    0.139   12.667 2.45745e-02
   22    16.38333   -97.44276 36.28043     469.396     808.432  915.048  289.496   99.474   -0.059   12.657 2.17011e-03
   23    16.40000   -97.44131 36.28438     456.163     792.460  916.701  289.667   98.381   -0.226   12.633 2.91211e-08
   24    16.41667   -97.44012 36.28829     440.953     775.718  918.429  289.846   97.302   -0.272   12.615 0.00000e+00
   25    16.43333   -97.43903 36.29219     428.992     762.667  919.886  289.990   96.509   -0.165   12.608 0.00000e+00
   26    16.45000   -97.43794 36.29602     425.908     758.018  920.442  290.044   96.207   -0.078   12.604 0.00000e+00
   27    16.46667   -97.43674 36.29979     424.300     754.728  920.798  290.076   96.044   -0.224   12.603 0.00000e+00
   28    16.48333   -97.43546 36.30347     409.224     737.103  922.773  290.265   95.054   -0.586   12.598 0.00000e+00
   29    16.50000   -97.43427 36.30711     374.999     702.989  926.290  290.612   93.246   -1.112   12.586 0.00000e+00
   30    16.51667   -97.43329 36.31066     343.565     673.592  929.488  290.951   91.374   -0.762   12.559 0.00000e+00
   31    16.53333   -97.43244 36.31410     328.119     659.623  931.058  291.117   90.448   -0.120   12.542 0.00000e+00
   32    16.55000   -97.43154 36.31742     325.876     658.323  931.187  291.135   90.317    0.019   12.537 0.00000e+00
   33    16.56667   -97.43050 36.32073     327.032     660.857  930.864  291.126   90.256   -0.044   12.525 0.00000e+00
   34    16.58333   -97.42924 36.32404     331.456     663.846  930.667  291.120   90.309    0.045   12.530 0.00000e+00
   35    16.60000   -97.42784 36.32736     338.043     667.836  930.245  291.096   90.438   -0.034   12.535 0.00000e+00
   36    16.61667   -97.42633 36.33069     343.615     670.468  930.000  291.102   90.278   -0.071   12.521 0.00000e+00
   37    16.63333   -97.42483 36.33403     349.699     672.505  929.728  291.123   89.958    0.049   12.497 0.00000e+00
   38    16.65000   -97.42342 36.33741     359.956     678.969  929.031  291.090   90.115    0.279   12.502 0.00000e+00
   39    16.66667   -97.42223 36.34073     373.273     689.364  927.926  290.955   91.089    0.344   12.544 0.00000e+00
   40    16.68333   -97.42144 36.34401     383.708     696.874  927.182  290.866   91.723    0.377   12.570 0.00000e+00
   41    16.70000   -97.42090 36.34727     393.972     704.576  926.207  290.791   92.485    0.210   12.628 0.00000e+00
   42    16.71667   -97.42052 36.35049     396.378     706.711  925.955  290.785   92.581   -0.010   12.640 0.00000e+00
   43    16.73333   -97.42019 36.35382     385.294     695.421  927.124  290.921   91.724   -0.434   12.615 0.00000e+00
   44    16.75000   -97.41985 36.35728     357.250     670.437  929.678  291.191   90.228   -0.727   12.590 0.00000e+00
   45    16.76667   -97.41948 36.36081     324.797     642.719  932.655  291.477   88.744   -0.587   12.568 0.00000e+00
   46    16.78333   -97.41895 36.36438     301.553     623.449  934.832  291.669   88.008   -0.285   12.586 0.00000e+00
   47    16.80000   -97.41821 36.36786     286.238     609.960  936.371  291.792   87.564   -0.161   12.600 0.00000e+00
   48    16.81667   -97.41729 36.37121     273.641     599.014  937.559  291.883   87.182   -0.130   12.601 0.00000e+00
   49    16.83333   -97.41624 36.37441     260.547     587.722  938.782  292.002   86.690   -0.128   12.607 0.00000e+00
   50    16.85000   -97.41519 36.37745     246.744     575.527  940.134  292.120   86.264   -0.121   12.621 0.00000e+00
   51    16.86667   -97.41424 36.38041     233.642     563.578  941.445  292.234   85.782   -0.129   12.623 0.00000e+00
   52    16.88333   -97.41339 36.38332     220.700     550.120  943.037  292.375   85.172   -0.140   12.624 0.00000e+00
   53    16.90000   -97.41268 36.38620     210.440     538.699  944.358  292.501   84.608   -0.123   12.622 0.00000e+00
   54    16.91667   -97.41210 36.38911     202.973     529.446  945.384  292.604   84.101   -0.061   12.614 0.00000e+00
   55    16.93333   -97.41158 36.39201     198.065     522.217  946.160  292.686   83.672   -0.052   12.604 0.00000e+00
   56    16.95000   -97.41109 36.39491     191.228     513.225  947.177  292.792   83.102   -0.105   12.588 0.00000e+00
   57    16.96667   -97.41068 36.39779     179.977     499.989  948.582  292.961   82.318   -0.222   12.583 0.00000e+00
   58    16.98333   -97.41040 36.40069     163.904     482.176  950.483  293.143   81.497   -0.491   12.575 0.00000e+00
   59    17.00000   -97.41030 36.40372     142.663     459.247  952.999  293.362   80.621   -0.646   12.577 0.00000e+00
   60    17.01667   -97.41036 36.40694     118.685     433.652  955.817  293.676   79.503   -0.630   12.611 0.00000e+00
   61    17.03333   -97.41069 36.41039      93.020     406.391  958.811  293.988   78.440   -0.388   12.647 0.00000e+00
   62    17.05000   -97.41138 36.41400      81.635     393.503  960.250  294.200   77.997    0.037   12.722 0.00000e+00
   63    17.06667   -97.41212 36.41766      96.183     406.990  958.783  294.216   78.213    0.348   12.790 0.00000e+00
   64    17.08333   -97.41267 36.42085     126.457     436.377  955.511  293.966   79.254    0.417   12.805 0.00000e+00
   65    17.10000   -97.41315 36.42389     143.162     453.669  953.554  293.828   79.851   -0.121   12.817 0.00000e+00
   66    17.11667   -97.41344 36.42687     130.065     441.644  954.885  293.954   79.406   -0.655   12.828 0.00000e+00
   67    17.13333   -97.41335 36.42984     101.992     414.427  957.893  294.230   78.358   -0.680   12.837 0.00000e+00
   68    17.15000   -97.41274 36.43282      82.107     395.588  959.983  294.388   77.642   -0.348   12.817 0.00000e+00
   69    17.16667   -97.41203 36.43565      89.160     403.497  959.135  294.539   77.488    0.284   12.923 0.00000e+00
   70    17.18333   -97.41145 36.43810     120.637     435.617  955.607  294.319   78.462    0.629   12.957 0.00000e+00
   71    17.20000   -97.41100 36.44043     165.445     480.670  950.640  293.809   80.045    0.614   12.873 0.00000e+00
   72    17.21667   -97.41066 36.44272     220.049     535.596  944.622  293.284   82.098    1.010   12.860 0.00000e+00
   73    17.23333   -97.41042 36.44493     293.529     609.507  936.481  292.548   85.109    1.480   12.842 0.00000e+00
   74    17.25000   -97.41026 36.44704     381.264     697.902  926.909  291.668   88.916    1.720   12.825 0.00000e+00
   75    17.26667   -97.41008 36.44916     460.577     778.679  918.217  290.822   92.587    1.459   12.778 0.00000e+00
   76    17.28333   -97.40983 36.45144     503.228     822.900  913.523  290.380   94.594    1.032   12.758 0.00000e+00
   77    17.30000   -97.40941 36.45400     516.120     837.574  911.995  290.317   94.225    0.243   12.678 0.00000e+00
   78    17.31667   -97.40887 36.45671     500.310     819.438  914.125  290.520   93.216   -0.251   12.677 0.00000e+00
   79    17.33333   -97.40829 36.45950     466.768     780.967  918.249  290.931   90.668   -0.484   12.600 0.00000e+00
   80    17.35000   -97.40788 36.46224     410.953     720.330  924.724  291.528   88.048   -1.076   12.618 0.00000e+00
   81    17.36667   -97.40761 36.46500     327.192     633.291  934.097  292.393   83.961   -1.502   12.579 0.00000e+00
   82    17.38333   -97.40723 36.46774     239.591     543.286  943.893  293.284   79.804   -1.350   12.510 0.00000e+00
   83    17.40000   -97.40678 36.47047     170.300     471.308  951.796  294.000   76.663   -0.916   12.461 0.00000e+00
   84    17.41667   -97.40633 36.47321     124.142     423.081  957.015  294.469   74.569   -0.665   12.410 0.00000e+00
   85    17.43333   -97.40591 36.47597      89.965     387.727  960.856  294.810   73.010   -0.498   12.360 0.00000e+00
   86    17.45000   -97.40559 36.47878      66.272     363.189  963.525  295.064   71.935   -0.368   12.335 0.00000e+00
   87    17.46667   -97.40539 36.48167      50.315     345.977  965.457  295.349   71.078   -0.192   12.379 0.00000e+00
   88    17.48333   -97.40523 36.48454      41.406     335.398  966.650  295.594   70.306   -0.094   12.416 0.00000e+00
   89    17.50000   -97.40520 36.48732      33.553     325.919  967.697  295.718   69.560   -0.219   12.364 0.00000e+00
   90    17.51667   -97.40524 36.48984      25.965     318.250  968.460  295.929   68.842   -0.240   12.386 0.00000e+00
   91    17.53333   -97.40540 36.49211      19.690     312.779  969.035  296.249   68.451   -0.104   12.553 0.00000e+00
   92    17.55000   -97.40575 36.49420      18.292     312.154  969.108  296.494   68.415   -0.001   12.734 0.00000e+00
   93    17.56667   -97.40614 36.49614      29.541     324.128  967.729  296.518   68.918    0.383   12.865 0.00000e+00
   94    17.58333   -97.40619 36.49810      73.598     369.161  962.776  296.042   70.675    1.314   12.881 0.00000e+00
   95    17.60000   -97.40583 36.50039     151.245     447.875  954.119  295.109   73.664    1.634   12.793 0.00000e+00
   96    17.61667   -97.40505 36.50283     236.626     533.866  944.763  294.250   76.740    1.778   12.764 0.00000e+00
   97    17.63333   -97.40373 36.50525     305.444     602.359  937.262  293.398   79.528    1.136   12.646 0.00000e+00
   98    17.65000   -97.40211 36.50779     348.341     645.198  932.508  292.814   81.252    0.662   12.520 0.00000e+00
   99    17.66667   -97.40065 36.51044     373.056     670.532  929.749  292.488   82.422    0.499   12.481 0.00000e+00
  100    17.68333   -97.39947 36.51314     387.704     685.802  928.161  292.248   83.211    0.119   12.433 0.00000e+00
  101    17.70000   -97.39851 36.51576     402.726     701.715  926.403  292.059   84.024    0.100   12.429 0.00000e+00
  102    17.71667   -97.39754 36.51839     417.083     717.345  924.719  291.914   84.496    0.069   12.408 0.00000e+00
  103    17.73333   -97.39658 36.52108     421.786     723.728  924.001  291.857   84.627   -0.077   12.392 0.00000e+00
  104    17.75000   -97.39571 36.52383     409.532     714.255  924.996  291.958   84.070   -0.260   12.376 0.00000e+00
  105    17.76667   -97.39507 36.52664     389.334     697.297  926.802  292.081   83.518   -0.407   12.366 0.00000e+00
  106    17.78333   -97.39466 36.52944     367.126     678.294  928.859  292.293   82.703   -0.200   12.383 0.00000e+00
  107    17.80000   -97.39453 36.53220     345.248     657.696  931.170  292.570   81.827   -0.153   12.435 0.00000e+00
  108    17.81667   -97.39453 36.53487     309.719     622.859  934.876  292.916   80.350   -0.615   12.429 0.00000e+00
  109    17.83333   -97.39438 36.53747     260.014     573.921  940.198  293.409   78.197   -0.851   12.404 0.00000e+00
  110    17.85000   -97.39403 36.54003     222.575     536.891  944.230  293.789   76.781   -0.704   12.417 0.00000e+00
  111    17.86667   -97.39362 36.54260     220.645     535.078  944.437  293.980   76.680    0.502   12.546 0.00000e+00
  112    17.88333   -97.39317 36.54515     272.914     587.375  938.775  293.692   78.596    2.039   12.708 0.00000e+00
  113    17.90000   -97.39264 36.54768     362.276     677.163  928.999  292.845   81.754    2.087   12.670 0.00000e+00
  114    17.91667   -97.39193 36.55025     454.510     770.715  918.969  291.959   85.081    2.028   12.609 0.00000e+00
  115    17.93333   -97.39120 36.55300     551.232     868.954  908.481  291.008   89.087    2.077   12.576 0.00000e+00
  116    17.95000   -97.39026 36.55589     666.473     985.788  896.124  289.867   94.282    2.405   12.547 0.00000e+00
  117    17.96667   -97.38894 36.55880     787.318    1108.121  883.338  288.723  100.000    2.377   12.549 3.95799e-02
  118    17.98333   -97.38742 36.56159     897.294    1219.930  871.778  288.202  100.000    2.503   12.307 2.79525e-01
  119    18.00000   -97.38580 36.56417    1018.774    1342.695  859.330  287.422  100.000    2.957   11.872 3.96335e-01
  120    18.01667   -97.38360 36.56670    1159.445    1483.426  845.103  286.572  100.000    2.968   11.421 5.63652e-01
  121    18.03333   -97.38065 36.56932    1273.993    1598.403  833.672  285.981  100.000    2.929   11.138 7.31783e-01
  122    18.05000   -97.37731 36.57202    1363.885    1689.469  824.627  285.526  100.000    2.908   10.928 8.26601e-01
  123    18.06667   -97.37378 36.57478    1454.850    1783.708  815.405  284.853  100.000    2.699   10.571 7.89243e-01
  124    18.08333   -97.37028 36.57751    1549.243    1880.828  806.033  284.184  100.000    2.225   10.229 7.78202e-01
  125    18.10000   -97.36687 36.58013    1613.399    1946.592  799.813  283.705  100.000    1.528    9.984 7.15355e-01
  126    18.11667   -97.36348 36.58272    1635.421    1968.601  797.658  283.542  100.000    0.036    9.902 6.09516e-01
  127    18.13333   -97.36003 36.58542    1602.277    1935.457  800.869  283.472  100.000   -1.573    9.815 3.55467e-01
  128    18.15000   -97.35664 36.58824    1524.187    1858.139  808.266  283.622  100.000   -1.811    9.819 4.98669e-02
  129    18.16667   -97.35349 36.59130    1444.739    1779.270  816.070  284.283   96.428   -1.009    9.787 1.34711e-03
  130    18.18333   -97.35052 36.59477    1406.058    1737.099  820.324  284.754   93.219   -0.291    9.712 0.00000e+00
  131    18.20000   -97.34743 36.59863    1399.981    1722.891  821.808  284.715   95.649   -0.098    9.921 1.74334e-03
  132    18.21667   -97.34397 36.60263    1397.743    1710.395  822.899  284.787   95.470   -0.446    9.937 3.24107e-04
  133    18.23333   -97.34044 36.60648    1381.986    1689.366  824.883  284.992   94.072   -0.345    9.902 0.00000e+00
  134    18.25000   -97.33705 36.61010    1360.968    1664.534  827.311  285.207   93.533   -0.122    9.957 0.00000e+00
  135    18.26667   -97.33375 36.61356    1335.906    1636.033  830.098  285.372   93.187   -0.208    9.995 0.00000e+00
  136    18.28333   -97.33058 36.61690    1310.675    1608.894  832.821  285.579   92.928   -0.083   10.071 0.00000e+00
  137    18.30000   -97.32753 36.62015    1289.105    1585.461  835.111  285.688   93.294   -0.095   10.157 0.00000e+00
  138    18.31667   -97.32457 36.62331    1263.320    1558.907  837.727  285.896   92.513   -0.237   10.178 0.00000e+00
  139    18.33333   -97.32168 36.62641    1235.715    1530.956  840.549  286.140   91.470   -0.287   10.192 0.00000e+00
  140    18.35000   -97.31882 36.62946    1212.223    1507.228  842.912  286.358   90.383   -0.303   10.187 0.00000e+00
  141    18.36667   -97.31592 36.63253    1194.201    1489.501  844.680  286.542   89.292   -0.271   10.166 0.00000e+00
  142    18.38333   -97.31287 36.63565    1180.440    1476.115  846.003  286.665   88.716   -0.239   10.166 0.00000e+00
  143    18.40000   -97.30972 36.63884    1168.800    1464.780  847.137  286.811   87.709   -0.216   10.134 0.00000e+00
  144    18.41667   -97.30654 36.64209    1163.343    1459.917  847.605  286.901   87.021   -0.053   10.108 0.00000e+00
  145    18.43333   -97.30338 36.64542    1174.901    1473.217  846.272  286.818   87.001    0.352   10.067 0.00000e+00
  146    18.45000   -97.30019 36.64886    1203.325    1500.560  843.616  286.593   87.726    0.432   10.034 0.00000e+00
  147    18.46667   -97.29712 36.65239    1227.097    1523.159  841.349  286.389   88.519    0.138   10.017 0.00000e+00
  148    18.48333   -97.29436 36.65596    1235.777    1532.140  840.406  286.308   88.683   -0.054    9.993 0.00000e+00
  149    18.50000   -97.29198 36.65951    1234.214    1532.411  840.368  286.336   88.221   -0.032    9.960 0.00000e+00
  150    18.51667   -97.29000 36.66298    1230.343    1530.455  840.567  286.344   88.465    0.123    9.991 0.00000e+00
  151    18.53333   -97.28822 36.66641    1232.314    1534.385  840.202  286.261   89.138    0.347   10.016 0.00000e+00
  152    18.55000   -97.28650 36.66986    1246.959    1550.466  838.633  286.061   90.524    0.686   10.058 0.00000e+00
  153    18.56667   -97.28481 36.67339    1265.151    1570.062  836.694  285.819   92.267    0.509   10.112 0.00000e+00
  154    18.58333   -97.28304 36.67697    1271.636    1578.059  835.897  285.673   93.748    0.257   10.186 0.00000e+00
  155    18.60000   -97.28117 36.68045    1267.382    1574.859  836.222  285.758   92.770   -0.026   10.132 0.00000e+00
  156    18.61667   -97.27924 36.68373    1259.003    1567.043  837.004  285.880   91.750   -0.140   10.092 0.00000e+00
  157    18.63333   -97.27729 36.68678    1248.453    1557.059  838.006  285.998   91.017   -0.114   10.078 0.00000e+00
  158    18.65000   -97.27534 36.68960    1233.630    1542.924  839.414  286.143   90.232   -0.121   10.070 0.00000e+00
  159    18.66667   -97.27336 36.69221    1214.933    1524.855  841.176  286.351   88.794   -0.118   10.025 0.00000e+00
  160    18.68333   -97.27132 36.69462    1194.948    1505.479  843.138  286.504   88.208   -0.191   10.036 0.00000e+00
  161    18.70000   -97.26933 36.69695    1180.651    1491.314  844.649  286.624   87.973   -0.123   10.070 0.00000e+00
  162    18.71667   -97.26755 36.69925    1185.062    1494.647  844.361  286.607   87.928    0.106   10.057 0.00000e+00
  163    18.73333   -97.26590 36.70154    1207.759    1515.878  842.251  286.406   88.870    0.224   10.057 0.00000e+00
  164    18.75000   -97.26440 36.70380    1240.044    1546.538  839.187  286.125   90.299    0.432   10.068 0.00000e+00
  165    18.76667   -97.26293 36.70610    1274.403    1578.527  836.033  285.751   93.055    0.900   10.161 0.00000e+00
  166    18.78333   -97.26131 36.70847    1304.839    1606.400  833.188  285.357   96.777    0.949   10.332 6.65990e-03
  167    18.80000   -97.25930 36.71088    1304.532    1604.754  833.294  285.329   98.610    0.270   10.506 5.17405e-02
  168    18.81667   -97.25703 36.71317    1269.431    1569.565  836.744  285.523   98.376   -0.583   10.573 0.00000e+00
  169    18.83333   -97.25465 36.71531    1225.331    1527.137  840.893  285.984   95.293   -0.852   10.505 0.00000e+00
  170    18.85000   -97.25229 36.71732    1187.658    1491.487  844.486  286.458   91.725   -0.620   10.387 0.00000e+00
  171    18.86667   -97.25015 36.71927    1155.577    1460.686  847.640  286.832   89.326   -0.436   10.329 0.00000e+00
  172    18.88333   -97.24828 36.72126    1121.446    1427.587  851.032  287.172   87.616   -0.434   10.317 0.00000e+00
  173    18.90000   -97.24655 36.72332    1084.253    1390.252  854.839  287.520   86.123   -0.579   10.328 0.00000e+00
  174    18.91667   -97.24488 36.72547    1041.340    1346.464  859.332  287.932   84.594   -0.746   10.365 0.00000e+00
  175    18.93333   -97.24316 36.72768    1009.685    1313.456  862.675  288.243   83.525   -0.535   10.402 0.00000e+00
  176    18.95000   -97.24146 36.72986     996.808    1299.320  864.142  288.316   84.012   -0.127   10.495 0.00000e+00
  177    18.96667   -97.23985 36.73198     994.788    1296.522  864.375  288.301   84.512    0.317   10.543 0.00000e+00
  178    18.98333   -97.23828 36.73391     998.022    1299.209  864.098  288.202   85.687    0.255   10.625 0.00000e+00
