    0    16.01667   -97.51663 36.25876      78.168     435.405  955.375  292.633   86.322    0.030   12.834 0.00000e+00
    1    16.03333   -97.51682 36.26239      77.163     436.309  955.215  292.608   86.409    0.026   12.828 0.00000e+00
    2    16.05000   -97.51746 36.26563      73.062     434.568  955.415  292.637   86.335   -0.028   12.838 0.00000e+00
    3    16.06667   -97.51854 36.26863      70.508     434.843  955.371  292.627   86.354    0.064   12.834 0.00000e+00
    4    16.08333   -97.51992 36.27137      80.748     447.928  954.021  292.502   86.873    0.306   12.828 0.00000e+00
    5    16.10000   -97.52125 36.27383      89.628     455.581  953.217  292.434   87.149   -0.171   12.825 0.00000e+00
    6    16.11667   -97.52251 36.27606      78.524     442.733  954.666  292.596   86.415   -0.202   12.827 0.00000e+00
    7    16.13333   -97.52368 36.27820      77.570     440.315  954.937  292.651   86.241    0.141   12.842 0.00000e+00
    8    16.15000   -97.52456 36.28020      86.656     448.230  954.103  292.599   86.659    0.174   12.874 0.00000e+00
    9    16.16667   -97.52514 36.28199      90.906     451.561  953.722  292.622   86.524    0.032   12.878 0.00000e+00
   10    16.18333   -97.52551 36.28372      87.410     447.329  954.206  292.720   85.909   -0.182   12.858 0.00000e+00
   11    16.20000   -97.52584 36.28540      75.411     434.658  955.585  292.861   85.218   -0.148   12.849 0.00000e+00
   12    16.21667   -97.52618 36.28707      60.905     419.549  957.301  293.036   84.564   -0.167   12.868 0.00000e+00
   13    16.23333   -97.52654 36.28870      48.928     406.973  958.681  293.208   83.962   -0.221   12.896 0.00000e+00
   14    16.25000   -97.52702 36.29021      37.945     395.250  959.984  293.364   83.330   -0.194   12.906 0.00000e+00
   15    16.26667   -97.52769 36.29165      29.563     386.005  960.980  293.599   82.512   -0.088   12.955 0.00000e+00
   16    16.28333   -97.52858 36.29316      29.759     385.020  961.070  293.741   82.035    0.151   12.993 0.00000e+00
   17    16.30000   -97.52925 36.29497      44.164     398.095  959.598  293.678   82.345    0.381   13.011 0.00000e+00
   18    16.31667   -97.52945 36.29720      70.571     423.452  956.736  293.404   83.312    0.467   12.980 0.00000e+00
   19    16.33333   -97.52930 36.29977      95.683     448.129  954.004  293.129   84.318    0.326   12.950 0.00000e+00
   20    16.35000   -97.52901 36.30254     110.760     462.804  952.400  292.965   84.851    0.080   12.921 0.00000e+00
   21    16.36667   -97.52870 36.30539     111.385     462.622  952.514  292.940   84.721   -0.046   12.880 0.00000e+00
   22    16.38333   -97.52838 36.30833     105.056     453.540  953.555  293.028   84.139   -0.142   12.847 0.00000e+00
   23    16.40000   -97.52816 36.31133      97.741     443.211  954.654  293.123   83.523   -0.142   12.814 0.00000e+00
   24    16.41667   -97.52814 36.31443      93.654     436.638  955.318  293.146   83.318    0.077   12.793 0.00000e+00
   25    16.43333   -97.52844 36.31757     110.361     452.279  953.663  292.958   84.138    0.720   12.790 0.00000e+00
   26    16.45000   -97.52853 36.32053     150.819     491.659  949.362  292.563   85.834    1.090   12.786 0.00000e+00
   27    16.46667   -97.52840 36.32324     192.372     533.618  944.670  292.185   87.431    0.876   12.782 0.00000e+00
   28    16.48333   -97.52811 36.32562     221.962     564.438  941.302  291.955   88.599    0.568   12.812 0.00000e+00
   29    16.50000   -97.52757 36.32782     247.254     590.638  938.480  291.776   89.431    0.569   12.826 0.00000e+00
   30    16.51667   -97.52645 36.33017     271.026     614.708  935.864  291.577   90.192    0.181   12.810 0.00000e+00
   31    16.53333   -97.52487 36.33290     282.985     626.396  934.536  291.462   90.499   -0.218   12.779 0.00000e+00
   32    16.55000   -97.52328 36.33614     288.254     632.605  933.756  291.395   90.873   -0.295   12.787 0.00000e+00
   33    16.56667   -97.52198 36.33970     302.459     648.277  932.168  291.278   91.144    0.530   12.753 0.00000e+00
   34    16.58333   -97.52116 36.34322     339.372     684.961  928.263  290.888   92.991    1.065   12.747 0.00000e+00
   35    16.60000   -97.52064 36.34645     384.463     729.292  923.562  290.445   95.249    1.032   12.758 0.00000e+00
   36    16.61667   -97.52015 36.34933     423.306     765.349  919.699  290.080   97.088    0.682   12.759 0.00000e+00
   37    16.63333   -97.51953 36.35186     450.475     789.596  917.030  289.838   98.294    0.479   12.756 0.00000e+00
   38    16.65000   -97.51872 36.35424     471.387     807.930  915.090  289.697   98.790    0.469   12.732 0.00000e+00
   39    16.66667   -97.51769 36.35663     493.682     827.997  912.933  289.554   99.140    0.300   12.691 3.09283e-04
   40    16.68333   -97.51659 36.35906     519.638     851.828  910.435  289.402   99.450    0.150   12.642 2.63673e-03
   41    16.70000   -97.51540 36.36159     555.858     885.717  906.804  289.288   99.768    0.585   12.640 3.58228e-02
   42    16.71667   -97.51378 36.36425     613.737     941.174  900.898  289.045  100.000    1.086   12.572 1.27189e-01
   43    16.73333   -97.51155 36.36729     678.143    1003.379  894.287  288.758  100.000    0.761   12.435 2.63135e-01
   44    16.75000   -97.50890 36.37065     723.837    1047.668  889.590  288.509  100.000    0.102   12.302 3.35984e-01
   45    16.76667   -97.50611 36.37413     741.070    1067.243  887.439  288.402  100.000   -0.130   12.247 3.59524e-01
   46    16.78333   -97.50336 36.37742     751.581    1081.065  885.984  288.293  100.000    0.152   12.180 3.04541e-01
   47    16.80000   -97.50031 36.38049     763.658    1094.583  884.680  288.139  100.000    0.106   12.078 2.00529e-01
   48    16.81667   -97.49669 36.38356     779.188    1110.925  882.888  288.036  100.000    0.146   12.022 1.89434e-01
   49    16.83333   -97.49256 36.38683     793.793    1127.608  881.207  287.927  100.000    0.219   11.961 1.72926e-01
   50    16.85000   -97.48839 36.39036     810.111    1144.350  879.477  287.835  100.000    0.443   11.912 1.49903e-01
   51    16.86667   -97.48445 36.39415     826.953    1163.967  877.384  287.690  100.000    0.525   11.829 1.29020e-01
   52    16.88333   -97.48076 36.39807     841.127    1180.386  875.821  287.575  100.000    0.442   11.762 1.00548e-01
   53    16.90000   -97.47729 36.40197     842.496    1179.526  876.003  287.555  100.000    0.055   11.741 5.75647e-02
   54    16.91667   -97.47407 36.40570     822.090    1156.365  878.367  287.701   99.508   -0.280   11.748 1.07705e-02
   55    16.93333   -97.47102 36.40924     787.233    1120.880  881.999  287.985   98.296   -0.375   11.772 4.12384e-03
   56    16.95000   -97.46806 36.41262     748.142    1083.295  885.880  288.265   97.508   -0.314   11.840 0.00000e+00
   57    16.96667   -97.46507 36.41595     721.201    1056.932  888.764  288.480   96.778   -0.007   11.877 0.00000e+00
   58    16.98333   -97.46192 36.41925     718.809    1051.862  889.402  288.516   96.834    0.324   11.903 0.00000e+00
   59    17.00000   -97.45858 36.42257     742.548    1069.655  887.536  288.375   97.329    0.515   11.881 0.00000e+00
   60    17.01667   -97.45518 36.42595     782.348    1104.515  883.922  288.052   98.947    0.531   11.876 8.72498e-04
   61    17.03333   -97.45181 36.42936     824.412    1142.511  879.871  287.781   99.666    0.414   11.808 1.70959e-02
   62    17.05000   -97.44846 36.43274     848.682    1164.446  877.644  287.639  100.000    0.062   11.770 2.85676e-02
   63    17.06667   -97.44508 36.43607     838.799    1152.066  878.919  287.714   99.892   -0.541   11.796 1.23300e-03
   64    17.08333   -97.44179 36.43935     787.007    1099.190  884.321  288.214   97.183   -1.160   11.782 0.00000e+00
   65    17.10000   -97.43862 36.44263     707.381    1019.214  892.687  288.978   93.335   -1.403   11.777 0.00000e+00
   66    17.11667   -97.43564 36.44589     625.603     937.480  901.232  289.758   89.640   -1.276   11.778 0.00000e+00
   67    17.13333   -97.43288 36.44910     560.764     874.079  907.961  290.336   87.208   -0.796   11.802 0.00000e+00
   68    17.15000   -97.43039 36.45224     524.070     838.304  911.797  290.655   85.887   -0.317   11.811 0.00000e+00
   69    17.16667   -97.42818 36.45536     515.144     829.392  912.904  290.732   85.515    0.101   11.803 0.00000e+00
   70    17.18333   -97.42628 36.45848     525.911     836.812  912.111  290.598   86.831    0.154   11.893 0.00000e+00
   71    17.20000   -97.42458 36.46153     546.020     853.810  910.274  290.396   88.686    0.334   12.016 0.00000e+00
   72    17.21667   -97.42285 36.46442     572.361     878.291  907.674  290.142   90.169    0.314   12.055 0.00000e+00
   73    17.23333   -97.42125 36.46708     589.476     894.271  906.020  290.012   90.555    0.283   12.029 0.00000e+00
   74    17.25000   -97.41986 36.46926     606.132     909.379  904.378  289.813   92.377    0.477   12.138 0.00000e+00
   75    17.26667   -97.41840 36.47095     643.243     945.562  900.440  289.447   94.659    0.717   12.202 0.00000e+00
   76    17.28333   -97.41682 36.47212     704.013    1006.515  894.026  288.881   97.395    1.383   12.194 2.30816e-04
   77    17.30000   -97.41501 36.47301     763.288    1066.230  887.820  288.470  100.000    0.989   12.295 1.05136e-01
   78    17.31667   -97.41345 36.47427     788.515    1091.265  885.247  288.410  100.000   -0.385   12.284 2.06960e-01
   79    17.33333   -97.41216 36.47572     756.115    1058.051  888.766  288.501  100.000   -1.356   12.305 7.37052e-02
   80    17.35000   -97.41105 36.47710     691.952     992.547  895.608  289.033   96.480   -1.656   12.176 0.00000e+00
   81    17.36667   -97.41014 36.47856     617.157     916.077  903.698  289.763   94.041   -1.263   12.327 0.00000e+00
   82    17.38333   -97.40941 36.48023     550.080     847.561  910.966  290.376   92.034   -1.037   12.445 0.00000e+00
   83    17.40000   -97.40877 36.48209     485.619     781.948  917.948  290.971   89.537   -1.118   12.478 0.00000e+00
   84    17.41667   -97.40818 36.48413     412.029     707.125  925.969  291.677   86.519   -1.230   12.500 0.00000e+00
   85    17.43333   -97.40780 36.48640     340.190     633.963  933.890  292.394   83.391   -1.096   12.497 0.00000e+00
   86    17.45000   -97.40765 36.48877     280.171     573.037  940.442  292.974   81.141   -0.867   12.522 0.00000e+00
   87    17.46667   -97.40762 36.49105     234.479     527.937  945.335  293.410   79.440   -0.594   12.533 0.00000e+00
   88    17.48333   -97.40761 36.49332     207.001     501.115  948.268  293.679   78.381   -0.229   12.535 0.00000e+00
   89    17.50000   -97.40752 36.49554     199.313     494.047  949.041  293.764   77.939    0.091   12.520 0.00000e+00
   90    17.51667   -97.40726 36.49776     202.708     498.437  948.555  293.747   78.041    0.007   12.530 0.00000e+00
   91    17.53333   -97.40675 36.49998     192.226     489.167  949.649  293.908   77.396   -0.125   12.537 0.00000e+00
   92    17.55000   -97.40606 36.50220     184.349     482.112  950.401  293.979   77.272   -0.301   12.562 0.00000e+00
   93    17.56667   -97.40513 36.50438     150.630     448.643  954.088  294.263   76.319   -0.795   12.579 0.00000e+00
   94    17.58333   -97.40417 36.50655      98.774     396.598  959.801  294.687   74.669   -1.194   12.559 0.00000e+00
   95    17.60000   -97.40348 36.50888      46.440     344.480  965.532  295.295   72.527   -0.699   12.589 0.00000e+00
   96    17.61667   -97.40331 36.51152      24.123     322.986  967.901  295.944   70.772   -0.018   12.753 0.00000e+00
   97    17.63333   -97.40324 36.51406      38.625     338.199  966.228  296.039   70.582    0.709   12.815 0.00000e+00
   98    17.65000   -97.40255 36.51632      95.329     394.738  959.904  295.386   72.690    1.384   12.763 0.00000e+00
   99    17.66667   -97.40114 36.51814     151.902     451.627  953.577  294.807   74.647    0.560   12.732 0.00000e+00
  100    17.68333   -97.39948 36.52002     155.583     456.207  953.045  294.724   74.588   -0.462   12.664 0.00000e+00
  101    17.70000   -97.39795 36.52218     120.925     423.118  956.625  294.955   73.475   -0.775   12.606 0.00000e+00
  102    17.71667   -97.39687 36.52462      92.347     397.137  959.458  295.210   72.451   -0.203   12.590 0.00000e+00
  103    17.73333   -97.39616 36.52724      97.982     405.719  958.498  295.314   72.387    0.597   12.672 0.00000e+00
  104    17.75000   -97.39568 36.52992     128.938     439.609  954.804  295.062   73.554    0.755   12.728 0.00000e+00
  105    17.76667   -97.39549 36.53259     178.312     490.077  949.300  294.657   75.468    1.229   12.811 0.00000e+00
  106    17.78333   -97.39558 36.53515     252.739     565.116  941.140  293.926   78.409    1.665   12.832 0.00000e+00
  107    17.80000   -97.39588 36.53765     330.870     643.644  932.615  293.149   81.610    1.611   12.841 0.00000e+00
  108    17.81667   -97.39641 36.54016     390.524     703.139  926.220  292.566   83.708    1.197   12.787 0.00000e+00
  109    17.83333   -97.39716 36.54269     433.686     745.895  921.615  292.087   84.819    0.832   12.635 0.00000e+00
  110    17.85000   -97.39777 36.54509     473.052     785.030  917.450  291.681   86.068    0.873   12.553 0.00000e+00
  111    17.86667   -97.39829 36.54730     516.119     828.149  912.845  291.234   86.713    0.731   12.357 0.00000e+00
  112    17.88333   -97.39864 36.54940     555.170     867.743  908.629  290.854   87.536    0.872   12.234 0.00000e+00
  113    17.90000   -97.39871 36.55145     607.170     920.435  903.019  290.332   89.639    1.030   12.195 0.00000e+00
  114    17.91667   -97.39857 36.55351     676.479     990.567  895.675  289.655   92.706    1.190   12.177 0.00000e+00
  115    17.93333   -97.39833 36.55566     753.230    1068.162  887.582  288.931   96.597    1.480   12.221 0.00000e+00
  116    17.95000   -97.39777 36.55805     844.425    1160.187  877.991  288.202  100.000    1.444   12.220 5.45583e-02
  117    17.96667   -97.39670 36.56079     953.339    1270.136  866.658  287.775  100.000    1.443   12.043 2.87297e-01
  118    17.98333   -97.39514 36.56376    1057.268    1375.372  855.867  287.218  100.000    1.137   11.763 4.25709e-01
  119    18.00000   -97.39326 36.56682    1146.746    1467.325  846.615  286.586  100.000    1.314   11.412 4.63536e-01
  120    18.01667   -97.39134 36.56974    1249.309    1571.385  836.262  286.086  100.000    2.390   11.180 5.67564e-01
  121    18.03333   -97.38956 36.57297    1395.250    1718.498  821.733  285.517  100.000    2.662   10.960 9.65678e-01
  122    18.05000   -97.38815 36.57665    1514.784    1840.766  809.813  284.960  100.000    1.991   10.721 1.19171e+00
  123    18.06667   -97.38681 36.58038    1582.920    1911.757  803.037  284.625  100.000    1.705   10.574 1.23478e+00
  124    18.08333   -97.38567 36.58393    1634.817    1964.009  798.054  284.065  100.000    1.080   10.252 1.03238e+00
  125    18.10000   -97.38441 36.58751    1662.845    1992.495  795.343  283.661  100.000    0.215   10.013 8.18463e-01
  126    18.11667   -97.38309 36.59121    1649.928    1980.238  796.574  283.543  100.000   -0.505    9.918 5.85607e-01
  127    18.13333   -97.38177 36.59494    1611.461    1941.950  800.273  283.849  100.000   -1.065   10.077 6.19956e-01
  128    18.15000   -97.38022 36.59875    1573.162    1904.168  803.874  284.382  100.000   -0.909   10.395 8.95023e-01
  129    18.16667   -97.37843 36.60267    1551.869    1883.994  805.879  284.427  100.000   -0.267   10.400 7.63011e-01
  130    18.18333   -97.37645 36.60659    1556.794    1887.318  805.704  284.268  100.000    0.487   10.292 5.54859e-01
  131    18.20000   -97.37432 36.61049    1589.488    1915.554  802.973  283.907   99.857    0.882   10.045 3.16624e-01
  132    18.21667   -97.37201 36.61435    1631.087    1952.741  799.387  283.409   99.592    0.940    9.733 1.49665e-01
  133    18.23333   -97.36954 36.61834    1668.952    1985.965  796.176  282.893   99.042    0.652    9.387 2.09124e-02
  134    18.25000   -97.36707 36.62243    1690.189    2003.441  794.492  282.720   98.590    0.213    9.255 1.10692e-02
  135    18.26667   -97.36465 36.62657    1682.541    1993.030  795.502  282.757   97.382   -0.315    9.153 2.34318e-03
  136    18.28333   -97.36229 36.63086    1644.557    1951.917  799.415  283.230   94.743   -0.806    9.148 1.53395e-04
  137    18.30000   -97.35984 36.63530    1591.102    1896.802  804.608  284.106   83.920   -0.991    8.538 0.00000e+00
  138    18.31667   -97.35729 36.63960    1558.888    1864.649  807.705  284.330   84.135    0.035    8.655 0.00000e+00
  139    18.33333   -97.35455 36.64385    1581.765    1886.289  805.654  284.004   86.945    0.847    8.774 0.00000e+00
  140    18.35000   -97.35151 36.64799    1623.705    1925.198  801.977  283.662   88.180    0.724    8.737 0.00000e+00
  141    18.36667   -97.34819 36.65195    1646.541    1945.330  799.981  283.398   91.075    0.076    8.888 0.00000e+00
  142    18.38333   -97.34473 36.65589    1638.176    1936.179  800.826  283.380   94.240   -0.360    9.176 0.00000e+00
  143    18.40000   -97.34113 36.65986    1606.635    1904.878  803.853  283.672   94.100   -0.479    9.308 0.00000e+00
  144    18.41667   -97.33740 36.66376    1567.624    1866.434  807.578  284.008   92.211   -0.236    9.286 0.00000e+00
  145    18.43333   -97.33370 36.66759    1548.700    1847.190  809.491  284.137   91.076    0.191    9.228 0.00000e+00
  146    18.45000   -97.33016 36.67131    1549.851    1847.247  809.489  284.085   91.300    0.462    9.219 0.00000e+00
  147    18.46667   -97.32678 36.67496    1564.391    1861.657  808.003  283.904   92.133    0.507    9.208 0.00000e+00
  148    18.48333   -97.32342 36.67858    1584.466    1883.714  805.809  283.668   93.543    0.280    9.228 0.00000e+00
  149    18.50000   -97.31989 36.68214    1597.715    1901.306  804.083  283.531   94.203   -0.003    9.228 0.00000e+00
  150    18.51667   -97.31624 36.68564    1599.195    1907.116  803.542  283.539   93.786   -0.173    9.198 0.00000e+00
  151    18.53333   -97.31258 36.68915    1589.881    1900.768  804.245  283.668   92.593   -0.321    9.152 0.00000e+00
  152    18.55000   -97.30906 36.69270    1570.904    1883.086  805.984  283.904   90.918   -0.261    9.110 0.00000e+00
  153    18.56667   -97.30586 36.69640    1547.632    1861.177  808.107  283.751   97.272   -0.148    9.622 6.34588e-02
  154    18.58333   -97.30267 36.70039    1528.131    1842.443  809.952  284.160   98.650   -0.305   10.006 2.64377e-01
  155    18.60000   -97.29919 36.70425    1514.100    1827.726  811.451  284.159   98.795   -0.453   10.001 1.71672e-01
  156    18.61667   -97.29567 36.70766    1507.900    1818.336  812.384  284.182   98.132   -0.318    9.938 9.72626e-02
  157    18.63333   -97.29239 36.71103    1493.613    1801.170  814.081  284.307   93.659   -0.709    9.544 1.63687e-04
  158    18.65000   -97.28918 36.71475    1430.663    1735.387  820.428  284.792   91.475   -1.734    9.553 0.00000e+00
  159    18.66667   -97.28606 36.71878    1335.078    1637.444  830.071  285.723   87.321   -1.365    9.586 0.00000e+00
  160    18.68333   -97.28332 36.72301    1260.141    1560.514  837.669  286.416   83.416   -0.737    9.498 0.00000e+00
  161    18.70000   -97.28074 36.72727    1218.728    1519.286  841.736  286.781   82.182    0.047    9.538 0.00000e+00
  162    18.71667   -97.27803 36.73156    1206.297    1507.700  842.864  286.889   82.107   -0.062    9.583 0.00000e+00
  163    18.73333   -97.27528 36.73565    1197.726    1500.609  843.562  286.939   83.036   -0.505    9.716 0.00000e+00
  164    18.75000   -97.27286 36.73933    1190.131    1495.091  844.048  286.884   84.970   -0.248    9.900 0.00000e+00
  165    18.76667   -97.27073 36.74286    1191.442    1499.496  843.679  286.699   87.446    0.059   10.071 0.00000e+00
  166    18.78333   -97.26897 36.74627    1196.176    1506.667  843.047  286.469   90.600    0.143   10.286 0.00000e+00
  167    18.80000   -97.26749 36.74961    1205.255    1515.303  842.216  286.341   92.050    0.273   10.373 0.00000e+00
  168    18.81667   -97.26620 36.75296    1219.866    1528.983  840.877  286.206   92.861    0.302   10.388 0.00000e+00
  169    18.83333   -97.26502 36.75639    1234.302    1542.811  839.465  286.099   93.037    0.190   10.352 0.00000e+00
  170    18.85000   -97.26386 36.75989    1238.656    1547.385  838.986  286.039   93.534    0.025   10.373 0.00000e+00
  171    18.86667   -97.26261 36.76342    1230.840    1540.004  839.755  286.053   94.209   -0.124   10.447 0.00000e+00
  172    18.88333   -97.26120 36.76698    1214.814    1523.708  841.448  286.132   95.007   -0.251   10.570 0.00000e+00
  173    18.90000   -97.25958 36.77058    1201.225    1509.413  842.858  286.249   94.786   -0.155   10.609 0.00000e+00
  174    18.91667   -97.25786 36.77419    1198.508    1505.034  843.339  286.339   93.811   -0.023   10.556 0.00000e+00
  175    18.93333   -97.25601 36.77777    1202.976    1507.912  843.034  286.402   92.376    0.052   10.441 0.00000e+00
  176    18.95000   -97.25391 36.78128    1209.603    1513.725  842.397  286.381   91.934   -0.033   10.384 0.00000e+00
  177    18.96667   -97.25150 36.78475    1196.575    1500.737  843.674  286.519   91.146   -0.480   10.374 0.00000e+00
  178    18.98333   -97.24911 36.78810    1162.320    1466.792  847.041  286.888   89.039   -0.752   10.340 0.00000e+00
