    0    16.01667   -97.48885 36.23620      65.826     435.112  955.250  292.581   86.926   -0.019   12.883 0.00000e+00
    1    16.03333   -97.48846 36.23967      63.122     436.352  955.229  292.608   86.731   -0.195   12.876 0.00000e+00
    2    16.05000   -97.48822 36.24320      61.128     435.435  955.305  292.642   86.453   -0.120   12.861 0.00000e+00
    3    16.06667   -97.48808 36.24660      66.042     441.251  954.738  292.651   86.321    0.063   12.857 0.00000e+00
    4    16.08333   -97.48789 36.24974      79.447     453.054  953.593  292.643   86.409    0.243   12.879 0.00000e+00
    5    16.10000   -97.48764 36.25264      96.512     468.210  952.056  292.576   86.714    0.357   12.891 0.00000e+00
    6    16.11667   -97.48733 36.25537     119.752     489.267  949.765  292.449   87.304    0.503   12.907 0.00000e+00
    7    16.13333   -97.48696 36.25798     148.833     516.196  946.836  292.159   88.443    0.397   12.879 0.00000e+00
    8    16.15000   -97.48662 36.26075     170.808     535.885  944.672  291.942   89.242    0.377   12.849 0.00000e+00
    9    16.16667   -97.48644 36.26364     183.911     547.125  943.330  291.866   89.530    0.347   12.847 0.00000e+00
   10    16.18333   -97.48646 36.26646     188.950     552.957  942.673  291.818   89.705    0.141   12.842 0.00000e+00
   11    16.20000   -97.48666 36.26917     195.999     561.007  941.783  291.741   90.077   -0.079   12.845 0.00000e+00
   12    16.21667   -97.48700 36.27191     197.807     563.815  941.477  291.698   90.093   -0.112   12.816 0.00000e+00
   13    16.23333   -97.48721 36.27464     181.369     547.496  943.240  291.857   89.204   -0.200   12.794 0.00000e+00
   14    16.25000   -97.48714 36.27740     159.381     525.572  945.582  292.053   88.225   -0.172   12.779 0.00000e+00
   15    16.26667   -97.48686 36.28021     140.292     506.376  947.757  292.233   87.339   -0.154   12.765 0.00000e+00
   16    16.28333   -97.48638 36.28312     125.840     490.293  949.594  292.395   86.536   -0.166   12.752 0.00000e+00
   17    16.30000   -97.48587 36.28604     111.597     474.526  951.338  292.548   85.818   -0.186   12.745 0.00000e+00
   18    16.31667   -97.48535 36.28896     100.422     461.188  952.822  292.683   85.197   -0.127   12.741 0.00000e+00
   19    16.33333   -97.48483 36.29185      91.899     449.087  954.116  292.828   84.581   -0.104   12.747 0.00000e+00
   20    16.35000   -97.48429 36.29470      87.120     441.258  954.911  292.916   84.195   -0.057   12.748 0.00000e+00
   21    16.36667   -97.48376 36.29758      83.877     435.947  955.378  293.006   83.873    0.093   12.765 0.00000e+00
   22    16.38333   -97.48324 36.30052      83.383     434.624  955.581  293.060   83.678    0.095   12.775 0.00000e+00
   23    16.40000   -97.48270 36.30353      83.215     433.521  955.706  293.094   83.506    0.063   12.775 0.00000e+00
   24    16.41667   -97.48220 36.30649      85.446     434.360  955.634  293.111   83.450    0.100   12.781 0.00000e+00
   25    16.43333   -97.48182 36.30952      84.393     431.455  955.931  293.106   83.095   -0.117   12.718 0.00000e+00
   26    16.45000   -97.48140 36.31273      72.521     417.691  957.445  293.232   82.358   -0.330   12.685 0.00000e+00
   27    16.46667   -97.48073 36.31595      51.308     394.699  960.016  293.485   81.232   -0.395   12.676 0.00000e+00
   28    16.48333   -97.47971 36.31886      35.850     377.615  961.930  293.731   80.284   -0.203   12.696 0.00000e+00
   29    16.50000   -97.47863 36.32133      37.411     377.514  961.977  293.879   79.874    0.244   12.748 0.00000e+00
   30    16.51667   -97.47811 36.32358      61.623     399.975  959.518  293.758   80.785    0.678   12.829 0.00000e+00
   31    16.53333   -97.47819 36.32592      98.124     434.635  955.673  293.381   82.441    0.792   12.840 0.00000e+00
   32    16.55000   -97.47858 36.32829     125.096     459.669  952.854  293.111   83.582    0.183   12.838 0.00000e+00
   33    16.56667   -97.47897 36.33064     120.369     452.652  953.661  293.165   83.067   -0.409   12.792 0.00000e+00
   34    16.58333   -97.47917 36.33298      93.726     423.839  956.868  293.443   81.718   -0.704   12.761 0.00000e+00
   35    16.60000   -97.47919 36.33526      63.802     391.984  960.443  293.753   80.387   -0.489   12.750 0.00000e+00
   36    16.61667   -97.47909 36.33752      47.401     373.635  962.442  293.960   79.581   -0.209   12.759 0.00000e+00
   37    16.63333   -97.47895 36.33974      41.804     368.691  962.839  294.091   79.280   -0.039   12.810 0.00000e+00
   38    16.65000   -97.47878 36.34190      45.038     374.261  962.259  294.144   79.383    0.148   12.877 0.00000e+00
   39    16.66667   -97.47847 36.34408      58.080     389.524  960.555  294.012   80.045    0.322   12.900 0.00000e+00
   40    16.68333   -97.47806 36.34650      75.112     408.667  958.527  293.855   80.767    0.379   12.918 0.00000e+00
   41    16.70000   -97.47762 36.34903      86.570     418.971  957.454  293.788   81.074    0.388   12.928 0.00000e+00
   42    16.71667   -97.47705 36.35170      95.552     426.156  956.617  293.719   81.192    0.433   12.902 0.00000e+00
   43    16.73333   -97.47667 36.35455     109.392     438.298  955.267  293.551   81.607    0.526   12.851 0.00000e+00
   44    16.75000   -97.47652 36.35761     131.751     457.602  953.146  293.322   82.381    0.675   12.818 0.00000e+00
   45    16.76667   -97.47632 36.36064     168.152     490.687  949.461  292.988   83.620    0.721   12.792 0.00000e+00
   46    16.78333   -97.47577 36.36355     204.436     524.111  945.725  292.670   84.936    0.538   12.787 0.00000e+00
   47    16.80000   -97.47498 36.36640     232.474     553.369  942.538  292.399   86.065    0.444   12.782 0.00000e+00
   48    16.81667   -97.47403 36.36927     258.793     581.313  939.410  292.137   87.155    0.437   12.775 0.00000e+00
   49    16.83333   -97.47299 36.37223     279.207     603.777  936.998  291.922   87.997    0.276   12.758 0.00000e+00
   50    16.85000   -97.47197 36.37523     290.772     617.295  935.557  291.794   88.414    0.181   12.735 0.00000e+00
   51    16.86667   -97.47104 36.37822     297.622     625.530  934.686  291.715   88.644    0.163   12.716 0.00000e+00
   52    16.88333   -97.47018 36.38116     300.030     629.439  934.127  291.658   88.763    0.137   12.695 0.00000e+00
   53    16.90000   -97.46931 36.38408     295.439     627.427  934.411  291.675   88.677    0.002   12.693 0.00000e+00
   54    16.91667   -97.46843 36.38702     280.428     614.785  935.821  291.798   88.179   -0.213   12.700 0.00000e+00
   55    16.93333   -97.46768 36.38998     257.825     593.218  938.220  292.011   87.282   -0.309   12.709 0.00000e+00
   56    16.95000   -97.46706 36.39301     231.329     567.158  941.068  292.263   86.226   -0.408   12.717 0.00000e+00
   57    16.96667   -97.46654 36.39609     200.999     537.465  944.266  292.541   85.053   -0.549   12.722 0.00000e+00
   58    16.98333   -97.46616 36.39914     165.890     502.574  948.076  292.877   83.632   -0.698   12.723 0.00000e+00
   59    17.00000   -97.46592 36.40209     126.848     463.775  952.308  293.245   82.044   -0.752   12.715 0.00000e+00
   60    17.01667   -97.46577 36.40493      92.264     429.482  956.050  293.600   80.608   -0.586   12.722 0.00000e+00
   61    17.03333   -97.46567 36.40770      66.000     403.206  958.944  293.850   79.560   -0.458   12.715 0.00000e+00
   62    17.05000   -97.46555 36.41039      45.454     382.590  961.251  294.111   78.599   -0.378   12.736 0.00000e+00
   63    17.06667   -97.46543 36.41299      29.162     366.190  963.161  294.480   77.318   -0.287   12.794 0.00000e+00
   64    17.08333   -97.46535 36.41529      17.022     353.045  964.628  294.888   76.085   -0.176   12.891 0.00000e+00
   65    17.10000   -97.46528 36.41729       8.691     343.595  965.669  295.188   74.976   -0.076   12.927 0.00000e+00
   66    17.11667   -97.46516 36.41911       4.933     338.772  966.182  295.366   74.197   -0.041   12.927 0.00000e+00
   67    17.13333   -97.46509 36.42082       3.215     336.014  966.500  295.531   73.620   -0.022   12.953 0.00000e+00
   68    17.15000   -97.46513 36.42242       2.358     334.049  966.698  295.707   73.105   -0.009   12.999 0.00000e+00
   69    17.16667   -97.46533 36.42397       2.299     332.802  966.842  295.778   72.950   -0.006   13.026 0.00000e+00
   70    17.18333   -97.46564 36.42556       1.423     330.755  967.023  295.875   72.609   -0.007   13.041 0.00000e+00
   71    17.20000   -97.46602 36.42723       0.842     328.943  967.186  295.977   72.170   -0.006   13.041 0.00000e+00
   72    17.21667   -97.46643 36.42892       0.064     326.869  967.407  296.093   71.690   -0.000   13.044 0.00000e+00
   73    17.23333   -97.46692 36.43065       0.322     325.701  967.523  296.277   71.156   -0.001   13.091 0.00000e+00
   74    17.25000   -97.46758 36.43247       0.497     324.137  967.702  296.486   70.559   -0.001   13.146 0.00000e+00
   75    17.26667   -97.46834 36.43435       0.884     322.586  967.862  296.652   69.947   -0.000   13.163 0.00000e+00
   76    17.28333   -97.46916 36.43631       1.181     320.614  968.061  296.627   70.075   -0.001   13.164 0.00000e+00
   77    17.30000   -97.46994 36.43831       1.653     318.743  968.203  296.551   70.509    0.001   13.182 0.00000e+00
   78    17.31667   -97.47064 36.44011       2.308     317.930  968.297  296.672   70.481    0.006   13.274 0.00000e+00
   79    17.33333   -97.47131 36.44178       3.195     317.741  968.374  296.769   70.536    0.022   13.362 0.00000e+00
   80    17.35000   -97.47201 36.44332       4.621     318.340  968.348  296.899   70.494    0.038   13.460 0.00000e+00
   81    17.36667   -97.47276 36.44476       7.753     320.841  968.067  296.962   70.590    0.080   13.534 0.00000e+00
   82    17.38333   -97.47354 36.44611      10.446     323.110  967.890  296.860   71.148    0.075   13.559 0.00000e+00
   83    17.40000   -97.47439 36.44750      13.973     326.244  967.561  296.590   71.812    0.040   13.467 0.00000e+00
   84    17.41667   -97.47526 36.44901      19.029     330.751  967.043  296.398   72.097    0.088   13.370 0.00000e+00
   85    17.43333   -97.47553 36.45061      36.671     347.578  965.192  296.181   72.483    0.510   13.290 0.00000e+00
   86    17.45000   -97.47528 36.45255      87.932     397.684  959.673  295.564   74.250    1.463   13.184 0.00000e+00
   87    17.46667   -97.47490 36.45484     178.336     486.760  949.830  294.377   77.857    2.179   12.982 0.00000e+00
   88    17.48333   -97.47453 36.45726     294.131     601.789  937.276  293.255   82.095    2.384   12.937 0.00000e+00
   89    17.50000   -97.47404 36.45957     396.595     703.759  926.218  292.186   85.471    1.438   12.748 0.00000e+00
   90    17.51667   -97.47255 36.46169     488.363     795.468  916.302  291.268   88.135    1.887   12.539 0.00000e+00
   91    17.53333   -97.46992 36.46391     587.946     895.757  905.642  290.293   92.171    1.310   12.471 0.00000e+00
   92    17.55000   -97.46667 36.46645     631.843     939.925  901.026  289.860   94.027    0.320   12.439 0.00000e+00
   93    17.56667   -97.46360 36.46922     631.854     939.587  901.086  289.885   93.238   -0.091   12.353 0.00000e+00
   94    17.58333   -97.46097 36.47223     630.199     937.238  901.306  289.922   92.860    0.092   12.329 0.00000e+00
   95    17.60000   -97.45865 36.47550     652.891     959.493  898.991  289.720   93.707    0.630   12.314 0.00000e+00
   96    17.61667   -97.45644 36.47904     704.570    1009.804  893.711  289.284   94.663    1.236   12.168 0.00000e+00
   97    17.63333   -97.45420 36.48276     769.794    1072.677  887.168  288.651   98.018    1.417   12.185 0.00000e+00
   98    17.65000   -97.45192 36.48644     818.679    1119.569  882.305  288.273  100.000    1.055   12.216 4.67414e-02
   99    17.66667   -97.44969 36.48999     841.151    1140.287  880.137  288.228  100.000    0.679   12.211 1.11471e-01
  100    17.68333   -97.44748 36.49355     844.181    1141.867  880.014  288.210  100.000    0.426   12.199 9.40417e-02
  101    17.70000   -97.44523 36.49715     840.053    1136.474  880.500  288.225  100.000    0.140   12.202 6.04245e-02
  102    17.71667   -97.44292 36.50066     830.129    1128.496  881.299  288.238   99.907   -0.095   12.173 6.97387e-03
  103    17.73333   -97.44053 36.50396     821.981    1122.706  881.900  288.340   98.302   -0.107   12.049 0.00000e+00
  104    17.75000   -97.43799 36.50709     819.655    1122.882  881.869  288.376   98.198    0.064   12.065 0.00000e+00
  105    17.76667   -97.43533 36.51012     813.823    1119.502  882.253  288.530   98.133   -0.093   12.172 1.86457e-02
  106    17.78333   -97.43281 36.51311     795.304    1102.755  883.939  288.699   97.139   -0.359   12.158 7.43500e-03
  107    17.80000   -97.43058 36.51608     771.428    1080.912  886.254  288.944   95.053   -0.339   12.054 0.00000e+00
  108    17.81667   -97.42847 36.51902     759.478    1071.225  887.244  289.073   93.518   -0.275   11.946 0.00000e+00
  109    17.83333   -97.42625 36.52193     753.382    1066.802  887.753  289.175   91.910   -0.219   11.811 0.00000e+00
  110    17.85000   -97.42396 36.52478     749.233    1062.379  888.313  289.243   91.148   -0.029   11.756 0.00000e+00
  111    17.86667   -97.42171 36.52762     753.992    1065.911  887.970  289.156   91.588    0.157   11.752 0.00000e+00
  112    17.88333   -97.41948 36.53044     757.400    1067.238  887.840  289.063   93.068    0.092   11.872 0.00000e+00
  113    17.90000   -97.41723 36.53323     749.367    1057.184  888.890  289.119   93.997   -0.190   12.020 0.00000e+00
  114    17.91667   -97.41504 36.53611     726.644    1032.847  891.364  289.300   93.786   -0.464   12.099 0.00000e+00
  115    17.93333   -97.41290 36.53916     691.112     996.311  895.165  289.634   92.531   -0.764   12.144 0.00000e+00
  116    17.95000   -97.41088 36.54223     643.219     949.251  900.071  290.124   89.644   -1.001   12.073 0.00000e+00
  117    17.96667   -97.40913 36.54496     599.560     907.086  904.538  290.544   87.896   -0.718   12.100 0.00000e+00
  118    17.98333   -97.40767 36.54747     559.597     868.414  908.600  290.909   86.067   -0.782   12.072 0.00000e+00
  119    18.00000   -97.40651 36.54981     487.620     797.630  916.116  291.555   83.213   -1.879   12.058 0.00000e+00
  120    18.01667   -97.40568 36.55204     389.686     700.695  926.467  292.591   79.115   -1.909   12.100 0.00000e+00
  121    18.03333   -97.40481 36.55448     309.593     621.557  935.008  293.398   76.137   -1.397   12.136 0.00000e+00
  122    18.05000   -97.40390 36.55718     255.611     568.417  940.702  293.887   74.560   -0.650   12.177 0.00000e+00
  123    18.06667   -97.40314 36.56020     234.927     548.843  942.834  294.115   74.093    0.204   12.246 0.00000e+00
  124    18.08333   -97.40251 36.56326     253.516     568.713  940.699  294.011   74.617    0.755   12.282 0.00000e+00
  125    18.10000   -97.40179 36.56616     304.586     621.693  934.877  293.557   76.643    1.290   12.340 0.00000e+00
  126    18.11667   -97.40115 36.56886     370.305     689.255  927.604  292.914   79.135    1.400   12.336 0.00000e+00
  127    18.13333   -97.40080 36.57152     433.651     754.283  920.692  292.329   81.752    1.241   12.377 0.00000e+00
  128    18.15000   -97.40047 36.57408     474.372     796.012  916.231  291.894   83.608    0.842   12.377 0.00000e+00
  129    18.16667   -97.40006 36.57680     497.401     820.096  913.673  291.653   84.255    0.545   12.319 0.00000e+00
  130    18.18333   -97.39954 36.57967     505.812     829.733  912.677  291.592   84.265    0.320   12.286 0.00000e+00
  131    18.20000   -97.39882 36.58258     512.322     837.125  911.879  291.536   84.005    0.457   12.216 0.00000e+00
  132    18.21667   -97.39804 36.58554     523.202     848.695  910.687  291.445   83.641    0.246   12.109 0.00000e+00
  133    18.23333   -97.39729 36.58853     533.391     859.490  909.501  291.350   83.716    0.513   12.063 0.00000e+00
  134    18.25000   -97.39654 36.59135     532.115     859.148  909.597  291.376   82.945    0.104   11.970 0.00000e+00
  135    18.26667   -97.39593 36.59404     535.661     863.561  909.101  291.322   83.663    0.126   12.039 0.00000e+00
  136    18.28333   -97.39546 36.59650     547.921     876.563  907.784  291.166   84.889    0.080   12.113 0.00000e+00
  137    18.30000   -97.39497 36.59874     556.862     885.972  906.721  291.077   85.417   -0.080   12.134 0.00000e+00
  138    18.31667   -97.39436 36.60087     549.498     879.084  907.494  291.150   85.258   -0.326   12.157 0.00000e+00
  139    18.33333   -97.39371 36.60294     525.302     855.444  909.947  291.381   84.228   -0.549   12.155 0.00000e+00
  140    18.35000   -97.39297 36.60499     491.877     822.600  913.481  291.707   83.042   -0.649   12.185 0.00000e+00
  141    18.36667   -97.39229 36.60696     459.306     789.640  916.983  292.040   81.410   -0.618   12.153 0.00000e+00
  142    18.38333   -97.39183 36.60886     421.671     751.498  921.022  292.409   79.770   -1.000   12.134 0.00000e+00
  143    18.40000   -97.39146 36.61073     365.473     694.795  927.097  292.964   77.392   -1.287   12.109 0.00000e+00
  144    18.41667   -97.39115 36.61270     333.147     661.902  930.645  293.358   75.407   -0.601   12.046 0.00000e+00
  145    18.43333   -97.39101 36.61488     329.055     656.095  931.301  293.453   74.947   -0.127   12.036 0.00000e+00
  146    18.45000   -97.39087 36.61723     341.864     666.497  930.205  293.353   75.521    0.356   12.067 0.00000e+00
  147    18.46667   -97.39070 36.61964     367.909     690.068  927.684  293.112   76.507    0.635   12.074 0.00000e+00
  148    18.48333   -97.39061 36.62201     391.973     711.792  925.367  292.907   77.477    0.346   12.102 0.00000e+00
  149    18.50000   -97.39080 36.62420     406.372     724.706  923.985  292.783   78.208    0.285   12.140 0.00000e+00
  150    18.51667   -97.39118 36.62614     425.810     742.935  922.018  292.629   79.206    0.552   12.203 0.00000e+00
  151    18.53333   -97.39159 36.62793     462.432     778.548  918.279  292.343   80.677    0.786   12.258 0.00000e+00
  152    18.55000   -97.39194 36.62965     508.449     823.682  913.491  291.907   82.535    0.832   12.265 0.00000e+00
  153    18.56667   -97.39234 36.63134     556.776     871.161  908.469  291.435   84.490    0.686   12.255 0.00000e+00
  154    18.58333   -97.39288 36.63311     616.707     930.204  902.243  290.901   86.820    1.276   12.258 0.00000e+00
  155    18.60000   -97.39341 36.63504     714.959    1027.474  892.028  289.971   91.090    1.760   12.259 0.00000e+00
  156    18.61667   -97.39384 36.63718     830.014    1141.415  880.223  288.887   96.330    1.934   12.255 0.00000e+00
  157    18.63333   -97.39409 36.63948     944.976    1255.773  868.421  287.994  100.000    1.603   12.190 7.47250e-02
  158    18.65000   -97.39427 36.64209    1044.814    1355.669  858.225  287.476   97.651    1.351   11.630 1.52037e-01
  159    18.66667   -97.39420 36.64489    1143.252    1454.016  848.305  286.759  100.000    1.492   11.513 2.52050e-01
  160    18.68333   -97.39340 36.64738    1209.532    1519.406  841.838  286.461   99.810    0.422   11.341 3.39830e-01
  161    18.70000   -97.39230 36.64979    1235.407    1543.258  839.437  285.987  100.000   -0.342   11.066 8.10300e-02
  162    18.71667   -97.39120 36.65221    1240.390    1546.303  839.149  285.961   98.850   -0.101   10.904 1.99823e-02
  163    18.73333   -97.39021 36.65465    1253.021    1557.105  838.035  286.067   95.599    0.294   10.633 4.06618e-02
  164    18.75000   -97.38921 36.65711    1277.087    1579.886  835.783  285.828   96.492    0.347   10.593 1.81006e-02
  165    18.76667   -97.38820 36.65968    1292.213    1594.053  834.358  285.689   96.558    0.082   10.522 0.00000e+00
  166    18.78333   -97.38723 36.66238    1289.323    1590.492  834.705  285.766   95.226   -0.227   10.425 0.00000e+00
  167    18.80000   -97.38637 36.66518    1273.037    1574.011  836.325  285.947   93.601   -0.340   10.350 0.00000e+00
  168    18.81667   -97.38554 36.66793    1249.259    1550.167  838.735  286.161   92.651   -0.409   10.361 0.00000e+00
  169    18.83333   -97.38475 36.67055    1225.508    1526.333  841.135  286.389   91.656   -0.421   10.374 0.00000e+00
  170    18.85000   -97.38390 36.67299    1200.461    1500.959  843.677  286.623   90.553   -0.460   10.377 0.00000e+00
  171    18.86667   -97.38297 36.67533    1166.922    1466.999  847.018  286.987   88.491   -0.631   10.344 0.00000e+00
  172    18.88333   -97.38196 36.67769    1125.071    1424.862  851.287  287.397   86.092   -0.745   10.285 0.00000e+00
  173    18.90000   -97.38097 36.68011    1087.175    1386.878  855.080  287.709   84.649   -0.749   10.274 0.00000e+00
  174    18.91667   -97.38000 36.68261    1055.755    1355.893  858.224  287.912   85.224   -0.646   10.442 0.00000e+00
  175    18.93333   -97.37897 36.68500    1034.279    1334.827  860.404  288.119   84.048   -0.504   10.411 0.00000e+00
  176    18.95000   -97.37772 36.68728    1026.564    1327.445  861.121  288.126   84.881   -0.029   10.510 0.00000e+00
  177    18.96667   -97.37618 36.68950    1035.901    1336.931  860.167  287.968   86.879    0.408   10.659 0.00000e+00
  178    18.98333   -97.37431 36.69174    1051.439    1352.617  858.553  287.687   90.805    0.410   10.960 0.00000e+00
