    0    16.01667   -97.52519 36.22182      87.379     421.242  956.961  293.068   85.367    0.342   13.021 0.00000e+00
    1    16.03333   -97.52510 36.22471     105.898     441.572  954.683  292.858   86.266    0.384   13.018 0.00000e+00
    2    16.05000   -97.52512 36.22783     127.744     465.418  951.988  292.591   87.362    0.457   13.000 0.00000e+00
    3    16.06667   -97.52515 36.23117     159.604     498.939  948.292  292.249   88.918    0.611   13.001 0.00000e+00
    4    16.08333   -97.52493 36.23464     196.423     536.824  944.121  291.807   90.764    0.528   12.964 0.00000e+00
    5    16.10000   -97.52449 36.23819     216.465     558.180  941.792  291.568   91.735    0.101   12.939 0.00000e+00
    6    16.11667   -97.52400 36.24178     210.484     553.432  942.346  291.608   91.422   -0.322   12.919 0.00000e+00
    7    16.13333   -97.52367 36.24533     190.544     534.372  944.415  291.788   90.546   -0.383   12.914 0.00000e+00
    8    16.15000   -97.52346 36.24869     169.334     515.406  946.484  291.951   89.812   -0.425   12.913 0.00000e+00
    9    16.16667   -97.52325 36.25192     149.028     498.308  948.333  292.168   88.564   -0.573   12.884 0.00000e+00
   10    16.18333   -97.52293 36.25515     124.394     476.877  950.779  292.412   87.177   -0.504   12.844 0.00000e+00
   11    16.20000   -97.52264 36.25853     106.231     460.959  952.530  292.590   86.321   -0.295   12.837 0.00000e+00
   12    16.21667   -97.52238 36.26209     104.543     461.422  952.532  292.612   86.296   -0.082   12.851 0.00000e+00
   13    16.23333   -97.52230 36.26576     102.995     463.050  952.232  292.622   86.278   -0.226   12.861 0.00000e+00
   14    16.25000   -97.52260 36.26946      89.657     453.330  953.311  292.738   85.732   -0.342   12.858 0.00000e+00
   15    16.26667   -97.52319 36.27303      78.464     443.457  954.559  292.898   85.174   -0.108   12.886 0.00000e+00
   16    16.28333   -97.52380 36.27644      75.288     438.596  955.110  292.975   84.752   -0.038   12.877 0.00000e+00
   17    16.30000   -97.52435 36.27964      73.362     435.236  955.474  293.068   84.200   -0.045   12.863 0.00000e+00
   18    16.31667   -97.52515 36.28270      71.473     431.874  955.846  293.163   83.805    0.057   12.874 0.00000e+00
   19    16.33333   -97.52604 36.28566      73.946     433.061  955.760  293.216   83.564    0.228   12.881 0.00000e+00
   20    16.35000   -97.52684 36.28839      96.682     454.823  953.292  293.098   84.144    0.932   12.908 0.00000e+00
   21    16.36667   -97.52742 36.29103     133.329     490.135  949.433  292.697   85.695    0.600   12.872 0.00000e+00
   22    16.38333   -97.52766 36.29350     152.241     507.823  947.484  292.535   86.341    0.192   12.865 0.00000e+00
   23    16.40000   -97.52770 36.29587     152.846     507.305  947.540  292.563   86.223   -0.044   12.869 0.00000e+00
   24    16.41667   -97.52763 36.29824     141.406     495.132  948.865  292.698   85.624   -0.136   12.871 0.00000e+00
   25    16.43333   -97.52739 36.30071     128.605     481.814  950.377  292.852   84.939   -0.091   12.871 0.00000e+00
   26    16.45000   -97.52700 36.30334     119.142     471.829  951.459  292.966   84.448   -0.062   12.873 0.00000e+00
   27    16.46667   -97.52654 36.30610     110.287     461.632  952.638  293.080   83.917   -0.084   12.868 0.00000e+00
   28    16.48333   -97.52615 36.30891     106.980     455.826  953.253  293.150   83.581    0.014   12.864 0.00000e+00
   29    16.50000   -97.52582 36.31175     109.252     455.742  953.209  293.182   83.467    0.103   12.873 0.00000e+00
   30    16.51667   -97.52551 36.31461     119.484     463.962  952.320  293.181   83.535    0.491   12.895 0.00000e+00
   31    16.53333   -97.52509 36.31739     150.890     493.547  949.124  292.973   84.519    0.747   12.922 0.00000e+00
   32    16.55000   -97.52428 36.32015     193.694     534.158  944.691  292.595   86.128    0.919   12.920 0.00000e+00
   33    16.56667   -97.52316 36.32292     242.668     581.797  939.402  292.134   88.009    0.788   12.898 0.00000e+00
   34    16.58333   -97.52177 36.32566     283.046     622.154  935.055  291.755   89.465    0.551   12.862 0.00000e+00
   35    16.60000   -97.52026 36.32832     311.543     649.985  932.032  291.479   90.572    0.405   12.837 0.00000e+00
   36    16.61667   -97.51873 36.33096     334.410     672.859  929.450  291.228   91.771    0.315   12.837 0.00000e+00
   37    16.63333   -97.51712 36.33365     355.457     695.843  926.970  291.008   92.624    0.384   12.812 0.00000e+00
   38    16.65000   -97.51540 36.33645     378.385     720.910  924.237  290.782   93.376    0.483   12.769 0.00000e+00
   39    16.66667   -97.51350 36.33939     405.915     749.645  921.240  290.526   94.345    0.540   12.735 0.00000e+00
   40    16.68333   -97.51151 36.34248     439.622     782.687  917.705  290.227   95.675    0.615   12.720 0.00000e+00
   41    16.70000   -97.50945 36.34566     472.388     815.339  914.201  289.914   97.138    0.704   12.707 0.00000e+00
   42    16.71667   -97.50748 36.34889     509.625     850.504  910.490  289.495   99.439    0.826   12.715 2.84619e-04
   43    16.73333   -97.50550 36.35220     549.447     887.434  906.508  289.241  100.000    0.443   12.652 4.32900e-02
   44    16.75000   -97.50336 36.35551     583.095     918.588  903.219  289.069  100.000    0.115   12.560 5.56932e-02
   45    16.76667   -97.50124 36.35878     608.799     941.774  900.780  288.952  100.000    0.123   12.499 9.54070e-02
   46    16.78333   -97.49905 36.36189     637.000     967.816  898.031  288.841  100.000    0.408   12.449 1.55267e-01
   47    16.80000   -97.49670 36.36489     674.725    1003.642  894.283  288.685  100.000    0.757   12.376 2.18818e-01
   48    16.81667   -97.49401 36.36783     713.561    1040.147  890.485  288.513  100.000    0.683   12.293 2.85179e-01
   49    16.83333   -97.49113 36.37074     737.735    1061.489  888.224  288.405  100.000    0.131   12.238 3.07420e-01
   50    16.85000   -97.48816 36.37365     742.447    1066.547  887.541  288.263  100.000   -0.248   12.125 1.67693e-01
   51    16.86667   -97.48523 36.37651     733.138    1060.031  888.216  288.261   99.442   -0.101   12.040 6.41510e-02
   52    16.88333   -97.48233 36.37931     723.685    1054.358  888.828  288.298   99.144   -0.027   12.024 2.99893e-02
   53    16.90000   -97.47937 36.38208     719.822    1053.490  888.961  288.315   98.985   -0.246   12.016 7.82754e-03
   54    16.91667   -97.47626 36.38493     705.667    1040.954  890.317  288.521   97.211   -0.811   11.941 7.44779e-06
   55    16.93333   -97.47310 36.38798     664.800    1001.285  894.510  288.892   95.329   -1.275   11.937 0.00000e+00
   56    16.95000   -97.46997 36.39126     600.133     936.577  901.383  289.487   92.783   -1.462   11.979 0.00000e+00
   57    16.96667   -97.46698 36.39476     533.996     870.220  908.346  290.089   90.207   -1.260   12.011 0.00000e+00
   58    16.98333   -97.46415 36.39841     486.964     823.769  913.325  290.519   88.451   -0.768   12.039 0.00000e+00
   59    17.00000   -97.46141 36.40211     467.163     806.250  915.170  290.660   88.019   -0.216   12.063 0.00000e+00
   60    17.01667   -97.45860 36.40582     468.215     808.588  915.050  290.634   88.289   -0.017   12.082 0.00000e+00
   61    17.03333   -97.45579 36.40947     464.881     802.219  915.804  290.655   88.596   -0.330   12.130 0.00000e+00
   62    17.05000   -97.45321 36.41296     446.507     779.107  918.408  290.866   87.804   -0.493   12.149 0.00000e+00
   63    17.06667   -97.45088 36.41628     423.259     750.454  921.349  291.102   87.046   -0.355   12.187 0.00000e+00
   64    17.08333   -97.44896 36.41954     404.298     727.205  923.893  291.288   86.364   -0.112   12.201 0.00000e+00
   65    17.10000   -97.44756 36.42275     396.471     716.402  924.984  291.310   87.276    0.083   12.332 0.00000e+00
   66    17.11667   -97.44646 36.42597     405.992     724.096  924.154  291.202   88.251    0.497   12.396 0.00000e+00
   67    17.13333   -97.44539 36.42922     431.447     747.940  921.552  290.958   89.781    0.638   12.453 0.00000e+00
   68    17.15000   -97.44423 36.43250     456.967     771.737  918.985  290.728   91.219    0.438   12.504 0.00000e+00
   69    17.16667   -97.44286 36.43583     472.371     785.595  917.494  290.617   91.786   -0.003   12.513 0.00000e+00
   70    17.18333   -97.44133 36.43925     468.983     781.233  917.916  290.699   91.089   -0.436   12.477 0.00000e+00
   71    17.20000   -97.43979 36.44276     451.237     762.987  919.893  290.908   89.796   -0.530   12.438 0.00000e+00
   72    17.21667   -97.43830 36.44627     431.748     742.814  922.042  291.096   88.938   -0.277   12.438 0.00000e+00
   73    17.23333   -97.43685 36.44963     413.914     724.034  924.038  291.266   88.320   -0.165   12.458 0.00000e+00
   74    17.25000   -97.43555 36.45285     391.029     700.502  926.542  291.483   87.537   -0.301   12.484 0.00000e+00
   75    17.26667   -97.43451 36.45602     360.113     669.489  929.915  291.784   86.227   -0.703   12.488 0.00000e+00
   76    17.28333   -97.43372 36.45920     311.192     620.345  935.327  292.332   84.246   -0.680   12.556 0.00000e+00
   77    17.30000   -97.43297 36.46229     273.975     581.965  939.558  292.732   82.881   -0.617   12.609 0.00000e+00
   78    17.31667   -97.43217 36.46532     236.594     543.612  943.647  293.089   81.303   -0.407   12.594 0.00000e+00
   79    17.33333   -97.43138 36.46828     202.085     508.644  947.537  293.428   79.697   -0.227   12.558 0.00000e+00
   80    17.35000   -97.43063 36.47120     184.916     491.161  949.413  293.597   78.993    0.188   12.553 0.00000e+00
   81    17.36667   -97.42996 36.47411     183.896     489.818  949.500  293.628   78.883    0.147   12.559 0.00000e+00
   82    17.38333   -97.42944 36.47705     178.817     484.839  950.006  293.716   78.643   -0.121   12.583 0.00000e+00
   83    17.40000   -97.42922 36.47998     160.460     466.651  952.052  293.936   77.660   -0.384   12.569 0.00000e+00
   84    17.41667   -97.42926 36.48282     137.620     440.927  954.984  294.263   76.038   -0.270   12.520 0.00000e+00
   85    17.43333   -97.42947 36.48557     123.918     424.248  956.788  294.458   74.803   -0.008   12.444 0.00000e+00
   86    17.45000   -97.42970 36.48833     115.115     412.656  958.059  294.548   74.391    0.054   12.427 0.00000e+00
   87    17.46667   -97.42994 36.49115     110.063     406.712  958.726  294.585   74.336    0.067   12.438 0.00000e+00
   88    17.48333   -97.43018 36.49401     110.543     406.359  958.735  294.515   74.673    0.075   12.440 0.00000e+00
   89    17.50000   -97.43039 36.49689     122.306     417.657  957.393  294.490   74.914    0.174   12.478 0.00000e+00
   90    17.51667   -97.43036 36.49981     141.546     439.694  954.863  294.412   75.536    0.123   12.555 0.00000e+00
   91    17.53333   -97.43028 36.50288     169.166     470.433  951.453  294.139   76.734    0.713   12.585 0.00000e+00
   92    17.55000   -97.43016 36.50579     232.300     536.133  944.330  293.595   79.018    1.119   12.624 0.00000e+00
   93    17.56667   -97.42978 36.50851     289.581     594.674  937.967  293.041   81.082    0.803   12.598 0.00000e+00
   94    17.58333   -97.42915 36.51103     327.158     633.334  933.764  292.651   81.855    0.480   12.468 0.00000e+00
   95    17.60000   -97.42802 36.51347     351.097     658.310  930.964  292.403   82.633   -0.419   12.429 0.00000e+00
   96    17.61667   -97.42664 36.51625     334.038     643.393  932.627  292.542   82.188   -0.882   12.448 0.00000e+00
   97    17.63333   -97.42599 36.51927     301.891     613.412  935.924  292.832   80.888   -0.318   12.433 0.00000e+00
   98    17.65000   -97.42597 36.52204     308.542     621.901  935.042  292.739   81.246    0.257   12.426 0.00000e+00
   99    17.66667   -97.42606 36.52447     344.615     658.885  931.107  292.391   82.663    0.571   12.423 0.00000e+00
  100    17.68333   -97.42609 36.52671     387.895     702.961  926.368  291.977   84.386    0.649   12.419 0.00000e+00
  101    17.70000   -97.42611 36.52898     428.565     744.470  921.926  291.592   86.040    0.823   12.418 0.00000e+00
  102    17.71667   -97.42632 36.53135     477.165     793.352  916.730  291.140   88.039    1.263   12.419 0.00000e+00
  103    17.73333   -97.42668 36.53378     543.602     859.578  909.654  290.523   90.917    1.541   12.427 0.00000e+00
  104    17.75000   -97.42707 36.53625     622.794     938.502  901.277  289.779   94.350    1.625   12.413 0.00000e+00
  105    17.76667   -97.42717 36.53874     703.754    1018.769  892.927  289.008   98.501    1.551   12.449 0.00000e+00
  106    17.78333   -97.42692 36.54130     781.140    1094.375  885.004  288.521  100.000    1.242   12.376 1.00503e-01
  107    17.80000   -97.42652 36.54408     851.880    1163.168  877.872  288.224  100.000    0.991   12.241 2.45182e-01
  108    17.81667   -97.42593 36.54720     901.655    1211.592  872.739  287.976  100.000    0.635   12.116 3.18078e-01
  109    17.83333   -97.42509 36.55078     938.320    1250.907  868.670  287.720  100.000    0.723   11.973 3.16820e-01
  110    17.85000   -97.42395 36.55480     995.673    1311.414  862.516  287.278  100.000    1.312   11.717 2.85938e-01
  111    17.86667   -97.42249 36.55897    1084.840    1402.420  853.279  286.725  100.000    1.848   11.424 3.52617e-01
  112    17.88333   -97.42082 36.56307    1188.975    1507.959  842.759  286.162  100.000    1.916   11.150 4.96904e-01
  113    17.90000   -97.41901 36.56705    1291.713    1609.571  832.659  285.574  100.000    1.759   10.857 5.99516e-01
  114    17.91667   -97.41717 36.57097    1385.400    1702.414  823.432  285.236  100.000    1.847   10.737 8.21024e-01
  115    17.93333   -97.41540 36.57491    1463.484    1781.640  815.641  284.755  100.000    1.662   10.501 8.45810e-01
  116    17.95000   -97.41359 36.57893    1517.187    1836.794  810.283  284.545  100.000    1.069   10.423 9.73798e-01
  117    17.96667   -97.41171 36.58311    1518.300    1838.648  810.117  284.266  100.000   -0.119   10.231 7.66471e-01
  118    17.98333   -97.40950 36.58736    1483.767    1805.261  813.325  284.275  100.000   -0.560   10.201 5.57330e-01
  119    18.00000   -97.40688 36.59139    1447.303    1770.445  816.715  284.352   99.804   -0.475   10.168 3.35214e-01
  120    18.01667   -97.40398 36.59521    1412.276    1737.466  819.943  284.345   99.042   -0.668   10.046 8.06691e-02
  121    18.03333   -97.40103 36.59901    1378.788    1705.550  823.096  284.608   97.471   -0.793   10.022 7.54097e-03
  122    18.05000   -97.39839 36.60289    1354.524    1682.594  825.328  284.728   97.635   -0.653   10.092 5.04768e-04
  123    18.06667   -97.39590 36.60678    1339.340    1668.052  826.847  284.854   96.079   -0.353    9.997 0.00000e+00
  124    18.08333   -97.39349 36.61057    1326.234    1654.300  828.164  285.048   93.511   -0.290    9.840 0.00000e+00
  125    18.10000   -97.39096 36.61424    1309.206    1636.950  829.903  285.213   92.792   -0.227    9.851 0.00000e+00
  126    18.11667   -97.38831 36.61785    1298.909    1624.086  831.237  285.319   92.765    0.065    9.901 0.00000e+00
  127    18.13333   -97.38546 36.62144    1306.051    1627.498  830.927  285.303   92.781    0.363    9.897 0.00000e+00
  128    18.15000   -97.38248 36.62503    1327.311    1646.495  828.994  285.149   93.362    0.381    9.880 0.00000e+00
  129    18.16667   -97.37953 36.62860    1350.252    1668.834  826.808  284.900   95.044    0.340    9.920 0.00000e+00
  130    18.18333   -97.37678 36.63215    1367.212    1684.027  825.466  284.775   95.555    0.195    9.907 0.00000e+00
  131    18.20000   -97.37425 36.63567    1376.553    1688.893  825.032  284.766   95.242   -0.027    9.873 0.00000e+00
  132    18.21667   -97.37188 36.63917    1376.659    1684.477  825.470  284.878   93.887   -0.214    9.801 0.00000e+00
  133    18.23333   -97.36961 36.64265    1368.369    1672.958  826.507  285.066   92.060   -0.192    9.719 0.00000e+00
  134    18.25000   -97.36738 36.64617    1358.779    1661.424  827.636  285.234   90.834    0.022    9.683 0.00000e+00
  135    18.26667   -97.36526 36.64978    1353.582    1654.619  828.304  285.295   90.322    0.222    9.660 0.00000e+00
  136    18.28333   -97.36321 36.65360    1363.226    1662.830  827.455  285.211   90.797    0.650    9.666 0.00000e+00
  137    18.30000   -97.36115 36.65767    1392.664    1691.944  824.564  284.936   91.634    0.775    9.613 0.00000e+00
  138    18.31667   -97.35902 36.66198    1426.421    1725.758  821.247  284.628   93.156    0.585    9.613 0.00000e+00
  139    18.33333   -97.35698 36.66643    1447.948    1746.924  819.110  284.299   96.034   -0.103    9.721 0.00000e+00
  140    18.35000   -97.35490 36.67087    1440.118    1739.071  819.907  284.345   98.149   -1.160    9.956 5.24949e-02
  141    18.36667   -97.35275 36.67509    1394.338    1692.901  824.460  284.826   96.172   -1.835   10.017 4.66239e-02
  142    18.38333   -97.35047 36.67887    1327.433    1625.481  831.078  285.291   94.459   -2.029   10.065 1.52105e-03
  143    18.40000   -97.34792 36.68199    1265.602    1564.163  837.133  285.893   91.370   -1.505   10.058 0.00000e+00
  144    18.41667   -97.34509 36.68460    1227.691    1526.824  840.878  286.255   90.328   -0.135   10.138 0.00000e+00
  145    18.43333   -97.34228 36.68710    1221.113    1521.032  841.474  286.283   90.351    0.721   10.152 0.00000e+00
  146    18.45000   -97.33926 36.68989    1222.533    1524.030  841.153  286.187   90.814    0.835   10.143 0.00000e+00
  147    18.46667   -97.33595 36.69276    1226.861    1530.059  840.545  286.028   92.404    0.527   10.221 0.00000e+00
  148    18.48333   -97.33267 36.69547    1261.939    1566.828  836.871  285.709   93.784    1.144   10.202 0.00000e+00
  149    18.50000   -97.32972 36.69804    1331.313    1638.202  829.750  284.945   98.751    1.785   10.300 2.00986e-02
  150    18.51667   -97.32713 36.70051    1430.769    1740.188  819.730  284.551  100.000    2.232   10.305 3.20760e-01
  151    18.53333   -97.32516 36.70295    1537.679    1849.263  809.173  284.164  100.000    2.035   10.175 6.38085e-01
  152    18.55000   -97.32379 36.70533    1623.817    1936.897  800.749  283.633  100.000    1.891    9.927 6.78701e-01
  153    18.56667   -97.32243 36.70827    1677.331    1991.496  795.542  283.398  100.000    1.505    9.833 6.96702e-01
  154    18.58333   -97.32085 36.71164    1712.566    2027.977  792.098  283.081   97.399    0.864    9.397 3.92265e-01
  155    18.60000   -97.31884 36.71542    1748.369    2061.797  789.039  282.687   92.821    0.601    8.754 3.95944e-02
  156    18.61667   -97.31639 36.71942    1789.051    2097.232  785.684  282.797   83.079    0.496    7.928 0.00000e+00
  157    18.63333   -97.31369 36.72349    1820.533    2125.196  782.935  283.041   74.397    0.069    7.243 0.00000e+00
  158    18.65000   -97.31094 36.72740    1828.088    2132.043  782.252  283.226   70.317   -0.099    6.938 0.00000e+00
  159    18.66667   -97.30818 36.73114    1825.804    2129.738  782.444  283.267   70.035    0.046    6.927 0.00000e+00
  160    18.68333   -97.30527 36.73479    1820.857    2125.688  782.853  283.117   72.942    0.034    7.139 0.00000e+00
  161    18.70000   -97.30228 36.73835    1808.029    2113.803  784.037  283.073   74.817   -0.436    7.289 0.00000e+00
  162    18.71667   -97.29923 36.74176    1777.875    2083.751  786.871  283.429   73.590   -0.548    7.317 0.00000e+00
  163    18.73333   -97.29611 36.74492    1740.776    2047.201  790.301  283.898   67.462   -0.528    6.892 0.00000e+00
  164    18.75000   -97.29301 36.74791    1703.135    2010.960  793.703  284.126   66.525   -0.384    6.871 0.00000e+00
  165    18.76667   -97.29008 36.75074    1672.060    1981.700  796.508  283.746   77.391   -0.674    7.765 6.14196e-04
  166    18.78333   -97.28726 36.75361    1651.479    1962.726  798.355  283.749   81.009   -0.801    8.111 2.48270e-05
  167    18.80000   -97.28437 36.75652    1615.660    1928.130  801.701  283.942   82.547   -0.610    8.337 0.00000e+00
  168    18.81667   -97.28143 36.75941    1580.710    1893.424  805.072  284.116   84.445    0.071    8.592 0.00000e+00
  169    18.83333   -97.27853 36.76251    1571.066    1883.271  806.078  284.018   87.760    0.705    8.860 0.00000e+00
  170    18.85000   -97.27563 36.76587    1592.897    1904.336  804.054  283.901   86.905    0.915    8.727 0.00000e+00
  171    18.86667   -97.27280 36.76948    1633.168    1943.924  800.270  283.580   87.544    0.844    8.645 0.00000e+00
  172    18.88333   -97.26991 36.77331    1667.374    1976.917  797.113  283.275   88.757    0.517    8.621 0.00000e+00
  173    18.90000   -97.26714 36.77730    1683.329    1990.808  795.809  283.158   89.242    0.365    8.614 0.00000e+00
  174    18.91667   -97.26491 36.78146    1684.335    1990.215  795.849  283.141   89.730    0.143    8.651 0.00000e+00
  175    18.93333   -97.26320 36.78556    1687.595    1993.414  795.502  283.044   91.472    0.504    8.765 0.00000e+00
  176    18.95000   -97.26202 36.78978    1730.104    2035.932  791.491  282.699   91.841    0.970    8.642 0.00000e+00
  177    18.96667   -97.26096 36.79380    1759.013    2064.325  788.763  282.602   89.767   -0.443    8.421 0.00000e+00
  178    18.98333   -97.25990 36.79716    1714.869    2019.936  792.969  282.912   89.901   -0.439    8.566 0.00000e+00
