    0    16.01667   -97.58752 36.26752      10.015     348.780  965.026  294.362   81.253    0.113   13.320 0.00000e+00
    1    16.03333   -97.58740 36.26896      20.828     359.744  963.865  294.167   81.557    0.306   13.225 0.00000e+00
    2    16.05000   -97.58739 36.27092      43.948     383.093  961.297  293.806   82.442    0.634   13.107 0.00000e+00
    3    16.06667   -97.58716 36.27341      90.773     430.355  956.010  293.100   84.727    1.131   12.962 0.00000e+00
    4    16.08333   -97.58687 36.27646     164.617     504.868  947.781  292.243   87.827    1.430   12.844 0.00000e+00
    5    16.10000   -97.58685 36.27977     242.604     583.629  939.103  291.482   91.257    1.253   12.838 0.00000e+00
    6    16.11667   -97.58717 36.28316     279.019     620.906  935.019  291.121   93.169    0.874   12.868 0.00000e+00
    7    16.13333   -97.58757 36.28671     273.676     616.520  935.540  291.194   92.628    0.551   12.845 0.00000e+00
    8    16.15000   -97.58791 36.29043     269.994     614.503  935.763  291.240   92.091   -0.037   12.805 0.00000e+00
    9    16.16667   -97.58810 36.29423     263.367     610.010  936.256  291.277   91.722   -0.277   12.777 0.00000e+00
   10    16.18333   -97.58835 36.29791     268.803     617.347  935.430  291.180   91.912   -0.017   12.736 0.00000e+00
   11    16.20000   -97.58841 36.30141     324.143     674.257  929.214  290.650   94.108    1.156   12.693 0.00000e+00
   12    16.21667   -97.58768 36.30453     392.559     744.159  921.621  289.966   97.641    1.270   12.711 0.00000e+00
   13    16.23333   -97.58548 36.30776     424.354     777.896  917.937  289.632   99.332    0.585   12.710 1.33908e-03
   14    16.25000   -97.58224 36.31116     422.561     778.837  917.862  289.685   98.635   -0.638   12.664 6.26086e-04
   15    16.26667   -97.57867 36.31458     391.395     751.001  920.848  290.003   96.651   -1.027   12.624 0.00000e+00
   16    16.28333   -97.57555 36.31812     353.614     715.581  924.784  290.355   94.957   -0.992   12.630 0.00000e+00
   17    16.30000   -97.57321 36.32178     317.903     680.115  928.725  290.727   92.910   -1.009   12.599 0.00000e+00
   18    16.31667   -97.57179 36.32537     282.189     645.023  932.460  291.118   91.107   -0.929   12.615 0.00000e+00
   19    16.33333   -97.57103 36.32904     233.472     597.611  937.664  291.611   88.774   -1.114   12.611 0.00000e+00
   20    16.35000   -97.57050 36.33278     173.870     534.741  944.652  292.249   86.110   -1.001   12.640 0.00000e+00
   21    16.36667   -97.56966 36.33650     117.575     473.652  951.397  292.848   83.324   -0.962   12.609 0.00000e+00
   22    16.38333   -97.56854 36.34015      77.448     429.405  956.263  293.305   81.652   -0.809   12.649 0.00000e+00
   23    16.40000   -97.56715 36.34378      55.232     403.959  959.043  293.595   80.587   -0.236   12.675 0.00000e+00
   24    16.41667   -97.56551 36.34736      49.881     395.326  960.088  293.836   80.054    0.090   12.768 0.00000e+00
   25    16.43333   -97.56377 36.35069      51.035     390.972  960.537  293.954   79.876    0.037   12.827 0.00000e+00
   26    16.45000   -97.56200 36.35384      51.341     386.235  960.984  294.007   79.847   -0.069   12.859 0.00000e+00
   27    16.46667   -97.56012 36.35689      48.087     380.868  961.500  294.076   79.695   -0.089   12.882 0.00000e+00
   28    16.48333   -97.55813 36.35985      48.681     380.557  961.570  294.145   79.560    0.158   12.915 0.00000e+00
   29    16.50000   -97.55623 36.36277      59.547     389.665  960.534  294.099   79.847    0.365   12.938 0.00000e+00
   30    16.51667   -97.55460 36.36594      75.328     405.855  958.698  293.838   80.627    0.212   12.880 0.00000e+00
   31    16.53333   -97.55286 36.36951      82.130     412.985  957.996  293.735   80.970    0.130   12.861 0.00000e+00
   32    16.55000   -97.55080 36.37324      90.298     420.367  957.096  293.677   81.227    0.223   12.868 0.00000e+00
   33    16.56667   -97.54864 36.37690     107.686     438.680  954.993  293.491   81.954    0.323   12.862 0.00000e+00
   34    16.58333   -97.54675 36.38042     143.204     476.672  950.871  293.140   83.438    0.595   12.867 0.00000e+00
   35    16.60000   -97.54526 36.38395     196.458     532.509  944.717  292.642   85.614    1.067   12.880 0.00000e+00
   36    16.61667   -97.54411 36.38747     272.465     610.573  936.276  291.894   88.876    1.504   12.873 0.00000e+00
   37    16.63333   -97.54328 36.39090     367.962     707.110  925.834  290.946   93.159    1.963   12.851 0.00000e+00
   38    16.65000   -97.54266 36.39449     457.542     797.568  916.126  289.971   97.898    1.654   12.827 0.00000e+00
   39    16.66667   -97.54209 36.39821     512.739     853.786  910.115  289.489  100.000    1.407   12.801 3.08293e-02
   40    16.68333   -97.54140 36.40204     546.043     888.374  906.381  289.298  100.000    0.806   12.700 7.79889e-02
   41    16.70000   -97.54039 36.40598     562.802     906.580  904.422  289.208  100.000    0.487   12.655 9.46987e-02
   42    16.71667   -97.53894 36.40997     564.900     909.808  904.067  289.169  100.000   -0.020   12.620 6.97305e-02
   43    16.73333   -97.53709 36.41404     537.464     883.695  906.832  289.322   99.413   -0.746   12.623 1.25487e-02
   44    16.75000   -97.53505 36.41798     484.167     831.973  912.302  289.805   96.615   -1.011   12.578 0.00000e+00
   45    16.76667   -97.53300 36.42174     437.294     786.704  917.161  290.315   93.253   -0.866   12.475 0.00000e+00
   46    16.78333   -97.53104 36.42529     414.415     764.836  919.581  290.592   91.430   -0.497   12.416 0.00000e+00
   47    16.80000   -97.52905 36.42868     414.483     764.951  919.660  290.637   90.949   -0.194   12.385 0.00000e+00
   48    16.81667   -97.52714 36.43204     431.252     778.386  918.368  290.541   91.526    0.276   12.406 0.00000e+00
   49    16.83333   -97.52538 36.43542     472.410     815.325  914.304  290.176   93.457    0.640   12.431 0.00000e+00
   50    16.85000   -97.52352 36.43871     532.416     872.538  908.235  289.631   96.232    0.886   12.445 0.00000e+00
   51    16.86667   -97.52122 36.44193     586.891     924.320  902.689  289.102   98.937    0.420   12.443 9.52536e-06
   52    16.88333   -97.51843 36.44506     605.630     940.761  900.913  288.927   99.955   -0.357   12.455 5.00955e-04
   53    16.90000   -97.51538 36.44809     580.259     912.810  903.933  289.237   98.057   -1.137   12.422 0.00000e+00
   54    16.91667   -97.51225 36.45108     524.644     853.482  910.215  289.874   94.187   -1.468   12.344 0.00000e+00
   55    16.93333   -97.50924 36.45411     465.126     790.772  916.824  290.487   91.092   -1.244   12.325 0.00000e+00
   56    16.95000   -97.50641 36.45730     421.192     745.443  921.722  290.919   89.168   -0.852   12.335 0.00000e+00
   57    16.96667   -97.50368 36.46079     412.865     735.265  922.883  291.010   88.834   -0.092   12.344 0.00000e+00
   58    16.98333   -97.50111 36.46474     439.950     759.759  920.198  290.749   90.124    0.349   12.353 0.00000e+00
   59    17.00000   -97.49863 36.46912     462.870     781.433  917.865  290.527   91.447    0.114   12.391 0.00000e+00
   60    17.01667   -97.49640 36.47350     469.233     786.324  917.347  290.440   92.435    0.252   12.462 0.00000e+00
   61    17.03333   -97.49439 36.47741     479.951     795.684  916.401  290.288   93.615    0.304   12.512 0.00000e+00
   62    17.05000   -97.49238 36.48089     500.246     814.021  914.460  290.151   93.785    0.296   12.453 0.00000e+00
   63    17.06667   -97.49026 36.48428     525.102     836.913  912.035  289.991   93.944    0.135   12.380 0.00000e+00
   64    17.08333   -97.48816 36.48773     552.209     862.488  909.308  289.792   94.336    0.172   12.311 0.00000e+00
   65    17.10000   -97.48608 36.49118     586.066     894.282  905.898  289.566   94.654    0.339   12.221 0.00000e+00
   66    17.11667   -97.48403 36.49458     616.323     923.211  902.784  289.354   95.107    0.245   12.156 0.00000e+00
   67    17.13333   -97.48183 36.49796     635.338     941.165  900.917  289.209   95.572   -0.101   12.127 0.00000e+00
   68    17.15000   -97.47963 36.50125     637.576     941.830  900.803  289.207   95.481   -0.373   12.115 0.00000e+00
   69    17.16667   -97.47750 36.50441     632.046     935.105  901.543  289.274   95.111   -0.212   12.111 0.00000e+00
   70    17.18333   -97.47536 36.50763     633.774     935.003  901.531  289.268   95.148    0.080   12.110 0.00000e+00
   71    17.20000   -97.47314 36.51091     645.240     944.666  900.475  289.170   95.608    0.288   12.107 0.00000e+00
   72    17.21667   -97.47079 36.51418     653.596     952.531  899.495  289.080   95.992    0.119   12.099 0.00000e+00
   73    17.23333   -97.46837 36.51740     647.603     950.828  899.653  289.092   95.959   -0.105   12.101 0.00000e+00
   74    17.25000   -97.46594 36.52060     635.785     943.109  900.527  289.177   95.485   -0.195   12.096 0.00000e+00
   75    17.26667   -97.46355 36.52377     625.317     935.047  901.428  289.307   94.456   -0.251   12.054 0.00000e+00
   76    17.28333   -97.46119 36.52693     614.790     926.291  902.380  289.431   93.624   -0.244   12.031 0.00000e+00
   77    17.30000   -97.45880 36.53007     607.509     920.519  903.061  289.547   92.723   -0.171   11.995 0.00000e+00
   78    17.31667   -97.45631 36.53322     605.229     918.993  903.208  289.610   92.068   -0.118   11.956 0.00000e+00
   79    17.33333   -97.45371 36.53640     601.996     915.344  903.671  289.693   91.340   -0.118   11.919 0.00000e+00
   80    17.35000   -97.45123 36.53959     602.340     915.229  903.625  289.683   91.414    0.187   11.922 0.00000e+00
   81    17.36667   -97.44881 36.54282     619.495     931.696  901.901  289.491   92.610    0.522   11.952 0.00000e+00
   82    17.38333   -97.44633 36.54610     635.995     946.782  900.312  289.307   93.794    0.139   11.984 0.00000e+00
   83    17.40000   -97.44391 36.54930     627.676     938.808  901.117  289.372   93.543   -0.232   11.992 0.00000e+00
   84    17.41667   -97.44153 36.55236     612.701     924.788  902.617  289.525   92.730   -0.252   11.985 0.00000e+00
   85    17.43333   -97.43909 36.55539     596.193     908.983  904.227  289.703   91.567   -0.263   11.949 0.00000e+00
   86    17.45000   -97.43663 36.55846     574.063     887.792  906.509  289.929   90.176   -0.357   11.909 0.00000e+00
   87    17.46667   -97.43429 36.56158     549.789     865.889  908.785  290.147   89.117   -0.355   11.905 0.00000e+00
   88    17.48333   -97.43208 36.56472     533.758     852.422  910.214  290.308   88.166   -0.114   11.880 0.00000e+00
   89    17.50000   -97.43009 36.56792     533.573     854.221  910.099  290.262   88.807    0.153   11.933 0.00000e+00
   90    17.51667   -97.42831 36.57129     551.295     873.098  908.142  290.053   90.475    0.470   12.022 0.00000e+00
   91    17.53333   -97.42650 36.57478     585.581     907.503  904.515  289.674   93.688    0.430   12.200 0.00000e+00
   92    17.55000   -97.42448 36.57825     616.429     938.242  901.250  289.373   94.813    0.106   12.154 0.00000e+00
   93    17.56667   -97.42242 36.58159     646.094     967.073  898.282  289.118   95.965    0.268   12.142 0.00000e+00
   94    17.58333   -97.42034 36.58478     694.139    1013.775  893.323  288.655   99.208    0.800   12.250 2.19034e-04
   95    17.60000   -97.41800 36.58809     758.264    1077.685  886.526  288.268  100.000    1.115   12.137 7.60577e-02
   96    17.61667   -97.41537 36.59164     803.279    1123.698  881.712  288.040  100.000    0.674   12.042 1.32315e-01
   97    17.63333   -97.41285 36.59525     807.786    1129.239  881.140  288.008  100.000    0.134   12.025 1.17557e-01
   98    17.65000   -97.41068 36.59869     778.865    1101.167  884.067  288.133   99.495   -0.299   12.003 2.65483e-02
   99    17.66667   -97.40889 36.60196     729.880    1053.041  889.120  288.598   96.121   -0.740   11.882 0.00000e+00
  100    17.68333   -97.40732 36.60512     675.617     999.558  894.700  289.172   92.586   -0.842   11.802 0.00000e+00
  101    17.70000   -97.40586 36.60818     629.351     954.343  899.481  289.661   89.525   -0.657   11.713 0.00000e+00
  102    17.71667   -97.40440 36.61119     598.322     924.400  902.652  289.976   87.739   -0.372   11.672 0.00000e+00
  103    17.73333   -97.40287 36.61415     586.238     913.142  903.916  290.096   87.075   -0.077   11.657 0.00000e+00
  104    17.75000   -97.40126 36.61706     595.632     921.827  903.058  289.972   88.039    0.348   11.704 0.00000e+00
  105    17.76667   -97.39968 36.61993     620.230     944.652  900.724  289.737   89.429    0.565   11.741 0.00000e+00
  106    17.78333   -97.39811 36.62281     644.407     966.549  898.431  289.514   91.035    0.397   11.812 0.00000e+00
  107    17.80000   -97.39653 36.62566     659.981     979.775  897.068  289.368   92.629    0.236   11.926 0.00000e+00
  108    17.81667   -97.39502 36.62845     669.676     986.847  896.295  289.272   93.877    0.080   12.022 0.00000e+00
  109    17.83333   -97.39372 36.63112     684.590     999.590  894.977  289.114   95.151    0.385   12.080 0.00000e+00
  110    17.85000   -97.39265 36.63368     736.643    1049.726  889.731  288.812   99.760    1.950   12.495 3.86274e-02
  111    17.86667   -97.39146 36.63618     836.394    1147.555  879.501  288.613  100.000    2.576   12.528 3.05118e-01
  112    17.88333   -97.38975 36.63889     945.648    1254.826  868.419  288.217  100.000    2.530   12.369 5.87083e-01
  113    17.90000   -97.38754 36.64194    1043.680    1351.368  858.510  287.752  100.000    2.231   12.142 8.20732e-01
  114    17.91667   -97.38525 36.64539    1129.315    1436.055  849.817  287.322  100.000    1.784   11.930 9.94139e-01
  115    17.93333   -97.38297 36.64911    1208.600    1514.295  841.983  286.739  100.000    1.163   11.592 9.78541e-01
  116    17.95000   -97.38078 36.65281    1274.137    1577.734  835.729  286.154  100.000    0.603   11.239 7.79463e-01
  117    17.96667   -97.37877 36.65604    1339.300    1641.063  829.429  285.496  100.000    1.184   10.844 5.83365e-01
  118    17.98333   -97.37705 36.65889    1423.003    1723.958  821.256  284.986  100.000    2.223   10.588 6.44138e-01
  119    18.00000   -97.37546 36.66173    1528.879    1829.149  811.010  284.348  100.000    2.086   10.277 7.31708e-01
  120    18.01667   -97.37393 36.66483    1609.037    1908.950  803.330  283.899  100.000    1.126   10.071 8.54730e-01
  121    18.03333   -97.37252 36.66800    1637.627    1937.263  800.610  283.969  100.000    0.955   10.154 1.11575e+00
  122    18.05000   -97.37102 36.67120    1662.920    1962.150  798.254  283.770  100.000    1.123   10.048 1.04316e+00
  123    18.06667   -97.36938 36.67459    1675.762    1975.784  796.918  283.655  100.000    0.804    9.988 9.84065e-01
  124    18.08333   -97.36764 36.67807    1665.417    1966.535  797.830  283.673  100.000   -0.274    9.988 8.91273e-01
  125    18.10000   -97.36568 36.68162    1630.285    1931.809  801.178  283.324   98.231   -1.052    9.524 3.21494e-01
  126    18.11667   -97.36354 36.68527    1588.465    1890.028  805.142  283.970   86.911   -1.000    8.756 1.82265e-02
  127    18.13333   -97.36123 36.68898    1566.189    1868.275  807.245  284.164   85.428   -0.314    8.696 0.00000e+00
  128    18.15000   -97.35886 36.69268    1578.815    1882.012  805.901  283.876   88.226    0.391    8.824 0.00000e+00
  129    18.16667   -97.35648 36.69638    1612.972    1918.008  802.402  283.395   92.354    0.652    8.983 0.00000e+00
  130    18.18333   -97.35410 36.70018    1641.952    1950.443  799.301  282.934   96.583    0.416    9.143 0.00000e+00
  131    18.20000   -97.35177 36.70404    1648.117    1960.212  798.413  282.755   98.833   -0.113    9.254 1.09189e-03
  132    18.21667   -97.34946 36.70797    1632.082    1945.365  799.891  282.889   98.826   -0.558    9.320 0.00000e+00
  133    18.23333   -97.34730 36.71184    1607.328    1921.298  802.185  283.163   97.029   -0.595    9.294 0.00000e+00
  134    18.25000   -97.34531 36.71558    1590.256    1903.033  804.034  283.404   95.064   -0.259    9.234 0.00000e+00
  135    18.26667   -97.34351 36.71928    1582.100    1892.509  805.027  283.484   95.038   -0.041    9.270 0.00000e+00
  136    18.28333   -97.34181 36.72301    1577.347    1886.129  805.621  283.585   94.149   -0.001    9.238 0.00000e+00
  137    18.30000   -97.34020 36.72684    1580.841    1888.896  805.355  283.559   94.577    0.226    9.267 0.00000e+00
  138    18.31667   -97.33868 36.73067    1601.101    1908.407  803.525  283.371   95.752    0.468    9.285 0.00000e+00
  139    18.33333   -97.33713 36.73443    1624.806    1931.957  801.245  283.143   96.849    0.222    9.275 0.00000e+00
  140    18.35000   -97.33562 36.73809    1626.363    1933.305  801.101  283.145   96.849   -0.314    9.279 0.00000e+00
  141    18.36667   -97.33419 36.74169    1599.056    1907.097  803.612  283.434   94.701   -0.593    9.222 0.00000e+00
  142    18.38333   -97.33273 36.74527    1563.069    1872.487  806.905  283.803   91.863   -0.552    9.132 0.00000e+00
  143    18.40000   -97.33123 36.74884    1535.224    1845.526  809.599  284.068   90.325   -0.356    9.109 0.00000e+00
  144    18.41667   -97.32964 36.75238    1519.705    1830.111  811.147  284.213   89.676   -0.176    9.114 0.00000e+00
  145    18.43333   -97.32792 36.75593    1512.892    1823.180  811.739  284.272   89.357   -0.056    9.111 0.00000e+00
  146    18.45000   -97.32605 36.75952    1510.248    1821.562  811.882  284.270   89.525    0.012    9.125 0.00000e+00
  147    18.46667   -97.32404 36.76318    1511.855    1824.720  811.549  284.223   89.888    0.058    9.138 0.00000e+00
  148    18.48333   -97.32193 36.76691    1516.900    1831.321  810.902  284.148   90.356    0.101    9.147 0.00000e+00
  149    18.50000   -97.31979 36.77066    1525.196    1840.849  810.033  284.053   90.885    0.165    9.152 0.00000e+00
  150    18.51667   -97.31760 36.77443    1537.941    1854.273  808.774  283.937   91.228    0.260    9.129 0.00000e+00
  151    18.53333   -97.31538 36.77817    1558.294    1875.488  806.691  283.709   92.612    0.469    9.151 0.00000e+00
  152    18.55000   -97.31306 36.78193    1590.951    1908.954  803.474  283.320   95.558    0.619    9.236 0.00000e+00
  153    18.56667   -97.31039 36.78579    1608.998    1928.069  801.599  283.063   99.327   -0.615    9.457 4.03434e-02
  154    18.58333   -97.30786 36.78951    1572.726    1892.843  805.025  283.354   97.381   -1.432    9.415 0.00000e+00
  155    18.60000   -97.30608 36.79298    1525.969    1846.035  809.549  283.846   93.489   -1.171    9.290 1.81336e-03
  156    18.61667   -97.30450 36.79624    1499.720    1819.296  812.225  284.161   91.728   -0.380    9.279 0.00000e+00
  157    18.63333   -97.30282 36.79940    1504.804    1823.458  811.811  284.150   90.993    0.183    9.202 0.00000e+00
  158    18.65000   -97.30110 36.80264    1527.411    1845.342  809.659  284.058   89.885    0.413    9.058 0.00000e+00
  159    18.66667   -97.29936 36.80597    1556.472    1873.737  806.961  283.954   87.668    0.414    8.803 0.00000e+00
  160    18.68333   -97.29745 36.80938    1585.298    1900.900  804.357  283.816   85.587    0.343    8.543 0.00000e+00
  161    18.70000   -97.29534 36.81289    1607.360    1920.850  802.436  283.552   87.367    0.174    8.588 0.00000e+00
  162    18.71667   -97.29309 36.81643    1616.433    1928.558  801.669  283.364   90.396   -0.067    8.782 0.00000e+00
  163    18.73333   -97.29073 36.81995    1612.381    1922.915  802.246  283.316   93.297   -0.189    9.029 1.49407e-04
  164    18.75000   -97.28829 36.82339    1599.413    1908.256  803.625  283.389   95.392   -0.166    9.261 3.57797e-05
  165    18.76667   -97.28572 36.82679    1580.305    1888.321  805.513  283.506   96.519   -0.272    9.422 0.00000e+00
  166    18.78333   -97.28314 36.83016    1554.714    1862.728  807.961  283.688   97.187   -0.464    9.574 1.96615e-02
  167    18.80000   -97.28072 36.83355    1528.426    1836.709  810.510  283.884   97.576   -0.428    9.709 3.32459e-02
  168    18.81667   -97.27853 36.83702    1510.551    1819.315  812.179  284.005   97.490   -0.164    9.760 1.61350e-02
  169    18.83333   -97.27658 36.84058    1506.037    1814.764  812.682  284.044   96.527    0.132    9.682 9.90251e-04
  170    18.85000   -97.27484 36.84419    1513.210    1821.724  812.020  283.983   95.748    0.360    9.573 0.00000e+00
  171    18.86667   -97.27316 36.84779    1526.789    1835.525  810.655  283.848   96.049    0.369    9.533 5.43717e-04
  172    18.88333   -97.27149 36.85133    1537.022    1846.467  809.610  283.736   96.419    0.165    9.510 0.00000e+00
  173    18.90000   -97.26980 36.85484    1532.572    1842.666  809.918  283.764   96.378   -0.253    9.520 0.00000e+00
  174    18.91667   -97.26808 36.85833    1506.580    1817.898  812.356  284.014   95.504   -0.514    9.564 0.00000e+00
  175    18.93333   -97.26625 36.86181    1472.065    1784.912  815.526  284.415   92.270   -0.393    9.454 0.00000e+00
  176    18.95000   -97.26424 36.86534    1447.104    1761.076  817.913  284.719   90.200   -0.350    9.403 0.00000e+00
  177    18.96667   -97.26211 36.86885    1431.709    1745.478  819.475  284.944   88.109   -0.159    9.306 0.00000e+00
  178    18.98333   -97.25995 36.87235    1432.122    1746.014  819.307  284.945   88.185    0.128    9.316 0.00000e+00
