    0    16.01667   -97.40240 36.21906      67.761     428.548  956.416  292.749   85.307   -0.088   12.761 0.00000e+00
    1    16.03333   -97.40162 36.22198      63.477     424.794  956.837  292.796   85.079   -0.119   12.759 0.00000e+00
    2    16.05000   -97.40068 36.22487      56.147     417.963  957.620  292.874   84.729   -0.153   12.758 0.00000e+00
    3    16.06667   -97.39959 36.22766      46.505     408.461  958.699  292.996   84.225   -0.144   12.765 0.00000e+00
    4    16.08333   -97.39840 36.23033      35.705     397.261  959.958  293.160   83.589   -0.169   12.783 0.00000e+00
    5    16.10000   -97.39705 36.23286      23.664     384.348  961.321  293.443   82.600   -0.206   12.838 0.00000e+00
    6    16.11667   -97.39546 36.23515      16.527     377.164  962.045  293.655   81.902   -0.056   12.890 0.00000e+00
    7    16.13333   -97.39397 36.23737      19.285     380.691  961.646  293.801   81.613    0.150   12.967 0.00000e+00
    8    16.15000   -97.39290 36.23980      28.765     390.420  960.601  293.856   81.507    0.219   13.009 0.00000e+00
    9    16.16667   -97.39209 36.24254      41.210     402.672  959.231  293.714   81.858    0.186   12.968 0.00000e+00
   10    16.18333   -97.39147 36.24557      52.746     414.297  957.903  293.595   82.262    0.206   12.954 0.00000e+00
   11    16.20000   -97.39089 36.24880      69.249     429.656  956.230  293.389   82.905    0.281   12.911 0.00000e+00
   12    16.21667   -97.39030 36.25214      95.266     453.763  953.574  293.165   83.804    0.511   12.907 0.00000e+00
   13    16.23333   -97.38960 36.25561     119.258     475.837  951.149  292.907   84.539    0.362   12.844 0.00000e+00
   14    16.25000   -97.38873 36.25912     126.603     480.864  950.637  292.860   84.609    0.043   12.824 0.00000e+00
   15    16.26667   -97.38765 36.26267     111.332     463.252  952.544  292.983   83.933   -0.224   12.793 0.00000e+00
   16    16.28333   -97.38620 36.26618      97.508     447.970  954.178  293.122   83.239    0.147   12.777 0.00000e+00
   17    16.30000   -97.38470 36.26938     116.479     466.353  952.143  293.036   83.711    0.673   12.807 0.00000e+00
   18    16.31667   -97.38338 36.27241     159.703     508.770  947.540  292.645   85.265    0.975   12.792 0.00000e+00
   19    16.33333   -97.38206 36.27547     206.525     553.287  942.725  292.209   86.970    0.954   12.760 0.00000e+00
   20    16.35000   -97.38064 36.27869     246.770     590.491  938.705  291.829   88.426    0.709   12.722 0.00000e+00
   21    16.36667   -97.37899 36.28210     280.067     620.122  935.510  291.529   89.652    0.617   12.699 0.00000e+00
   22    16.38333   -97.37721 36.28553     307.022     642.634  933.096  291.307   90.577    0.394   12.684 0.00000e+00
   23    16.40000   -97.37539 36.28898     315.598     646.850  932.554  291.253   90.670   -0.009   12.661 0.00000e+00
   24    16.41667   -97.37361 36.29242     307.737     636.298  933.700  291.351   90.130   -0.200   12.649 0.00000e+00
   25    16.43333   -97.37190 36.29585     292.242     618.119  935.725  291.531   89.275   -0.272   12.645 0.00000e+00
   26    16.45000   -97.37025 36.29925     276.318     600.413  937.609  291.696   88.536   -0.173   12.646 0.00000e+00
   27    16.46667   -97.36859 36.30262     267.718     590.856  938.565  291.779   88.188   -0.005   12.649 0.00000e+00
   28    16.48333   -97.36680 36.30600     265.405     588.121  938.880  291.803   88.112   -0.068   12.653 0.00000e+00
   29    16.50000   -97.36483 36.30937     256.804     578.515  939.964  291.899   87.639   -0.234   12.647 0.00000e+00
   30    16.51667   -97.36284 36.31270     239.750     559.481  942.043  292.092   86.724   -0.305   12.640 0.00000e+00
   31    16.53333   -97.36096 36.31599     216.764     536.224  944.458  292.320   85.719   -0.422   12.641 0.00000e+00
   32    16.55000   -97.35925 36.31932     181.334     501.622  948.289  292.644   84.237   -0.765   12.627 0.00000e+00
   33    16.56667   -97.35767 36.32261     129.014     449.019  954.108  293.144   82.044   -1.082   12.611 0.00000e+00
   34    16.58333   -97.35598 36.32562      74.440     395.336  959.907  293.651   80.059   -0.736   12.625 0.00000e+00
   35    16.60000   -97.35406 36.32846      53.572     377.896  961.804  293.845   79.367    0.007   12.643 0.00000e+00
   36    16.61667   -97.35240 36.33092      75.795     400.781  959.678  293.852   79.705    0.611   12.730 0.00000e+00
   37    16.63333   -97.35131 36.33315     124.812     445.173  954.761  293.422   81.473    1.013   12.734 0.00000e+00
   38    16.65000   -97.35066 36.33521     195.885     511.912  947.410  292.779   84.179    1.518   12.738 0.00000e+00
   39    16.66667   -97.35025 36.33722     287.249     599.013  937.844  291.915   88.057    1.497   12.749 0.00000e+00
   40    16.68333   -97.34979 36.33927     369.964     678.879  929.042  291.116   91.771    1.208   12.753 0.00000e+00
   41    16.70000   -97.34911 36.34130     435.052     742.712  922.165  290.493   94.786    0.845   12.755 0.00000e+00
   42    16.71667   -97.34813 36.34338     482.275     788.353  917.316  290.049   96.979    0.580   12.753 0.00000e+00
   43    16.73333   -97.34689 36.34549     516.978     820.941  913.825  289.739   98.485    0.435   12.745 0.00000e+00
   44    16.75000   -97.34544 36.34768     538.567     841.419  911.507  289.535   99.407    0.249   12.730 3.03981e-04
   45    16.76667   -97.34395 36.35004     548.514     852.335  910.372  289.441   99.713    0.001   12.708 4.86126e-04
   46    16.78333   -97.34243 36.35258     550.380     855.074  910.112  289.422   99.639   -0.346   12.687 1.13967e-03
   47    16.80000   -97.34089 36.35530     541.566     847.073  910.925  289.500   99.021   -0.624   12.660 2.72420e-04
   48    16.81667   -97.33948 36.35818     518.162     825.932  913.149  289.718   97.606   -0.821   12.624 0.00000e+00
   49    16.83333   -97.33820 36.36121     483.603     793.997  916.556  290.054   95.670   -0.836   12.595 0.00000e+00
   50    16.85000   -97.33707 36.36435     445.213     758.257  920.407  290.426   93.679   -0.684   12.576 0.00000e+00
   51    16.86667   -97.33601 36.36752     412.201     727.270  923.745  290.737   92.123   -0.532   12.569 0.00000e+00
   52    16.88333   -97.33504 36.37067     384.508     701.626  926.483  291.002   90.746   -0.396   12.554 0.00000e+00
   53    16.90000   -97.33419 36.37377     361.365     680.026  928.840  291.208   89.830   -0.218   12.559 0.00000e+00
   54    16.91667   -97.33345 36.37679     344.272     664.156  930.603  291.353   89.277   -0.135   12.573 0.00000e+00
   55    16.93333   -97.33284 36.37975     329.140     650.197  932.101  291.485   88.686   -0.117   12.574 0.00000e+00
   56    16.95000   -97.33238 36.38269     316.987     639.510  933.259  291.592   88.219   -0.067   12.577 0.00000e+00
   57    16.96667   -97.33199 36.38562     305.912     629.852  934.343  291.704   87.666   -0.146   12.572 0.00000e+00
   58    16.98333   -97.33160 36.38853     287.068     612.212  936.355  291.924   86.620   -0.315   12.569 0.00000e+00
   59    17.00000   -97.33127 36.39145     257.336     582.621  939.486  292.222   85.330   -0.523   12.574 0.00000e+00
   60    17.01667   -97.33105 36.39442     220.483     546.087  943.428  292.584   83.760   -0.704   12.573 0.00000e+00
   61    17.03333   -97.33104 36.39744     183.679     508.769  947.604  292.964   82.107   -0.637   12.566 0.00000e+00
   62    17.05000   -97.33112 36.40040     158.042     479.752  950.854  293.263   80.739   -0.370   12.547 0.00000e+00
   63    17.06667   -97.33115 36.40326     147.542     466.058  952.355  293.412   80.021   -0.097   12.532 0.00000e+00
   64    17.08333   -97.33099 36.40599     151.556     466.872  952.285  293.418   79.938    0.167   12.524 0.00000e+00
   65    17.10000   -97.33068 36.40866     167.270     479.206  950.944  293.310   80.356    0.405   12.523 0.00000e+00
   66    17.11667   -97.33025 36.41130     191.771     500.211  948.747  293.181   80.977    0.668   12.547 0.00000e+00
   67    17.13333   -97.32984 36.41396     225.511     530.643  945.261  292.941   82.077    0.867   12.575 0.00000e+00
   68    17.15000   -97.32933 36.41656     271.994     575.051  940.388  292.473   83.985    0.855   12.560 0.00000e+00
   69    17.16667   -97.32888 36.41905     353.380     654.823  931.665  291.842   87.428    1.551   12.685 0.00000e+00
   70    17.18333   -97.32825 36.42139     458.787     758.925  920.424  290.852   92.012    1.432   12.692 0.00000e+00
   71    17.20000   -97.32739 36.42365     546.954     845.922  911.122  289.975   96.405    1.106   12.704 0.00000e+00
   72    17.21667   -97.32632 36.42567     612.884     910.792  904.244  289.333   99.546    0.764   12.685 2.88445e-04
   73    17.23333   -97.32507 36.42738     651.687     948.744  900.216  289.092  100.000    0.442   12.621 6.09722e-02
   74    17.25000   -97.32378 36.42880     646.760     943.075  900.829  289.126  100.000   -0.578   12.640 6.19921e-02
   75    17.26667   -97.32248 36.43008     577.759     873.412  908.211  289.721   97.635   -1.993   12.699 0.00000e+00
   76    17.28333   -97.32139 36.43145     467.599     762.451  920.061  290.849   91.618   -2.297   12.640 0.00000e+00
   77    17.30000   -97.32063 36.43307     365.608     659.437  931.167  291.874   86.713   -1.578   12.613 0.00000e+00
   78    17.31667   -97.32013 36.43493     297.475     590.039  938.672  292.544   83.718   -0.713   12.600 0.00000e+00
   79    17.33333   -97.31985 36.43694     262.885     554.044  942.593  292.879   82.240   -0.142   12.587 0.00000e+00
   80    17.35000   -97.31956 36.43909     252.092     542.212  943.855  292.951   81.966    0.099   12.584 0.00000e+00
   81    17.36667   -97.31924 36.44133     250.927     540.698  944.062  292.940   82.083    0.184   12.591 0.00000e+00
   82    17.38333   -97.31884 36.44360     254.706     543.980  943.677  292.895   82.303    0.287   12.594 0.00000e+00
   83    17.40000   -97.31841 36.44587     261.423     550.046  943.042  292.834   82.584    0.230   12.598 0.00000e+00
   84    17.41667   -97.31802 36.44817     269.182     557.392  942.233  292.767   82.841    0.201   12.595 0.00000e+00
   85    17.43333   -97.31770 36.45051     275.809     563.874  941.539  292.716   83.020    0.220   12.591 0.00000e+00
   86    17.45000   -97.31748 36.45286     283.603     571.565  940.678  292.641   83.333    0.187   12.591 0.00000e+00
   87    17.46667   -97.31739 36.45518     288.902     576.628  940.217  292.612   83.419    0.145   12.588 0.00000e+00
   88    17.48333   -97.31746 36.45746     296.520     582.955  939.505  292.573   83.618    0.235   12.596 0.00000e+00
   89    17.50000   -97.31755 36.45978     315.275     600.286  937.625  292.531   84.009    0.681   12.648 0.00000e+00
   90    17.51667   -97.31741 36.46229     353.678     637.075  933.598  292.425   85.011    1.031   12.768 0.00000e+00
   91    17.53333   -97.31682 36.46507     389.034     672.021  929.703  292.077   86.471    0.415   12.760 0.00000e+00
   92    17.55000   -97.31585 36.46800     386.269     669.876  929.925  292.125   85.946   -0.553   12.717 0.00000e+00
   93    17.56667   -97.31531 36.47088     346.485     630.804  934.150  292.504   83.559   -1.029   12.606 0.00000e+00
   94    17.58333   -97.31538 36.47356     303.200     588.156  938.765  292.929   81.068   -0.866   12.498 0.00000e+00
   95    17.60000   -97.31580 36.47604     277.060     562.562  941.552  293.162   79.964   -0.337   12.471 0.00000e+00
   96    17.61667   -97.31618 36.47840     273.029     559.038  941.968  293.197   79.901   -0.026   12.483 0.00000e+00
   97    17.63333   -97.31630 36.48067     279.021     566.266  941.098  293.078   80.395    0.006   12.478 0.00000e+00
   98    17.65000   -97.31630 36.48287     280.388     570.472  940.638  293.020   80.537   -0.092   12.462 0.00000e+00
   99    17.66667   -97.31631 36.48502     280.235     573.099  940.355  292.954   81.069    0.034   12.496 0.00000e+00
  100    17.68333   -97.31641 36.48705     279.671     575.177  940.142  292.907   81.369    0.178   12.509 0.00000e+00
  101    17.70000   -97.31667 36.48897     276.993     574.855  940.199  292.903   81.439    0.170   12.515 0.00000e+00
  102    17.71667   -97.31714 36.49094     267.511     567.350  940.957  292.974   81.206   -0.017   12.525 0.00000e+00
  103    17.73333   -97.31790 36.49292     257.498     559.282  941.871  293.063   80.896   -0.035   12.535 0.00000e+00
  104    17.75000   -97.31895 36.49490     261.432     564.919  941.180  293.033   81.087    0.683   12.549 0.00000e+00
  105    17.76667   -97.32006 36.49696     295.559     599.718  937.463  292.766   82.113    1.007   12.548 0.00000e+00
  106    17.78333   -97.32077 36.49924     337.162     639.676  933.079  292.447   83.346    0.887   12.543 0.00000e+00
  107    17.80000   -97.32128 36.50174     374.485     675.340  929.290  292.193   84.346    0.584   12.543 0.00000e+00
  108    17.81667   -97.32172 36.50434     395.601     694.901  927.145  292.026   84.994    0.110   12.537 0.00000e+00
  109    17.83333   -97.32231 36.50698     403.305     701.891  926.400  292.008   85.022   -0.149   12.536 0.00000e+00
  110    17.85000   -97.32301 36.50967     407.780     706.118  925.957  292.026   84.813   -0.218   12.526 0.00000e+00
  111    17.86667   -97.32365 36.51231     408.640     707.020  925.868  292.049   84.514   -0.251   12.501 0.00000e+00
  112    17.88333   -97.32429 36.51477     403.704     702.260  926.422  292.094   84.436   -0.231   12.518 0.00000e+00
  113    17.90000   -97.32506 36.51695     390.956     689.821  927.726  292.206   83.931   -0.107   12.513 0.00000e+00
  114    17.91667   -97.32608 36.51911     374.917     674.426  929.422  292.351   83.331   -0.061   12.514 0.00000e+00
  115    17.93333   -97.32729 36.52139     352.333     652.919  931.759  292.612   82.293   -0.422   12.531 0.00000e+00
  116    17.95000   -97.32851 36.52371     346.835     648.237  932.197  292.697   81.900    0.273   12.532 0.00000e+00
  117    17.96667   -97.32950 36.52607     380.922     682.715  928.445  292.384   83.313    0.836   12.551 0.00000e+00
  118    17.98333   -97.33018 36.52841     414.968     717.130  924.768  292.054   84.698    0.328   12.548 0.00000e+00
  119    18.00000   -97.33080 36.53082     400.436     702.894  926.257  292.217   84.183   -0.618   12.580 0.00000e+00
  120    18.01667   -97.33151 36.53323     336.470     639.056  933.124  292.867   81.524   -1.428   12.596 0.00000e+00
  121    18.03333   -97.33244 36.53568     239.794     542.516  943.633  293.852   77.225   -2.023   12.546 0.00000e+00
  122    18.05000   -97.33370 36.53814     138.982     441.873  954.621  294.847   73.311   -1.416   12.521 0.00000e+00
  123    18.06667   -97.33522 36.54045      94.229     397.760  959.448  295.282   71.830   -0.170   12.538 0.00000e+00
  124    18.08333   -97.33678 36.54266     105.367     410.171  958.129  295.227   72.337    0.658   12.601 0.00000e+00
  125    18.10000   -97.33823 36.54476     156.021     462.421  952.392  294.858   73.986    1.181   12.675 0.00000e+00
  126    18.11667   -97.33958 36.54672     213.753     521.535  945.934  294.256   76.104    0.972   12.647 0.00000e+00
  127    18.13333   -97.34086 36.54858     255.889     564.633  941.234  293.823   77.664    0.547   12.627 0.00000e+00
  128    18.15000   -97.34209 36.55044     262.668     572.233  940.410  293.769   77.840   -0.127   12.624 0.00000e+00
  129    18.16667   -97.34306 36.55243     237.615     547.877  943.064  294.024   76.644   -0.671   12.593 0.00000e+00
  130    18.18333   -97.34371 36.55465     182.839     493.735  948.952  294.564   74.538   -1.193   12.585 0.00000e+00
  131    18.20000   -97.34412 36.55693     115.104     426.571  956.330  295.226   72.023   -1.136   12.569 0.00000e+00
  132    18.21667   -97.34448 36.55914      65.874     377.927  961.734  295.727   70.021   -0.634   12.531 0.00000e+00
  133    18.23333   -97.34499 36.56120      41.730     354.397  964.242  296.073   68.743   -0.233   12.533 0.00000e+00
  134    18.25000   -97.34578 36.56301      35.907     349.469  964.849  296.306   67.930    0.011   12.555 0.00000e+00
  135    18.26667   -97.34673 36.56448      39.428     354.071  964.361  296.362   67.805    0.078   12.581 0.00000e+00
  136    18.28333   -97.34770 36.56567      42.906     358.579  963.839  296.333   67.827    0.036   12.570 0.00000e+00
  137    18.30000   -97.34861 36.56681      44.210     360.825  963.611  296.325   67.846   -0.034   12.570 0.00000e+00
  138    18.31667   -97.34937 36.56782      41.612     359.049  963.732  296.305   67.814   -0.213   12.548 0.00000e+00
  139    18.33333   -97.34996 36.56858      38.433     356.497  964.038  296.598   67.280    0.016   12.670 0.00000e+00
  140    18.35000   -97.35040 36.56911      49.671     368.197  962.739  296.629   67.383    0.383   12.731 0.00000e+00
  141    18.36667   -97.35062 36.56977      70.243     389.135  960.445  296.404   67.910    0.637   12.686 0.00000e+00
  142    18.38333   -97.35067 36.57070     102.772     422.020  956.822  296.073   68.573    0.666   12.600 0.00000e+00
  143    18.40000   -97.35077 36.57198     154.169     474.074  951.109  295.607   69.865    1.097   12.552 0.00000e+00
  144    18.41667   -97.35108 36.57365     216.978     538.221  944.099  294.929   71.937    1.245   12.488 0.00000e+00
  145    18.43333   -97.35168 36.57571     274.247     597.315  937.698  294.244   74.336    1.229   12.454 0.00000e+00
  146    18.45000   -97.35223 36.57799     329.859     654.943  931.505  293.626   76.615    1.180   12.434 0.00000e+00
  147    18.46667   -97.35244 36.58043     386.462     713.518  925.174  293.022   78.392    1.315   12.336 0.00000e+00
  148    18.48333   -97.35234 36.58302     454.402     783.674  917.688  292.328   80.697    1.462   12.258 0.00000e+00
  149    18.50000   -97.35226 36.58564     533.862     865.385  909.048  291.532   83.726    1.495   12.211 0.00000e+00
  150    18.51667   -97.35236 36.58820     617.176     950.958  900.131  290.717   86.992    1.471   12.167 0.00000e+00
  151    18.53333   -97.35264 36.59066     698.130    1032.474  891.596  289.930   90.418    1.329   12.143 0.00000e+00
  152    18.55000   -97.35298 36.59309     755.914    1090.307  885.537  289.376   92.704    0.533   12.098 0.00000e+00
  153    18.56667   -97.35323 36.59544     768.563    1102.892  884.224  289.292   92.478    0.031   12.022 0.00000e+00
  154    18.58333   -97.35341 36.59780     766.530    1098.963  884.724  289.360   91.867    0.068   11.987 0.00000e+00
  155    18.60000   -97.35338 36.60029     762.347    1090.723  885.631  289.443   91.445   -0.149   11.984 0.00000e+00
  156    18.61667   -97.35321 36.60299     741.511    1065.478  888.280  289.691   90.344   -0.533   11.994 0.00000e+00
  157    18.63333   -97.35297 36.60585     707.075    1026.851  892.286  290.090   88.207   -0.665   11.958 0.00000e+00
  158    18.65000   -97.35268 36.60868     683.327    1000.285  895.051  290.371   86.498   -0.224   11.902 0.00000e+00
  159    18.66667   -97.35220 36.61159     723.330    1037.062  891.250  290.242   86.974    1.821   11.921 0.00000e+00
  160    18.68333   -97.35068 36.61463     851.488    1161.182  878.295  289.190   91.602    2.547   11.910 0.00000e+00
  161    18.70000   -97.34776 36.61777     941.708    1246.661  869.453  288.365   95.381    0.658   11.878 0.00000e+00
  162    18.71667   -97.34502 36.62112     933.711    1234.491  870.620  288.518   92.105   -0.388   11.569 0.00000e+00
  163    18.73333   -97.34311 36.62444     905.676    1205.721  873.560  288.809   90.040   -0.372   11.485 0.00000e+00
  164    18.75000   -97.34151 36.62760     878.647    1178.292  876.425  289.020   89.385   -0.461   11.520 0.00000e+00
  165    18.76667   -97.33994 36.63050     853.341    1152.179  879.108  289.266   88.283   -0.475   11.524 0.00000e+00
  166    18.78333   -97.33850 36.63308     825.246    1123.754  882.043  289.539   86.782   -0.423   11.490 0.00000e+00
  167    18.80000   -97.33740 36.63543     787.099    1085.340  886.006  289.900   84.939   -0.587   11.458 0.00000e+00
  168    18.81667   -97.33669 36.63765     747.322    1045.503  890.123  290.248   84.473   -0.876   11.597 0.00000e+00
  169    18.83333   -97.33613 36.63979     697.720     995.711  895.294  290.721   82.748   -1.089   11.640 0.00000e+00
  170    18.85000   -97.33570 36.64198     643.892     941.785  900.955  291.191   82.660   -1.006   11.904 0.00000e+00
  171    18.86667   -97.33542 36.64410     592.170     890.029  906.383  291.669   81.305   -0.727   11.996 0.00000e+00
  172    18.88333   -97.33527 36.64599     556.663     854.530  910.111  292.006   80.102   -0.279   12.023 0.00000e+00
  173    18.90000   -97.33525 36.64777     544.167     842.025  911.484  292.124   79.754    0.061   12.042 0.00000e+00
  174    18.91667   -97.33524 36.64959     550.310     848.139  910.819  292.049   80.185    0.273   12.059 0.00000e+00
  175    18.93333   -97.33513 36.65158     564.649     862.431  909.320  291.897   81.260    0.283   12.124 0.00000e+00
  176    18.95000   -97.33490 36.65377     571.420     869.117  908.606  291.810   81.948    0.066   12.169 0.00000e+00
  177    18.96667   -97.33453 36.65619     559.492     857.294  909.833  291.891   81.905   -0.308   12.208 0.00000e+00
  178    18.98333   -97.33397 36.65874     529.565     827.826  912.963  292.175   80.774   -0.912   12.215 0.00000e+00
