    0    16.01667   -97.43736 36.26220      11.518     359.261  964.193  294.177   80.563    0.032   13.068 0.00000e+00
    1    16.03333   -97.43705 36.26405      16.116     362.572  963.752  294.174   80.544    0.104   13.069 0.00000e+00
    2    16.05000   -97.43716 36.26603      25.367     370.864  962.814  294.034   80.972    0.188   13.036 0.00000e+00
    3    16.06667   -97.43748 36.26843      36.609     380.996  961.714  293.820   81.708    0.238   12.996 0.00000e+00
    4    16.08333   -97.43765 36.27106      54.294     397.284  959.934  293.584   82.649    0.335   12.978 0.00000e+00
    5    16.10000   -97.43771 36.27383      73.118     414.441  958.047  293.381   83.518    0.245   12.976 0.00000e+00
    6    16.11667   -97.43790 36.27674      82.909     422.485  957.118  293.286   83.936    0.136   12.976 0.00000e+00
    7    16.13333   -97.43842 36.27971      84.290     422.246  957.129  293.257   83.978    0.004   12.959 0.00000e+00
    8    16.15000   -97.43910 36.28273      83.965     421.103  957.232  293.270   83.846    0.054   12.948 0.00000e+00
    9    16.16667   -97.43980 36.28582      87.726     423.654  956.901  293.208   84.024    0.161   12.929 0.00000e+00
   10    16.18333   -97.44026 36.28891      96.519     430.951  956.085  293.114   84.321    0.102   12.910 0.00000e+00
   11    16.20000   -97.44056 36.29194     100.339     433.522  955.798  293.037   84.317   -0.023   12.851 0.00000e+00
   12    16.21667   -97.44083 36.29493     104.518     436.572  955.482  292.980   84.199    0.026   12.792 0.00000e+00
   13    16.23333   -97.44102 36.29792     111.097     442.931  954.780  292.916   84.189    0.032   12.749 0.00000e+00
   14    16.25000   -97.44115 36.30087     119.220     452.194  953.827  292.857   84.421    0.006   12.749 0.00000e+00
   15    16.26667   -97.44127 36.30379     126.428     460.660  952.959  292.792   84.878    0.089   12.778 0.00000e+00
   16    16.28333   -97.44141 36.30671     137.852     473.222  951.555  292.682   85.706    0.369   12.833 0.00000e+00
   17    16.30000   -97.44142 36.30952     168.081     504.172  948.085  292.418   87.201    0.808   12.890 0.00000e+00
   18    16.31667   -97.44128 36.31228     221.879     558.576  942.119  291.917   89.604    1.221   12.915 0.00000e+00
   19    16.33333   -97.44099 36.31506     297.891     634.569  933.850  291.207   93.030    1.583   12.935 0.00000e+00
   20    16.35000   -97.44054 36.31783     386.870     723.125  924.223  290.350   97.130    1.545   12.922 0.00000e+00
   21    16.36667   -97.43979 36.32064     464.710     800.592  915.899  289.673  100.000    1.304   12.873 3.14721e-02
   22    16.38333   -97.43860 36.32343     530.138     864.096  909.192  289.381  100.000    0.963   12.728 1.65403e-01
   23    16.40000   -97.43699 36.32613     575.067     906.028  904.714  289.133  100.000    0.178   12.590 2.08349e-01
   24    16.41667   -97.43522 36.32874     593.050     921.360  903.017  288.978  100.000   -0.229   12.490 1.40536e-01
   25    16.43333   -97.43349 36.33124     592.833     919.292  903.219  288.929  100.000   -0.111   12.445 7.67326e-02
   26    16.45000   -97.43166 36.33377     586.753     911.018  904.138  288.975  100.000    0.115   12.470 7.76727e-02
   27    16.46667   -97.42956 36.33633     568.011     889.094  906.555  289.096  100.000   -0.097   12.535 7.35920e-02
   28    16.48333   -97.42716 36.33890     524.063     841.789  911.519  289.385   99.253   -0.729   12.588 6.25189e-03
   29    16.50000   -97.42479 36.34144     462.675     778.635  918.305  290.009   95.849   -0.881   12.558 0.00000e+00
   30    16.51667   -97.42259 36.34401     401.241     714.784  925.207  290.673   92.194   -0.792   12.508 0.00000e+00
   31    16.53333   -97.42054 36.34653     350.414     661.070  930.952  291.190   89.701   -0.881   12.498 0.00000e+00
   32    16.55000   -97.41872 36.34906     303.789     613.820  935.968  291.623   87.885   -0.990   12.517 0.00000e+00
   33    16.56667   -97.41708 36.35174     257.614     568.481  940.882  292.033   86.137   -0.928   12.523 0.00000e+00
   34    16.58333   -97.41563 36.35457     217.458     530.157  945.017  292.391   84.599   -0.748   12.524 0.00000e+00
   35    16.60000   -97.41439 36.35748     189.877     506.713  947.502  292.611   83.700   -0.442   12.531 0.00000e+00
   36    16.61667   -97.41322 36.36042     174.991     496.241  948.676  292.698   83.365   -0.266   12.533 0.00000e+00
   37    16.63333   -97.41204 36.36338     162.727     488.039  949.675  292.789   83.178   -0.280   12.564 0.00000e+00
   38    16.65000   -97.41101 36.36634     147.739     474.241  951.194  292.901   82.820   -0.350   12.578 0.00000e+00
   39    16.66667   -97.41023 36.36933     125.357     452.592  953.675  293.116   81.951   -0.378   12.581 0.00000e+00
   40    16.68333   -97.40977 36.37232     102.451     430.275  956.103  293.342   81.036   -0.346   12.585 0.00000e+00
   41    16.70000   -97.40956 36.37531      81.267     409.504  958.519  293.539   80.421   -0.294   12.612 0.00000e+00
   42    16.71667   -97.40961 36.37825      63.911     392.515  960.397  293.696   79.874   -0.255   12.624 0.00000e+00
   43    16.73333   -97.40991 36.38109      50.184     378.699  962.015  293.856   79.320   -0.204   12.641 0.00000e+00
   44    16.75000   -97.41042 36.38377      40.028     367.587  963.223  294.012   78.834   -0.170   12.670 0.00000e+00
   45    16.76667   -97.41113 36.38625      31.369     358.290  964.250  294.230   78.260   -0.100   12.735 0.00000e+00
   46    16.78333   -97.41203 36.38864      25.763     352.408  964.922  294.478   77.699   -0.018   12.831 0.00000e+00
   47    16.80000   -97.41307 36.39087      29.874     356.267  964.516  294.608   77.515    0.237   12.909 0.00000e+00
   48    16.81667   -97.41390 36.39299      51.827     377.653  962.142  294.513   78.205    0.627   12.980 0.00000e+00
   49    16.83333   -97.41408 36.39518      93.614     418.031  957.664  294.093   79.820    0.963   12.968 0.00000e+00
   50    16.85000   -97.41348 36.39775     137.549     459.657  953.060  293.545   81.575    0.755   12.872 0.00000e+00
   51    16.86667   -97.41228 36.40049     173.743     493.181  949.312  293.167   82.838    0.351   12.817 0.00000e+00
   52    16.88333   -97.41077 36.40325     185.666     502.651  948.242  293.035   83.150   -0.146   12.774 0.00000e+00
   53    16.90000   -97.40945 36.40600     168.736     484.041  950.261  293.222   82.409   -0.565   12.782 0.00000e+00
   54    16.91667   -97.40889 36.40870     130.885     444.833  954.583  293.582   80.862   -0.785   12.768 0.00000e+00
   55    16.93333   -97.40908 36.41122      88.237     400.994  959.407  293.994   79.203   -0.634   12.766 0.00000e+00
   56    16.95000   -97.40974 36.41351      60.946     372.723  962.544  294.303   78.070   -0.268   12.785 0.00000e+00
   57    16.96667   -97.41065 36.41570      62.436     373.530  962.437  294.453   78.098    0.308   12.910 0.00000e+00
   58    16.98333   -97.41151 36.41785      92.197     402.717  959.185  294.332   78.899    0.815   12.990 0.00000e+00
   59    17.00000   -97.41200 36.42009     139.840     449.739  954.025  293.874   80.657    0.888   12.977 0.00000e+00
   60    17.01667   -97.41220 36.42243     186.417     496.042  948.874  293.379   82.488    1.040   12.939 0.00000e+00
   61    17.03333   -97.41230 36.42482     232.563     542.866  943.742  292.856   84.275    1.049   12.864 0.00000e+00
   62    17.05000   -97.41220 36.42747     278.326     589.292  938.722  292.395   85.676    0.729   12.774 0.00000e+00
   63    17.06667   -97.41191 36.43063     322.797     634.539  933.812  291.949   87.246    0.780   12.715 0.00000e+00
   64    17.08333   -97.41142 36.43410     365.323     678.376  929.047  291.507   89.240    0.608   12.712 0.00000e+00
   65    17.10000   -97.41080 36.43777     370.965     685.190  928.308  291.449   89.669   -0.446   12.736 0.00000e+00
   66    17.11667   -97.41006 36.44112     333.297     647.894  932.323  291.815   87.934   -1.130   12.727 0.00000e+00
   67    17.13333   -97.40926 36.44418     276.578     591.520  938.457  292.368   85.459   -1.539   12.723 0.00000e+00
   68    17.15000   -97.40848 36.44712     213.329     528.964  945.257  292.975   82.698   -1.441   12.697 0.00000e+00
   69    17.16667   -97.40776 36.45004     161.106     478.553  950.774  293.484   80.475   -1.169   12.680 0.00000e+00
   70    17.18333   -97.40718 36.45298     127.779     447.199  954.211  293.777   79.191   -1.088   12.662 0.00000e+00
   71    17.20000   -97.40666 36.45587      99.047     418.504  957.610  294.020   77.980   -1.100   12.613 0.00000e+00
   72    17.21667   -97.40624 36.45877      86.925     401.126  959.559  294.409   76.802   -0.425   12.700 0.00000e+00
   73    17.23333   -97.40592 36.46182      88.487     397.251  960.002  294.561   76.391   -0.050   12.746 0.00000e+00
   74    17.25000   -97.40558 36.46496      97.715     402.165  959.410  294.515   76.572    0.062   12.748 0.00000e+00
   75    17.26667   -97.40524 36.46817     105.737     406.939  958.885  294.519   76.503    0.088   12.746 0.00000e+00
   76    17.28333   -97.40484 36.47149     118.837     416.535  957.751  294.512   76.422    0.284   12.742 0.00000e+00
   77    17.30000   -97.40448 36.47487     148.329     445.061  954.511  294.249   77.356    0.651   12.733 0.00000e+00
   78    17.31667   -97.40415 36.47828     204.704     501.064  948.316  293.667   79.504    0.998   12.705 0.00000e+00
   79    17.33333   -97.40383 36.48177     273.903     569.107  940.968  292.976   82.098    1.167   12.664 0.00000e+00
   80    17.35000   -97.40340 36.48522     343.227     636.252  933.677  292.310   84.605    1.123   12.614 0.00000e+00
   81    17.36667   -97.40264 36.48858     399.571     690.808  927.621  291.756   86.576    0.510   12.548 0.00000e+00
   82    17.38333   -97.40157 36.49197     422.288     714.568  925.111  291.532   87.369   -0.003   12.518 0.00000e+00
   83    17.40000   -97.40028 36.49526     416.583     710.068  925.557  291.527   87.513   -0.193   12.530 0.00000e+00
   84    17.41667   -97.39899 36.49831     395.733     690.032  927.747  291.699   86.896   -0.420   12.547 0.00000e+00
   85    17.43333   -97.39780 36.50119     369.957     664.701  930.516  291.922   85.801   -0.749   12.527 0.00000e+00
   86    17.45000   -97.39680 36.50389     346.771     641.843  933.024  292.143   84.845   -0.686   12.527 0.00000e+00
   87    17.46667   -97.39597 36.50649     331.177     626.661  934.646  292.301   84.192   -0.426   12.533 0.00000e+00
   88    17.48333   -97.39525 36.50900     323.730     619.823  935.254  292.355   84.094   -0.148   12.553 0.00000e+00
   89    17.50000   -97.39455 36.51138     324.492     621.290  935.046  292.348   84.238   -0.017   12.571 0.00000e+00
   90    17.51667   -97.39394 36.51373     316.610     614.673  935.727  292.425   83.918   -0.203   12.575 0.00000e+00
   91    17.53333   -97.39339 36.51603     308.197     608.213  936.427  292.502   83.678   -0.205   12.591 0.00000e+00
   92    17.55000   -97.39297 36.51833     291.766     593.642  938.031  292.654   83.018   -0.418   12.590 0.00000e+00
   93    17.56667   -97.39265 36.52060     276.119     579.652  939.545  292.820   82.173   -0.289   12.571 0.00000e+00
   94    17.58333   -97.39240 36.52277     270.329     575.687  939.950  292.909   81.572   -0.169   12.544 0.00000e+00
   95    17.60000   -97.39228 36.52478     266.572     573.888  940.157  292.982   80.791   -0.155   12.477 0.00000e+00
   96    17.61667   -97.39224 36.52678     258.508     567.736  940.831  293.083   80.073   -0.144   12.436 0.00000e+00
   97    17.63333   -97.39222 36.52883     244.637     555.798  942.158  293.214   79.494   -0.182   12.430 0.00000e+00
   98    17.65000   -97.39215 36.53089     228.424     541.053  943.832  293.367   78.905   -0.167   12.434 0.00000e+00
   99    17.66667   -97.39206 36.53296     211.703     525.153  945.550  293.523   78.379   -0.202   12.450 0.00000e+00
  100    17.68333   -97.39200 36.53497     192.947     507.199  947.507  293.724   77.752   -0.372   12.479 0.00000e+00
  101    17.70000   -97.39204 36.53696     170.394     485.410  949.808  293.959   77.086   -0.539   12.524 0.00000e+00
  102    17.71667   -97.39207 36.53891     153.250     468.710  951.714  294.150   76.524   -0.415   12.556 0.00000e+00
  103    17.73333   -97.39224 36.54086     143.794     458.979  952.804  294.268   76.203   -0.189   12.581 0.00000e+00
  104    17.75000   -97.39252 36.54288     141.701     456.567  953.060  294.316   76.178   -0.021   12.610 0.00000e+00
  105    17.76667   -97.39281 36.54506     138.259     452.832  953.513  294.368   76.034   -0.100   12.621 0.00000e+00
  106    17.78333   -97.39309 36.54736     125.414     440.075  954.862  294.500   75.573   -0.430   12.630 0.00000e+00
  107    17.80000   -97.39338 36.54962      98.501     413.974  957.725  294.764   74.583   -0.562   12.632 0.00000e+00
  108    17.81667   -97.39362 36.55177      73.010     389.223  960.475  295.021   73.665   -0.396   12.639 0.00000e+00
  109    17.83333   -97.39384 36.55378      58.616     375.518  961.946  295.221   73.098   -0.195   12.678 0.00000e+00
  110    17.85000   -97.39398 36.55569      52.196     369.598  962.575  295.376   72.744   -0.034   12.729 0.00000e+00
  111    17.86667   -97.39410 36.55745      53.798     371.395  962.362  295.436   72.652    0.128   12.763 0.00000e+00
  112    17.88333   -97.39430 36.55913      63.658     381.358  961.239  295.423   72.833    0.315   12.800 0.00000e+00
  113    17.90000   -97.39485 36.56076      80.205     397.846  959.424  295.297   73.265    0.326   12.800 0.00000e+00
  114    17.91667   -97.39568 36.56238      98.010     415.474  957.468  295.145   73.770    0.179   12.795 0.00000e+00
  115    17.93333   -97.39677 36.56403      97.658     415.291  957.482  295.140   73.732   -0.232   12.784 0.00000e+00
  116    17.95000   -97.39765 36.56572      88.870     407.199  958.334  295.241   73.372   -0.201   12.790 0.00000e+00
  117    17.96667   -97.39812 36.56746      76.200     395.398  959.650  295.321   72.974   -0.177   12.766 0.00000e+00
  118    17.98333   -97.39812 36.56921      62.415     382.668  961.075  295.423   72.523   -0.123   12.747 0.00000e+00
  119    18.00000   -97.39778 36.57102      56.574     378.035  961.605  295.485   72.295    0.035   12.749 0.00000e+00
  120    18.01667   -97.39730 36.57290      59.649     382.185  961.180  295.557   72.171    0.196   12.789 0.00000e+00
  121    18.03333   -97.39693 36.57482      68.610     392.083  960.023  295.550   72.159    0.279   12.797 0.00000e+00
  122    18.05000   -97.39667 36.57684      85.578     410.030  958.063  295.396   72.339    0.357   12.734 0.00000e+00
  123    18.06667   -97.39653 36.57901     116.464     441.919  954.533  295.113   72.971    0.606   12.671 0.00000e+00
  124    18.08333   -97.39661 36.58124     168.232     494.141  948.826  294.664   74.214    1.014   12.610 0.00000e+00
  125    18.10000   -97.39687 36.58345     243.581     569.464  940.672  293.946   76.674    1.511   12.569 0.00000e+00
  126    18.11667   -97.39705 36.58562     339.445     665.383  930.286  292.971   80.431    1.935   12.547 0.00000e+00
  127    18.13333   -97.39680 36.58772     450.519     776.701  918.323  291.860   85.002    2.045   12.527 0.00000e+00
  128    18.15000   -97.39614 36.58974     562.218     889.005  906.429  290.780   89.664    1.887   12.503 0.00000e+00
  129    18.16667   -97.39538 36.59163     654.042     981.562  896.684  289.858   94.015    1.578   12.496 0.00000e+00
  130    18.18333   -97.39447 36.59345     743.391    1071.622  887.240  288.992   98.000    1.756   12.453 0.00000e+00
  131    18.20000   -97.39330 36.59530     843.121    1172.115  876.847  288.350  100.000    1.807   12.354 1.34030e-01
  132    18.21667   -97.39156 36.59722     935.088    1264.932  867.322  287.947  100.000    1.711   12.169 3.17326e-01
  133    18.23333   -97.38937 36.59933     982.406    1313.375  862.337  287.677  100.000    1.036   12.028 3.42708e-01
  134    18.25000   -97.38713 36.60145     987.544    1319.940  861.719  287.449  100.000    0.118   11.847 1.93637e-01
  135    18.26667   -97.38508 36.60353     958.996    1292.330  864.582  287.470   97.422   -0.903   11.512 5.25484e-03
  136    18.28333   -97.38337 36.60557     901.756    1235.182  870.485  288.140   91.029   -1.116   11.159 0.00000e+00
  137    18.30000   -97.38184 36.60758     842.388    1174.751  876.709  288.774   87.254   -0.838   11.065 0.00000e+00
  138    18.31667   -97.38029 36.60957     798.381    1129.397  881.430  289.240   84.959   -0.464   11.043 0.00000e+00
  139    18.33333   -97.37862 36.61158     772.393    1101.703  884.342  289.518   83.615   -0.211   11.027 0.00000e+00
  140    18.35000   -97.37685 36.61369     758.995    1085.686  886.018  289.673   82.802   -0.141   11.008 0.00000e+00
  141    18.36667   -97.37503 36.61589     755.433    1078.897  886.739  289.740   82.240   -0.033   10.972 0.00000e+00
  142    18.38333   -97.37323 36.61815     756.876    1077.214  886.921  289.721   83.163    0.046   11.079 0.00000e+00
  143    18.40000   -97.37144 36.62036     766.036    1083.362  886.265  289.682   83.211    0.109   11.065 0.00000e+00
  144    18.41667   -97.36971 36.62254     780.155    1095.029  885.025  289.561   84.214    0.288   11.128 0.00000e+00
  145    18.43333   -97.36798 36.62473     812.208    1125.406  881.867  289.295   85.183    0.795   11.105 0.00000e+00
  146    18.45000   -97.36622 36.62695     865.737    1177.168  876.530  288.772   88.121    1.045   11.176 0.00000e+00
  147    18.46667   -97.36436 36.62922     924.304    1233.753  870.701  288.187   91.274    0.938   11.220 0.00000e+00
  148    18.48333   -97.36233 36.63158     970.688    1277.760  866.187  287.759   93.454    0.562   11.232 0.00000e+00
  149    18.50000   -97.36019 36.63395     986.966    1292.908  864.555  287.603   94.227    0.005   11.233 0.00000e+00
  150    18.51667   -97.35806 36.63634     975.272    1281.572  865.668  287.720   93.524   -0.521   11.219 0.00000e+00
  151    18.53333   -97.35602 36.63870     943.452    1250.393  868.892  288.019   92.287   -0.606   11.246 0.00000e+00
  152    18.55000   -97.35409 36.64070     919.287    1226.062  871.431  288.263   91.041   -0.334   11.238 0.00000e+00
  153    18.56667   -97.35204 36.64220     899.350    1204.986  873.718  288.482   91.198   -0.793   11.388 0.00000e+00
  154    18.58333   -97.34973 36.64365     827.960    1131.071  881.287  289.210   88.464   -1.930   11.478 0.00000e+00
  155    18.60000   -97.34756 36.64544     709.015    1009.571  893.917  290.377   84.110   -2.326   11.593 0.00000e+00
  156    18.61667   -97.34578 36.64752     597.340     895.957  905.794  291.454   80.406   -1.880   11.711 0.00000e+00
  157    18.63333   -97.34431 36.64964     521.541     819.596  913.815  292.176   78.314   -1.270   11.833 0.00000e+00
  158    18.65000   -97.34287 36.65175     477.970     775.962  918.468  292.622   76.522   -0.597   11.830 0.00000e+00
  159    18.66667   -97.34142 36.65392     462.088     760.087  920.146  292.782   75.688   -0.099   11.798 0.00000e+00
  160    18.68333   -97.33987 36.65620     461.720     759.797  920.168  292.776   75.807   -0.002   11.811 0.00000e+00
  161    18.70000   -97.33838 36.65855     461.719     760.038  920.240  292.738   75.940   -0.140   11.803 0.00000e+00
  162    18.71667   -97.33696 36.66089     464.460     763.105  919.889  292.690   75.812    0.113   11.752 0.00000e+00
  163    18.73333   -97.33554 36.66322     488.729     787.756  917.281  292.433   76.734    0.609   11.738 0.00000e+00
  164    18.75000   -97.33398 36.66558     524.007     822.875  913.539  292.111   78.601    0.442   11.831 0.00000e+00
  165    18.76667   -97.33233 36.66807     530.812     829.189  912.862  292.062   79.392   -0.191   11.922 0.00000e+00
  166    18.78333   -97.33089 36.67064     511.942     809.574  914.960  292.248   78.810   -0.486   11.947 0.00000e+00
  167    18.80000   -97.32970 36.67321     477.616     774.811  918.674  292.570   77.678   -0.553   11.967 0.00000e+00
  168    18.81667   -97.32883 36.67569     441.852     738.952  922.438  292.885   76.634   -0.434   11.992 0.00000e+00
  169    18.83333   -97.32822 36.67809     413.788     710.921  925.446  293.127   75.898   -0.333   12.019 0.00000e+00
  170    18.85000   -97.32774 36.68050     389.048     686.615  927.918  293.336   75.066   -0.442   12.011 0.00000e+00
  171    18.86667   -97.32736 36.68277     359.135     658.518  930.896  293.608   74.193   -0.502   12.035 0.00000e+00
  172    18.88333   -97.32724 36.68479     323.653     624.577  934.573  293.969   72.930   -0.405   12.052 0.00000e+00
  173    18.90000   -97.32726 36.68673     306.473     608.811  936.289  294.207   71.914    0.035   12.038 0.00000e+00
  174    18.91667   -97.32755 36.68871     300.413     603.836  936.825  294.289   71.523   -0.090   12.027 0.00000e+00
  175    18.93333   -97.32800 36.69080     280.398     584.398  938.946  294.543   70.662   -0.402   12.043 0.00000e+00
  176    18.95000   -97.32835 36.69301     236.726     541.396  943.613  294.951   69.127   -0.942   12.022 0.00000e+00
  177    18.96667   -97.32835 36.69530     174.076     479.558  950.343  295.539   67.026   -1.026   12.001 0.00000e+00
  178    18.98333   -97.32804 36.69751     120.356     427.095  956.063  296.053   65.314   -0.648   11.997 0.00000e+00
