    0    16.01667   -97.51667 36.29100      77.213     435.850  955.580  292.576   86.790    0.333   12.854 0.00000e+00
    1    16.03333   -97.51694 36.29391      95.705     453.167  953.587  292.384   87.613    0.340   12.848 0.00000e+00
    2    16.05000   -97.51720 36.29679     116.574     472.882  951.463  292.185   88.471    0.373   12.841 0.00000e+00
    3    16.06667   -97.51723 36.29967     136.114     490.543  949.600  292.008   89.238    0.232   12.833 0.00000e+00
    4    16.08333   -97.51704 36.30249     141.545     493.906  949.288  291.984   89.155   -0.107   12.807 0.00000e+00
    5    16.10000   -97.51682 36.30524     137.096     487.413  949.987  292.075   88.563   -0.092   12.785 0.00000e+00
    6    16.11667   -97.51655 36.30798     134.099     483.478  950.406  292.137   88.185   -0.007   12.775 0.00000e+00
    7    16.13333   -97.51612 36.31074     134.035     482.490  950.485  292.175   87.902    0.021   12.764 0.00000e+00
    8    16.15000   -97.51559 36.31360     133.570     480.854  950.669  292.213   87.870    0.105   12.787 0.00000e+00
    9    16.16667   -97.51512 36.31656     134.405     479.118  950.790  292.231   87.839    0.093   12.796 0.00000e+00
   10    16.18333   -97.51488 36.31957     134.988     477.415  950.883  292.242   87.750    0.141   12.790 0.00000e+00
   11    16.20000   -97.51477 36.32254     138.455     478.856  950.736  292.244   87.600    0.173   12.771 0.00000e+00
   12    16.21667   -97.51463 36.32544     143.850     482.424  950.394  292.229   87.535    0.134   12.755 0.00000e+00
   13    16.23333   -97.51453 36.32834     148.676     485.309  950.149  292.220   87.476    0.090   12.742 0.00000e+00
   14    16.25000   -97.51445 36.33127     151.372     488.122  949.649  292.199   87.472   -0.066   12.731 0.00000e+00
   15    16.26667   -97.51443 36.33430     145.957     485.869  949.913  292.249   87.144   -0.242   12.720 0.00000e+00
   16    16.28333   -97.51454 36.33747     134.137     477.368  950.852  292.325   86.834   -0.378   12.723 0.00000e+00
   17    16.30000   -97.51480 36.34078     118.011     462.024  952.628  292.474   86.244   -0.383   12.731 0.00000e+00
   18    16.31667   -97.51530 36.34423     100.923     444.682  954.541  292.635   85.597   -0.245   12.739 0.00000e+00
   19    16.33333   -97.51597 36.34781      90.969     433.422  955.838  292.773   85.142   -0.024   12.763 0.00000e+00
   20    16.35000   -97.51687 36.35144      91.313     430.240  956.196  292.805   84.998   -0.066   12.763 0.00000e+00
   21    16.36667   -97.51797 36.35502      88.352     423.985  956.862  292.869   84.692   -0.262   12.759 0.00000e+00
   22    16.38333   -97.51936 36.35854      74.828     408.278  958.634  293.056   83.974   -0.279   12.776 0.00000e+00
   23    16.40000   -97.52092 36.36179      64.630     396.547  959.947  293.247   83.390   -0.027   12.822 0.00000e+00
   24    16.41667   -97.52265 36.36469      69.192     399.561  959.585  293.269   83.475    0.292   12.857 0.00000e+00
   25    16.43333   -97.52443 36.36726      97.127     425.742  956.702  293.207   84.071    0.693   12.939 0.00000e+00
   26    16.45000   -97.52603 36.36967     131.102     457.479  953.136  292.946   85.317    0.445   12.967 0.00000e+00
   27    16.46667   -97.52736 36.37209     144.141     468.683  951.736  292.873   85.505    0.178   12.955 0.00000e+00
   28    16.48333   -97.52855 36.37464     147.341     474.156  951.121  292.828   85.322    0.305   12.899 0.00000e+00
   29    16.50000   -97.52939 36.37709     173.577     502.743  947.968  292.554   86.457    0.768   12.891 0.00000e+00
   30    16.51667   -97.52975 36.37949     213.221     544.686  943.455  292.146   88.175    0.662   12.876 0.00000e+00
   31    16.53333   -97.52991 36.38203     242.721     576.122  939.930  291.828   89.650    0.360   12.880 0.00000e+00
   32    16.55000   -97.53001 36.38444     260.078     595.136  937.819  291.628   90.541    0.282   12.874 0.00000e+00
   33    16.56667   -97.52997 36.38667     278.169     614.806  935.632  291.444   91.195    0.394   12.847 0.00000e+00
   34    16.58333   -97.52966 36.38880     301.675     639.926  932.894  291.204   92.168    0.468   12.826 0.00000e+00
   35    16.60000   -97.52920 36.39085     329.053     668.754  929.831  290.944   93.244    0.591   12.805 0.00000e+00
   36    16.61667   -97.52854 36.39286     364.859     706.107  925.787  290.587   94.876    0.739   12.793 0.00000e+00
   37    16.63333   -97.52766 36.39478     400.762     743.407  921.820  290.234   96.552    0.566   12.784 0.00000e+00
   38    16.65000   -97.52658 36.39660     424.303     768.002  919.188  290.017   97.443    0.170   12.762 0.00000e+00
   39    16.66667   -97.52551 36.39838     420.254     764.154  919.651  290.064   97.143   -0.186   12.754 0.00000e+00
   40    16.68333   -97.52460 36.40028     395.772     739.889  922.230  290.310   95.789   -0.751   12.740 0.00000e+00
   41    16.70000   -97.52374 36.40245     358.608     703.151  926.158  290.684   93.773   -0.719   12.718 0.00000e+00
   42    16.71667   -97.52287 36.40480     319.669     664.841  930.301  291.059   91.983   -0.543   12.718 0.00000e+00
   43    16.73333   -97.52188 36.40730     286.672     632.555  933.815  291.378   90.499   -0.640   12.720 0.00000e+00
   44    16.75000   -97.52071 36.40990     259.978     606.457  936.724  291.658   89.082   -0.724   12.706 0.00000e+00
   45    16.76667   -97.51938 36.41259     245.453     592.238  938.299  291.832   88.026   -0.503   12.672 0.00000e+00
   46    16.78333   -97.51795 36.41532     249.436     594.485  938.169  291.847   87.684   -0.221   12.636 0.00000e+00
   47    16.80000   -97.51649 36.41807     261.950     604.149  937.177  291.834   87.259   -0.030   12.578 0.00000e+00
   48    16.81667   -97.51521 36.42093     283.322     622.246  935.190  291.721   87.604    0.534   12.565 0.00000e+00
   49    16.83333   -97.51408 36.42397     330.172     666.041  930.392  291.329   89.632    0.960   12.606 0.00000e+00
   50    16.85000   -97.51288 36.42695     393.481     726.520  923.728  290.733   92.771    1.146   12.654 0.00000e+00
   51    16.86667   -97.51132 36.42970     448.363     778.731  918.055  290.193   95.640    0.679   12.682 0.00000e+00
   52    16.88333   -97.50957 36.43236     456.080     786.332  917.224  290.111   96.026   -0.337   12.679 0.00000e+00
   53    16.90000   -97.50824 36.43501     416.670     747.070  921.500  290.477   94.328   -1.045   12.690 0.00000e+00
   54    16.91667   -97.50760 36.43761     353.460     684.133  928.319  291.086   91.447   -1.310   12.693 0.00000e+00
   55    16.93333   -97.50762 36.44016     283.522     614.279  935.955  291.782   88.202   -1.306   12.689 0.00000e+00
   56    16.95000   -97.50820 36.44265     219.159     550.097  942.949  292.421   85.367   -1.204   12.690 0.00000e+00
   57    16.96667   -97.50929 36.44505     161.430     492.730  949.202  292.948   83.248   -0.899   12.707 0.00000e+00
   58    16.98333   -97.51085 36.44729     119.722     451.009  953.801  293.347   81.685   -0.616   12.721 0.00000e+00
   59    17.00000   -97.51269 36.44940      94.646     425.031  956.720  293.583   80.920   -0.256   12.749 0.00000e+00
   60    17.01667   -97.51476 36.45145      82.025     411.985  958.193  293.711   80.551   -0.093   12.773 0.00000e+00
   61    17.03333   -97.51698 36.45348      76.951     406.948  958.745  293.784   80.350   -0.041   12.791 0.00000e+00
   62    17.05000   -97.51931 36.45551      79.034     409.418  958.447  293.790   80.450    0.256   12.816 0.00000e+00
   63    17.06667   -97.52155 36.45755     105.437     435.103  955.563  293.631   81.335    0.649   12.869 0.00000e+00
   64    17.08333   -97.52343 36.45959     157.542     486.015  949.936  293.211   83.256    1.093   12.908 0.00000e+00
   65    17.10000   -97.52488 36.46162     229.464     556.640  942.231  292.496   86.330    1.080   12.904 0.00000e+00
   66    17.11667   -97.52599 36.46378     288.321     614.208  935.954  291.916   88.856    0.778   12.892 0.00000e+00
   67    17.13333   -97.52695 36.46614     323.621     648.828  932.136  291.562   90.437    0.488   12.884 0.00000e+00
   68    17.15000   -97.52780 36.46874     348.646     673.309  929.529  291.307   91.688    0.317   12.890 0.00000e+00
   69    17.16667   -97.52843 36.47157     364.073     688.084  927.944  291.171   92.325    0.064   12.889 0.00000e+00
   70    17.18333   -97.52892 36.47456     360.397     682.803  928.497  291.255   91.676   -0.250   12.860 0.00000e+00
   71    17.20000   -97.52936 36.47755     336.851     657.510  931.190  291.511   90.212   -0.603   12.823 0.00000e+00
   72    17.21667   -97.52991 36.48041     295.513     614.736  935.786  291.925   88.277   -0.914   12.817 0.00000e+00
   73    17.23333   -97.53072 36.48296     251.653     570.741  940.609  292.378   86.266   -0.706   12.821 0.00000e+00
   74    17.25000   -97.53183 36.48516     220.939     540.309  943.977  292.706   84.783   -0.368   12.817 0.00000e+00
   75    17.26667   -97.53321 36.48708     212.841     532.909  944.753  292.810   84.313    0.146   12.819 0.00000e+00
   76    17.28333   -97.53446 36.48899     224.001     544.651  943.504  292.706   84.865    0.091   12.836 0.00000e+00
   77    17.30000   -97.53539 36.49092     233.557     553.748  942.495  292.685   85.046    0.125   12.860 0.00000e+00
   78    17.31667   -97.53598 36.49279     237.304     556.650  942.180  292.812   84.416    0.130   12.872 0.00000e+00
   79    17.33333   -97.53626 36.49466     249.923     568.288  940.896  292.827   84.169    0.300   12.864 0.00000e+00
   80    17.35000   -97.53644 36.49643     267.081     584.486  939.122  292.749   84.265    0.369   12.840 0.00000e+00
   81    17.36667   -97.53668 36.49810     278.705     595.402  937.921  292.703   84.294    0.124   12.824 0.00000e+00
   82    17.38333   -97.53707 36.49976     275.361     591.518  938.315  292.799   83.859   -0.092   12.829 0.00000e+00
   83    17.40000   -97.53759 36.50156     268.939     584.548  939.117  292.905   83.130   -0.028   12.791 0.00000e+00
   84    17.41667   -97.53816 36.50343     260.312     575.354  940.115  292.995   82.599   -0.034   12.768 0.00000e+00
   85    17.43333   -97.53869 36.50526     255.860     570.178  940.727  293.045   82.060   -0.112   12.716 0.00000e+00
   86    17.45000   -97.53909 36.50698     245.585     558.622  941.994  293.146   81.606   -0.196   12.709 0.00000e+00
   87    17.46667   -97.53943 36.50869     236.876     548.500  943.057  293.228   81.486   -0.158   12.741 0.00000e+00
   88    17.48333   -97.53976 36.51049     229.470     539.557  944.059  293.319   81.233   -0.114   12.759 0.00000e+00
   89    17.50000   -97.54012 36.51232     228.114     536.581  944.332  293.356   81.162    0.068   12.774 0.00000e+00
   90    17.51667   -97.54043 36.51421     237.337     544.639  943.416  293.282   81.609    0.148   12.798 0.00000e+00
   91    17.53333   -97.54073 36.51629     257.793     564.583  941.241  293.122   82.391    0.272   12.822 0.00000e+00
   92    17.55000   -97.54093 36.51858     297.050     603.313  937.023  292.839   83.588    0.643   12.838 0.00000e+00
   93    17.56667   -97.54096 36.52098     353.302     659.022  930.974  292.370   85.487    1.059   12.832 0.00000e+00
   94    17.58333   -97.54082 36.52329     401.685     708.328  925.563  291.894   87.383    0.739   12.804 0.00000e+00
   95    17.60000   -97.54040 36.52555     441.791     750.054  921.125  291.509   88.807    0.786   12.761 0.00000e+00
   96    17.61667   -97.53975 36.52774     488.453     798.337  915.910  291.051   90.506    0.867   12.706 0.00000e+00
   97    17.63333   -97.53888 36.52992     556.687     868.276  908.516  290.418   92.967    1.361   12.639 0.00000e+00
   98    17.65000   -97.53771 36.53210     645.864     959.151  898.899  289.543   97.371    1.439   12.652 0.00000e+00
   99    17.66667   -97.53615 36.53431     731.556    1046.532  889.745  288.823  100.000    1.144   12.536 4.06485e-02
  100    17.68333   -97.53423 36.53672     800.492    1116.716  882.456  288.487  100.000    0.895   12.384 1.58325e-01
  101    17.70000   -97.53203 36.53934     849.634    1166.672  877.285  288.221  100.000    0.504   12.247 2.14242e-01
  102    17.71667   -97.52977 36.54209     876.156    1194.037  874.432  288.013  100.000    0.023   12.113 1.88806e-01
  103    17.73333   -97.52757 36.54504     891.916    1210.634  872.790  287.829  100.000    0.006   12.002 1.31661e-01
  104    17.75000   -97.52547 36.54826     908.333    1227.072  871.109  287.654  100.000    0.337   11.871 1.26633e-01
  105    17.76667   -97.52366 36.55169     919.542    1237.601  870.076  287.508  100.000    0.366   11.791 9.93596e-02
  106    17.78333   -97.52196 36.55514     917.066    1233.809  870.486  287.502  100.000    0.371   11.779 8.78099e-02
  107    17.80000   -97.52019 36.55847     899.453    1214.471  872.413  287.606   99.877    0.085   11.800 6.86207e-02
  108    17.81667   -97.51833 36.56162     861.098    1176.184  876.284  287.889   98.448   -0.404   11.795 0.00000e+00
  109    17.83333   -97.51638 36.56465     804.947    1121.333  881.951  288.558   93.263   -0.902   11.593 0.00000e+00
  110    17.85000   -97.51440 36.56760     745.923    1064.215  887.917  289.198   89.137   -0.892   11.469 0.00000e+00
  111    17.86667   -97.51240 36.57056     702.111    1022.325  892.251  289.663   86.308   -0.561   11.386 0.00000e+00
  112    17.88333   -97.51032 36.57358     682.548    1003.788  894.190  289.874   84.869   -0.059   11.324 0.00000e+00
  113    17.90000   -97.50821 36.57669     688.051    1009.796  893.607  289.839   84.756    0.331   11.291 0.00000e+00
  114    17.91667   -97.50607 36.57988     712.435    1034.684  891.032  289.613   85.614    0.723   11.274 0.00000e+00
  115    17.93333   -97.50391 36.58318     752.827    1075.013  886.855  289.187   87.804    1.057   11.303 0.00000e+00
  116    17.95000   -97.50175 36.58656     798.400    1119.889  882.203  288.709   90.402    0.887   11.344 0.00000e+00
  117    17.96667   -97.49962 36.58996     835.063    1155.231  878.560  288.355   92.102    0.557   11.343 0.00000e+00
  118    17.98333   -97.49750 36.59337     857.632    1175.839  876.439  288.128   93.388    0.248   11.362 0.00000e+00
  119    18.00000   -97.49546 36.59683     859.528    1175.619  876.457  288.114   93.600   -0.159   11.376 0.00000e+00
  120    18.01667   -97.49356 36.60029     843.986    1158.781  878.171  288.282   92.671   -0.422   11.365 0.00000e+00
  121    18.03333   -97.49174 36.60370     823.466    1137.776  880.315  288.492   91.590   -0.472   11.358 0.00000e+00
  122    18.05000   -97.49000 36.60704     811.501    1125.189  881.608  288.638   90.960   -0.116   11.369 0.00000e+00
  123    18.06667   -97.48827 36.61037     819.263    1131.691  880.967  288.605   90.876    0.304   11.343 0.00000e+00
  124    18.08333   -97.48646 36.61374     843.997    1154.603  878.640  288.412   91.489    0.554   11.309 0.00000e+00
  125    18.10000   -97.48445 36.61710     869.261    1177.191  876.363  288.214   92.203    0.476   11.281 0.00000e+00
  126    18.11667   -97.48238 36.62039     878.296    1184.238  875.592  288.143   92.533    0.164   11.279 0.00000e+00
  127    18.13333   -97.48038 36.62357     873.990    1179.343  876.092  288.184   92.384   -0.033   11.284 0.00000e+00
  128    18.15000   -97.47849 36.62671     860.356    1165.455  877.563  288.315   91.901   -0.146   11.302 0.00000e+00
  129    18.16667   -97.47670 36.62980     836.237    1140.902  880.115  288.571   90.382   -0.392   11.268 0.00000e+00
  130    18.18333   -97.47490 36.63281     802.116    1105.958  883.711  288.911   88.689   -0.618   11.256 0.00000e+00
  131    18.20000   -97.47304 36.63571     762.394    1065.654  887.909  289.295   87.144   -0.832   11.283 0.00000e+00
  132    18.21667   -97.47105 36.63847     719.273    1022.261  892.396  289.746   84.931   -1.011   11.262 0.00000e+00
  133    18.23333   -97.46902 36.64107     674.015     976.745  897.191  290.188   83.254   -0.856   11.295 0.00000e+00
  134    18.25000   -97.46700 36.64352     631.354     934.128  901.629  290.557   82.624   -0.621   11.420 0.00000e+00
  135    18.26667   -97.46498 36.64587     593.854     896.962  905.553  290.896   81.687   -0.409   11.487 0.00000e+00
  136    18.28333   -97.46304 36.64824     564.171     867.656  908.685  291.133   81.654   -0.251   11.616 0.00000e+00
  137    18.30000   -97.46118 36.65065     542.499     846.007  911.011  291.314   81.492   -0.138   11.696 0.00000e+00
  138    18.31667   -97.45949 36.65311     531.237     834.469  912.238  291.403   81.504    0.001   11.748 0.00000e+00
  139    18.33333   -97.45792 36.65559     533.709     836.830  911.960  291.374   81.770    0.230   11.768 0.00000e+00
  140    18.35000   -97.45638 36.65816     556.163     859.623  909.569  291.158   82.901    0.505   11.800 0.00000e+00
  141    18.36667   -97.45471 36.66092     588.371     891.816  906.181  290.881   84.185    0.474   11.818 0.00000e+00
  142    18.38333   -97.45296 36.66377     608.649     911.645  904.043  290.708   85.164    0.223   11.853 0.00000e+00
  143    18.40000   -97.45116 36.66659     613.808     916.405  903.568  290.684   85.309    0.002   11.862 0.00000e+00
  144    18.41667   -97.44935 36.66926     608.561     911.179  904.121  290.726   85.346   -0.180   11.891 0.00000e+00
  145    18.43333   -97.44763 36.67163     596.287     899.283  905.344  290.790   84.954   -0.598   11.868 0.00000e+00
  146    18.45000   -97.44591 36.67358     592.669     896.320  905.689  290.945   84.604   -0.426   11.932 0.00000e+00
  147    18.46667   -97.44404 36.67558     632.367     936.604  901.443  290.654   85.414    0.533   11.882 0.00000e+00
  148    18.48333   -97.44241 36.67748     686.518     990.963  895.764  290.205   86.041    0.693   11.705 0.00000e+00
  149    18.50000   -97.44083 36.67937     727.698    1032.161  891.398  289.853   86.629    0.480   11.580 0.00000e+00
  150    18.51667   -97.43894 36.68145     756.893    1061.852  888.291  289.580   88.070    0.416   11.608 0.00000e+00
  151    18.53333   -97.43690 36.68390     763.731    1070.088  887.392  289.517   88.133    0.224   11.582 0.00000e+00
  152    18.55000   -97.43507 36.68659     756.758    1065.036  887.912  289.576   87.607    0.072   11.549 0.00000e+00
  153    18.56667   -97.43364 36.68931     739.746    1049.565  889.576  289.775   85.977   -0.295   11.459 0.00000e+00
  154    18.58333   -97.43271 36.69187     713.998    1024.815  892.166  290.052   84.408   -0.473   11.418 0.00000e+00
  155    18.60000   -97.43217 36.69415     703.798    1015.583  893.133  290.117   84.685   -0.119   11.490 0.00000e+00
  156    18.61667   -97.43198 36.69620     720.481    1033.200  891.282  289.921   85.977    0.502   11.544 0.00000e+00
  157    18.63333   -97.43203 36.69795     766.541    1080.114  886.394  289.405   89.217    1.464   11.654 0.00000e+00
  158    18.65000   -97.43208 36.69964     841.771    1156.163  878.511  288.665   94.223    1.962   11.840 0.00000e+00
  159    18.66667   -97.43169 36.70156     918.510    1233.735  870.561  287.956   98.406    1.760   11.919 0.00000e+00
  160    18.68333   -97.43061 36.70396     984.437    1300.552  863.698  287.473  100.000    1.368   11.850 7.24685e-02
  161    18.70000   -97.42900 36.70680    1019.661    1336.383  860.056  287.288  100.000    0.370   11.743 1.00967e-01
  162    18.71667   -97.42724 36.70980    1010.320    1327.429  860.965  287.338   98.304   -0.526   11.566 1.53491e-02
  163    18.73333   -97.42574 36.71272     971.479    1289.298  864.874  287.765   94.309   -0.817   11.356 0.00000e+00
  164    18.75000   -97.42450 36.71557     919.448    1238.392  870.094  288.312   90.547   -0.980   11.230 0.00000e+00
  165    18.76667   -97.42338 36.71837     860.769    1180.836  876.057  288.909   87.097   -1.090   11.150 0.00000e+00
  166    18.78333   -97.42233 36.72114     802.520    1123.612  882.000  289.471   84.390   -1.052   11.125 0.00000e+00
  167    18.80000   -97.42133 36.72386     747.555    1069.112  887.644  289.985   82.181   -0.855   11.125 0.00000e+00
  168    18.81667   -97.42043 36.72651     698.006    1020.093  892.719  290.431   80.460   -0.808   11.143 0.00000e+00
  169    18.83333   -97.41959 36.72911     644.546     967.392  898.217  290.930   78.293   -0.933   11.124 0.00000e+00
  170    18.85000   -97.41882 36.73169     576.903     899.036  905.451  291.588   75.944   -1.160   11.160 0.00000e+00
  171    18.86667   -97.41818 36.73406     510.876     831.492  912.599  292.250   73.364   -1.164   11.151 0.00000e+00
  172    18.88333   -97.41770 36.73627     450.508     769.725  919.132  292.862   71.126   -1.041   11.155 0.00000e+00
  173    18.90000   -97.41719 36.73827     394.419     712.358  925.289  293.397   70.110   -0.833   11.293 0.00000e+00
  174    18.91667   -97.41670 36.74008     346.091     662.714  930.620  293.846   69.122   -0.801   11.384 0.00000e+00
  175    18.93333   -97.41634 36.74178     303.008     618.330  935.395  294.280   67.747   -0.830   11.404 0.00000e+00
  176    18.95000   -97.41603 36.74344     260.666     574.707  940.065  294.737   65.811   -0.868   11.338 0.00000e+00
  177    18.96667   -97.41567 36.74508     221.929     534.707  944.413  295.160   64.081   -0.886   11.280 0.00000e+00
  178    18.98333   -97.41528 36.74665     193.575     505.356  947.525  295.444   63.154   -0.606   11.276 0.00000e+00
