    0    16.01667   -97.59494 36.20936      84.079     416.273  957.426  292.957   85.313    0.078   12.916 0.00000e+00
    1    16.03333   -97.59544 36.21259      86.902     420.428  956.934  292.993   85.197    0.274   12.934 0.00000e+00
    2    16.05000   -97.59596 36.21608     101.620     435.634  955.237  292.988   85.125    0.441   12.943 0.00000e+00
    3    16.06667   -97.59645 36.21974     124.844     459.043  952.608  292.810   85.679    0.755   12.918 0.00000e+00
    4    16.08333   -97.59662 36.22353     154.158     488.499  949.403  292.500   86.898    0.872   12.893 0.00000e+00
    5    16.10000   -97.59643 36.22736     181.561     515.891  946.460  292.218   88.087    0.578   12.880 0.00000e+00
    6    16.11667   -97.59596 36.23122     193.430     528.277  945.129  292.108   88.593    0.073   12.883 0.00000e+00
    7    16.13333   -97.59532 36.23499     175.497     511.973  946.962  292.288   87.769   -0.532   12.884 0.00000e+00
    8    16.15000   -97.59454 36.23867     138.178     475.881  951.049  292.654   86.106   -0.728   12.877 0.00000e+00
    9    16.16667   -97.59355 36.24236      98.657     435.829  955.443  293.042   84.409   -0.655   12.874 0.00000e+00
   10    16.18333   -97.59237 36.24605      67.605     403.948  958.950  293.351   83.065   -0.386   12.869 0.00000e+00
   11    16.20000   -97.59111 36.24962      49.300     385.203  961.036  293.638   81.905   -0.255   12.890 0.00000e+00
   12    16.21667   -97.58988 36.25296      40.039     375.903  962.075  293.821   81.222   -0.114   12.915 0.00000e+00
   13    16.23333   -97.58885 36.25591      38.609     374.807  962.165  294.060   80.565    0.050   13.001 0.00000e+00
   14    16.25000   -97.58801 36.25859      42.383     379.172  961.662  294.056   80.705    0.086   13.027 0.00000e+00
   15    16.26667   -97.58742 36.26122      44.484     381.993  961.329  293.996   80.858    0.053   13.008 0.00000e+00
   16    16.28333   -97.58717 36.26381      44.820     383.063  961.227  293.951   80.975    0.061   12.992 0.00000e+00
   17    16.30000   -97.58717 36.26636      46.757     385.315  960.974  293.905   81.052    0.089   12.971 0.00000e+00
   18    16.31667   -97.58730 36.26888      51.274     390.162  960.425  293.849   81.197    0.162   12.956 0.00000e+00
   19    16.33333   -97.58750 36.27127      60.943     400.161  959.321  293.752   81.526    0.203   12.945 0.00000e+00
   20    16.35000   -97.58757 36.27349      71.726     411.396  958.055  293.647   81.812    0.197   12.923 0.00000e+00
   21    16.36667   -97.58737 36.27567      84.101     424.224  956.651  293.531   82.189    0.143   12.908 0.00000e+00
   22    16.38333   -97.58690 36.27795      97.145     437.748  955.115  293.404   82.452    0.150   12.868 0.00000e+00
   23    16.40000   -97.58620 36.28056     109.150     450.348  953.732  293.272   82.910    0.160   12.852 0.00000e+00
   24    16.41667   -97.58537 36.28332     121.592     463.596  952.206  293.084   83.613    0.232   12.831 0.00000e+00
   25    16.43333   -97.58449 36.28620     132.297     475.197  950.953  292.987   83.617    0.168   12.770 0.00000e+00
   26    16.45000   -97.58365 36.28915     138.345     482.421  950.126  292.970   83.173    0.136   12.700 0.00000e+00
   27    16.46667   -97.58282 36.29213     140.100     486.004  949.726  292.977   82.768    0.079   12.649 0.00000e+00
   28    16.48333   -97.58203 36.29509     138.170     485.816  949.768  293.018   82.323   -0.017   12.613 0.00000e+00
   29    16.50000   -97.58135 36.29787     141.473     490.707  949.239  292.978   82.674    0.211   12.642 0.00000e+00
   30    16.51667   -97.58079 36.30048     158.686     509.462  947.195  292.817   83.951    0.449   12.736 0.00000e+00
   31    16.53333   -97.58027 36.30305     186.209     538.535  943.975  292.533   85.858    0.566   12.839 0.00000e+00
   32    16.55000   -97.57974 36.30563     224.244     578.158  939.654  292.139   87.663    0.650   12.848 0.00000e+00
   33    16.56667   -97.57911 36.30814     267.663     623.196  934.742  291.688   89.595    0.795   12.830 0.00000e+00
   34    16.58333   -97.57819 36.31049     306.771     663.976  930.294  291.289   91.177    0.631   12.792 0.00000e+00
   35    16.60000   -97.57700 36.31265     326.707     685.623  928.010  291.071   91.945    0.201   12.754 0.00000e+00
   36    16.61667   -97.57565 36.31470     319.990     680.436  928.571  291.124   91.499   -0.433   12.728 0.00000e+00
   37    16.63333   -97.57434 36.31673     289.073     650.393  931.861  291.430   89.954   -0.710   12.713 0.00000e+00
   38    16.65000   -97.57326 36.31878     252.626     614.278  935.808  291.784   88.370   -0.704   12.717 0.00000e+00
   39    16.66667   -97.57256 36.32093     219.673     581.338  939.418  292.101   87.165   -0.544   12.747 0.00000e+00
   40    16.68333   -97.57213 36.32321     189.188     551.286  942.663  292.380   86.094   -0.526   12.770 0.00000e+00
   41    16.70000   -97.57189 36.32569     159.807     522.820  945.785  292.654   84.902   -0.514   12.769 0.00000e+00
   42    16.71667   -97.57184 36.32838     132.870     497.006  948.640  292.906   83.827   -0.428   12.769 0.00000e+00
   43    16.73333   -97.57192 36.33130     115.345     478.530  950.795  293.104   83.034   -0.144   12.776 0.00000e+00
   44    16.75000   -97.57218 36.33436     120.185     479.281  950.679  293.133   83.004    0.357   12.797 0.00000e+00
   45    16.76667   -97.57247 36.33745     150.019     504.924  947.842  292.919   83.969    0.739   12.812 0.00000e+00
   46    16.78333   -97.57253 36.34042     190.732     543.086  943.666  292.543   85.614    0.581   12.815 0.00000e+00
   47    16.80000   -97.57228 36.34327     220.677     571.176  940.609  292.286   86.778    0.210   12.823 0.00000e+00
   48    16.81667   -97.57178 36.34602     238.799     587.280  938.904  292.170   87.294   -0.029   12.829 0.00000e+00
   49    16.83333   -97.57104 36.34871     249.822     594.265  938.176  292.129   87.464    0.180   12.831 0.00000e+00
   50    16.85000   -97.57019 36.35132     265.732     605.442  936.985  292.079   87.755    0.411   12.849 0.00000e+00
   51    16.86667   -97.56941 36.35376     287.951     623.185  935.010  291.949   88.340    0.922   12.857 0.00000e+00
   52    16.88333   -97.56866 36.35608     329.683     662.328  930.670  291.598   89.952    1.139   12.865 0.00000e+00
   53    16.90000   -97.56759 36.35825     383.848     715.685  924.900  291.130   92.116    1.228   12.870 0.00000e+00
   54    16.91667   -97.56604 36.36026     427.767     758.423  920.337  290.715   94.035    0.607   12.859 0.00000e+00
   55    16.93333   -97.56441 36.36223     432.971     762.062  919.944  290.642   94.381   -0.337   12.852 0.00000e+00
   56    16.95000   -97.56317 36.36430     402.779     731.231  923.118  290.925   92.964   -0.809   12.845 0.00000e+00
   57    16.96667   -97.56242 36.36667     357.288     686.855  927.883  291.358   90.799   -0.593   12.828 0.00000e+00
   58    16.98333   -97.56209 36.36927     334.150     665.152  930.263  291.569   89.759   -0.029   12.819 0.00000e+00
   59    17.00000   -97.56186 36.37191     338.716     671.180  929.616  291.516   89.972    0.283   12.815 0.00000e+00
   60    17.01667   -97.56165 36.37438     358.786     692.560  927.280  291.304   90.887    0.368   12.806 0.00000e+00
   61    17.03333   -97.56145 36.37657     382.987     717.950  924.579  291.073   91.861    0.398   12.792 0.00000e+00
   62    17.05000   -97.56134 36.37847     410.415     746.407  921.547  290.819   93.007    0.484   12.786 0.00000e+00
   63    17.06667   -97.56125 36.38020     439.458     776.348  918.330  290.540   94.299    0.592   12.781 0.00000e+00
   64    17.08333   -97.56113 36.38183     475.556     813.199  914.398  290.188   96.019    0.628   12.780 0.00000e+00
   65    17.10000   -97.56086 36.38347     513.747     852.023  910.296  289.823   97.849    0.533   12.781 0.00000e+00
   66    17.11667   -97.56024 36.38514     538.407     877.085  907.664  289.590   99.058    0.155   12.784 2.54989e-04
   67    17.13333   -97.55907 36.38691     552.153     890.850  906.156  289.482   99.719   -0.069   12.802 3.32159e-03
   68    17.15000   -97.55750 36.38866     554.247     892.613  905.997  289.529   99.474   -0.475   12.811 1.61543e-03
   69    17.16667   -97.55566 36.39037     534.705     872.780  908.070  289.806   97.681   -0.920   12.776 0.00000e+00
   70    17.18333   -97.55382 36.39213     490.301     828.746  912.684  290.247   95.421   -0.900   12.773 0.00000e+00
   71    17.20000   -97.55211 36.39403     436.947     776.846  918.194  290.726   93.339   -0.671   12.803 0.00000e+00
   72    17.21667   -97.55054 36.39614     388.070     729.674  923.304  291.170   91.252   -0.635   12.804 0.00000e+00
   73    17.23333   -97.54909 36.39838     340.401     683.128  928.352  291.652   88.619   -0.769   12.749 0.00000e+00
   74    17.25000   -97.54771 36.40065     292.948     636.416  933.392  292.127   86.157   -0.807   12.703 0.00000e+00
   75    17.26667   -97.54633 36.40294     254.053     598.003  937.591  292.567   83.541   -0.666   12.606 0.00000e+00
   76    17.28333   -97.54488 36.40528     232.031     576.214  939.998  292.805   82.340   -0.420   12.579 0.00000e+00
   77    17.30000   -97.54340 36.40763     225.426     569.941  940.634  292.905   81.404   -0.160   12.506 0.00000e+00
   78    17.31667   -97.54191 36.41001     228.309     573.372  940.267  292.910   81.128   -0.042   12.472 0.00000e+00
   79    17.33333   -97.54041 36.41241     231.540     577.253  939.810  292.881   81.356   -0.065   12.490 0.00000e+00
   80    17.35000   -97.53891 36.41480     226.768     573.229  940.238  292.919   81.367   -0.228   12.516 0.00000e+00
   81    17.36667   -97.53751 36.41716     210.651     557.948  941.888  293.050   81.057   -0.383   12.549 0.00000e+00
   82    17.38333   -97.53622 36.41949     190.592     538.807  943.942  293.243   80.415   -0.371   12.573 0.00000e+00
   83    17.40000   -97.53510 36.42178     165.812     515.013  946.554  293.461   79.481   -0.564   12.562 0.00000e+00
   84    17.41667   -97.53411 36.42403     135.495     485.791  949.774  293.759   78.699   -0.571   12.629 0.00000e+00
   85    17.43333   -97.53332 36.42623     103.512     454.608  953.219  294.072   77.408   -0.588   12.620 0.00000e+00
   86    17.45000   -97.53275 36.42836      70.848     422.578  956.829  294.407   76.252   -0.474   12.644 0.00000e+00
   87    17.46667   -97.53252 36.43048      44.458     396.438  959.791  294.724   74.860   -0.334   12.620 0.00000e+00
   88    17.48333   -97.53259 36.43267      28.246     379.476  961.713  295.094   73.598   -0.193   12.668 0.00000e+00
   89    17.50000   -97.53295 36.43475      18.915     369.706  962.814  295.486   72.413   -0.134   12.754 0.00000e+00
   90    17.51667   -97.53357 36.43671      12.388     363.238  963.512  295.752   71.690   -0.103   12.826 0.00000e+00
   91    17.53333   -97.53452 36.43860       8.439     359.705  963.908  296.000   70.763   -0.028   12.848 0.00000e+00
   92    17.55000   -97.53571 36.44035       7.782     358.422  964.014  296.065   70.544    0.009   12.858 0.00000e+00
   93    17.56667   -97.53690 36.44188       8.711     358.277  964.016  296.341   70.047    0.023   12.986 0.00000e+00
   94    17.58333   -97.53804 36.44311       9.852     358.318  963.942  296.524   69.820    0.053   13.090 0.00000e+00
   95    17.60000   -97.53905 36.44402      13.701     361.344  963.631  296.482   70.129    0.113   13.118 0.00000e+00
   96    17.61667   -97.53944 36.44476      29.133     375.910  962.086  296.383   70.551    0.495   13.139 0.00000e+00
   97    17.63333   -97.53904 36.44575      64.736     410.001  958.316  295.693   72.373    0.743   12.971 0.00000e+00
   98    17.65000   -97.53812 36.44736     116.912     459.881  952.776  295.006   74.501    1.013   12.875 0.00000e+00
   99    17.66667   -97.53682 36.44924     179.182     519.819  946.213  294.220   76.815    0.942   12.733 0.00000e+00
  100    17.68333   -97.53536 36.45124     240.248     578.394  939.829  293.550   78.866    0.894   12.625 0.00000e+00
  101    17.70000   -97.53409 36.45321     288.800     624.583  934.803  293.043   80.686    0.752   12.582 0.00000e+00
  102    17.71667   -97.53310 36.45513     319.182     652.973  931.725  292.756   81.667    0.441   12.549 0.00000e+00
  103    17.73333   -97.53236 36.45704     330.963     663.094  930.658  292.676   81.634    0.141   12.495 0.00000e+00
  104    17.75000   -97.53172 36.45895     330.456     660.983  930.903  292.714   81.088   -0.109   12.438 0.00000e+00
  105    17.76667   -97.53112 36.46085     315.912     644.864  932.608  292.871   80.176   -0.424   12.397 0.00000e+00
  106    17.78333   -97.53051 36.46262     285.626     613.083  936.030  293.180   78.878   -0.717   12.389 0.00000e+00
  107    17.80000   -97.52988 36.46416     241.970     568.411  940.864  293.615   77.152   -0.946   12.387 0.00000e+00
  108    17.81667   -97.52924 36.46546     199.292     525.150  945.521  294.038   75.547   -0.824   12.391 0.00000e+00
  109    17.83333   -97.52867 36.46656     164.137     489.562  949.386  294.387   74.456   -0.654   12.428 0.00000e+00
  110    17.85000   -97.52833 36.46744     143.497     468.614  951.692  294.587   73.946   -0.214   12.467 0.00000e+00
  111    17.86667   -97.52831 36.46818     140.464     465.383  952.025  294.603   74.027    0.167   12.488 0.00000e+00
  112    17.88333   -97.52859 36.46898     150.389     475.164  950.928  294.496   74.422    0.302   12.487 0.00000e+00
  113    17.90000   -97.52908 36.46992     161.064     485.691  949.788  294.391   74.805    0.153   12.484 0.00000e+00
  114    17.91667   -97.52959 36.47090     159.094     483.523  950.015  294.411   74.707   -0.150   12.481 0.00000e+00
  115    17.93333   -97.53011 36.47181     139.265     463.397  952.239  294.606   73.956   -0.467   12.475 0.00000e+00
  116    17.95000   -97.53049 36.47258     105.324     429.107  956.006  294.946   72.708   -0.591   12.476 0.00000e+00
  117    17.96667   -97.53062 36.47318      71.537     394.979  959.770  295.283   71.493   -0.518   12.476 0.00000e+00
  118    17.98333   -97.53044 36.47366      45.141     368.268  962.727  295.589   70.450   -0.363   12.488 0.00000e+00
  119    18.00000   -97.53001 36.47408      26.534     349.356  964.821  296.021   69.360   -0.256   12.598 0.00000e+00
  120    18.01667   -97.52950 36.47441      15.521     338.085  966.097  296.511   68.143   -0.145   12.737 0.00000e+00
  121    18.03333   -97.52898 36.47463       9.216     331.589  966.727  296.875   67.221   -0.067   12.839 0.00000e+00
  122    18.05000   -97.52847 36.47480       5.969     328.151  967.017  297.161   66.409   -0.033   12.902 0.00000e+00
  123    18.06667   -97.52783 36.47499       4.349     326.302  967.177  297.511   65.431   -0.014   12.983 0.00000e+00
  124    18.08333   -97.52711 36.47523       3.676     325.290  967.251  297.732   64.706    0.001   13.011 0.00000e+00
  125    18.10000   -97.52625 36.47545       4.056     325.291  967.267  297.526   65.454    0.022   12.998 0.00000e+00
  126    18.11667   -97.52549 36.47563       7.914     328.811  966.930  297.247   66.638    0.127   13.015 0.00000e+00
  127    18.13333   -97.52495 36.47602      23.542     344.050  965.338  297.272   65.895    0.544   12.912 0.00000e+00
  128    18.15000   -97.52446 36.47693      76.957     396.818  959.509  296.611   67.782    1.647   12.835 0.00000e+00
  129    18.16667   -97.52383 36.47823     200.578     519.555  946.097  295.132   72.242    2.854   12.672 0.00000e+00
  130    18.18333   -97.52304 36.47951     375.517     693.614  927.251  293.420   78.637    3.600   12.658 0.00000e+00
  131    18.20000   -97.52203 36.48049     534.760     852.151  910.390  291.867   85.063    2.666   12.652 0.00000e+00
  132    18.21667   -97.52066 36.48146     617.516     934.114  901.746  291.021   88.380    0.902   12.580 0.00000e+00
  133    18.23333   -97.51912 36.48264     619.168     934.846  901.630  290.912   87.930   -0.402   12.431 0.00000e+00
  134    18.25000   -97.51768 36.48422     567.089     881.724  907.207  291.397   85.292   -0.889   12.358 0.00000e+00
  135    18.26667   -97.51643 36.48626     501.905     815.237  914.252  292.020   82.242   -0.933   12.298 0.00000e+00
  136    18.28333   -97.51534 36.48866     443.034     755.121  920.591  292.583   79.771   -0.807   12.274 0.00000e+00
  137    18.30000   -97.51447 36.49124     400.559     712.702  925.129  292.998   78.056   -0.557   12.265 0.00000e+00
  138    18.31667   -97.51379 36.49370     386.822     698.985  926.681  293.174   77.404   -0.044   12.277 0.00000e+00
  139    18.33333   -97.51314 36.49606     422.059     734.107  922.914  292.922   78.611    1.128   12.324 0.00000e+00
  140    18.35000   -97.51228 36.49852     520.726     832.342  912.386  291.982   82.658    2.193   12.357 0.00000e+00
  141    18.36667   -97.51109 36.50109     641.120     952.076  899.749  290.820   87.970    2.213   12.391 0.00000e+00
  142    18.38333   -97.50964 36.50356     742.296    1052.674  889.245  289.851   92.513    1.739   12.395 0.00000e+00
  143    18.40000   -97.50801 36.50594     810.286    1119.322  882.394  289.210   95.644    1.190   12.394 0.00000e+00
  144    18.41667   -97.50613 36.50833     839.491    1145.957  879.637  288.955   96.807    0.299   12.379 0.00000e+00
  145    18.43333   -97.50414 36.51077     821.924    1126.025  881.716  289.191   94.782   -0.527   12.276 0.00000e+00
  146    18.45000   -97.50233 36.51324     764.726    1066.890  887.779  289.782   91.708   -1.189   12.253 0.00000e+00
  147    18.46667   -97.50091 36.51569     691.671     994.121  895.366  290.557   86.917   -1.216   12.098 0.00000e+00
  148    18.48333   -97.49986 36.51811     618.916     922.108  902.886  291.302   82.892   -1.112   11.996 0.00000e+00
  149    18.50000   -97.49911 36.52049     554.176     858.207  909.617  291.969   79.071   -0.897   11.847 0.00000e+00
  150    18.51667   -97.49860 36.52282     495.575     800.560  915.725  292.561   75.892   -0.773   11.723 0.00000e+00
  151    18.53333   -97.49820 36.52517     445.622     751.558  920.947  293.046   73.554   -0.637   11.646 0.00000e+00
  152    18.55000   -97.49785 36.52747     405.825     712.620  925.087  293.421   72.056   -0.415   11.627 0.00000e+00
  153    18.56667   -97.49749 36.52968     382.960     690.515  927.500  293.628   71.415   -0.114   11.642 0.00000e+00
  154    18.58333   -97.49698 36.53176     372.490     680.670  928.560  293.707   71.201   -0.069   11.651 0.00000e+00
  155    18.60000   -97.49635 36.53369     358.423     667.144  929.986  293.824   70.861   -0.189   11.663 0.00000e+00
  156    18.61667   -97.49570 36.53552     330.820     640.051  932.886  294.054   70.428   -0.541   11.721 0.00000e+00
  157    18.63333   -97.49522 36.53730     293.763     603.516  936.857  294.402   69.199   -0.574   11.718 0.00000e+00
  158    18.65000   -97.49490 36.53913     261.536     572.071  940.190  294.702   68.311   -0.448   11.742 0.00000e+00
  159    18.66667   -97.49473 36.54099     235.429     547.039  942.939  294.940   67.688   -0.317   11.773 0.00000e+00
  160    18.68333   -97.49471 36.54286     215.770     528.466  944.913  295.136   66.943   -0.211   11.760 0.00000e+00
  161    18.70000   -97.49480 36.54473     202.133     515.911  946.288  295.252   66.153   -0.155   11.688 0.00000e+00
  162    18.71667   -97.49491 36.54668     194.860     509.803  946.932  295.364   65.591    0.034   11.660 0.00000e+00
  163    18.73333   -97.49490 36.54889     198.035     514.745  946.374  295.419   65.688    0.096   11.724 0.00000e+00
  164    18.75000   -97.49487 36.55128     222.621     541.297  943.462  295.151   66.799    0.582   11.764 0.00000e+00
  165    18.76667   -97.49422 36.55358     282.720     603.341  936.768  294.671   69.040    0.994   11.888 0.00000e+00
  166    18.78333   -97.49258 36.55568     331.426     653.191  931.457  294.245   70.747    0.356   11.933 0.00000e+00
  167    18.80000   -97.49070 36.55764     329.174     651.593  931.594  294.288   70.776   -0.374   11.968 0.00000e+00
  168    18.81667   -97.48915 36.55966     293.716     617.339  935.265  294.640   69.165   -0.661   11.906 0.00000e+00
  169    18.83333   -97.48805 36.56180     254.909     580.175  939.224  295.028   67.366   -0.452   11.828 0.00000e+00
  170    18.85000   -97.48741 36.56398     229.221     556.046  941.873  295.300   65.499   -0.125   11.662 0.00000e+00
  171    18.86667   -97.48712 36.56621     208.728     536.455  944.026  295.529   64.753   -0.300   11.666 0.00000e+00
  172    18.88333   -97.48695 36.56847     183.681     512.251  946.696  295.791   63.836    0.021   11.654 0.00000e+00
  173    18.90000   -97.48640 36.57051     213.800     543.015  943.411  295.719   64.961    1.386   11.848 0.00000e+00
  174    18.91667   -97.48555 36.57249     296.136     624.922  934.696  294.938   67.866    1.647   11.908 0.00000e+00
  175    18.93333   -97.48469 36.57461     378.745     705.722  926.015  294.096   70.588    1.396   11.867 0.00000e+00
  176    18.95000   -97.48406 36.57685     441.344     766.640  919.490  293.461   72.578    1.031   11.812 0.00000e+00
  177    18.96667   -97.48357 36.57910     483.016     806.807  915.258  293.031   73.840    0.716   11.753 0.00000e+00
  178    18.98333   -97.48321 36.58130     510.984     832.798  912.504  292.723   74.957    0.489   11.739 0.00000e+00
