    0    16.01667   -97.41828 36.27042      61.039     410.064  958.563  292.878   85.934    0.112   12.930 0.00000e+00
    1    16.03333   -97.41833 36.27296      65.185     414.135  958.093  292.829   86.140   -0.045   12.928 0.00000e+00
    2    16.05000   -97.41826 36.27546      64.649     413.960  958.099  292.812   86.139   -0.149   12.914 0.00000e+00
    3    16.06667   -97.41805 36.27793      60.865     410.391  958.472  292.841   85.925   -0.163   12.900 0.00000e+00
    4    16.08333   -97.41759 36.28038      55.096     404.635  959.151  292.907   85.561   -0.091   12.890 0.00000e+00
    5    16.10000   -97.41708 36.28281      51.628     400.632  959.657  293.015   85.094    0.040   12.899 0.00000e+00
    6    16.11667   -97.41669 36.28538      54.745     403.066  959.447  293.021   84.993    0.162   12.891 0.00000e+00
    7    16.13333   -97.41644 36.28814      60.981     408.538  958.908  292.961   85.127    0.291   12.871 0.00000e+00
    8    16.15000   -97.41635 36.29104      69.715     415.017  958.187  292.882   85.355    0.314   12.852 0.00000e+00
    9    16.16667   -97.41634 36.29401      73.106     415.947  958.042  292.862   85.381    0.126   12.842 0.00000e+00
   10    16.18333   -97.41640 36.29699      68.930     408.942  958.904  292.938   85.015   -0.062   12.835 0.00000e+00
   11    16.20000   -97.41650 36.29995      64.725     398.473  960.009  293.084   84.442   -0.145   12.851 0.00000e+00
   12    16.21667   -97.41644 36.30286      58.373     385.737  961.375  293.269   83.720   -0.205   12.871 0.00000e+00
   13    16.23333   -97.41612 36.30568      49.256     371.747  962.754  293.411   83.112   -0.301   12.873 0.00000e+00
   14    16.25000   -97.41559 36.30839      37.576     359.491  964.123  293.648   82.293   -0.199   12.917 0.00000e+00
   15    16.26667   -97.41493 36.31096      30.140     351.459  965.003  293.848   81.648   -0.174   12.964 0.00000e+00
   16    16.28333   -97.41434 36.31329      24.338     345.212  965.616  294.106   80.863   -0.072   13.039 0.00000e+00
   17    16.30000   -97.41383 36.31542      20.757     342.991  965.840  294.263   80.240   -0.058   13.063 0.00000e+00
   18    16.31667   -97.41334 36.31744      18.121     341.766  966.003  294.412   80.004   -0.056   13.143 0.00000e+00
   19    16.33333   -97.41283 36.31931      15.893     340.790  966.108  294.526   79.786   -0.037   13.199 0.00000e+00
   20    16.35000   -97.41235 36.32109      13.780     339.811  966.257  294.630   79.557   -0.034   13.243 0.00000e+00
   21    16.36667   -97.41197 36.32275      12.071     338.061  966.512  294.770   79.211   -0.027   13.297 0.00000e+00
   22    16.38333   -97.41179 36.32439      10.682     335.922  966.756  294.859   78.877   -0.020   13.311 0.00000e+00
   23    16.40000   -97.41177 36.32607      10.600     335.222  966.794  294.891   78.833   -0.017   13.329 0.00000e+00
   24    16.41667   -97.41190 36.32777      10.075     334.111  966.891  295.044   78.458    0.001   13.391 0.00000e+00
   25    16.43333   -97.41191 36.32946      11.097     334.515  966.906  295.180   78.250    0.025   13.467 0.00000e+00
   26    16.45000   -97.41174 36.33117      13.091     335.285  966.890  295.268   78.056    0.046   13.507 0.00000e+00
   27    16.46667   -97.41132 36.33298      15.917     336.418  966.724  295.272   77.978    0.066   13.499 0.00000e+00
   28    16.48333   -97.41078 36.33491      19.599     338.299  966.517  295.176   78.084    0.046   13.441 0.00000e+00
   29    16.50000   -97.41023 36.33691      22.517     339.422  966.362  295.157   78.109    0.086   13.431 0.00000e+00
   30    16.51667   -97.40974 36.33894      28.490     343.597  965.915  294.957   78.498    0.081   13.339 0.00000e+00
   31    16.53333   -97.40937 36.34116      34.976     348.058  965.425  294.768   78.884    0.134   13.256 0.00000e+00
   32    16.55000   -97.40916 36.34348      46.026     357.072  964.395  294.581   79.405    0.295   13.204 0.00000e+00
   33    16.56667   -97.40913 36.34584      63.942     372.918  962.586  294.289   80.187    0.395   13.120 0.00000e+00
   34    16.58333   -97.40923 36.34826      75.177     385.113  961.029  294.049   80.778    0.182   13.042 0.00000e+00
   35    16.60000   -97.40939 36.35072      75.423     388.061  960.663  293.934   80.816   -0.062   12.961 0.00000e+00
   36    16.61667   -97.40937 36.35319      69.351     384.712  961.024  293.927   80.605   -0.150   12.916 0.00000e+00
   37    16.63333   -97.40924 36.35565      61.675     379.858  961.539  293.940   80.366   -0.183   12.881 0.00000e+00
   38    16.65000   -97.40900 36.35813      54.892     376.062  961.972  293.974   80.124   -0.171   12.864 0.00000e+00
   39    16.66667   -97.40865 36.36062      48.857     373.056  962.373  294.034   79.849   -0.149   12.862 0.00000e+00
   40    16.68333   -97.40826 36.36315      43.522     370.636  962.614  294.087   79.589   -0.124   12.859 0.00000e+00
   41    16.70000   -97.40788 36.36567      41.620     369.544  962.800  294.138   79.379   -0.042   12.864 0.00000e+00
   42    16.71667   -97.40755 36.36821      43.099     371.487  962.599  294.149   79.367    0.039   12.873 0.00000e+00
   43    16.73333   -97.40721 36.37081      49.946     378.810  961.812  294.091   79.608    0.136   12.876 0.00000e+00
   44    16.75000   -97.40689 36.37354      59.332     387.948  960.871  294.001   79.916    0.167   12.867 0.00000e+00
   45    16.76667   -97.40662 36.37642      68.061     395.821  960.053  293.924   80.152    0.222   12.854 0.00000e+00
   46    16.78333   -97.40636 36.37939      78.307     404.966  959.066  293.828   80.453    0.310   12.838 0.00000e+00
   47    16.80000   -97.40617 36.38247      94.103     419.234  957.550  293.688   80.934    0.414   12.824 0.00000e+00
   48    16.81667   -97.40604 36.38556     113.106     436.658  955.555  293.488   81.611    0.451   12.798 0.00000e+00
   49    16.83333   -97.40598 36.38872     134.770     456.739  953.360  293.269   82.479    0.546   12.788 0.00000e+00
   50    16.85000   -97.40591 36.39194     155.379     475.622  951.230  293.082   83.126    0.424   12.767 0.00000e+00
   51    16.86667   -97.40584 36.39514     167.012     485.537  950.187  293.000   83.371    0.140   12.754 0.00000e+00
   52    16.88333   -97.40577 36.39820     168.084     485.324  950.109  293.007   83.309   -0.176   12.750 0.00000e+00
   53    16.90000   -97.40570 36.40115     157.439     473.838  951.394  293.131   82.753   -0.413   12.747 0.00000e+00
   54    16.91667   -97.40561 36.40399     138.988     454.588  953.537  293.351   81.868   -0.471   12.756 0.00000e+00
   55    16.93333   -97.40548 36.40668     117.679     432.194  956.025  293.699   80.678   -0.520   12.812 0.00000e+00
   56    16.95000   -97.40544 36.40935      95.292     408.518  958.612  294.043   79.523   -0.654   12.868 0.00000e+00
   57    16.96667   -97.40568 36.41225      67.344     379.203  961.819  294.344   78.353   -0.631   12.874 0.00000e+00
   58    16.98333   -97.40665 36.41553      56.341     367.001  963.127  294.607   77.662    0.425   12.952 0.00000e+00
   59    17.00000   -97.40796 36.41856      97.393     407.122  958.693  294.396   78.829    1.363   13.036 0.00000e+00
   60    17.01667   -97.40900 36.42129     174.400     483.305  950.283  293.659   81.795    1.764   13.037 0.00000e+00
   61    17.03333   -97.40958 36.42385     284.592     593.679  938.209  292.527   86.258    2.356   12.974 0.00000e+00
   62    17.05000   -97.40952 36.42667     404.899     714.363  925.120  291.325   91.487    2.550   12.938 0.00000e+00
   63    17.06667   -97.40861 36.42971     523.414     832.797  912.468  290.165   97.044    2.481   12.925 0.00000e+00
   64    17.08333   -97.40703 36.43298     619.062     928.357  902.292  289.392  100.000    2.152   12.836 7.50525e-02
   65    17.10000   -97.40515 36.43639     685.544     994.188  895.381  289.043  100.000    1.230   12.649 1.94867e-01
   66    17.11667   -97.40320 36.43979     717.926    1026.038  891.963  288.872  100.000    0.677   12.559 2.55695e-01
   67    17.13333   -97.40129 36.44316     730.733    1039.908  890.500  288.798  100.000    0.423   12.521 2.80030e-01
   68    17.15000   -97.39937 36.44654     732.947    1043.549  890.154  288.752  100.000    0.019   12.489 2.54838e-01
   69    17.16667   -97.39734 36.45000     716.346    1028.280  891.792  288.734  100.000   -0.572   12.450 1.31761e-01
   70    17.18333   -97.39524 36.45358     676.853     989.599  895.806  288.931   98.637   -0.849   12.364 0.00000e+00
   71    17.20000   -97.39301 36.45721     642.079     953.141  899.767  289.324   95.873   -0.387   12.271 0.00000e+00
   72    17.21667   -97.39058 36.46078     635.447     942.959  900.865  289.440   94.569    0.317   12.180 0.00000e+00
   73    17.23333   -97.38805 36.46424     655.054     958.497  899.242  289.254   95.597    0.602   12.188 0.00000e+00
   74    17.25000   -97.38560 36.46761     681.856     981.768  896.759  289.019   96.567    0.579   12.160 0.00000e+00
   75    17.26667   -97.38326 36.47078     715.893    1012.488  893.573  288.742   99.000    0.708   12.290 8.10770e-03
   76    17.28333   -97.38094 36.47356     765.224    1059.084  888.673  288.566  100.000    0.621   12.356 6.02658e-02
   77    17.30000   -97.37823 36.47630     820.750    1112.417  883.113  288.298   99.711    0.287   12.171 8.07362e-02
   78    17.31667   -97.37517 36.47933     859.096    1148.564  879.285  288.126   99.095    0.034   12.015 1.00671e-01
   79    17.33333   -97.37203 36.48269     877.404    1167.903  877.179  287.933   99.870   -0.003   11.987 6.89832e-02
   80    17.35000   -97.36889 36.48623     900.763    1193.409  874.511  287.802  100.000    0.478   11.952 1.14546e-01
   81    17.36667   -97.36563 36.48982     947.080    1240.875  869.697  287.598  100.000    1.316   11.863 2.18425e-01
   82    17.38333   -97.36212 36.49332    1024.107    1317.862  861.830  287.263  100.000    2.052   11.715 3.69363e-01
   83    17.40000   -97.35831 36.49665    1122.790    1417.214  851.702  286.842  100.000    2.545   11.534 5.68469e-01
   84    17.41667   -97.35435 36.49989    1226.962    1522.824  841.182  286.280  100.000    2.777   11.256 6.88920e-01
   85    17.43333   -97.35036 36.50323    1325.106    1619.869  831.604  285.684  100.000    2.916   10.949 7.31276e-01
   86    17.45000   -97.34643 36.50666    1409.376    1702.098  823.462  285.105  100.000    2.688   10.642 7.12414e-01
   87    17.46667   -97.34262 36.51018    1452.386    1746.093  819.023  284.745  100.000    1.902   10.449 6.61147e-01
   88    17.48333   -97.33884 36.51376    1457.410    1754.171  818.272  284.604  100.000    0.743   10.361 5.23746e-01
   89    17.50000   -97.33482 36.51733    1412.798    1710.573  822.546  284.771   99.958   -0.885   10.397 2.73674e-01
   90    17.51667   -97.33064 36.52104    1341.453    1640.981  829.313  285.169   98.414   -1.386   10.424 2.61594e-02
   91    17.53333   -97.32669 36.52500    1311.390    1613.194  832.164  285.539   94.283    0.040   10.199 9.01601e-04
   92    17.55000   -97.32313 36.52903    1338.719    1641.123  829.407  285.263   94.955    0.793   10.120 3.33632e-04
   93    17.56667   -97.31995 36.53303    1384.984    1688.826  824.698  284.790   96.230    0.885    9.996 0.00000e+00
   94    17.58333   -97.31695 36.53705    1425.602    1731.637  820.495  284.351   98.210    0.544    9.959 2.61337e-04
   95    17.60000   -97.31386 36.54102    1443.883    1751.895  818.513  284.108   99.400   -0.249    9.942 4.66219e-04
   96    17.61667   -97.31053 36.54501    1416.845    1728.174  820.725  284.324   97.665   -0.973    9.883 0.00000e+00
   97    17.63333   -97.30708 36.54930    1368.136    1685.664  824.886  284.702   96.111   -0.502    9.923 0.00000e+00
   98    17.65000   -97.30363 36.55387    1355.161    1678.835  825.595  284.648   97.411    0.298   10.013 6.40817e-03
   99    17.66667   -97.30003 36.55825    1365.197    1690.538  824.616  284.550   99.122    0.303   10.134 2.44556e-02
  100    17.68333   -97.29630 36.56226    1346.245    1669.672  826.720  284.659   98.785   -0.635   10.147 6.33145e-03
  101    17.70000   -97.29256 36.56596    1294.775    1617.047  831.818  285.044   97.080   -1.298   10.168 0.00000e+00
  102    17.71667   -97.28883 36.56946    1229.733    1552.822  838.207  285.671   93.488   -1.372   10.128 0.00000e+00
  103    17.73333   -97.28516 36.57286    1168.525    1491.845  844.408  286.362   89.420   -1.054   10.064 0.00000e+00
  104    17.75000   -97.28162 36.57626    1127.812    1448.387  848.801  286.790   87.255   -0.623   10.048 0.00000e+00
  105    17.76667   -97.27827 36.57972    1117.778    1434.939  850.267  286.943   86.059    0.025    9.992 0.00000e+00
  106    17.78333   -97.27522 36.58318    1149.188    1459.153  847.854  286.693   87.266    0.663    9.996 0.00000e+00
  107    17.80000   -97.27229 36.58659    1206.038    1510.940  842.565  286.146   90.055    0.988   10.015 0.00000e+00
  108    17.81667   -97.26941 36.58997    1265.598    1567.192  836.993  285.575   93.051    0.927   10.032 0.00000e+00
  109    17.83333   -97.26649 36.59332    1310.458    1608.367  832.862  285.174   94.986    0.596   10.022 0.00000e+00
  110    17.85000   -97.26350 36.59664    1330.392    1625.923  831.072  285.001   95.863    0.119   10.021 0.00000e+00
  111    17.86667   -97.26038 36.59996    1324.214    1617.881  831.867  285.085   95.424   -0.305   10.021 0.00000e+00
  112    17.88333   -97.25709 36.60336    1299.688    1592.389  834.350  285.331   94.198   -0.438   10.025 0.00000e+00
  113    17.90000   -97.25371 36.60690    1278.705    1571.427  836.433  285.541   93.144   -0.058   10.026 0.00000e+00
  114    17.91667   -97.25036 36.61058    1283.377    1575.397  836.059  285.491   93.429    0.540   10.028 0.00000e+00
  115    17.93333   -97.24712 36.61423    1311.831    1603.300  833.237  285.171   95.487    0.684   10.068 0.00000e+00
  116    17.95000   -97.24404 36.61778    1338.219    1630.276  830.574  284.905   97.028    0.343   10.084 0.00000e+00
  117    17.96667   -97.24109 36.62123    1343.793    1636.302  830.013  284.852   97.355   -0.147   10.089 0.00000e+00
  118    17.98333   -97.23824 36.62465    1324.356    1616.738  831.978  285.055   96.338   -0.580   10.095 0.00000e+00
  119    18.00000   -97.23540 36.62804    1287.017    1579.218  835.702  285.437   94.230   -0.827   10.082 0.00000e+00
  120    18.01667   -97.23257 36.63144    1246.758    1539.836  839.625  285.832   92.241   -0.676   10.083 0.00000e+00
  121    18.03333   -97.22972 36.63486    1225.303    1519.116  841.694  286.047   91.120   -0.164   10.077 0.00000e+00
  122    18.05000   -97.22686 36.63828    1234.449    1528.761  840.711  285.955   91.589    0.390   10.080 0.00000e+00
  123    18.06667   -97.22397 36.64167    1267.091    1562.083  837.420  285.625   93.326    0.678   10.089 0.00000e+00
  124    18.08333   -97.22112 36.64506    1305.526    1600.116  833.633  285.245   95.419    0.587   10.106 0.00000e+00
  125    18.10000   -97.21828 36.64848    1330.736    1625.764  831.026  284.983   96.924    0.257   10.120 0.00000e+00
  126    18.11667   -97.21550 36.65194    1338.920    1635.850  830.076  284.890   97.422    0.021   10.121 0.00000e+00
  127    18.13333   -97.21281 36.65544    1337.224    1635.744  830.063  284.886   97.482   -0.045   10.124 0.00000e+00
  128    18.15000   -97.21017 36.65899    1332.601    1632.014  830.502  284.903   97.674    0.018   10.151 0.00000e+00
  129    18.16667   -97.20758 36.66255    1327.714    1627.215  831.014  284.912   98.077    0.004   10.192 0.00000e+00
  130    18.18333   -97.20502 36.66613    1318.511    1618.003  831.922  284.993   97.695   -0.226   10.196 0.00000e+00
  131    18.20000   -97.20235 36.66970    1299.694    1599.534  833.731  285.189   96.493   -0.506   10.180 0.00000e+00
  132    18.21667   -97.19957 36.67324    1269.843    1570.437  836.606  285.498   94.665   -0.695   10.159 0.00000e+00
  133    18.23333   -97.19667 36.67673    1234.558    1535.918  840.049  285.854   92.711   -0.630   10.143 0.00000e+00
  134    18.25000   -97.19376 36.68013    1207.576    1509.667  842.702  286.133   91.114   -0.301   10.122 0.00000e+00
  135    18.26667   -97.19090 36.68347    1201.067    1503.703  843.302  286.203   90.689    0.076   10.114 0.00000e+00
  136    18.28333   -97.18804 36.68674    1208.457    1511.895  842.442  286.083   91.525    0.203   10.137 0.00000e+00
  137    18.30000   -97.18520 36.68993    1224.973    1529.198  840.761  285.964   91.851    0.265   10.114 0.00000e+00
  138    18.31667   -97.18230 36.69316    1236.028    1540.879  839.579  285.697   93.476   -0.167   10.128 0.00000e+00
  139    18.33333   -97.17938 36.69652    1223.734    1529.518  840.692  285.773   92.835   -0.871   10.095 0.00000e+00
  140    18.35000   -97.17658 36.70009    1169.935    1476.278  846.059  286.251   89.632   -2.026    9.995 0.00000e+00
  141    18.36667   -97.17402 36.70385    1080.025    1386.473  855.141  286.979   88.389   -2.094   10.228 0.00000e+00
  142    18.38333   -97.17183 36.70766     999.935    1306.593  863.245  287.620   88.156   -0.930   10.536 0.00000e+00
  143    18.40000   -97.16994 36.71131     964.698    1271.541  866.816  287.888   87.238   -0.078   10.566 0.00000e+00
  144    18.41667   -97.16808 36.71469     958.803    1266.171  867.377  287.750   90.299    0.310   10.832 0.00000e+00
  145    18.43333   -97.16618 36.71786     967.903    1276.428  866.295  287.598   92.176    0.315   10.962 0.00000e+00
  146    18.45000   -97.16431 36.72093     978.486    1288.456  865.048  287.484   92.491    0.162   10.934 0.00000e+00
  147    18.46667   -97.16250 36.72393     983.201    1295.171  864.371  287.448   92.233   -0.075   10.886 0.00000e+00
  148    18.48333   -97.16063 36.72686     975.427    1289.542  864.953  287.527   91.520   -0.309   10.850 0.00000e+00
  149    18.50000   -97.15873 36.72974     952.034    1267.855  867.210  287.793   89.587   -0.548   10.779 0.00000e+00
  150    18.51667   -97.15680 36.73260     915.919    1233.177  870.698  288.139   87.794   -0.708   10.760 0.00000e+00
  151    18.53333   -97.15482 36.73545     874.554    1193.551  874.790  288.539   85.761   -0.866   10.735 0.00000e+00
  152    18.55000   -97.15280 36.73824     831.334    1151.643  879.275  288.954   84.323   -0.641   10.787 0.00000e+00
  153    18.56667   -97.15071 36.74093     796.416    1114.242  883.195  289.349   81.873   -0.705   10.694 0.00000e+00
  154    18.58333   -97.14855 36.74361     761.856    1076.875  887.072  289.642   81.931   -0.556   10.857 0.00000e+00
  155    18.60000   -97.14639 36.74634     735.506    1048.040  890.026  289.865   81.888   -0.319   10.971 0.00000e+00
  156    18.61667   -97.14436 36.74909     717.298    1028.754  891.921  290.025   81.443   -0.217   11.000 0.00000e+00
  157    18.63333   -97.14252 36.75186     704.445    1016.608  893.180  290.142   80.968   -0.113   11.003 0.00000e+00
  158    18.65000   -97.14087 36.75462     698.622    1011.881  893.683  290.174   80.861   -0.029   11.004 0.00000e+00
  159    18.66667   -97.13943 36.75740     699.034    1013.404  893.494  290.142   80.984    0.037   11.001 0.00000e+00
  160    18.68333   -97.13815 36.76019     700.203    1015.442  893.337  290.129   81.034   -0.076   11.001 0.00000e+00
  161    18.70000   -97.13701 36.76295     693.058    1008.907  894.068  290.176   81.230   -0.227   11.051 0.00000e+00
  162    18.71667   -97.13602 36.76566     679.057     995.551  895.426  290.319   80.244   -0.223   11.000 0.00000e+00
  163    18.73333   -97.13512 36.76825     669.629     986.768  896.376  290.419   79.820   -0.108   11.001 0.00000e+00
  164    18.75000   -97.13423 36.77074     663.355     981.283  896.920  290.479   79.659   -0.184   11.014 0.00000e+00
  165    18.76667   -97.13331 36.77320     666.101     984.888  896.538  290.440   81.431    0.272   11.235 0.00000e+00
  166    18.78333   -97.13239 36.77557     703.446    1023.061  892.523  290.041   84.363    0.859   11.399 0.00000e+00
  167    18.80000   -97.13135 36.77766     763.317    1083.770  886.240  289.422   88.232    1.089   11.539 0.00000e+00
  168    18.81667   -97.13025 36.77943     824.562    1145.819  879.805  288.812   91.429    1.016   11.581 0.00000e+00
  169    18.83333   -97.12905 36.78091     870.919    1192.885  874.983  288.356   93.553    0.897   11.570 0.00000e+00
  170    18.85000   -97.12773 36.78239     896.055    1218.652  872.348  288.086   95.771    0.238   11.674 0.00000e+00
  171    18.86667   -97.12643 36.78407     886.647    1209.891  873.216  288.246   94.487   -0.651   11.626 0.00000e+00
  172    18.88333   -97.12534 36.78593     835.729    1159.682  878.406  288.804   91.048   -1.407   11.545 0.00000e+00
  173    18.90000   -97.12471 36.78775     760.012    1084.616  886.157  289.584   87.108   -1.981   11.512 0.00000e+00
  174    18.91667   -97.12398 36.78940     660.497     985.636  896.440  290.581   82.341   -2.302   11.465 0.00000e+00
  175    18.93333   -97.12283 36.79103     567.413     893.161  906.155  291.450   79.423   -1.947   11.560 0.00000e+00
  176    18.95000   -97.12143 36.79250     508.303     834.789  912.325  291.997   77.652   -1.321   11.620 0.00000e+00
  177    18.96667   -97.11978 36.79385     467.503     794.608  916.681  292.419   76.513   -1.024   11.701 0.00000e+00
  178    18.98333   -97.11809 36.79530     425.170     751.749  921.295  292.846   75.078   -0.901   11.735 0.00000e+00
