    0    16.01667   -97.56091 36.20348      59.297     386.075  960.761  293.134   84.150   -0.173   12.837 0.00000e+00
    1    16.03333   -97.56061 36.20593      49.061     377.716  961.641  293.339   83.324   -0.127   12.863 0.00000e+00
    2    16.05000   -97.56037 36.20820      38.253     369.160  962.620  293.543   82.531   -0.125   12.890 0.00000e+00
    3    16.06667   -97.56016 36.21021      29.158     361.999  963.387  293.715   81.732   -0.200   12.892 0.00000e+00
    4    16.08333   -97.55980 36.21189      24.349     358.864  963.722  293.908   80.770   -0.050   12.891 0.00000e+00
    5    16.10000   -97.55938 36.21343      23.876     359.781  963.732  294.081   80.279    0.080   12.950 0.00000e+00
    6    16.11667   -97.55891 36.21506      27.388     364.358  963.239  294.182   80.169    0.074   13.021 0.00000e+00
    7    16.13333   -97.55855 36.21681      32.622     370.601  962.550  294.143   80.477    0.058   13.048 0.00000e+00
    8    16.15000   -97.55827 36.21862      38.476     377.458  961.759  294.079   80.828    0.092   13.065 0.00000e+00
    9    16.16667   -97.55804 36.22049      47.207     387.220  960.706  293.992   81.280    0.131   13.082 0.00000e+00
   10    16.18333   -97.55791 36.22250      58.610     398.875  959.450  293.841   81.863    0.190   13.069 0.00000e+00
   11    16.20000   -97.55791 36.22456      73.144     412.492  957.925  293.650   82.542    0.247   13.042 0.00000e+00
   12    16.21667   -97.55793 36.22654      88.546     426.978  956.301  293.430   83.282    0.175   13.002 0.00000e+00
   13    16.23333   -97.55784 36.22852      98.856     436.438  955.213  293.273   83.639    0.168   12.945 0.00000e+00
   14    16.25000   -97.55764 36.23058     103.793     440.933  954.674  293.230   83.619    0.036   12.916 0.00000e+00
   15    16.26667   -97.55728 36.23279     113.298     450.869  953.580  293.153   83.821    0.048   12.899 0.00000e+00
   16    16.28333   -97.55659 36.23523     122.662     460.917  952.542  293.048   84.205    0.493   12.888 0.00000e+00
   17    16.30000   -97.55565 36.23794     142.545     481.615  950.221  292.777   85.183    0.726   12.849 0.00000e+00
   18    16.31667   -97.55456 36.24085     175.825     515.890  946.520  292.464   86.369    1.160   12.825 0.00000e+00
   19    16.33333   -97.55347 36.24388     226.891     567.266  940.911  292.030   88.332    1.657   12.839 0.00000e+00
   20    16.35000   -97.55255 36.24698     294.699     635.439  933.406  291.359   91.283    1.448   12.821 0.00000e+00
   21    16.36667   -97.55181 36.25013     360.497     702.916  926.124  290.697   94.305    1.042   12.800 0.00000e+00
   22    16.38333   -97.55118 36.25321     409.216     753.044  920.750  290.270   96.585    0.789   12.833 0.00000e+00
   23    16.40000   -97.55078 36.25619     422.385     767.326  919.190  290.174   97.130   -0.264   12.849 0.00000e+00
   24    16.41667   -97.55041 36.25935     396.158     742.333  921.918  290.450   95.297   -0.599   12.792 0.00000e+00
   25    16.43333   -97.54996 36.26272     365.666     713.161  925.051  290.742   93.945   -0.714   12.804 0.00000e+00
   26    16.45000   -97.54945 36.26629     333.884     682.875  928.315  291.035   92.124   -0.773   12.746 0.00000e+00
   27    16.46667   -97.54886 36.26992     293.361     644.100  932.522  291.393   90.520   -0.934   12.753 0.00000e+00
   28    16.48333   -97.54817 36.27369     242.504     594.730  937.855  291.876   88.259   -0.988   12.747 0.00000e+00
   29    16.50000   -97.54735 36.27758     184.101     537.408  944.126  292.437   85.725   -1.136   12.740 0.00000e+00
   30    16.51667   -97.54630 36.28154     130.767     484.454  950.009  292.954   83.428   -0.872   12.728 0.00000e+00
   31    16.53333   -97.54474 36.28540      98.087     450.509  953.717  293.288   82.017   -0.408   12.727 0.00000e+00
   32    16.55000   -97.54277 36.28900      81.806     432.835  955.659  293.482   81.305   -0.129   12.744 0.00000e+00
   33    16.56667   -97.54055 36.29227      74.939     425.034  956.590  293.609   80.914    0.021   12.771 0.00000e+00
   34    16.58333   -97.53838 36.29506      78.631     427.544  956.321  293.600   81.080    0.117   12.794 0.00000e+00
   35    16.60000   -97.53651 36.29746     101.616     449.835  953.771  293.418   81.821    0.502   12.799 0.00000e+00
   36    16.61667   -97.53508 36.29971     136.830     485.588  949.831  293.057   83.230    0.510   12.782 0.00000e+00
   37    16.63333   -97.53407 36.30198     165.818     515.076  946.632  292.770   84.403    0.264   12.775 0.00000e+00
   38    16.65000   -97.53339 36.30427     188.395     537.868  944.150  292.566   85.403    0.370   12.796 0.00000e+00
   39    16.66667   -97.53296 36.30647     221.398     570.496  940.611  292.269   86.847    0.745   12.820 0.00000e+00
   40    16.68333   -97.53262 36.30854     266.890     615.216  935.792  291.841   88.804    1.087   12.826 0.00000e+00
   41    16.70000   -97.53230 36.31059     314.648     662.032  930.732  291.398   90.866    1.068   12.831 0.00000e+00
   42    16.71667   -97.53187 36.31278     362.326     708.435  925.777  290.964   92.947    0.925   12.838 0.00000e+00
   43    16.73333   -97.53136 36.31517     409.260     754.045  920.880  290.528   95.087    0.967   12.842 0.00000e+00
   44    16.75000   -97.53085 36.31778     444.622     788.100  917.207  290.186   96.760    0.562   12.837 0.00000e+00
   45    16.76667   -97.53036 36.32063     448.735     790.797  916.925  290.190   96.445    0.003   12.803 0.00000e+00
   46    16.78333   -97.52999 36.32364     438.209     780.794  917.935  290.308   95.582    0.041   12.771 0.00000e+00
   47    16.80000   -97.52977 36.32664     459.337     803.589  915.424  290.194   95.229    0.594   12.666 0.00000e+00
   48    16.81667   -97.52921 36.32941     497.629     843.125  911.231  289.986   94.663    0.646   12.481 0.00000e+00
   49    16.83333   -97.52840 36.33212     549.249     894.576  905.789  289.491   97.110    1.410   12.480 0.00000e+00
   50    16.85000   -97.52705 36.33490     635.379     980.122  896.687  288.793   99.836    1.625   12.391 3.79676e-02
   51    16.86667   -97.52516 36.33787     725.108    1070.288  887.178  288.318  100.000    1.608   12.183 1.79173e-01
   52    16.88333   -97.52301 36.34119     798.546    1144.696  879.509  287.956  100.000    1.170   12.007 2.76979e-01
   53    16.90000   -97.52070 36.34460     849.271    1194.482  874.423  287.701  100.000    0.728   11.878 3.43535e-01
   54    16.91667   -97.51841 36.34803     869.676    1212.208  872.621  287.573  100.000    0.130   11.805 3.16777e-01
   55    16.93333   -97.51618 36.35138     852.391    1191.255  874.806  287.636  100.000   -0.455   11.824 1.03529e-01
   56    16.95000   -97.51399 36.35460     824.359    1159.467  878.085  287.835   99.410   -0.252   11.844 1.97717e-02
   57    16.96667   -97.51164 36.35786     811.198    1142.961  879.722  287.959   99.258    0.452   11.899 9.45361e-03
   58    16.98333   -97.50906 36.36119     818.980    1148.536  879.110  287.923   99.083    1.252   11.858 3.38079e-03
   59    17.00000   -97.50623 36.36451     838.741    1166.848  877.236  287.741   99.675    1.752   11.814 2.52189e-03
   60    17.01667   -97.50322 36.36766     865.847    1192.655  874.632  287.559  100.000    1.435   11.759 1.67870e-02
   61    17.03333   -97.50004 36.37067     892.911    1217.620  872.059  287.398  100.000    0.825   11.674 2.08313e-02
   62    17.05000   -97.49686 36.37352     910.591    1235.683  870.150  287.289   99.777    0.280   11.577 6.46831e-03
   63    17.06667   -97.49371 36.37626     919.485    1245.695  869.141  287.264   98.753    0.201   11.453 0.00000e+00
   64    17.08333   -97.49058 36.37896     929.928    1258.135  867.790  287.198   98.112    0.281   11.348 3.88663e-06
   65    17.10000   -97.48724 36.38174     941.538    1271.859  866.481  287.091   98.336    0.237   11.311 0.00000e+00
   66    17.11667   -97.48358 36.38480     940.320    1273.015  866.295  287.063   98.496   -0.276   11.311 0.00000e+00
   67    17.13333   -97.47960 36.38815     906.673    1243.426  869.324  287.344   96.998   -1.010   11.306 0.00000e+00
   68    17.15000   -97.47549 36.39167     854.548    1192.899  874.613  287.863   94.234   -0.923   11.292 0.00000e+00
   69    17.16667   -97.47130 36.39524     821.883    1159.442  878.134  288.192   92.818   -0.215   11.317 0.00000e+00
   70    17.18333   -97.46700 36.39886     818.720    1155.280  878.457  288.180   93.316    0.169   11.365 0.00000e+00
   71    17.20000   -97.46265 36.40243     838.383    1177.101  876.141  287.987   93.951    0.256   11.329 0.00000e+00
   72    17.21667   -97.45828 36.40582     873.380    1213.689  872.556  287.705   94.751    0.301   11.265 0.00000e+00
   73    17.23333   -97.45393 36.40908     908.936    1245.575  869.379  287.439   95.523    0.159   11.203 0.00000e+00
   74    17.25000   -97.44969 36.41227     932.304    1262.248  867.699  287.302   95.812   -0.036   11.158 0.00000e+00
   75    17.26667   -97.44544 36.41542     935.708    1259.154  867.941  287.357   95.213   -0.490   11.125 0.00000e+00
   76    17.28333   -97.44122 36.41852     906.509    1226.595  871.271  287.742   92.686   -0.952   11.062 0.00000e+00
   77    17.30000   -97.43706 36.42157     860.573    1177.880  876.272  288.237   90.173   -0.922   11.050 0.00000e+00
   78    17.31667   -97.43292 36.42462     823.765    1140.160  880.119  288.611   88.380   -0.525   11.047 0.00000e+00
   79    17.33333   -97.42875 36.42767     809.910    1127.749  881.324  288.756   87.441   -0.233   11.017 0.00000e+00
   80    17.35000   -97.42471 36.43061     819.731    1138.150  880.321  288.638   88.156    0.305   11.036 0.00000e+00
   81    17.36667   -97.42086 36.43350     859.823    1179.335  876.057  288.216   90.309    0.944   11.054 0.00000e+00
   82    17.38333   -97.41694 36.43640     915.624    1234.775  870.435  287.654   93.316    0.906   11.084 0.00000e+00
   83    17.40000   -97.41303 36.43934     955.315    1272.169  866.653  287.288   95.215    0.422   11.092 0.00000e+00
   84    17.41667   -97.40921 36.44238     965.166    1279.474  865.833  287.236   95.277   -0.273   11.072 0.00000e+00
   85    17.43333   -97.40547 36.44548     936.065    1248.954  868.982  287.577   93.324   -0.854   11.048 0.00000e+00
   86    17.45000   -97.40186 36.44860     882.267    1195.363  874.398  288.129   90.386   -1.016   11.023 0.00000e+00
   87    17.46667   -97.39829 36.45167     830.331    1143.807  879.830  288.629   88.167   -0.639   11.037 0.00000e+00
   88    17.48333   -97.39478 36.45469     804.354    1117.380  882.628  288.852   87.427   -0.055   11.067 0.00000e+00
   89    17.50000   -97.39136 36.45761     807.224    1117.815  882.611  288.806   88.023    0.307   11.110 0.00000e+00
   90    17.51667   -97.38794 36.46032     827.135    1134.679  880.883  288.670   88.308    0.347   11.070 0.00000e+00
   91    17.53333   -97.38441 36.46283     836.759    1141.444  880.125  288.469   90.249   -0.036   11.177 0.00000e+00
   92    17.55000   -97.38087 36.46539     826.463    1128.870  881.451  288.534   90.478   -0.221   11.236 0.00000e+00
   93    17.56667   -97.37730 36.46815     814.793    1113.856  883.029  288.650   90.314   -0.128   11.279 0.00000e+00
   94    17.58333   -97.37372 36.47111     810.816    1105.489  883.911  288.717   90.258    0.110   11.310 0.00000e+00
   95    17.60000   -97.37014 36.47409     815.823    1107.765  883.618  288.679   90.582    0.301   11.327 0.00000e+00
   96    17.61667   -97.36654 36.47700     825.498    1115.823  882.794  288.593   91.203    0.194   11.352 0.00000e+00
   97    17.63333   -97.36302 36.47987     829.601    1118.820  882.402  288.567   91.258   -0.047   11.345 0.00000e+00
   98    17.65000   -97.35960 36.48277     825.772    1115.745  882.741  288.622   90.816   -0.095   11.325 0.00000e+00
   99    17.66667   -97.35637 36.48576     824.787    1115.759  882.719  288.631   90.733    0.062   11.322 0.00000e+00
  100    17.68333   -97.35328 36.48895     839.780    1131.966  881.052  288.483   91.501    0.340   11.330 0.00000e+00
  101    17.70000   -97.35023 36.49232     872.401    1164.532  877.741  288.194   92.826    0.565   11.324 0.00000e+00
  102    17.71667   -97.34706 36.49586     911.642    1202.930  873.752  287.866   94.335    0.622   11.318 0.00000e+00
  103    17.73333   -97.34390 36.49949     938.496    1228.875  871.004  287.512   97.059    0.306   11.416 1.36296e-04
  104    17.75000   -97.34091 36.50323     943.785    1235.518  870.277  287.366   98.784   -0.095   11.518 1.07204e-02
  105    17.76667   -97.33806 36.50706     928.021    1222.323  871.636  287.561   99.373   -0.255   11.716 5.94141e-02
  106    17.78333   -97.33522 36.51083     896.677    1193.370  874.641  287.752   99.523   -0.357   11.840 0.00000e+00
  107    17.80000   -97.33231 36.51441     852.589    1150.302  879.110  288.160   97.039   -0.564   11.794 0.00000e+00
  108    17.81667   -97.32935 36.51770     808.583    1107.406  883.542  288.548   95.131   -0.490   11.796 0.00000e+00
  109    17.83333   -97.32632 36.52075     789.808    1089.896  885.419  288.713   94.688   -0.117   11.842 0.00000e+00
  110    17.85000   -97.32304 36.52373     788.404    1088.498  885.534  288.728   94.273   -0.303   11.799 0.00000e+00
  111    17.86667   -97.31972 36.52663     762.869    1063.486  888.101  289.000   92.130   -0.839   11.702 0.00000e+00
  112    17.88333   -97.31654 36.52939     711.045    1013.655  893.292  289.535   88.888   -0.955   11.617 0.00000e+00
  113    17.90000   -97.31349 36.53199     662.007     966.114  898.319  290.019   86.521   -0.612   11.598 0.00000e+00
  114    17.91667   -97.31058 36.53444     639.185     944.959  900.524  290.217   85.849   -0.153   11.626 0.00000e+00
  115    17.93333   -97.30782 36.53691     636.716     944.875  900.529  290.190   86.474    0.102   11.690 0.00000e+00
  116    17.95000   -97.30540 36.53963     638.879     949.421  899.974  289.999   89.138   -0.208   11.911 0.00000e+00
  117    17.96667   -97.30334 36.54260     621.423     935.710  901.428  290.027   90.409   -0.547   12.083 0.00000e+00
  118    17.98333   -97.30173 36.54560     588.138     905.519  904.691  290.297   89.506   -0.827   12.126 0.00000e+00
  119    18.00000   -97.30054 36.54861     548.621     868.446  908.590  290.635   88.373   -0.775   12.181 0.00000e+00
  120    18.01667   -97.29969 36.55157     510.240     832.500  912.441  290.958   87.703   -0.596   12.287 0.00000e+00
  121    18.03333   -97.29906 36.55447     473.128     797.673  916.227  291.294   86.378   -0.694   12.310 0.00000e+00
  122    18.05000   -97.29863 36.55731     433.778     758.743  920.440  291.665   84.502   -0.874   12.272 0.00000e+00
  123    18.06667   -97.29840 36.56007     396.973     721.801  924.431  292.026   82.974   -0.940   12.275 0.00000e+00
  124    18.08333   -97.29856 36.56278     364.939     689.770  927.877  292.404   82.054   -0.482   12.385 0.00000e+00
  125    18.10000   -97.29892 36.56532     344.057     669.124  930.137  292.647   81.426   -0.104   12.449 0.00000e+00
  126    18.11667   -97.29939 36.56771     325.179     650.446  932.097  292.846   80.869   -0.245   12.492 0.00000e+00
  127    18.13333   -97.29993 36.57005     281.507     606.887  936.770  293.252   79.441   -0.590   12.524 0.00000e+00
  128    18.15000   -97.30026 36.57241     224.007     549.121  943.028  293.794   77.026   -0.666   12.477 0.00000e+00
  129    18.16667   -97.30032 36.57481     177.459     501.792  948.185  294.254   75.063   -0.522   12.443 0.00000e+00
  130    18.18333   -97.30012 36.57721     147.756     471.353  951.482  294.546   73.807   -0.366   12.415 0.00000e+00
  131    18.20000   -97.29973 36.57961     122.725     445.784  954.238  294.856   72.695   -0.457   12.428 0.00000e+00
  132    18.21667   -97.29939 36.58196      94.689     417.346  957.343  295.203   71.512   -0.493   12.450 0.00000e+00
  133    18.23333   -97.29942 36.58428      71.634     393.677  959.972  295.509   70.554   -0.250   12.482 0.00000e+00
  134    18.25000   -97.29988 36.58659      63.725     384.821  960.933  295.770   69.927    0.036   12.558 0.00000e+00
  135    18.26667   -97.30058 36.58881      65.674     385.110  960.994  295.869   69.750    0.095   12.602 0.00000e+00
  136    18.28333   -97.30122 36.59083      68.435     385.040  961.029  295.879   69.655   -0.017   12.592 0.00000e+00
  137    18.30000   -97.30170 36.59269      54.814     369.097  962.813  295.977   69.029   -0.499   12.530 0.00000e+00
  138    18.31667   -97.30183 36.59419      28.390     340.997  965.931  296.306   67.843   -0.393   12.525 0.00000e+00
  139    18.33333   -97.30156 36.59505      14.223     325.915  967.569  296.847   66.297   -0.144   12.629 0.00000e+00
  140    18.35000   -97.30103 36.59546      11.546     322.796  967.886  297.289   65.191    0.046   12.753 0.00000e+00
  141    18.36667   -97.30064 36.59608      14.829     325.325  967.638  297.789   64.023    0.133   12.914 0.00000e+00
  142    18.38333   -97.30037 36.59713      19.271     328.472  967.329  297.773   63.791    0.101   12.858 0.00000e+00
  143    18.40000   -97.30000 36.59843      25.809     333.428  966.757  297.529   64.188    0.226   12.756 0.00000e+00
  144    18.41667   -97.29971 36.59993      51.761     357.585  964.074  297.069   65.229    0.765   12.641 0.00000e+00
  145    18.43333   -97.29980 36.60171     109.380     413.130  957.990  296.373   67.187    1.347   12.559 0.00000e+00
  146    18.45000   -97.30013 36.60365     188.326     489.899  949.595  295.447   70.108    1.225   12.492 0.00000e+00
  147    18.46667   -97.30074 36.60570     228.823     528.651  945.295  294.807   72.325    0.031   12.445 0.00000e+00
  148    18.48333   -97.30151 36.60792     216.130     514.930  946.753  294.898   71.725   -0.325   12.392 0.00000e+00
  149    18.50000   -97.30231 36.61021     180.606     478.309  950.743  295.232   70.311   -0.663   12.348 0.00000e+00
  150    18.51667   -97.30292 36.61241     142.784     439.393  955.005  295.516   69.171   -0.594   12.307 0.00000e+00
  151    18.53333   -97.30328 36.61449     128.685     424.551  956.582  295.741   68.573   -0.097   12.350 0.00000e+00
  152    18.55000   -97.30362 36.61657     138.757     434.220  955.535  295.959   68.248    0.356   12.470 0.00000e+00
  153    18.56667   -97.30396 36.61857     167.868     462.866  952.401  295.825   68.899    0.689   12.528 0.00000e+00
  154    18.58333   -97.30399 36.62066     207.898     502.303  948.041  295.524   70.211    0.828   12.590 0.00000e+00
  155    18.60000   -97.30351 36.62303     262.779     556.986  942.060  294.830   72.436    0.703   12.525 0.00000e+00
  156    18.61667   -97.30270 36.62595     325.036     619.552  935.240  294.150   74.661    0.955   12.468 0.00000e+00
  157    18.63333   -97.30254 36.62917     416.987     711.885  925.253  293.207   77.998    2.190   12.416 0.00000e+00
  158    18.65000   -97.30257 36.63188     586.338     881.560  907.266  291.526   84.814    3.553   12.389 0.00000e+00
  159    18.66667   -97.30164 36.63379     789.032    1084.482  886.038  289.503   93.986    3.385   12.359 0.00000e+00
  160    18.68333   -97.29979 36.63536     943.391    1239.030  870.096  288.139  100.000    1.827   12.281 6.43431e-02
  161    18.70000   -97.29745 36.63708    1034.906    1330.754  860.749  287.753  100.000    1.056   12.110 2.52497e-01
  162    18.71667   -97.29482 36.63908    1089.073    1384.974  855.303  287.503  100.000    0.813   11.993 3.60970e-01
  163    18.73333   -97.29189 36.64159    1118.654    1413.862  852.351  287.237  100.000    0.303   11.828 3.15574e-01
  164    18.75000   -97.28909 36.64466    1117.430    1412.350  852.515  287.198  100.000    0.175   11.795 2.36177e-01
  165    18.76667   -97.28696 36.64822    1111.928    1407.605  852.910  286.993  100.000    0.487   11.617 7.00340e-02
  166    18.78333   -97.28565 36.65189    1134.885    1432.437  850.433  286.751   99.816    1.190   11.443 4.81086e-02
  167    18.80000   -97.28470 36.65523    1183.346    1482.773  845.406  286.462   99.680    1.443   11.279 1.17459e-01
  168    18.81667   -97.28366 36.65826    1236.102    1536.774  840.021  286.159  100.000    1.357   11.184 1.87316e-01
  169    18.83333   -97.28227 36.66128    1290.125    1591.978  834.554  285.980  100.000    1.205   11.126 3.01226e-01
  170    18.85000   -97.28051 36.66448    1337.577    1640.539  829.767  285.674  100.000    0.813   10.967 3.05893e-01
  171    18.86667   -97.27854 36.66790    1367.252    1671.264  826.712  285.499  100.000    0.513   10.881 3.25313e-01
  172    18.88333   -97.27643 36.67155    1381.205    1686.175  825.334  285.356  100.000    0.434   10.798 3.07946e-01
  173    18.90000   -97.27415 36.67552    1395.277    1700.984  823.793  285.236  100.000    0.629   10.733 2.91850e-01
  174    18.91667   -97.27149 36.67963    1426.406    1732.588  820.659  285.246  100.000    0.862   10.780 4.02086e-01
  175    18.93333   -97.26825 36.68369    1456.493    1763.081  817.780  285.049  100.000    0.513   10.679 2.96984e-01
  176    18.95000   -97.26512 36.68768    1468.026    1774.113  816.727  284.826   99.489    0.380   10.461 1.66111e-01
  177    18.96667   -97.26245 36.69172    1460.877    1766.031  817.561  284.734   97.590    0.136   10.188 3.91745e-02
  178    18.98333   -97.26031 36.69577    1443.389    1747.661  819.355  284.897   94.827    0.039    9.985 2.32262e-04
