    0    16.01667   -97.57748 36.27298      58.411     398.925  959.407  293.452   81.946    0.119   12.769 0.00000e+00
    1    16.03333   -97.57735 36.27683      56.430     398.344  959.473  293.517   81.805    0.084   12.798 0.00000e+00
    2    16.05000   -97.57700 36.28057      56.196     399.457  959.388  293.524   81.734    0.071   12.794 0.00000e+00
    3    16.06667   -97.57632 36.28422      57.342     401.746  959.138  293.496   81.793    0.059   12.785 0.00000e+00
    4    16.08333   -97.57536 36.28780      57.881     403.649  958.899  293.473   81.867   -0.006   12.781 0.00000e+00
    5    16.10000   -97.57416 36.29132      54.831     402.292  959.105  293.491   81.800   -0.114   12.782 0.00000e+00
    6    16.11667   -97.57288 36.29477      47.557     396.522  959.732  293.556   81.629   -0.191   12.798 0.00000e+00
    7    16.13333   -97.57153 36.29815      38.168     389.062  960.488  293.648   81.352   -0.180   12.818 0.00000e+00
    8    16.15000   -97.57019 36.30145      29.637     383.473  961.025  293.748   81.042   -0.120   12.842 0.00000e+00
    9    16.16667   -97.56895 36.30452      24.572     381.222  961.348  293.828   80.891   -0.103   12.878 0.00000e+00
   10    16.18333   -97.56776 36.30740      18.183     376.516  961.934  293.962   80.498   -0.109   12.914 0.00000e+00
   11    16.20000   -97.56654 36.31006      13.171     372.434  962.404  294.065   80.307   -0.081   12.960 0.00000e+00
   12    16.21667   -97.56523 36.31258       9.242     368.907  962.798  294.243   79.783   -0.062   13.013 0.00000e+00
   13    16.23333   -97.56380 36.31502       8.711     367.225  963.067  294.393   79.561    0.047   13.095 0.00000e+00
   14    16.25000   -97.56286 36.31713      15.078     372.162  962.547  294.388   79.981    0.145   13.167 0.00000e+00
   15    16.26667   -97.56255 36.31914      24.411     380.437  961.626  294.223   80.614    0.181   13.149 0.00000e+00
   16    16.28333   -97.56252 36.32119      36.746     391.870  960.325  294.051   81.268    0.281   13.132 0.00000e+00
   17    16.30000   -97.56260 36.32335      52.580     408.117  958.478  293.853   82.029    0.264   13.119 0.00000e+00
   18    16.31667   -97.56274 36.32568      67.342     423.868  956.739  293.653   82.761    0.179   13.096 0.00000e+00
   19    16.33333   -97.56290 36.32816      77.605     435.224  955.490  293.539   83.204    0.098   13.090 0.00000e+00
   20    16.35000   -97.56290 36.33083      83.683     441.236  954.952  293.520   83.341    0.241   13.103 0.00000e+00
   21    16.36667   -97.56269 36.33364     104.145     458.691  953.063  293.368   83.969    0.638   13.104 0.00000e+00
   22    16.38333   -97.56273 36.33654     136.006     487.664  949.819  293.064   85.142    0.586   13.082 0.00000e+00
   23    16.40000   -97.56291 36.33958     155.970     505.356  947.847  292.868   85.900    0.252   13.065 0.00000e+00
   24    16.41667   -97.56299 36.34275     161.936     509.936  947.328  292.784   86.140    0.044   13.040 0.00000e+00
   25    16.43333   -97.56277 36.34592     164.005     510.517  947.289  292.755   86.018    0.028   12.998 0.00000e+00
   26    16.45000   -97.56216 36.34910     179.274     521.608  946.109  292.621   86.438    0.294   12.968 0.00000e+00
   27    16.46667   -97.56141 36.35223     220.600     558.190  942.080  292.241   87.888    0.753   12.930 0.00000e+00
   28    16.48333   -97.56085 36.35518     275.038     608.678  936.477  291.781   89.942    0.458   12.931 0.00000e+00
   29    16.50000   -97.56048 36.35798     302.519     634.135  933.708  291.476   90.976   -0.048   12.869 0.00000e+00
   30    16.51667   -97.56003 36.36065     315.180     644.989  932.536  291.405   91.167    0.312   12.854 0.00000e+00
   31    16.53333   -97.55957 36.36333     332.222     660.374  930.797  291.243   91.627    0.350   12.811 0.00000e+00
   32    16.55000   -97.55883 36.36609     344.200     673.526  929.348  291.119   92.057    0.244   12.790 0.00000e+00
   33    16.56667   -97.55779 36.36898     352.314     682.946  928.350  291.037   92.261    0.083   12.766 0.00000e+00
   34    16.58333   -97.55669 36.37212     348.957     680.515  928.626  291.087   92.021   -0.173   12.770 0.00000e+00
   35    16.60000   -97.55551 36.37556     332.799     664.800  930.391  291.303   90.611   -0.490   12.723 0.00000e+00
   36    16.61667   -97.55399 36.37913     307.635     639.286  933.119  291.552   89.017   -0.798   12.661 0.00000e+00
   37    16.63333   -97.55210 36.38264     275.454     608.076  936.405  291.861   87.728   -0.741   12.678 0.00000e+00
   38    16.65000   -97.55029 36.38608     265.790     600.883  937.128  291.924   87.474   -0.458   12.682 0.00000e+00
   39    16.66667   -97.54904 36.38935     280.379     617.873  935.292  291.834   88.141   -0.427   12.731 0.00000e+00
   40    16.68333   -97.54797 36.39246     324.144     663.804  930.430  291.459   90.274    0.766   12.801 0.00000e+00
   41    16.70000   -97.54681 36.39553     411.828     753.276  920.822  290.647   94.439    1.453   12.852 0.00000e+00
   42    16.71667   -97.54540 36.39847     515.093     857.572  909.703  289.615   99.251    1.317   12.801 4.73589e-04
   43    16.73333   -97.54367 36.40140     603.349     946.152  900.308  288.991  100.000    0.879   12.538 6.83689e-02
   44    16.75000   -97.54160 36.40438     668.310    1011.672  893.369  288.579  100.000    0.475   12.305 1.23963e-01
   45    16.76667   -97.53925 36.40749     703.037    1047.170  889.630  288.305  100.000   -0.060   12.140 1.24212e-01
   46    16.78333   -97.53670 36.41076     696.417    1041.503  890.190  288.205  100.000   -0.892   12.055 2.68638e-02
   47    16.80000   -97.53397 36.41403     645.872     992.393  895.314  288.581   98.326   -1.479   12.057 0.00000e+00
   48    16.81667   -97.53110 36.41724     571.337     919.355  903.080  289.300   94.481   -1.605   12.029 0.00000e+00
   49    16.83333   -97.52805 36.42035     500.837     850.167  910.493  289.976   91.543   -1.081   12.072 0.00000e+00
   50    16.85000   -97.52503 36.42357     463.287     809.985  914.888  290.360   90.156   -0.182   12.126 0.00000e+00
   51    16.86667   -97.52232 36.42691     469.784     811.826  914.827  290.262   91.886    0.701   12.282 0.00000e+00
   52    16.88333   -97.51987 36.43029     528.127     864.831  908.989  289.703   95.374    1.443   12.380 0.00000e+00
   53    16.90000   -97.51726 36.43346     610.552     945.886  900.288  288.940   99.310    1.688   12.393 8.56825e-03
   54    16.91667   -97.51424 36.43645     684.359    1019.008  892.575  288.552  100.000    1.013   12.294 1.35016e-01
   55    16.93333   -97.51103 36.43946     696.109    1029.597  891.544  288.519  100.000   -0.291   12.283 1.65629e-01
   56    16.95000   -97.50812 36.44257     646.796     977.692  897.013  288.749  100.000   -1.035   12.373 3.05471e-02
   57    16.96667   -97.50559 36.44568     574.819     904.075  904.813  289.372   97.114   -1.017   12.399 0.00000e+00
   58    16.98333   -97.50323 36.44875     507.895     835.243  912.161  290.036   93.901   -0.778   12.408 0.00000e+00
   59    17.00000   -97.50095 36.45184     456.849     782.184  917.870  290.563   91.260   -0.453   12.394 0.00000e+00
   60    17.01667   -97.49876 36.45500     427.559     750.966  921.188  290.876   89.565   -0.206   12.363 0.00000e+00
   61    17.03333   -97.49669 36.45819     420.985     741.354  922.265  290.993   88.779    0.022   12.332 0.00000e+00
   62    17.05000   -97.49475 36.46130     435.108     751.912  921.203  290.930   88.729    0.270   12.290 0.00000e+00
   63    17.06667   -97.49289 36.46422     478.684     792.704  916.708  290.581   89.781    1.119   12.222 0.00000e+00
   64    17.08333   -97.49078 36.46704     566.692     879.604  907.446  289.733   94.066    1.825   12.255 0.00000e+00
   65    17.10000   -97.48820 36.46994     658.565     969.881  897.834  288.817   99.542    1.452   12.358 3.59764e-03
   66    17.11667   -97.48545 36.47302     708.419    1017.515  892.853  288.588  100.000    0.340   12.318 9.58333e-02
   67    17.13333   -97.48288 36.47626     701.816    1008.478  893.806  288.651   99.759   -0.647   12.309 5.87970e-02
   68    17.15000   -97.48070 36.47951     654.373     959.086  899.063  289.026   97.972   -0.958   12.311 0.00000e+00
   69    17.16667   -97.47888 36.48261     597.855     901.435  905.112  289.568   95.050   -0.683   12.285 0.00000e+00
   70    17.18333   -97.47716 36.48558     555.409     858.152  909.728  289.985   92.858   -0.391   12.264 0.00000e+00
   71    17.20000   -97.47533 36.48849     523.480     825.321  913.230  290.305   91.188   -0.383   12.244 0.00000e+00
   72    17.21667   -97.47338 36.49141     491.329     793.419  916.612  290.633   89.415   -0.510   12.214 0.00000e+00
   73    17.23333   -97.47152 36.49432     460.633     763.223  919.831  290.935   87.885   -0.500   12.195 0.00000e+00
   74    17.25000   -97.46976 36.49720     441.537     744.411  921.919  291.115   87.250   -0.274   12.218 0.00000e+00
   75    17.26667   -97.46815 36.50006     435.391     737.017  922.705  291.164   86.970   -0.004   12.206 0.00000e+00
   76    17.28333   -97.46664 36.50309     441.735     742.315  922.082  291.125   87.161    0.169   12.211 0.00000e+00
   77    17.30000   -97.46529 36.50636     462.049     762.022  919.920  290.904   88.646    0.535   12.275 0.00000e+00
   78    17.31667   -97.46410 36.50995     497.504     797.761  916.049  290.532   90.746    0.974   12.324 0.00000e+00
   79    17.33333   -97.46291 36.51388     555.926     857.648  909.569  289.895   94.688    1.281   12.436 0.00000e+00
   80    17.35000   -97.46165 36.51794     604.101     909.827  904.028  289.376   97.520    0.209   12.464 0.00000e+00
   81    17.36667   -97.46048 36.52182     609.674     918.779  903.153  289.330   97.517   -0.517   12.439 0.00000e+00
   82    17.38333   -97.45937 36.52560     599.238     910.232  904.088  289.413   97.093   -0.302   12.438 0.00000e+00
   83    17.40000   -97.45808 36.52947     582.944     895.697  905.629  289.545   96.550   -0.304   12.453 0.00000e+00
   84    17.41667   -97.45676 36.53332     558.309     872.205  908.190  289.787   95.317   -0.304   12.450 0.00000e+00
   85    17.43333   -97.45558 36.53701     531.512     845.823  911.072  290.058   93.894   -0.687   12.440 0.00000e+00
   86    17.45000   -97.45463 36.54043     496.017     809.943  914.900  290.467   91.364   -0.923   12.373 0.00000e+00
   87    17.46667   -97.45361 36.54353     456.133     769.478  919.213  290.884   89.266   -0.689   12.355 0.00000e+00
   88    17.48333   -97.45220 36.54630     427.508     740.248  922.327  291.141   88.949   -0.487   12.471 0.00000e+00
   89    17.50000   -97.45055 36.54891     399.305     711.736  925.349  291.432   87.965   -0.696   12.521 0.00000e+00
   90    17.51667   -97.44899 36.55141     364.333     676.978  929.052  291.750   86.751   -0.629   12.549 0.00000e+00
   91    17.53333   -97.44769 36.55389     327.570     640.855  932.942  292.082   85.280   -0.740   12.544 0.00000e+00
   92    17.55000   -97.44660 36.55637     278.228     592.274  938.279  292.555   82.946   -0.931   12.497 0.00000e+00
   93    17.56667   -97.44583 36.55861     221.574     536.047  944.398  293.095   80.838   -0.827   12.517 0.00000e+00
   94    17.58333   -97.44539 36.56068     168.533     483.303  950.174  293.656   78.528   -0.860   12.515 0.00000e+00
   95    17.60000   -97.44517 36.56273     121.189     436.238  955.335  294.119   76.841   -0.802   12.536 0.00000e+00
   96    17.61667   -97.44501 36.56489      80.616     396.062  959.760  294.494   75.442   -0.713   12.538 0.00000e+00
   97    17.63333   -97.44496 36.56714      50.253     366.198  963.052  294.784   74.393   -0.474   12.545 0.00000e+00
   98    17.65000   -97.44510 36.56940      30.284     346.709  965.195  295.147   73.439   -0.311   12.636 0.00000e+00
   99    17.66667   -97.44563 36.57137      18.102     334.766  966.528  295.686   72.303   -0.131   12.843 0.00000e+00
  100    17.68333   -97.44655 36.57303      13.566     329.896  967.036  295.923   71.930    0.019   12.957 0.00000e+00
  101    17.70000   -97.44753 36.57463      17.964     333.542  966.627  296.096   71.730    0.224   13.064 0.00000e+00
  102    17.71667   -97.44810 36.57626      45.143     359.947  963.710  295.821   72.674    0.755   13.055 0.00000e+00
  103    17.73333   -97.44833 36.57796     111.417     425.529  956.436  294.896   75.326    1.574   12.879 0.00000e+00
  104    17.75000   -97.44830 36.57974     233.846     547.404  943.055  293.606   80.138    2.567   12.829 0.00000e+00
  105    17.76667   -97.44785 36.58147     397.567     710.822  925.383  292.054   86.806    2.843   12.851 0.00000e+00
  106    17.78333   -97.44694 36.58341     527.991     841.094  911.480  290.747   92.772    1.957   12.838 0.00000e+00
  107    17.80000   -97.44537 36.58555     611.888     925.049  902.578  289.907   96.718    1.122   12.811 0.00000e+00
  108    17.81667   -97.44337 36.58790     651.002     964.236  898.431  289.495   98.741    0.254   12.797 0.00000e+00
  109    17.83333   -97.44118 36.59046     647.276     961.239  898.758  289.493   97.696   -0.528   12.655 0.00000e+00
  110    17.85000   -97.43907 36.59315     605.660     919.751  903.168  289.895   94.760   -1.053   12.533 0.00000e+00
  111    17.86667   -97.43724 36.59589     536.883     850.206  910.582  290.576   91.098   -1.334   12.482 0.00000e+00
  112    17.88333   -97.43589 36.59865     455.309     767.428  919.375  291.387   86.702   -1.339   12.387 0.00000e+00
  113    17.90000   -97.43502 36.60143     377.244     688.296  927.873  292.158   83.070   -1.192   12.345 0.00000e+00
  114    17.91667   -97.43451 36.60416     312.984     623.141  934.911  292.792   80.096   -0.891   12.293 0.00000e+00
  115    17.93333   -97.43414 36.60677     263.629     573.388  940.275  293.262   78.377   -0.710   12.317 0.00000e+00
  116    17.95000   -97.43388 36.60921     224.875     534.391  944.534  293.630   77.010   -0.666   12.327 0.00000e+00
  117    17.96667   -97.43371 36.61152     188.907     498.135  948.500  293.951   76.034   -0.747   12.364 0.00000e+00
  118    17.98333   -97.43365 36.61368     153.595     462.605  952.369  294.282   74.857   -0.710   12.375 0.00000e+00
  119    18.00000   -97.43376 36.61568     123.476     432.669  955.706  294.585   73.584   -0.550   12.351 0.00000e+00
  120    18.01667   -97.43398 36.61747      99.110     408.435  958.338  294.843   72.530   -0.425   12.336 0.00000e+00
  121    18.03333   -97.43440 36.61899      78.005     387.362  960.566  295.071   71.765   -0.253   12.350 0.00000e+00
  122    18.05000   -97.43502 36.62029      70.346     379.640  961.469  295.301   71.157    0.068   12.408 0.00000e+00
  123    18.06667   -97.43553 36.62161      75.308     384.549  960.926  295.316   71.218    0.050   12.438 0.00000e+00
  124    18.08333   -97.43577 36.62297      77.937     387.017  960.635  295.388   71.125   -0.005   12.480 0.00000e+00
  125    18.10000   -97.43582 36.62426      80.332     389.256  960.374  295.469   71.111    0.088   12.544 0.00000e+00
  126    18.11667   -97.43577 36.62541      98.017     406.856  958.412  295.419   71.478    0.596   12.596 0.00000e+00
  127    18.13333   -97.43557 36.62651     153.055     461.902  952.346  294.957   73.202    1.370   12.618 0.00000e+00
  128    18.15000   -97.43509 36.62765     239.124     548.153  942.924  294.117   76.377    1.663   12.624 0.00000e+00
  129    18.16667   -97.43442 36.62874     333.072     642.469  932.702  293.252   79.644    1.684   12.611 0.00000e+00
  130    18.18333   -97.43383 36.62966     426.411     736.205  922.581  292.365   83.260    1.511   12.609 0.00000e+00
  131    18.20000   -97.43353 36.63052     508.179     818.263  913.854  291.539   86.396    1.036   12.538 0.00000e+00
  132    18.21667   -97.43345 36.63148     581.208     891.493  906.057  290.836   89.168    1.075   12.484 0.00000e+00
  133    18.23333   -97.43329 36.63252     661.326     971.909  897.575  290.081   92.412    1.305   12.447 0.00000e+00
  134    18.25000   -97.43292 36.63367     736.094    1047.146  889.740  289.361   95.776    1.197   12.428 0.00000e+00
  135    18.26667   -97.43230 36.63498     780.100    1091.864  885.105  288.939   97.104    0.638   12.327 0.00000e+00
  136    18.28333   -97.43147 36.63649     794.710    1107.415  883.477  288.820   96.908    0.041   12.230 0.00000e+00
  137    18.30000   -97.43053 36.63821     787.060    1100.759  884.283  289.003   93.397   -0.496   11.916 0.00000e+00
  138    18.31667   -97.42957 36.64015     770.646    1083.169  886.148  289.233   91.156   -0.816   11.779 0.00000e+00
  139    18.33333   -97.42857 36.64217     750.088    1060.723  888.499  289.527   88.679   -0.755   11.646 0.00000e+00
  140    18.35000   -97.42752 36.64413     733.460    1042.190  890.391  289.749   86.988   -0.420   11.563 0.00000e+00
  141    18.36667   -97.42638 36.64590     725.542    1032.849  891.361  289.823   87.182   -0.044   11.632 0.00000e+00
  142    18.38333   -97.42513 36.64770     719.383    1026.045  892.028  289.879   88.372   -0.002   11.824 0.00000e+00
  143    18.40000   -97.42417 36.64975     710.821    1016.555  893.036  289.939   88.452    0.196   11.866 0.00000e+00
  144    18.41667   -97.42355 36.65194     720.291    1024.479  892.278  289.857   88.805    0.554   11.861 0.00000e+00
  145    18.43333   -97.42303 36.65425     741.337    1043.634  890.274  289.661   89.830    0.668   11.876 0.00000e+00
  146    18.45000   -97.42263 36.65664     774.489    1075.996  886.855  289.361   91.322    0.971   11.888 0.00000e+00
  147    18.46667   -97.42227 36.65913     817.322    1118.670  882.456  288.957   93.295    1.004   11.893 0.00000e+00
  148    18.48333   -97.42203 36.66178     870.881    1172.013  876.900  288.440   96.041    1.168   11.916 0.00000e+00
  149    18.50000   -97.42188 36.66460     927.827    1228.933  871.030  287.898   98.773    0.957   11.912 6.05667e-04
  150    18.51667   -97.42163 36.66750     971.175    1272.555  866.606  287.606   99.094    0.465   11.787 2.91627e-02
  151    18.53333   -97.42120 36.67024     990.304    1291.985  864.654  287.447   99.073   -0.106   11.689 1.90345e-02
  152    18.55000   -97.42058 36.67252     981.862    1283.779  865.491  287.533   98.238   -0.627   11.645 1.91229e-03
  153    18.56667   -97.41986 36.67404     939.497    1241.467  869.827  287.978   95.538   -1.232   11.598 5.04991e-04
  154    18.58333   -97.41935 36.67484     888.040    1189.993  875.092  288.556   94.870   -0.886   11.885 0.00000e+00
  155    18.60000   -97.41926 36.67562     836.973    1138.919  880.368  288.987   92.696   -1.159   11.867 0.00000e+00
  156    18.61667   -97.41924 36.67673     777.399    1079.343  886.512  289.559   90.095   -1.137   11.883 0.00000e+00
  157    18.63333   -97.41904 36.67807     717.722    1019.644  892.756  290.142   87.230   -1.047   11.859 0.00000e+00
  158    18.65000   -97.41870 36.67962     661.401     963.302  898.647  290.704   84.487   -0.955   11.827 0.00000e+00
  159    18.66667   -97.41829 36.68125     603.711     905.955  904.660  291.261   82.128   -1.187   11.831 0.00000e+00
  160    18.68333   -97.41792 36.68291     539.834     842.589  911.353  291.874   79.558   -1.286   11.826 0.00000e+00
  161    18.70000   -97.41773 36.68458     472.603     775.883  918.456  292.518   76.911   -1.295   11.813 0.00000e+00
  162    18.71667   -97.41773 36.68628     405.879     709.722  925.537  293.164   74.248   -1.244   11.784 0.00000e+00
  163    18.73333   -97.41778 36.68808     340.659     645.165  932.427  293.789   72.016   -1.119   11.795 0.00000e+00
  164    18.75000   -97.41785 36.68990     278.197     584.074  938.964  294.387   69.997   -0.955   11.815 0.00000e+00
  165    18.76667   -97.41794 36.69173     220.005     527.501  945.118  294.973   67.321   -1.050   11.706 0.00000e+00
  166    18.78333   -97.41803 36.69353     165.171     474.231  950.956  295.534   64.651   -1.162   11.565 0.00000e+00
  167    18.80000   -97.41817 36.69518     115.178     425.711  956.225  296.057   62.900   -0.952   11.554 0.00000e+00
  168    18.81667   -97.41837 36.69677      69.742     381.510  961.120  296.489   61.495   -0.734   11.539 0.00000e+00
  169    18.83333   -97.41857 36.69836      37.023     349.503  964.674  296.776   60.625   -0.381   11.534 0.00000e+00
  170    18.85000   -97.41871 36.69980      19.279     332.281  966.520  297.340   59.067   -0.130   11.608 0.00000e+00
  171    18.86667   -97.41886 36.70094      13.209     326.637  967.181  297.653   58.372   -0.042   11.683 0.00000e+00
  172    18.88333   -97.41914 36.70192      11.769     325.583  967.264  297.832   58.054    0.001   11.744 0.00000e+00
  173    18.90000   -97.41965 36.70282      11.199     325.390  967.297  298.004   57.771   -0.006   11.810 0.00000e+00
  174    18.91667   -97.42030 36.70366       9.775     324.344  967.352  298.270   57.171   -0.011   11.875 0.00000e+00
  175    18.93333   -97.42123 36.70444       8.303     323.267  967.415  298.501   56.686    0.021   11.939 0.00000e+00
  176    18.95000   -97.42220 36.70513      11.459     326.782  967.091  298.623   56.793    0.127   12.054 0.00000e+00
  177    18.96667   -97.42293 36.70572      27.591     343.200  965.299  298.332   57.730    0.504   12.062 0.00000e+00
  178    18.98333   -97.42323 36.70648      72.362     388.241  960.340  297.413   60.055    1.209   11.931 0.00000e+00
