    0    16.01667   -97.51331 36.26720      52.293     417.654  957.345  292.677   85.689   -0.288   12.748 0.00000e+00
    1    16.03333   -97.51448 36.26969      52.094     418.631  957.228  292.744   85.772    0.213   12.816 0.00000e+00
    2    16.05000   -97.51553 36.27194      70.653     438.463  955.217  292.627   86.615    0.559   12.875 0.00000e+00
    3    16.06667   -97.51621 36.27414     104.475     471.431  951.580  292.293   88.113    0.589   12.875 0.00000e+00
    4    16.08333   -97.51652 36.27639     145.340     511.305  947.178  291.910   89.825    0.898   12.872 0.00000e+00
    5    16.10000   -97.51662 36.27874     195.111     560.046  941.828  291.426   91.891    1.104   12.844 0.00000e+00
    6    16.11667   -97.51665 36.28139     237.473     601.077  937.345  291.018   93.610    0.757   12.812 0.00000e+00
    7    16.13333   -97.51666 36.28422     249.930     611.960  936.132  290.907   93.958    0.159   12.786 0.00000e+00
    8    16.15000   -97.51662 36.28699     234.783     595.273  937.978  291.070   93.033   -0.283   12.767 0.00000e+00
    9    16.16667   -97.51665 36.28960     208.515     567.718  940.979  291.335   91.717   -0.475   12.758 0.00000e+00
   10    16.18333   -97.51702 36.29203     190.026     548.226  943.129  291.521   90.857   -0.497   12.758 0.00000e+00
   11    16.20000   -97.51768 36.29438     182.281     539.640  944.075  291.612   90.405   -0.330   12.756 0.00000e+00
   12    16.21667   -97.51850 36.29667     185.852     542.561  943.785  291.612   90.451    0.132   12.766 0.00000e+00
   13    16.23333   -97.51932 36.29893     205.747     561.623  941.723  291.453   91.215    0.458   12.773 0.00000e+00
   14    16.25000   -97.52010 36.30133     241.486     596.616  937.891  291.124   92.754    0.749   12.773 0.00000e+00
   15    16.26667   -97.52065 36.30388     282.547     636.714  933.495  290.744   94.568    0.701   12.773 0.00000e+00
   16    16.28333   -97.52094 36.30656     307.703     660.747  930.879  290.518   95.660    0.283   12.772 0.00000e+00
   17    16.30000   -97.52102 36.30939     323.336     675.014  929.242  290.375   96.422    0.283   12.779 0.00000e+00
   18    16.31667   -97.52082 36.31241     350.359     700.747  926.511  290.167   97.463    0.615   12.784 0.00000e+00
   19    16.33333   -97.52019 36.31564     387.311     734.381  922.923  289.886   98.801    0.762   12.779 0.00000e+00
   20    16.35000   -97.51926 36.31896     414.836     757.162  920.469  289.682   99.688    0.455   12.760 7.14137e-03
   21    16.36667   -97.51830 36.32235     425.230     763.905  919.580  289.621   99.798    0.015   12.737 2.22284e-03
   22    16.38333   -97.51745 36.32574     413.857     752.022  920.886  289.776   98.756   -0.310   12.712 0.00000e+00
   23    16.40000   -97.51675 36.32900     390.948     727.930  923.546  290.093   96.732   -0.412   12.670 0.00000e+00
   24    16.41667   -97.51617 36.33212     361.602     700.024  926.464  290.407   94.915   -0.583   12.643 0.00000e+00
   25    16.43333   -97.51564 36.33520     332.292     673.626  929.315  290.728   93.084   -0.561   12.617 0.00000e+00
   26    16.45000   -97.51518 36.33835     308.294     652.383  931.691  290.978   91.789   -0.424   12.607 0.00000e+00
   27    16.46667   -97.51479 36.34155     291.891     635.824  933.524  291.198   90.587   -0.361   12.592 0.00000e+00
   28    16.48333   -97.51441 36.34478     280.046     623.601  934.835  291.342   89.862   -0.312   12.589 0.00000e+00
   29    16.50000   -97.51411 36.34795     274.459     616.532  935.700  291.431   89.477   -0.139   12.594 0.00000e+00
   30    16.51667   -97.51377 36.35103     287.910     626.687  934.601  291.325   90.062    0.123   12.606 0.00000e+00
   31    16.53333   -97.51309 36.35405     310.003     645.447  932.567  291.157   90.816    0.093   12.605 0.00000e+00
   32    16.55000   -97.51195 36.35697     323.185     655.753  931.456  291.098   90.950   -0.437   12.591 0.00000e+00
   33    16.56667   -97.51060 36.35973     293.260     623.548  934.918  291.428   89.366   -1.189   12.586 0.00000e+00
   34    16.58333   -97.50973 36.36233     232.099     560.497  941.730  292.055   86.422   -1.346   12.571 0.00000e+00
   35    16.60000   -97.50952 36.36481     169.209     496.061  948.808  292.675   83.794   -1.102   12.578 0.00000e+00
   36    16.61667   -97.51024 36.36734     130.292     455.623  953.234  293.112   81.972   -0.303   12.587 0.00000e+00
   37    16.63333   -97.51169 36.36985     132.124     456.129  953.227  293.083   82.647    0.562   12.668 0.00000e+00
   38    16.65000   -97.51350 36.37232     159.367     483.628  950.037  292.843   83.955    0.666   12.719 0.00000e+00
   39    16.66667   -97.51517 36.37467     192.764     519.916  946.053  292.505   85.476    0.865   12.732 0.00000e+00
   40    16.68333   -97.51649 36.37700     243.902     573.706  940.193  292.004   87.471    1.251   12.703 0.00000e+00
   41    16.70000   -97.51746 36.37942     313.290     645.656  932.363  291.312   90.484    1.483   12.686 0.00000e+00
   42    16.71667   -97.51816 36.38187     386.439     720.471  924.349  290.611   93.695    1.235   12.673 0.00000e+00
   43    16.73333   -97.51863 36.38434     432.573     768.030  919.246  290.153   95.849    0.372   12.661 0.00000e+00
   44    16.75000   -97.51886 36.38694     438.250     775.230  918.457  290.084   96.207   -0.239   12.663 0.00000e+00
   45    16.76667   -97.51877 36.38970     422.878     761.477  919.926  290.288   94.674   -0.501   12.605 0.00000e+00
   46    16.78333   -97.51824 36.39254     393.921     734.168  922.854  290.638   92.315   -0.767   12.528 0.00000e+00
   47    16.80000   -97.51730 36.39533     350.655     692.504  927.331  291.111   89.614   -1.054   12.472 0.00000e+00
   48    16.81667   -97.51629 36.39801     295.792     638.990  933.141  291.675   86.779   -1.135   12.438 0.00000e+00
   49    16.83333   -97.51547 36.40055     243.959     588.305  938.654  292.205   84.188   -0.923   12.403 0.00000e+00
   50    16.85000   -97.51481 36.40301     204.829     550.397  942.780  292.583   82.589   -0.648   12.405 0.00000e+00
   51    16.86667   -97.51434 36.40545     172.426     518.962  946.243  292.884   81.539   -0.572   12.435 0.00000e+00
   52    16.88333   -97.51428 36.40802     135.591     481.671  950.376  293.265   80.220   -0.681   12.474 0.00000e+00
   53    16.90000   -97.51435 36.41082      95.936     441.504  954.842  293.671   78.843   -0.566   12.515 0.00000e+00
   54    16.91667   -97.51443 36.41365      68.648     413.457  957.997  293.952   77.935   -0.364   12.548 0.00000e+00
   55    16.93333   -97.51463 36.41647      50.757     393.202  960.259  294.207   77.158   -0.205   12.591 0.00000e+00
   56    16.95000   -97.51498 36.41915      40.690     380.988  961.651  294.476   76.379   -0.062   12.655 0.00000e+00
   57    16.96667   -97.51553 36.42168      39.296     377.891  961.958  294.645   75.925    0.134   12.707 0.00000e+00
   58    16.98333   -97.51608 36.42395      61.066     398.568  959.696  294.612   76.598    0.776   12.825 0.00000e+00
   59    17.00000   -97.51645 36.42595     124.282     460.732  952.818  293.997   79.165    1.302   12.852 0.00000e+00
   60    17.01667   -97.51667 36.42781     192.835     528.203  945.440  293.389   81.683    1.172   12.867 0.00000e+00
   61    17.03333   -97.51685 36.42981     234.886     569.104  940.867  292.911   83.677    0.566   12.856 0.00000e+00
   62    17.05000   -97.51714 36.43230     225.508     560.403  941.753  292.780   84.135   -0.405   12.808 0.00000e+00
   63    17.06667   -97.51687 36.43504     187.911     523.511  945.739  293.052   82.758   -0.526   12.762 0.00000e+00
   64    17.08333   -97.51582 36.43782     161.145     497.095  948.689  293.208   81.706   -0.167   12.683 0.00000e+00
   65    17.10000   -97.51427 36.44044     175.373     510.207  947.243  293.136   82.083    1.003   12.704 0.00000e+00
   66    17.11667   -97.51273 36.44289     259.101     592.609  938.269  292.459   85.199    1.791   12.760 0.00000e+00
   67    17.13333   -97.51161 36.44526     355.970     688.417  927.890  291.529   89.120    1.911   12.729 0.00000e+00
   68    17.15000   -97.51059 36.44773     448.296     779.134  918.199  290.646   93.194    1.775   12.719 0.00000e+00
   69    17.16667   -97.50948 36.45034     527.905     856.341  909.934  289.886   96.728    1.345   12.691 0.00000e+00
   70    17.18333   -97.50819 36.45310     584.995     911.267  904.070  289.367   98.904    0.661   12.633 1.66967e-04
   71    17.20000   -97.50658 36.45591     617.429     942.146  900.755  289.138   98.986    0.044   12.505 6.00121e-03
   72    17.21667   -97.50464 36.45863     619.365     942.901  900.708  289.172   97.958   -0.484   12.403 1.27759e-04
   73    17.23333   -97.50256 36.46123     590.693     912.425  904.013  289.527   95.487   -0.996   12.324 0.00000e+00
   74    17.25000   -97.50056 36.46368     534.364     853.744  910.210  290.127   92.061   -1.433   12.263 0.00000e+00
   75    17.26667   -97.49889 36.46600     454.551     772.924  918.813  290.913   88.293   -1.693   12.248 0.00000e+00
   76    17.28333   -97.49767 36.46820     367.492     685.253  928.246  291.762   84.491   -1.694   12.241 0.00000e+00
   77    17.30000   -97.49698 36.47036     287.670     605.198  936.917  292.527   81.292   -1.299   12.244 0.00000e+00
   78    17.31667   -97.49664 36.47261     231.804     549.139  943.032  293.035   79.713   -0.607   12.314 0.00000e+00
   79    17.33333   -97.49621 36.47503     187.636     504.472  947.914  293.427   78.559   -0.597   12.373 0.00000e+00
   80    17.35000   -97.49576 36.47745     150.289     466.754  952.017  293.800   77.277   -0.481   12.402 0.00000e+00
   81    17.36667   -97.49536 36.47987     122.310     438.450  955.154  294.067   76.809   -0.499   12.492 0.00000e+00
   82    17.38333   -97.49518 36.48232     100.348     416.028  957.635  294.264   76.657   -0.549   12.588 0.00000e+00
   83    17.40000   -97.49530 36.48485      86.554     401.776  959.146  294.498   76.109   -0.253   12.661 0.00000e+00
   84    17.41667   -97.49526 36.48752      83.567     398.286  959.515  294.653   75.718   -0.319   12.712 0.00000e+00
   85    17.43333   -97.49521 36.49016      69.853     383.200  961.219  294.854   75.062   -0.443   12.737 0.00000e+00
   86    17.45000   -97.49567 36.49277      53.918     365.378  963.172  295.178   74.052   -0.247   12.793 0.00000e+00
   87    17.46667   -97.49670 36.49525      62.060     371.494  962.425  295.432   73.373    0.609   12.886 0.00000e+00
   88    17.48333   -97.49731 36.49746     108.312     416.271  957.565  295.131   74.497    1.115   12.909 0.00000e+00
   89    17.50000   -97.49697 36.49968     167.493     474.238  951.196  294.556   76.707    1.433   12.914 0.00000e+00
   90    17.51667   -97.49552 36.50204     243.356     548.200  943.106  293.822   79.584    1.307   12.912 0.00000e+00
   91    17.53333   -97.49364 36.50468     296.395     598.626  937.609  293.257   81.383    0.682   12.823 0.00000e+00
   92    17.55000   -97.49179 36.50734     329.264     630.741  934.093  292.870   82.679    0.367   12.763 0.00000e+00
   93    17.56667   -97.48999 36.51007     350.276     651.451  931.835  292.570   83.452    0.170   12.673 0.00000e+00
   94    17.58333   -97.48819 36.51291     360.275     661.318  930.740  292.400   83.524   -0.056   12.564 0.00000e+00
   95    17.60000   -97.48627 36.51588     350.732     652.885  931.682  292.454   82.712   -0.575   12.471 0.00000e+00
   96    17.61667   -97.48421 36.51888     311.495     614.308  935.884  292.808   80.816   -1.063   12.404 0.00000e+00
   97    17.63333   -97.48206 36.52181     253.635     556.629  942.143  293.355   78.437   -1.300   12.373 0.00000e+00
   98    17.65000   -97.47994 36.52470     187.012     490.108  949.382  293.982   76.045   -1.217   12.378 0.00000e+00
   99    17.66667   -97.47781 36.52753     127.862     432.011  955.670  294.538   73.850   -0.937   12.360 0.00000e+00
  100    17.68333   -97.47563 36.53031      85.675     392.837  959.913  294.916   72.267   -0.584   12.327 0.00000e+00
  101    17.70000   -97.47355 36.53302      62.524     373.207  962.074  295.130   71.453   -0.319   12.322 0.00000e+00
  102    17.71667   -97.47151 36.53568      51.554     365.543  962.939  295.337   70.994   -0.157   12.388 0.00000e+00
  103    17.73333   -97.46965 36.53830      43.120     359.890  963.667  295.510   70.493   -0.097   12.423 0.00000e+00
  104    17.75000   -97.46800 36.54085      39.831     358.181  963.886  295.780   70.005    0.066   12.541 0.00000e+00
  105    17.76667   -97.46644 36.54321      43.728     362.674  963.441  295.835   69.841    0.110   12.560 0.00000e+00
  106    17.78333   -97.46481 36.54553      47.475     366.377  963.073  295.778   69.751    0.025   12.504 0.00000e+00
  107    17.80000   -97.46320 36.54776      50.947     368.880  962.824  295.853   69.616    0.119   12.541 0.00000e+00
  108    17.81667   -97.46155 36.54999      63.133     379.567  961.631  295.670   69.939    0.221   12.474 0.00000e+00
  109    17.83333   -97.45980 36.55241      72.747     387.887  960.643  295.550   70.091    0.142   12.422 0.00000e+00
  110    17.85000   -97.45794 36.55475      95.509     409.770  958.161  295.410   70.832    0.438   12.478 0.00000e+00
  111    17.86667   -97.45590 36.55706     123.649     438.062  955.031  295.114   71.966    0.235   12.490 0.00000e+00
  112    17.88333   -97.45386 36.55931     132.948     448.047  953.920  294.959   72.532   -0.111   12.483 0.00000e+00
  113    17.90000   -97.45206 36.56143     137.380     453.316  953.361  294.848   72.478    0.031   12.396 0.00000e+00
  114    17.91667   -97.45062 36.56352     153.275     469.612  951.626  294.664   72.785    0.226   12.330 0.00000e+00
  115    17.93333   -97.44946 36.56566     175.619     491.691  949.178  294.467   73.155    0.210   12.274 0.00000e+00
  116    17.95000   -97.44844 36.56785     192.014     508.020  947.423  294.302   72.739    0.134   12.103 0.00000e+00
  117    17.96667   -97.44751 36.56997     204.966     521.153  945.932  294.136   72.822    0.021   12.012 0.00000e+00
  118    17.98333   -97.44664 36.57200     217.391     533.822  944.570  293.989   73.770    0.118   12.075 0.00000e+00
  119    18.00000   -97.44595 36.57396     235.658     552.076  942.546  293.796   75.053    0.596   12.165 0.00000e+00
  120    18.01667   -97.44552 36.57586     271.297     587.775  938.596  293.461   76.429    1.113   12.184 0.00000e+00
  121    18.03333   -97.44519 36.57787     333.099     649.682  931.876  292.897   78.824    1.220   12.218 0.00000e+00
  122    18.05000   -97.44485 36.58011     395.185     711.816  925.240  292.321   81.399    0.786   12.256 0.00000e+00
  123    18.06667   -97.44444 36.58252     426.720     742.403  921.978  292.023   82.588    0.112   12.249 0.00000e+00
  124    18.08333   -97.44389 36.58499     417.059     731.702  923.177  292.142   81.847   -0.448   12.214 0.00000e+00
  125    18.10000   -97.44315 36.58743     376.958     690.623  927.547  292.597   79.170   -0.965   12.100 0.00000e+00
  126    18.11667   -97.44199 36.58972     316.612     630.243  934.009  293.206   76.535   -1.165   12.067 0.00000e+00
  127    18.13333   -97.44028 36.59174     272.496     586.579  938.801  293.651   74.385   -0.268   11.996 0.00000e+00
  128    18.15000   -97.43833 36.59355     287.773     601.962  937.142  293.568   74.434    1.013   11.963 0.00000e+00
  129    18.16667   -97.43651 36.59551     373.887     687.543  927.963  292.773   77.614    1.984   11.988 0.00000e+00
  130    18.18333   -97.43486 36.59754     494.502     807.172  915.150  291.590   82.333    2.129   11.970 0.00000e+00
  131    18.20000   -97.43344 36.59960     599.191     911.280  904.083  290.561   86.721    1.653   11.957 0.00000e+00
  132    18.21667   -97.43214 36.60171     657.681     969.481  897.958  290.000   89.212    0.732   11.948 0.00000e+00
  133    18.23333   -97.43085 36.60389     675.661     987.467  896.053  289.873   89.144   -0.067   11.868 0.00000e+00
  134    18.25000   -97.42958 36.60611     669.717     981.712  896.686  289.987   87.890   -0.396   11.779 0.00000e+00
  135    18.26667   -97.42822 36.60825     658.311     970.451  897.793  290.172   86.146   -0.217   11.668 0.00000e+00
  136    18.28333   -97.42680 36.61026     652.278     964.721  898.398  290.242   85.901    0.182   11.679 0.00000e+00
  137    18.30000   -97.42546 36.61229     663.419     976.168  897.206  290.116   86.589    0.656   11.693 0.00000e+00
  138    18.31667   -97.42409 36.61457     700.548    1014.010  893.226  289.782   87.637    0.970   11.637 0.00000e+00
  139    18.33333   -97.42258 36.61721     750.169    1064.866  887.913  289.299   89.902    0.633   11.643 0.00000e+00
  140    18.35000   -97.42097 36.62012     777.181    1093.184  884.976  289.092   90.218    0.108   11.568 0.00000e+00
  141    18.36667   -97.41938 36.62308     786.441    1104.453  883.733  289.045   89.738   -0.239   11.488 0.00000e+00
  142    18.38333   -97.41775 36.62609     779.850    1100.843  884.116  289.108   89.236   -0.682   11.465 0.00000e+00
  143    18.40000   -97.41611 36.62900     753.294    1077.268  886.570  289.418   86.644   -0.831   11.325 0.00000e+00
  144    18.41667   -97.41443 36.63162     722.470    1047.026  889.875  289.790   84.130   -0.726   11.219 0.00000e+00
  145    18.43333   -97.41270 36.63400     694.273    1017.550  892.998  290.086   83.278   -0.698   11.279 0.00000e+00
  146    18.45000   -97.41096 36.63614     666.982     988.421  896.086  290.372   82.491   -0.675   11.338 0.00000e+00
  147    18.46667   -97.40929 36.63810     637.125     956.664  899.414  290.670   81.814   -0.698   11.419 0.00000e+00
  148    18.48333   -97.40775 36.63994     604.521     922.790  902.920  290.983   80.997   -0.662   11.486 0.00000e+00
  149    18.50000   -97.40633 36.64170     569.575     886.849  906.718  291.329   79.823   -0.643   11.523 0.00000e+00
  150    18.51667   -97.40508 36.64342     530.802     847.228  910.912  291.716   78.382   -0.715   11.541 0.00000e+00
  151    18.53333   -97.40399 36.64509     488.948     804.617  915.449  292.128   76.897   -0.698   11.563 0.00000e+00
  152    18.55000   -97.40308 36.64674     446.272     760.894  920.195  292.547   75.418   -0.707   11.583 0.00000e+00
  153    18.56667   -97.40236 36.64841     401.521     714.415  925.174  292.990   73.960   -0.959   11.615 0.00000e+00
  154    18.58333   -97.40181 36.65027     350.533     661.367  930.861  293.523   72.066   -1.273   11.629 0.00000e+00
  155    18.60000   -97.40134 36.65244     294.024     602.592  937.194  294.110   70.127   -1.261   11.658 0.00000e+00
  156    18.61667   -97.40097 36.65475     243.577     549.880  942.862  294.630   68.324   -1.139   11.659 0.00000e+00
  157    18.63333   -97.40060 36.65706     198.430     503.213  947.934  295.090   66.672   -0.797   11.642 0.00000e+00
  158    18.65000   -97.40024 36.65929     162.464     465.913  951.978  295.459   65.450   -0.729   11.641 0.00000e+00
  159    18.66667   -97.39985 36.66144     129.563     431.710  955.746  295.805   64.249   -0.635   11.627 0.00000e+00
  160    18.68333   -97.39949 36.66354     105.371     406.436  958.488  296.075   63.444   -0.411   11.639 0.00000e+00
  161    18.70000   -97.39918 36.66556      90.397     391.132  960.148  296.292   62.889   -0.204   11.671 0.00000e+00
  162    18.71667   -97.39886 36.66753      84.038     384.539  960.890  296.423   62.536   -0.133   11.690 0.00000e+00
  163    18.73333   -97.39854 36.66947      77.827     378.094  961.575  296.539   62.259   -0.132   11.712 0.00000e+00
  164    18.75000   -97.39816 36.67134      71.392     371.436  962.310  296.656   62.010   -0.136   11.740 0.00000e+00
  165    18.76667   -97.39766 36.67306      65.526     365.363  962.980  296.779   61.676   -0.073   11.756 0.00000e+00
  166    18.78333   -97.39719 36.67467      62.780     362.424  963.290  296.862   61.487    0.032   11.776 0.00000e+00
  167    18.80000   -97.39677 36.67614      67.918     367.384  962.735  296.867   61.517    0.202   11.792 0.00000e+00
  168    18.81667   -97.39654 36.67756      85.013     384.310  960.899  296.692   61.891    0.408   11.761 0.00000e+00
  169    18.83333   -97.39661 36.67897     107.632     406.755  958.405  296.449   62.553    0.413   11.743 0.00000e+00
  170    18.85000   -97.39684 36.68031     119.910     419.041  957.046  296.259   63.102   -0.050   11.725 0.00000e+00
  171    18.86667   -97.39708 36.68165     101.062     400.552  959.035  296.399   62.927   -0.629   11.769 0.00000e+00
  172    18.88333   -97.39729 36.68293      54.929     354.844  964.081  296.852   61.782   -0.798   11.816 0.00000e+00
  173    18.90000   -97.39702 36.68400      21.134     321.354  967.787  297.386   60.681   -0.349   11.942 0.00000e+00
  174    18.91667   -97.39616 36.68461      11.363     311.660  968.783  297.883   59.950   -0.000   12.147 0.00000e+00
  175    18.93333   -97.39557 36.68497      16.077     316.392  968.302  298.161   59.794    0.149   12.326 0.00000e+00
  176    18.95000   -97.39563 36.68542      27.931     328.374  966.976  298.170   59.750    0.244   12.341 0.00000e+00
  177    18.96667   -97.39606 36.68607      47.195     347.885  964.814  297.909   60.189    0.427   12.265 0.00000e+00
  178    18.98333   -97.39671 36.68698      71.530     372.589  962.086  297.608   60.935    0.493   12.228 0.00000e+00
