    0    16.01667   -97.41847 36.22573     105.503     475.319  951.148  292.327   87.153    0.030   12.768 0.00000e+00
    1    16.03333   -97.41845 36.23014     101.594     472.673  951.510  292.367   86.872   -0.195   12.753 0.00000e+00
    2    16.05000   -97.41895 36.23460      97.876     469.529  951.932  292.412   86.635   -0.124   12.749 0.00000e+00
    3    16.06667   -97.41941 36.23884     111.621     483.789  950.440  292.299   87.205    0.275   12.762 0.00000e+00
    4    16.08333   -97.41931 36.24284     135.945     506.455  948.014  292.098   88.211    0.256   12.780 0.00000e+00
    5    16.10000   -97.41882 36.24674     154.164     522.465  946.275  291.944   88.932    0.175   12.784 0.00000e+00
    6    16.11667   -97.41812 36.25066     162.696     528.135  945.630  291.887   89.194   -0.015   12.784 0.00000e+00
    7    16.13333   -97.41740 36.25463     161.689     524.570  946.046  291.921   88.973   -0.109   12.774 0.00000e+00
    8    16.15000   -97.41679 36.25859     158.071     515.175  947.035  292.011   88.526   -0.158   12.768 0.00000e+00
    9    16.16667   -97.41631 36.26250     148.360     500.064  948.658  292.150   87.849   -0.150   12.760 0.00000e+00
   10    16.18333   -97.41603 36.26639     135.146     484.256  950.333  292.297   87.162   -0.054   12.756 0.00000e+00
   11    16.20000   -97.41601 36.27027     122.576     469.765  951.967  292.447   86.480    0.044   12.754 0.00000e+00
   12    16.21667   -97.41616 36.27409     113.100     460.284  952.934  292.537   86.031    0.072   12.746 0.00000e+00
   13    16.23333   -97.41639 36.27782     108.976     457.159  953.277  292.574   85.875    0.138   12.749 0.00000e+00
   14    16.25000   -97.41656 36.28149     107.224     455.840  953.485  292.606   85.772    0.130   12.755 0.00000e+00
   15    16.26667   -97.41675 36.28510     104.577     453.003  953.829  292.651   85.586    0.046   12.759 0.00000e+00
   16    16.28333   -97.41698 36.28873     101.049     449.235  954.363  292.708   85.331    0.025   12.760 0.00000e+00
   17    16.30000   -97.41731 36.29244     101.754     447.327  954.554  292.737   85.235    0.111   12.766 0.00000e+00
   18    16.31667   -97.41766 36.29621     104.165     446.947  954.634  292.772   85.139    0.188   12.779 0.00000e+00
   19    16.33333   -97.41798 36.29998     110.963     445.938  954.791  292.800   85.057    0.249   12.787 0.00000e+00
   20    16.35000   -97.41820 36.30369     118.024     444.092  954.906  292.812   85.018    0.213   12.789 0.00000e+00
   21    16.36667   -97.41829 36.30733     120.418     442.922  954.815  292.802   85.061    0.021   12.789 0.00000e+00
   22    16.38333   -97.41831 36.31094     118.070     440.062  955.130  292.831   84.930   -0.039   12.788 0.00000e+00
   23    16.40000   -97.41827 36.31450     111.032     433.668  955.740  292.886   84.677   -0.135   12.786 0.00000e+00
   24    16.41667   -97.41817 36.31808      99.364     425.309  956.702  292.977   84.285   -0.195   12.786 0.00000e+00
   25    16.43333   -97.41804 36.32161      84.247     413.233  958.133  293.126   83.690   -0.241   12.796 0.00000e+00
   26    16.45000   -97.41787 36.32506      68.488     396.112  960.060  293.364   82.823   -0.243   12.826 0.00000e+00
   27    16.46667   -97.41769 36.32835      54.304     380.372  961.818  293.629   81.949   -0.204   12.879 0.00000e+00
   28    16.48333   -97.41755 36.33141      43.159     367.139  963.346  293.968   80.977   -0.100   12.977 0.00000e+00
   29    16.50000   -97.41745 36.33424      38.229     359.537  964.157  294.188   80.371   -0.007   13.046 0.00000e+00
   30    16.51667   -97.41737 36.33692      37.605     356.410  964.532  294.335   79.995    0.049   13.099 0.00000e+00
   31    16.53333   -97.41731 36.33951      38.694     355.048  964.662  294.440   79.743    0.067   13.141 0.00000e+00
   32    16.55000   -97.41734 36.34205      39.106     353.026  964.868  294.530   79.521    0.053   13.175 0.00000e+00
   33    16.56667   -97.41747 36.34458      38.295     349.808  965.247  294.546   79.361   -0.046   13.156 0.00000e+00
   34    16.58333   -97.41759 36.34713      31.753     341.428  966.038  294.579   79.024   -0.177   13.116 0.00000e+00
   35    16.60000   -97.41758 36.34959      21.311     331.490  967.099  294.702   78.439   -0.194   13.104 0.00000e+00
   36    16.61667   -97.41743 36.35179      12.809     323.561  967.932  294.832   77.938   -0.133   13.115 0.00000e+00
   37    16.63333   -97.41727 36.35380       7.549     318.874  968.348  295.085   76.835   -0.070   13.127 0.00000e+00
   38    16.65000   -97.41713 36.35575       4.697     317.392  968.331  295.229   76.137   -0.038   13.123 0.00000e+00
   39    16.66667   -97.41711 36.35770       3.758     319.002  968.165  295.259   75.976   -0.022   13.122 0.00000e+00
   40    16.68333   -97.41722 36.35967       2.851     320.536  967.925  295.436   75.359   -0.011   13.162 0.00000e+00
   41    16.70000   -97.41753 36.36163       2.150     322.179  967.710  295.545   74.972   -0.003   13.185 0.00000e+00
   42    16.71667   -97.41791 36.36361       2.156     324.153  967.594  294.524   79.898    0.001   13.195 0.00000e+00
   43    16.73333   -97.41833 36.36562       2.098     324.829  967.543  295.146   76.800    0.008   13.181 0.00000e+00
   44    16.75000   -97.41882 36.36761       2.687     326.067  967.445  295.692   74.615    0.019   13.245 0.00000e+00
   45    16.76667   -97.41930 36.36953       3.278     327.481  967.309  295.860   74.123    0.027   13.296 0.00000e+00
   46    16.78333   -97.41981 36.37133       4.633     329.726  967.097  295.865   74.167    0.042   13.311 0.00000e+00
   47    16.80000   -97.42031 36.37304       6.830     333.047  966.782  295.734   74.686    0.058   13.301 0.00000e+00
   48    16.81667   -97.42066 36.37480       9.963     337.430  966.381  295.516   75.432    0.070   13.261 0.00000e+00
   49    16.83333   -97.42096 36.37664      13.972     342.697  965.824  295.357   75.992    0.082   13.237 0.00000e+00
   50    16.85000   -97.42131 36.37857      18.126     348.212  965.199  295.135   76.689    0.074   13.185 0.00000e+00
   51    16.86667   -97.42178 36.38058      21.413     353.021  964.652  294.947   77.318    0.059   13.148 0.00000e+00
   52    16.88333   -97.42233 36.38264      23.935     357.109  964.224  294.851   77.663    0.041   13.134 0.00000e+00
   53    16.90000   -97.42289 36.38471      25.074     359.734  963.935  294.813   77.788    0.019   13.128 0.00000e+00
   54    16.91667   -97.42346 36.38674      25.749     361.787  963.701  294.853   77.688    0.031   13.147 0.00000e+00
   55    16.93333   -97.42397 36.38871      26.080     362.860  963.659  294.801   77.746   -0.035   13.115 0.00000e+00
   56    16.95000   -97.42442 36.39058      22.733     358.975  964.113  294.815   77.547   -0.131   13.087 0.00000e+00
   57    16.96667   -97.42465 36.39223      16.869     352.584  964.809  294.960   77.043   -0.098   13.109 0.00000e+00
   58    16.98333   -97.42473 36.39363      12.898     348.138  965.359  295.054   76.722   -0.055   13.123 0.00000e+00
   59    17.00000   -97.42477 36.39494      12.790     347.602  965.438  295.116   76.548    0.037   13.142 0.00000e+00
   60    17.01667   -97.42496 36.39633      15.188     349.673  965.289  295.197   76.306    0.118   13.169 0.00000e+00
   61    17.03333   -97.42532 36.39786      18.842     352.681  964.930  295.206   76.000    0.116   13.128 0.00000e+00
   62    17.05000   -97.42580 36.39951      23.434     356.476  964.488  295.119   75.845    0.080   13.037 0.00000e+00
   63    17.06667   -97.42635 36.40117      27.638     359.977  964.114  295.046   76.046    0.082   13.018 0.00000e+00
   64    17.08333   -97.42700 36.40292      32.441     364.053  963.674  295.046   76.075    0.102   13.029 0.00000e+00
   65    17.10000   -97.42767 36.40456      41.866     372.809  962.698  295.004   76.338    0.269   13.054 0.00000e+00
   66    17.11667   -97.42833 36.40624      65.840     395.044  960.240  294.703   77.299    0.603   13.007 0.00000e+00
   67    17.13333   -97.42881 36.40802     123.871     450.745  954.035  294.124   79.495    1.613   12.990 0.00000e+00
   68    17.15000   -97.42923 36.40988     234.957     559.325  942.082  292.910   84.046    2.155   12.895 0.00000e+00
   69    17.16667   -97.42953 36.41180     357.421     679.141  929.077  291.733   89.188    2.269   12.887 0.00000e+00
   70    17.18333   -97.42939 36.41402     459.830     779.101  918.256  290.737   93.790    1.890   12.873 0.00000e+00
   71    17.20000   -97.42851 36.41656     530.619     848.602  910.844  290.031   97.057    1.410   12.840 0.00000e+00
   72    17.21667   -97.42714 36.41930     571.297     887.832  906.641  289.625   98.896    0.712   12.807 0.00000e+00
   73    17.23333   -97.42567 36.42222     590.679     906.078  904.614  289.434   99.563    0.254   12.765 1.97334e-04
   74    17.25000   -97.42425 36.42531     594.772     910.920  904.081  289.386   99.498   -0.069   12.724 0.00000e+00
   75    17.26667   -97.42297 36.42859     586.491     903.663  904.846  289.454   98.746   -0.306   12.673 0.00000e+00
   76    17.28333   -97.42195 36.43204     571.259     889.923  906.244  289.621   97.090   -0.344   12.575 0.00000e+00
   77    17.30000   -97.42125 36.43556     555.546     876.289  907.715  289.797   95.659   -0.288   12.510 0.00000e+00
   78    17.31667   -97.42064 36.43909     541.643     864.321  909.037  289.940   94.878   -0.420   12.503 0.00000e+00
   79    17.33333   -97.41985 36.44257     527.299     849.971  910.604  290.097   94.442   -0.582   12.550 0.00000e+00
   80    17.35000   -97.41879 36.44572     502.414     824.783  913.356  290.352   93.438   -0.896   12.582 0.00000e+00
   81    17.36667   -97.41759 36.44862     461.927     782.596  917.856  290.793   90.990   -1.085   12.540 0.00000e+00
   82    17.38333   -97.41632 36.45136     411.288     730.879  923.325  291.315   88.087   -1.148   12.473 0.00000e+00
   83    17.40000   -97.41512 36.45409     359.033     678.890  928.863  291.833   85.638   -1.059   12.456 0.00000e+00
   84    17.41667   -97.41393 36.45684     315.147     633.479  933.896  292.296   83.606   -0.779   12.452 0.00000e+00
   85    17.43333   -97.41280 36.45972     287.469     602.455  937.324  292.618   82.210   -0.445   12.448 0.00000e+00
   86    17.45000   -97.41170 36.46270     278.518     589.342  938.820  292.770   81.668   -0.068   12.464 0.00000e+00
   87    17.46667   -97.41058 36.46570     287.700     595.911  938.088  292.729   81.978    0.114   12.489 0.00000e+00
   88    17.48333   -97.40939 36.46875     311.006     616.348  935.916  292.548   82.726    0.145   12.490 0.00000e+00
   89    17.50000   -97.40805 36.47190     337.292     638.904  933.463  292.343   83.626    0.096   12.498 0.00000e+00
   90    17.51667   -97.40653 36.47509     351.245     649.769  932.234  292.235   84.088   -0.349   12.498 0.00000e+00
   91    17.53333   -97.40502 36.47821     338.202     634.969  933.739  292.409   83.227   -0.880   12.486 0.00000e+00
   92    17.55000   -97.40370 36.48128     308.684     604.132  937.131  292.743   81.722   -0.817   12.475 0.00000e+00
   93    17.56667   -97.40245 36.48436     282.761     575.947  940.217  293.022   80.488   -0.625   12.462 0.00000e+00
   94    17.58333   -97.40116 36.48741     255.862     547.238  943.196  293.321   79.233   -0.587   12.458 0.00000e+00
   95    17.60000   -97.39999 36.49043     220.564     512.298  946.986  293.691   77.737   -0.693   12.459 0.00000e+00
   96    17.61667   -97.39909 36.49346     179.294     472.125  951.383  294.076   76.231   -0.621   12.455 0.00000e+00
   97    17.63333   -97.39849 36.49650     149.259     443.164  954.591  294.391   75.086   -0.445   12.467 0.00000e+00
   98    17.65000   -97.39809 36.49952     125.682     420.159  957.107  294.574   74.264   -0.447   12.439 0.00000e+00
   99    17.66667   -97.39780 36.50256     123.139     418.108  957.366  294.671   73.974    0.273   12.461 0.00000e+00
  100    17.68333   -97.39752 36.50541     176.837     472.296  951.349  294.385   75.268    1.713   12.537 0.00000e+00
  101    17.70000   -97.39690 36.50797     289.011     585.069  939.036  293.337   79.381    2.215   12.550 0.00000e+00
  102    17.71667   -97.39584 36.51022     389.700     686.111  928.103  292.340   83.461    1.908   12.543 0.00000e+00
  103    17.73333   -97.39457 36.51216     458.011     754.982  920.609  291.641   86.224    1.220   12.501 0.00000e+00
  104    17.75000   -97.39334 36.51396     498.525     797.239  916.078  291.200   87.952    0.554   12.463 0.00000e+00
  105    17.76667   -97.39209 36.51572     504.349     805.450  915.198  291.131   88.142   -0.235   12.447 0.00000e+00
  106    17.78333   -97.39091 36.51760     476.099     779.247  917.997  291.396   86.914   -0.804   12.443 0.00000e+00
  107    17.80000   -97.39012 36.51964     431.641     736.401  922.605  291.811   85.122   -0.796   12.448 0.00000e+00
  108    17.81667   -97.38971 36.52174     399.573     705.655  925.882  292.111   83.780   -0.271   12.441 0.00000e+00
  109    17.83333   -97.38936 36.52395     390.326     698.236  926.706  292.184   83.448    0.114   12.438 0.00000e+00
  110    17.85000   -97.38895 36.52618     389.280     699.058  926.627  292.173   83.440    0.093   12.429 0.00000e+00
  111    17.86667   -97.38841 36.52843     385.090     696.675  926.924  292.200   83.152   -0.140   12.403 0.00000e+00
  112    17.88333   -97.38773 36.53064     374.033     687.249  927.935  292.317   82.644   -0.368   12.404 0.00000e+00
  113    17.90000   -97.38684 36.53278     354.368     669.181  929.880  292.559   81.645   -0.468   12.416 0.00000e+00
  114    17.91667   -97.38577 36.53486     322.669     639.105  933.115  292.881   80.366   -0.678   12.428 0.00000e+00
  115    17.93333   -97.38470 36.53693     278.673     596.540  937.757  293.298   78.681   -0.864   12.427 0.00000e+00
  116    17.95000   -97.38376 36.53896     229.903     548.432  943.074  293.774   76.758   -0.860   12.417 0.00000e+00
  117    17.96667   -97.38298 36.54100     183.088     501.122  948.204  294.236   74.987   -0.884   12.416 0.00000e+00
  118    17.98333   -97.38233 36.54301     139.310     456.959  953.019  294.686   73.182   -0.768   12.396 0.00000e+00
  119    18.00000   -97.38185 36.54498      95.847     413.198  957.825  295.112   71.690   -0.783   12.404 0.00000e+00
  120    18.01667   -97.38160 36.54686      58.205     375.513  961.901  295.463   70.223   -0.661   12.363 0.00000e+00
  121    18.03333   -97.38164 36.54873      37.889     356.220  963.994  295.605   69.803   -0.256   12.370 0.00000e+00
  122    18.05000   -97.38171 36.55050      43.233     362.612  963.293  296.148   68.937    0.405   12.640 0.00000e+00
  123    18.06667   -97.38147 36.55219      78.612     399.068  959.289  295.840   69.687    0.763   12.591 0.00000e+00
  124    18.08333   -97.38094 36.55399     128.436     450.098  953.651  295.227   71.239    0.961   12.469 0.00000e+00
  125    18.10000   -97.38033 36.55581     199.728     522.454  945.761  294.546   73.546    1.483   12.446 0.00000e+00
  126    18.11667   -97.37979 36.55771     301.583     625.144  934.616  293.530   77.131    1.961   12.402 0.00000e+00
  127    18.13333   -97.37930 36.55938     419.279     743.564  921.879  292.390   81.676    1.979   12.398 0.00000e+00
  128    18.15000   -97.37875 36.56082     523.624     848.498  910.754  291.329   86.085    1.319   12.371 0.00000e+00
  129    18.16667   -97.37798 36.56216     586.665     912.037  904.086  290.705   88.764    0.721   12.351 0.00000e+00
  130    18.18333   -97.37688 36.56357     609.054     934.520  901.727  290.486   89.591    0.037   12.326 0.00000e+00
  131    18.20000   -97.37567 36.56512     590.085     915.239  903.708  290.679   88.432   -0.579   12.290 0.00000e+00
  132    18.21667   -97.37465 36.56678     539.981     865.284  908.950  291.163   86.290   -1.026   12.295 0.00000e+00
  133    18.23333   -97.37401 36.56844     480.235     806.041  915.198  291.743   83.571   -1.258   12.268 0.00000e+00
  134    18.25000   -97.37357 36.57018     415.706     742.224  921.979  292.345   81.023   -1.239   12.262 0.00000e+00
  135    18.26667   -97.37328 36.57217     363.827     691.363  927.396  292.851   78.899   -0.852   12.254 0.00000e+00
  136    18.28333   -97.37305 36.57444     331.521     660.469  930.755  293.176   77.508   -0.514   12.240 0.00000e+00
  137    18.30000   -97.37289 36.57684     313.828     644.215  932.496  293.415   76.345   -0.084   12.215 0.00000e+00
  138    18.31667   -97.37273 36.57933     315.631     647.494  932.200  293.508   75.800    0.294   12.202 0.00000e+00
  139    18.33333   -97.37236 36.58192     338.999     670.815  929.736  293.364   76.182    0.559   12.187 0.00000e+00
  140    18.35000   -97.37180 36.58442     386.788     717.835  924.730  292.916   77.723    0.975   12.156 0.00000e+00
  141    18.36667   -97.37126 36.58648     455.947     786.191  917.468  292.352   79.612    0.950   12.114 0.00000e+00
  142    18.38333   -97.37112 36.58851     512.227     841.648  911.564  291.815   81.558    0.519   12.075 0.00000e+00
  143    18.40000   -97.37123 36.59063     541.495     870.047  908.573  291.560   82.313    0.109   12.032 0.00000e+00
  144    18.41667   -97.37132 36.59290     551.853     879.473  907.573  291.479   82.519   -0.211   12.014 0.00000e+00
  145    18.43333   -97.37124 36.59526     559.397     885.932  906.887  291.422   82.915    0.094   12.037 0.00000e+00
  146    18.45000   -97.37083 36.59764     583.441     909.057  904.429  291.204   83.902    0.524   12.046 0.00000e+00
  147    18.46667   -97.37014 36.59998     633.615     958.659  899.237  290.712   85.973    1.101   12.033 0.00000e+00
  148    18.48333   -97.36934 36.60241     713.511    1037.801  890.968  289.961   89.310    1.142   12.026 0.00000e+00
  149    18.50000   -97.36846 36.60500     781.639    1104.861  884.034  289.327   92.203    0.459   12.015 0.00000e+00
  150    18.51667   -97.36759 36.60766     809.530    1131.026  881.302  289.084   93.256   -0.267   12.001 0.00000e+00
  151    18.53333   -97.36713 36.61022     798.908    1118.911  882.561  289.211   92.477   -0.685   11.982 0.00000e+00
  152    18.55000   -97.36726 36.61282     754.516    1073.353  887.277  289.685   89.799   -1.451   11.930 0.00000e+00
  153    18.56667   -97.36742 36.61549     670.723     988.120  896.213  290.534   85.741   -1.805   11.906 0.00000e+00
  154    18.58333   -97.36749 36.61805     580.322     896.213  905.868  291.432   81.768   -1.660   11.892 0.00000e+00
  155    18.60000   -97.36734 36.62048     495.884     810.218  914.995  292.281   78.120   -1.503   11.866 0.00000e+00
  156    18.61667   -97.36692 36.62279     427.251     740.311  922.363  292.960   75.237   -0.955   11.830 0.00000e+00
  157    18.63333   -97.36638 36.62492     386.414     698.529  926.821  293.366   73.641   -0.399   11.820 0.00000e+00
  158    18.65000   -97.36583 36.62697     371.949     683.111  928.527  293.528   72.907   -0.103   11.798 0.00000e+00
  159    18.66667   -97.36536 36.62905     371.402     681.615  928.695  293.543   72.908    0.133   11.807 0.00000e+00
  160    18.68333   -97.36492 36.63124     383.617     692.545  927.500  293.426   73.570    0.296   11.843 0.00000e+00
  161    18.70000   -97.36452 36.63355     395.926     703.326  926.374  293.338   73.477    0.001   11.778 0.00000e+00
  162    18.71667   -97.36406 36.63599     393.766     699.661  926.712  293.384   72.906   -0.230   11.716 0.00000e+00
  163    18.73333   -97.36344 36.63851     385.702     690.174  927.768  293.481   72.554   -0.329   11.717 0.00000e+00
  164    18.75000   -97.36272 36.64106     370.032     673.357  929.465  293.653   71.880   -0.555   11.712 0.00000e+00
  165    18.76667   -97.36192 36.64361     341.696     643.973  932.638  293.955   70.578   -0.691   11.677 0.00000e+00
  166    18.78333   -97.36107 36.64609     300.088     601.428  937.200  294.367   69.109   -0.833   11.673 0.00000e+00
  167    18.80000   -97.36029 36.64851     244.883     545.595  943.244  294.924   67.258   -1.105   11.683 0.00000e+00
  168    18.81667   -97.35964 36.65083     178.390     478.494  950.570  295.608   65.100   -1.042   11.703 0.00000e+00
  169    18.83333   -97.35914 36.65294     127.457     426.893  956.215  296.134   63.452   -0.683   11.711 0.00000e+00
  170    18.85000   -97.35869 36.65486      92.502     391.324  960.122  296.470   62.582   -0.472   11.742 0.00000e+00
  171    18.86667   -97.35818 36.65656      68.562     367.290  962.742  296.747   61.901   -0.223   11.779 0.00000e+00
  172    18.88333   -97.35779 36.65801      60.349     359.135  963.612  297.000   61.475    0.124   11.869 0.00000e+00
  173    18.90000   -97.35760 36.65930      62.990     361.830  963.342  296.969   61.822    0.038   11.917 0.00000e+00
  174    18.91667   -97.35772 36.66042      61.993     360.929  963.421  297.016   61.963   -0.051   11.977 0.00000e+00
  175    18.93333   -97.35808 36.66143      55.727     354.809  964.105  297.134   62.158   -0.131   12.093 0.00000e+00
  176    18.95000   -97.35860 36.66235      53.681     352.952  964.254  297.336   62.165    0.044   12.242 0.00000e+00
  177    18.96667   -97.35934 36.66322      61.400     360.897  963.374  297.379   62.550    0.152   12.362 0.00000e+00
  178    18.98333   -97.36050 36.66405      71.175     370.911  962.289  297.262   63.102    0.154   12.396 0.00000e+00
