    0    16.01667   -97.47775 36.30207     107.896     462.611  952.580  292.094   89.423    0.484   12.889 0.00000e+00
    1    16.03333   -97.47832 36.30459     128.979     481.943  950.425  291.892   89.907    0.265   12.825 0.00000e+00
    2    16.05000   -97.47821 36.30726     134.849     486.224  950.001  291.904   89.681   -0.130   12.807 0.00000e+00
    3    16.06667   -97.47787 36.30997     130.896     480.781  950.604  292.047   88.420   -0.336   12.734 0.00000e+00
    4    16.08333   -97.47753 36.31271     114.634     462.929  952.588  292.286   86.960   -0.168   12.687 0.00000e+00
    5    16.10000   -97.47710 36.31548     110.160     455.995  953.401  292.361   86.784    0.132   12.710 0.00000e+00
    6    16.11667   -97.47668 36.31818     117.396     460.550  952.890  292.315   87.074    0.213   12.723 0.00000e+00
    7    16.13333   -97.47630 36.32098     128.700     469.031  951.973  292.250   87.235    0.135   12.707 0.00000e+00
    8    16.15000   -97.47589 36.32399     130.327     467.865  952.164  292.253   87.340   -0.132   12.722 0.00000e+00
    9    16.16667   -97.47553 36.32705     120.797     455.440  953.571  292.346   87.188   -0.349   12.755 0.00000e+00
   10    16.18333   -97.47528 36.33006     106.790     438.496  955.458  292.494   86.667   -0.408   12.772 0.00000e+00
   11    16.20000   -97.47520 36.33303     101.075     429.861  956.377  292.560   86.477   -0.106   12.785 0.00000e+00
   12    16.21667   -97.47536 36.33596     110.882     436.956  955.613  292.566   86.712    0.405   12.834 0.00000e+00
   13    16.23333   -97.47575 36.33892     126.366     450.911  953.859  292.437   87.416    0.226   12.858 0.00000e+00
   14    16.25000   -97.47630 36.34196     122.870     450.775  953.858  292.439   87.437   -0.166   12.862 0.00000e+00
   15    16.26667   -97.47710 36.34494     107.101     438.633  955.208  292.541   86.965   -0.321   12.857 0.00000e+00
   16    16.28333   -97.47820 36.34773      88.466     422.051  957.177  292.694   86.230   -0.300   12.845 0.00000e+00
   17    16.30000   -97.47954 36.35022      75.439     408.570  958.700  292.825   85.644   -0.191   12.842 0.00000e+00
   18    16.31667   -97.48094 36.35243      75.671     408.977  958.652  292.838   85.602    0.138   12.847 0.00000e+00
   19    16.33333   -97.48211 36.35448      96.988     430.628  956.307  292.684   86.370    0.535   12.869 0.00000e+00
   20    16.35000   -97.48283 36.35637     125.475     458.135  953.272  292.436   87.487    0.320   12.875 0.00000e+00
   21    16.36667   -97.48327 36.35815     141.504     472.386  951.716  292.386   87.052    0.238   12.792 0.00000e+00
   22    16.38333   -97.48363 36.35993     156.257     485.269  950.252  292.299   87.064    0.546   12.744 0.00000e+00
   23    16.40000   -97.48412 36.36188     186.087     513.096  947.231  292.029   88.245    0.860   12.740 0.00000e+00
   24    16.41667   -97.48457 36.36413     226.781     552.017  942.815  291.628   90.088    0.811   12.740 0.00000e+00
   25    16.43333   -97.48491 36.36664     260.717     585.109  939.224  291.312   91.527    0.471   12.737 0.00000e+00
   26    16.45000   -97.48530 36.36923     273.691     597.000  937.842  291.189   92.119    0.109   12.739 0.00000e+00
   27    16.46667   -97.48579 36.37186     260.511     582.872  939.186  291.311   91.538   -0.276   12.738 0.00000e+00
   28    16.48333   -97.48656 36.37453     231.115     555.875  942.185  291.571   90.404   -0.328   12.748 0.00000e+00
   29    16.50000   -97.48762 36.37730     218.721     545.976  943.259  291.667   89.965    0.003   12.749 0.00000e+00
   30    16.51667   -97.48869 36.38022     213.614     543.104  943.592  291.707   89.732   -0.115   12.743 0.00000e+00
   31    16.53333   -97.48985 36.38324     204.183     535.085  944.490  291.803   89.196   -0.131   12.732 0.00000e+00
   32    16.55000   -97.49122 36.38608     203.557     536.388  944.356  291.809   89.163    0.075   12.734 0.00000e+00
   33    16.56667   -97.49264 36.38866     200.785     535.950  944.437  291.825   89.079   -0.045   12.734 0.00000e+00
   34    16.58333   -97.49403 36.39111     196.003     532.751  944.828  291.865   88.846   -0.096   12.728 0.00000e+00
   35    16.60000   -97.49532 36.39352     198.022     535.757  944.392  291.844   88.987    0.129   12.737 0.00000e+00
   36    16.61667   -97.49627 36.39591     210.880     549.395  942.888  291.749   89.525    0.342   12.757 0.00000e+00
   37    16.63333   -97.49690 36.39836     228.951     568.154  940.884  291.606   90.225    0.377   12.768 0.00000e+00
   38    16.65000   -97.49739 36.40086     241.875     581.865  939.415  291.489   90.796    0.159   12.775 0.00000e+00
   39    16.66667   -97.49786 36.40345     247.550     588.558  938.672  291.429   91.129    0.060   12.783 0.00000e+00
   40    16.68333   -97.49840 36.40615     250.168     591.336  938.451  291.417   91.230    0.141   12.791 0.00000e+00
   41    16.70000   -97.49884 36.40891     260.747     600.439  937.459  291.337   91.661    0.327   12.800 0.00000e+00
   42    16.71667   -97.49904 36.41170     284.630     622.748  935.059  291.134   92.664    0.460   12.807 0.00000e+00
   43    16.73333   -97.49889 36.41451     310.825     646.981  932.420  290.910   93.787    0.336   12.816 0.00000e+00
   44    16.75000   -97.49853 36.41727     319.748     653.556  931.716  290.861   94.047   -0.130   12.822 0.00000e+00
   45    16.76667   -97.49828 36.41985     300.200     631.832  934.114  291.099   92.910   -0.601   12.826 0.00000e+00
   46    16.78333   -97.49840 36.42223     259.661     589.692  938.658  291.510   90.978   -0.871   12.828 0.00000e+00
   47    16.80000   -97.49894 36.42437     205.944     535.221  944.630  292.051   88.481   -1.117   12.827 0.00000e+00
   48    16.81667   -97.49985 36.42638     151.535     480.139  950.632  292.623   86.015   -1.024   12.845 0.00000e+00
   49    16.83333   -97.50098 36.42835     110.408     438.174  955.254  293.069   84.146   -0.659   12.858 0.00000e+00
   50    16.85000   -97.50223 36.43045      88.698     415.648  957.694  293.293   83.160   -0.176   12.854 0.00000e+00
   51    16.86667   -97.50349 36.43264      91.603     418.883  957.359  293.414   82.849    0.276   12.908 0.00000e+00
   52    16.88333   -97.50490 36.43480     107.049     435.256  955.589  293.413   82.981    0.439   12.952 0.00000e+00
   53    16.90000   -97.50655 36.43696     123.278     453.008  953.618  293.292   83.470    0.354   12.957 0.00000e+00
   54    16.91667   -97.50862 36.43923     125.549     457.186  953.090  293.267   83.570    0.135   12.959 0.00000e+00
   55    16.93333   -97.51109 36.44150     125.996     459.046  952.935  293.236   83.705    0.228   12.957 0.00000e+00
   56    16.95000   -97.51366 36.44362     143.675     477.363  950.886  292.998   84.680    0.578   12.942 0.00000e+00
   57    16.96667   -97.51592 36.44559     182.425     516.435  946.587  292.548   86.518    0.845   12.915 0.00000e+00
   58    16.98333   -97.51784 36.44751     223.939     557.848  942.130  292.132   88.245    0.569   12.893 0.00000e+00
   59    17.00000   -97.51970 36.44960     226.239     559.788  941.866  292.173   87.870   -0.227   12.875 0.00000e+00
   60    17.01667   -97.52163 36.45183     238.260     571.144  940.591  292.056   88.400    0.573   12.875 0.00000e+00
   61    17.03333   -97.52306 36.45415     280.728     612.611  936.080  291.668   90.072    0.903   12.864 0.00000e+00
   62    17.05000   -97.52392 36.45676     334.208     664.580  930.468  291.201   92.245    0.883   12.868 0.00000e+00
   63    17.06667   -97.52423 36.45951     380.013     708.579  925.745  290.800   94.167    0.583   12.871 0.00000e+00
   64    17.08333   -97.52427 36.46242     405.482     732.112  923.166  290.594   95.034    0.369   12.857 0.00000e+00
   65    17.10000   -97.52402 36.46556     408.263     733.362  923.018  290.583   95.026    0.167   12.848 0.00000e+00
   66    17.11667   -97.52344 36.46890     389.658     713.244  925.188  290.780   93.888   -0.256   12.825 0.00000e+00
   67    17.13333   -97.52261 36.47240     355.700     677.404  929.093  291.141   92.126   -0.460   12.821 0.00000e+00
   68    17.15000   -97.52161 36.47603     323.061     642.563  932.821  291.533   90.106   -0.422   12.804 0.00000e+00
   69    17.16667   -97.52048 36.47978     288.926     606.254  936.760  291.986   87.753   -0.469   12.777 0.00000e+00
   70    17.18333   -97.51979 36.48349     259.030     574.443  940.198  292.302   86.085   -0.332   12.739 0.00000e+00
   71    17.20000   -97.51973 36.48682     238.352     552.148  942.754  292.554   84.841   -0.274   12.720 0.00000e+00
   72    17.21667   -97.51991 36.48959     223.557     537.119  944.283  292.729   84.118   -0.281   12.731 0.00000e+00
   73    17.23333   -97.52020 36.49202     208.420     523.002  945.796  292.900   83.569   -0.333   12.763 0.00000e+00
   74    17.25000   -97.52071 36.49432     191.255     506.902  947.581  293.067   82.907   -0.420   12.771 0.00000e+00
   75    17.26667   -97.52140 36.49670     179.426     496.203  948.727  293.159   82.484   -0.080   12.764 0.00000e+00
   76    17.28333   -97.52230 36.49937     185.204     502.698  948.033  293.085   82.852    0.339   12.770 0.00000e+00
   77    17.30000   -97.52318 36.50230     207.359     525.446  945.557  292.863   83.889    0.565   12.786 0.00000e+00
   78    17.31667   -97.52406 36.50526     227.376     545.561  943.475  292.682   84.729    0.657   12.797 0.00000e+00
   79    17.33333   -97.52501 36.50819     247.842     562.982  941.580  292.518   85.443    0.734   12.798 0.00000e+00
   80    17.35000   -97.52592 36.51115     277.586     589.531  938.679  292.270   86.605    0.792   12.811 0.00000e+00
   81    17.36667   -97.52672 36.51399     312.007     621.153  935.194  291.977   87.898    0.802   12.813 0.00000e+00
   82    17.38333   -97.52753 36.51670     351.325     658.789  931.107  291.628   89.406    1.077   12.805 0.00000e+00
   83    17.40000   -97.52833 36.51934     419.674     725.348  923.950  291.093   91.714    1.646   12.797 0.00000e+00
   84    17.41667   -97.52881 36.52174     516.085     820.544  913.625  290.392   94.901    2.037   12.808 0.00000e+00
   85    17.43333   -97.52834 36.52370     616.187     922.114  902.797  289.491   99.397    1.381   12.816 9.55577e-04
   86    17.45000   -97.52641 36.52533     673.708     980.755  896.587  289.081   99.768   -0.545   12.617 3.82289e-02
   87    17.46667   -97.52386 36.52703     631.019     938.700  901.012  289.465   97.034   -1.940   12.516 0.00000e+00
   88    17.48333   -97.52152 36.52892     552.324     860.456  909.349  290.265   92.487   -2.354   12.440 0.00000e+00
   89    17.50000   -97.51934 36.53102     468.558     777.215  918.200  291.096   87.987   -2.558   12.357 0.00000e+00
   90    17.51667   -97.51730 36.53330     375.315     685.112  928.087  291.998   83.489   -2.208   12.280 0.00000e+00
   91    17.53333   -97.51559 36.53571     284.698     595.266  937.854  292.853   79.971   -1.629   12.282 0.00000e+00
   92    17.55000   -97.51452 36.53835     231.035     542.166  943.637  293.344   78.034   -0.591   12.282 0.00000e+00
   93    17.56667   -97.51367 36.54117     233.902     545.324  943.343  293.316   78.352    0.459   12.314 0.00000e+00
   94    17.58333   -97.51241 36.54411     277.616     589.270  938.525  292.845   80.239    0.795   12.308 0.00000e+00
   95    17.60000   -97.51086 36.54712     309.694     622.039  934.934  292.491   81.845    0.046   12.326 0.00000e+00
   96    17.61667   -97.50932 36.54991     312.077     626.081  934.474  292.462   81.876   -0.302   12.315 0.00000e+00
   97    17.63333   -97.50792 36.55254     317.134     632.750  933.774  292.406   82.059    0.070   12.308 0.00000e+00
   98    17.65000   -97.50671 36.55510     336.932     654.010  931.509  292.182   83.750    0.548   12.416 0.00000e+00
   99    17.66667   -97.50568 36.55762     364.838     682.707  928.432  291.898   85.713    0.692   12.524 0.00000e+00
  100    17.68333   -97.50478 36.56011     388.886     707.528  925.748  291.659   86.893    0.424   12.542 0.00000e+00
  101    17.70000   -97.50406 36.56252     402.818     722.226  924.112  291.501   87.750    0.316   12.562 0.00000e+00
  102    17.71667   -97.50354 36.56483     411.767     732.111  923.033  291.422   87.790    0.287   12.520 0.00000e+00
  103    17.73333   -97.50304 36.56712     418.381     739.732  922.194  291.389   87.541    0.184   12.470 0.00000e+00
  104    17.75000   -97.50243 36.56944     416.994     739.450  922.209  291.443   86.738   -0.022   12.397 0.00000e+00
  105    17.76667   -97.50176 36.57176     401.481     724.970  923.765  291.603   85.933   -0.396   12.386 0.00000e+00
  106    17.78333   -97.50124 36.57412     368.297     692.009  927.345  291.944   84.141   -0.669   12.344 0.00000e+00
  107    17.80000   -97.50099 36.57644     331.017     654.699  931.363  292.339   82.038   -0.474   12.285 0.00000e+00
  108    17.81667   -97.50093 36.57872     307.399     630.971  934.011  292.599   80.711   -0.074   12.250 0.00000e+00
  109    17.83333   -97.50094 36.58100     301.587     624.791  934.669  292.678   80.103    0.103   12.210 0.00000e+00
  110    17.85000   -97.50080 36.58337     304.406     626.917  934.453  292.672   79.987    0.121   12.190 0.00000e+00
  111    17.86667   -97.50049 36.58598     306.066     627.811  934.347  292.678   80.276   -0.019   12.241 0.00000e+00
  112    17.88333   -97.50009 36.58870     291.387     612.197  936.078  292.844   79.911   -0.291   12.289 0.00000e+00
  113    17.90000   -97.49982 36.59131     259.442     578.898  939.698  293.181   78.615   -0.614   12.300 0.00000e+00
  114    17.91667   -97.49973 36.59373     213.511     531.683  944.811  293.642   76.788   -0.867   12.297 0.00000e+00
  115    17.93333   -97.49963 36.59594     162.331     479.335  950.544  294.153   74.820   -0.875   12.294 0.00000e+00
  116    17.95000   -97.49944 36.59793     117.307     433.358  955.652  294.615   73.027   -0.744   12.281 0.00000e+00
  117    17.96667   -97.49906 36.59967      80.069     395.341  959.818  294.975   71.709   -0.563   12.277 0.00000e+00
  118    17.98333   -97.49844 36.60110      56.554     371.192  962.445  295.200   70.884   -0.333   12.272 0.00000e+00
  119    18.00000   -97.49771 36.60219      50.374     364.524  963.189  295.542   70.429    0.197   12.443 0.00000e+00
  120    18.01667   -97.49736 36.60316      80.920     394.666  959.842  295.405   71.475    0.966   12.566 0.00000e+00
  121    18.03333   -97.49760 36.60427     161.586     474.896  950.972  294.548   74.633    1.826   12.562 0.00000e+00
  122    18.05000   -97.49809 36.60547     271.320     584.193  939.045  293.450   78.720    1.990   12.534 0.00000e+00
  123    18.06667   -97.49846 36.60660     361.677     674.200  929.339  292.585   81.973    1.162   12.494 0.00000e+00
  124    18.08333   -97.49842 36.60775     415.455     727.626  923.620  292.074   83.932    0.758   12.465 0.00000e+00
  125    18.10000   -97.49817 36.60885     449.520     761.339  920.000  291.753   85.298    0.303   12.463 0.00000e+00
  126    18.11667   -97.49771 36.61004     478.800     790.222  916.927  291.591   85.566    0.912   12.417 0.00000e+00
  127    18.13333   -97.49713 36.61144     553.154     864.075  909.092  290.911   88.410    1.361   12.395 0.00000e+00
  128    18.15000   -97.49651 36.61297     638.085     948.438  900.177  290.115   91.710    1.372   12.344 0.00000e+00
  129    18.16667   -97.49570 36.61458     721.301    1031.053  891.546  289.300   95.667    1.286   12.340 0.00000e+00
  130    18.18333   -97.49462 36.61623     788.550    1097.567  884.595  288.655   98.919    0.838   12.336 0.00000e+00
  131    18.20000   -97.49314 36.61801     836.835    1145.125  879.673  288.308   99.085    0.319   12.151 1.07016e-02
  132    18.21667   -97.49128 36.61999     864.020    1171.390  876.974  288.124   98.543    0.006   11.978 6.25636e-04
  133    18.23333   -97.48924 36.62217     866.421    1172.872  876.785  288.157   96.674   -0.463   11.778 2.56437e-03
  134    18.25000   -97.48719 36.62458     844.372    1150.859  879.040  288.375   95.161   -0.700   11.729 0.00000e+00
  135    18.26667   -97.48546 36.62724     806.246    1112.738  882.997  288.751   92.936   -0.906   11.683 0.00000e+00
  136    18.28333   -97.48424 36.62994     762.648    1069.075  887.546  289.099   93.076   -0.883   11.905 0.00000e+00
  137    18.30000   -97.48335 36.63264     709.607    1015.273  893.161  289.586   91.872   -1.100   12.048 0.00000e+00
  138    18.31667   -97.48258 36.63537     639.691     944.516  900.620  290.269   88.873   -1.232   12.074 0.00000e+00
  139    18.33333   -97.48174 36.63811     570.911     874.911  907.951  290.953   85.966   -1.104   12.100 0.00000e+00
  140    18.35000   -97.48083 36.64088     510.947     814.724  914.302  291.539   83.688   -0.943   12.139 0.00000e+00
  141    18.36667   -97.47983 36.64374     455.650     759.454  920.177  292.077   81.629   -0.851   12.172 0.00000e+00
  142    18.38333   -97.47893 36.64674     406.489     710.429  925.444  292.564   79.844   -0.531   12.205 0.00000e+00
  143    18.40000   -97.47824 36.64976     373.244     676.533  929.155  292.902   78.623   -0.151   12.227 0.00000e+00
  144    18.41667   -97.47775 36.65274     348.828     651.422  931.817  293.143   77.631   -0.173   12.221 0.00000e+00
  145    18.43333   -97.47747 36.65568     323.561     625.673  934.552  293.382   76.570   -0.484   12.199 0.00000e+00
  146    18.45000   -97.47744 36.65854     307.700     609.880  936.243  293.544   75.844   -0.260   12.184 0.00000e+00
  147    18.46667   -97.47758 36.66133     311.371     613.580  935.799  293.556   75.790    0.070   12.190 0.00000e+00
  148    18.48333   -97.47780 36.66405     316.273     618.673  935.259  293.584   75.843   -0.232   12.227 0.00000e+00
  149    18.50000   -97.47799 36.66665     291.053     594.285  937.863  293.824   74.766   -0.859   12.200 0.00000e+00
  150    18.51667   -97.47787 36.66915     235.037     539.120  943.887  294.359   72.353   -1.181   12.128 0.00000e+00
  151    18.53333   -97.47740 36.67139     175.551     480.371  950.289  294.950   69.923   -1.020   12.074 0.00000e+00
  152    18.55000   -97.47668 36.67334     121.749     427.282  956.099  295.478   67.765   -1.012   12.014 0.00000e+00
  153    18.56667   -97.47579 36.67494      78.571     384.778  960.751  295.878   66.336   -0.866   11.994 0.00000e+00
  154    18.58333   -97.47486 36.67618      46.449     353.292  964.231  296.181   65.220   -0.628   11.970 0.00000e+00
  155    18.60000   -97.47404 36.67706      28.983     336.345  966.037  296.993   63.311   -0.151   12.188 0.00000e+00
  156    18.61667   -97.47343 36.67770      26.068     333.854  966.315  297.347   62.679   -0.048   12.325 0.00000e+00
  157    18.63333   -97.47314 36.67852      31.132     339.433  965.687  297.588   61.945    0.155   12.368 0.00000e+00
  158    18.65000   -97.47302 36.67990      46.973     356.057  963.863  297.557   61.771    0.530   12.334 0.00000e+00
  159    18.66667   -97.47275 36.68183      86.083     395.850  959.512  297.104   62.828    1.316   12.261 0.00000e+00
  160    18.68333   -97.47213 36.68405     168.388     478.902  950.388  296.035   65.696    2.076   12.126 0.00000e+00
  161    18.70000   -97.47101 36.68635     260.519     571.840  940.337  295.044   68.748    1.877   12.068 0.00000e+00
  162    18.71667   -97.46987 36.68875     322.766     634.690  933.531  294.333   70.998    0.859   12.014 0.00000e+00
  163    18.73333   -97.46923 36.69127     353.174     665.122  930.239  293.916   71.837    0.427   11.888 0.00000e+00
  164    18.75000   -97.46920 36.69364     389.816     701.786  926.310  293.563   73.092    0.740   11.883 0.00000e+00
  165    18.76667   -97.46945 36.69576     457.469     769.451  919.055  292.905   75.744    1.202   11.912 0.00000e+00
  166    18.78333   -97.46967 36.69762     549.622     861.948  909.208  292.023   79.547    1.554   11.965 0.00000e+00
  167    18.80000   -97.46970 36.69938     651.700     964.669  898.441  291.001   82.679    1.651   11.797 0.00000e+00
  168    18.81667   -97.46945 36.70102     750.161    1063.724  888.117  290.005   86.268    1.633   11.687 0.00000e+00
  169    18.83333   -97.46902 36.70257     841.686    1155.802  878.557  289.062   90.924    1.588   11.722 0.00000e+00
  170    18.85000   -97.46855 36.70416     924.315    1238.997  870.017  288.249   94.802    1.202   11.710 0.00000e+00
  171    18.86667   -97.46808 36.70593     993.687    1309.130  862.861  287.582   97.765    1.144   11.661 0.00000e+00
  172    18.88333   -97.46765 36.70788    1055.088    1371.530  856.498  287.050   99.838    0.928   11.588 2.52243e-02
  173    18.90000   -97.46725 36.71018    1116.740    1434.386  850.150  286.700  100.000    0.957   11.436 1.11355e-01
  174    18.91667   -97.46696 36.71295    1205.290    1524.389  841.117  286.374  100.000    1.570   11.328 3.20284e-01
  175    18.93333   -97.46664 36.71616    1329.094    1649.672  828.663  285.793  100.000    2.828   11.068 5.29301e-01
  176    18.95000   -97.46597 36.71967    1485.863    1807.997  813.181  284.933  100.000    3.291   10.656 6.93156e-01
  177    18.96667   -97.46463 36.72340    1652.674    1976.163  797.001  283.991  100.000    3.615   10.213 8.41580e-01
  178    18.98333   -97.46245 36.72707    1776.540    2100.917  785.223  283.290  100.000    1.997    9.891 9.13543e-01
