    0    16.01667   -97.49029 36.25428      32.220     404.087  959.070  293.063   85.243   -0.029   12.969 0.00000e+00
    1    16.03333   -97.48979 36.25652      30.799     401.317  959.467  293.290   84.492    0.028   13.033 0.00000e+00
    2    16.05000   -97.48911 36.25869      29.848     398.370  959.829  293.454   83.898   -0.038   13.070 0.00000e+00
    3    16.06667   -97.48826 36.26082      28.478     394.892  960.179  293.573   83.433   -0.040   13.090 0.00000e+00
    4    16.08333   -97.48731 36.26276      27.235     391.518  960.548  293.690   83.107   -0.018   13.129 0.00000e+00
    5    16.10000   -97.48620 36.26453      26.334     389.462  960.759  293.785   82.933   -0.036   13.176 0.00000e+00
    6    16.11667   -97.48482 36.26614      28.080     390.070  960.722  293.876   82.700    0.169   13.214 0.00000e+00
    7    16.13333   -97.48351 36.26783      50.374     410.899  958.419  293.707   83.334    0.853   13.208 0.00000e+00
    8    16.15000   -97.48273 36.27004     122.270     481.989  950.606  292.944   86.139    1.793   13.125 0.00000e+00
    9    16.16667   -97.48193 36.27250     236.693     595.466  938.149  291.701   90.770    1.655   12.962 0.00000e+00
   10    16.18333   -97.48044 36.27519     346.518     703.352  926.422  290.573   95.581    1.708   12.867 0.00000e+00
   11    16.20000   -97.47806 36.27795     436.362     790.142  916.935  289.658   99.690    0.960   12.790 0.00000e+00
   12    16.21667   -97.47518 36.28086     494.669     847.144  910.750  289.261  100.000    0.625   12.599 2.75734e-02
   13    16.23333   -97.47218 36.28416     524.062     876.892  907.573  289.102  100.000    0.325   12.525 7.54683e-02
   14    16.25000   -97.46930 36.28780     534.370     888.562  906.394  289.034  100.000    0.028   12.488 9.71910e-02
   15    16.26667   -97.46680 36.29170     525.937     878.082  907.630  289.084  100.000   -0.368   12.511 8.29346e-02
   16    16.28333   -97.46488 36.29570     508.318     857.497  909.827  289.181  100.000   -0.102   12.553 3.37192e-02
   17    16.30000   -97.46359 36.29975     504.982     853.175  910.251  289.179  100.000    0.216   12.550 2.92107e-02
   18    16.31667   -97.46262 36.30364     515.099     863.149  909.196  289.130  100.000    0.178   12.525 6.74886e-02
   19    16.33333   -97.46159 36.30719     514.375     862.835  909.198  289.129  100.000   -0.493   12.525 7.02711e-02
   20    16.35000   -97.46062 36.31049     489.442     839.017  911.757  289.292   99.714   -0.739   12.567 2.21176e-02
   21    16.36667   -97.45976 36.31367     450.816     800.876  916.001  289.725   97.076   -0.651   12.521 1.04675e-05
   22    16.38333   -97.45903 36.31691     419.548     766.443  919.696  290.169   94.244   -0.894   12.456 0.00000e+00
   23    16.40000   -97.45837 36.32018     375.260     718.911  924.814  290.749   90.751   -1.366   12.377 0.00000e+00
   24    16.41667   -97.45790 36.32332     324.755     664.983  930.684  291.318   88.056   -0.907   12.372 0.00000e+00
   25    16.43333   -97.45746 36.32615     296.633     633.412  934.056  291.602   86.856   -0.605   12.379 0.00000e+00
   26    16.45000   -97.45705 36.32881     275.306     608.973  936.739  291.857   85.638   -0.662   12.368 0.00000e+00
   27    16.46667   -97.45673 36.33151     256.914     586.942  939.134  292.024   85.552   -0.423   12.455 0.00000e+00
   28    16.48333   -97.45644 36.33435     245.441     571.279  940.789  292.109   85.787   -0.227   12.533 0.00000e+00
   29    16.50000   -97.45621 36.33719     231.260     553.076  942.727  292.251   85.344   -0.203   12.555 0.00000e+00
   30    16.51667   -97.45609 36.34002     210.308     530.483  945.097  292.444   84.504   -0.302   12.551 0.00000e+00
   31    16.53333   -97.45614 36.34282     191.687     511.817  947.181  292.612   83.722   -0.283   12.539 0.00000e+00
   32    16.55000   -97.45633 36.34553     184.946     505.147  947.964  292.650   83.773   -0.181   12.566 0.00000e+00
   33    16.56667   -97.45651 36.34818     185.629     505.775  947.933  292.676   84.039   -0.115   12.627 0.00000e+00
   34    16.58333   -97.45661 36.35085     189.226     508.992  947.571  292.681   84.269   -0.165   12.671 0.00000e+00
   35    16.60000   -97.45656 36.35362     187.758     507.010  947.733  292.747   84.146   -0.200   12.703 0.00000e+00
   36    16.61667   -97.45657 36.35656     185.486     504.160  948.044  292.802   83.951   -0.025   12.713 0.00000e+00
   37    16.63333   -97.45678 36.35961     194.910     512.949  947.061  292.725   84.254    0.442   12.710 0.00000e+00
   38    16.65000   -97.45705 36.36252     240.031     557.236  942.098  292.299   86.167    1.105   12.723 0.00000e+00
   39    16.66667   -97.45700 36.36525     304.316     623.582  934.776  291.653   89.108    1.048   12.732 0.00000e+00
   40    16.68333   -97.45634 36.36784     352.792     675.141  929.258  291.150   91.370    0.526   12.722 0.00000e+00
   41    16.70000   -97.45509 36.37039     375.036     700.119  926.527  290.896   92.535   -0.126   12.715 0.00000e+00
   42    16.71667   -97.45370 36.37291     362.872     690.301  927.548  291.003   91.762   -0.387   12.681 0.00000e+00
   43    16.73333   -97.45276 36.37540     340.915     670.874  929.661  291.196   91.054   -0.292   12.709 0.00000e+00
   44    16.75000   -97.45227 36.37782     327.286     659.670  930.945  291.356   90.511   -0.163   12.744 0.00000e+00
   45    16.76667   -97.45230 36.38017     330.558     665.166  930.309  291.333   90.542    0.173   12.738 0.00000e+00
   46    16.78333   -97.45261 36.38249     372.352     708.066  925.710  290.922   92.693    1.170   12.769 0.00000e+00
   47    16.80000   -97.45231 36.38470     438.458     775.062  918.504  290.330   94.896    2.005   12.688 0.00000e+00
   48    16.81667   -97.45151 36.38710     495.470     833.237  912.208  289.769   97.166    2.106   12.622 0.00000e+00
   49    16.83333   -97.45075 36.39010     556.833     895.957  905.550  289.190   99.984    1.888   12.606 1.09568e-02
   50    16.85000   -97.44995 36.39340     607.081     947.669  900.047  288.967  100.000    1.274   12.521 1.16623e-01
   51    16.86667   -97.44881 36.39705     640.690     982.817  896.458  288.849  100.000    0.697   12.477 1.93169e-01
   52    16.88333   -97.44725 36.40084     655.277     994.621  895.334  288.828  100.000    0.003   12.476 2.32324e-01
   53    16.90000   -97.44525 36.40456     645.247     979.431  896.995  288.860  100.000   -0.879   12.479 1.32531e-01
   54    16.91667   -97.44302 36.40802     607.577     937.081  901.424  289.118   98.819   -1.266   12.459 1.50699e-02
   55    16.93333   -97.44113 36.41115     556.899     882.569  907.217  289.699   95.098   -1.063   12.365 0.00000e+00
   56    16.95000   -97.43983 36.41401     506.476     828.939  912.911  290.220   92.461   -0.872   12.352 0.00000e+00
   57    16.96667   -97.43929 36.41678     450.005     770.669  919.142  290.759   90.051   -0.992   12.365 0.00000e+00
   58    16.98333   -97.43916 36.41946     392.332     711.360  925.508  291.317   87.863   -1.001   12.414 0.00000e+00
   59    17.00000   -97.43916 36.42194     348.178     665.814  930.438  291.713   86.467   -0.801   12.460 0.00000e+00
   60    17.01667   -97.43921 36.42415     316.842     633.656  933.909  292.021   85.505   -0.684   12.516 0.00000e+00
   61    17.03333   -97.43951 36.42621     283.565     599.710  937.604  292.385   84.508   -0.796   12.606 0.00000e+00
   62    17.05000   -97.43979 36.42828     234.165     549.628  943.027  292.872   82.540   -0.905   12.621 0.00000e+00
   63    17.06667   -97.43990 36.43052     179.956     494.689  949.051  293.392   80.371   -0.803   12.615 0.00000e+00
   64    17.08333   -97.43987 36.43290     140.443     454.513  953.417  293.760   79.008   -0.446   12.630 0.00000e+00
   65    17.10000   -97.43984 36.43535     122.162     435.561  955.506  293.937   78.390   -0.134   12.642 0.00000e+00
   66    17.11667   -97.43993 36.43777     117.504     430.234  956.083  293.985   78.244    0.035   12.649 0.00000e+00
   67    17.13333   -97.44018 36.44019     115.679     427.878  956.370  293.997   78.334   -0.031   12.668 0.00000e+00
   68    17.15000   -97.44059 36.44258     108.950     420.686  957.137  294.056   78.141   -0.142   12.673 0.00000e+00
   69    17.16667   -97.44113 36.44492      99.510     410.814  958.255  294.149   77.751   -0.208   12.669 0.00000e+00
   70    17.18333   -97.44189 36.44722      90.551     401.579  959.241  294.240   77.323   -0.222   12.657 0.00000e+00
   71    17.20000   -97.44284 36.44954      83.189     394.505  960.023  294.327   76.985   -0.131   12.660 0.00000e+00
   72    17.21667   -97.44389 36.45187      85.599     397.552  959.722  294.366   76.900    0.099   12.680 0.00000e+00
   73    17.23333   -97.44479 36.45424      97.747     410.395  958.287  294.303   77.226    0.173   12.704 0.00000e+00
   74    17.25000   -97.44531 36.45658     104.918     417.698  957.478  294.242   77.450   -0.125   12.703 0.00000e+00
   75    17.26667   -97.44553 36.45884      91.665     404.374  958.900  294.365   76.825   -0.362   12.678 0.00000e+00
   76    17.28333   -97.44563 36.46105      63.450     376.076  962.020  294.672   75.658   -0.451   12.684 0.00000e+00
   77    17.30000   -97.44559 36.46323      37.593     350.071  964.857  295.041   74.464   -0.321   12.733 0.00000e+00
   78    17.31667   -97.44544 36.46531      22.621     333.979  966.717  295.562   72.981   -0.206   12.862 0.00000e+00
   79    17.33333   -97.44519 36.46702      14.681     324.938  967.711  295.922   72.025   -0.098   12.964 0.00000e+00
   80    17.35000   -97.44476 36.46844      12.080     321.411  968.102  296.228   71.328    0.014   13.076 0.00000e+00
   81    17.36667   -97.44441 36.46973      14.560     323.023  967.915  296.543   70.683    0.101   13.212 0.00000e+00
   82    17.38333   -97.44446 36.47103      20.866     328.450  967.285  296.721   70.352    0.142   13.303 0.00000e+00
   83    17.40000   -97.44494 36.47240      28.095     335.139  966.535  296.631   70.606    0.134   13.288 0.00000e+00
   84    17.41667   -97.44538 36.47381      45.525     352.362  964.618  296.419   71.227    0.422   13.259 0.00000e+00
   85    17.43333   -97.44518 36.47533      99.505     406.081  958.709  295.571   73.531    1.714   13.076 0.00000e+00
   86    17.45000   -97.44449 36.47735     222.031     528.245  945.315  294.024   78.725    3.383   12.904 0.00000e+00
   87    17.46667   -97.44357 36.47962     419.855     725.395  923.970  292.025   86.781    3.931   12.843 0.00000e+00
   88    17.48333   -97.44220 36.48222     607.407     910.718  904.205  290.162   95.027    3.745   12.771 0.00000e+00
   89    17.50000   -97.44031 36.48517     787.690    1088.581  885.534  288.686  100.000    3.703   12.499 1.33591e-01
   90    17.51667   -97.43760 36.48836     964.027    1263.039  867.438  287.857  100.000    3.947   12.096 4.86377e-01
   91    17.53333   -97.43416 36.49177    1157.941    1455.004  847.903  286.854  100.000    3.758   11.594 7.67224e-01
   92    17.55000   -97.43020 36.49498    1360.797    1656.307  827.878  285.909  100.000    3.276   11.163 1.11303e+00
   93    17.56667   -97.42573 36.49752    1488.931    1784.740  815.224  285.342  100.000    0.884   10.922 1.36145e+00
   94    17.58333   -97.42096 36.49978    1480.394    1778.401  815.858  285.323  100.000   -1.036   10.901 1.22446e+00
   95    17.60000   -97.41644 36.50236    1401.462    1702.549  823.251  285.586  100.000   -1.402   10.992 9.35868e-01
   96    17.61667   -97.41241 36.50535    1335.090    1639.917  829.521  285.801  100.000   -0.444   11.064 6.46715e-01
   97    17.63333   -97.40889 36.50858    1331.056    1635.036  830.133  285.626  100.000    0.919   10.925 3.87180e-01
   98    17.65000   -97.40567 36.51176    1380.628    1682.236  825.482  285.210  100.000    1.511   10.692 3.77093e-01
   99    17.66667   -97.40244 36.51484    1451.093    1750.256  818.720  284.879  100.000    1.407   10.546 5.21603e-01
  100    17.68333   -97.39897 36.51787    1489.018    1788.895  814.921  284.575  100.000    0.422   10.373 4.27271e-01
  101    17.70000   -97.39523 36.52091    1480.700    1782.966  815.422  284.460   98.274   -0.340   10.101 1.95441e-01
  102    17.71667   -97.39111 36.52388    1466.852    1773.875  816.301  284.352   98.560    0.152   10.046 3.78412e-02
  103    17.73333   -97.38702 36.52675    1490.262    1801.071  813.695  284.089   99.999    0.597   10.048 3.87483e-02
  104    17.75000   -97.38316 36.52962    1508.927    1822.085  811.717  283.933   99.466    0.157    9.915 2.09658e-02
  105    17.76667   -97.37920 36.53249    1495.676    1810.801  812.836  283.950   99.660   -0.388    9.932 2.04403e-02
  106    17.78333   -97.37495 36.53526    1469.146    1783.306  815.582  284.144   98.589   -0.549    9.919 6.48936e-03
  107    17.80000   -97.37067 36.53817    1459.881    1770.860  816.846  284.202   98.299    0.103    9.913 1.11208e-02
  108    17.81667   -97.36684 36.54130    1482.164    1790.511  814.909  283.972   99.130    0.532    9.868 5.14301e-05
  109    17.83333   -97.36337 36.54457    1506.375    1813.521  812.614  283.802   99.136    0.300    9.785 5.81415e-03
  110    17.85000   -97.36002 36.54791    1510.065    1817.736  812.123  283.758   99.463   -0.063    9.794 7.83379e-03
  111    17.86667   -97.35662 36.55131    1494.020    1803.466  813.531  283.860   99.139   -0.224    9.812 3.33599e-03
  112    17.88333   -97.35306 36.55480    1465.369    1776.301  816.146  284.151   95.715   -0.480    9.628 0.00000e+00
  113    17.90000   -97.34944 36.55835    1428.843    1741.786  819.559  284.440   94.564   -0.715    9.657 0.00000e+00
  114    17.91667   -97.34583 36.56179    1409.195    1722.387  821.513  284.671   93.102   -0.839    9.632 7.81822e-04
  115    17.93333   -97.34235 36.56518    1412.245    1725.471  821.217  284.657   92.476   -0.942    9.562 9.88414e-03
  116    17.95000   -97.33910 36.56861    1429.098    1741.056  819.774  284.470   93.274   -0.778    9.542 0.00000e+00
  117    17.96667   -97.33607 36.57205    1452.075    1761.397  817.710  284.268   94.042   -0.254    9.516 0.00000e+00
  118    17.98333   -97.33324 36.57539    1479.650    1788.734  815.083  284.023   95.358   -0.007    9.523 4.42287e-04
  119    18.00000   -97.33034 36.57860    1502.133    1810.177  813.026  283.790   97.178   -0.139    9.579 0.00000e+00
  120    18.01667   -97.32731 36.58169    1500.234    1807.228  813.263  283.793   97.066   -0.571    9.567 5.83173e-04
  121    18.03333   -97.32407 36.58480    1467.328    1774.089  816.458  284.143   95.475   -0.693    9.595 0.00000e+00
  122    18.05000   -97.32065 36.58807    1409.133    1714.396  822.309  284.815   89.751   -0.701    9.366 0.00000e+00
  123    18.06667   -97.31713 36.59134    1343.308    1648.203  828.787  285.712   81.925   -0.832    9.001 0.00000e+00
  124    18.08333   -97.31363 36.59460    1299.622    1605.058  833.042  285.995   82.874   -0.254    9.229 0.00000e+00
  125    18.10000   -97.31016 36.59782    1297.021    1603.183  833.275  285.879   85.601    0.464    9.458 0.00000e+00
  126    18.11667   -97.30682 36.60117    1336.067    1641.131  829.593  285.407   89.317    0.984    9.608 0.00000e+00
  127    18.13333   -97.30373 36.60469    1394.889    1696.552  824.180  284.845   92.390    0.948    9.639 0.00000e+00
  128    18.15000   -97.30090 36.60836    1439.481    1737.834  820.097  284.422   94.461    0.403    9.629 0.00000e+00
  129    18.16667   -97.29827 36.61207    1451.018    1746.570  819.269  284.260   96.009   -0.421    9.691 0.00000e+00
  130    18.18333   -97.29582 36.61574    1425.647    1719.850  821.840  284.467   95.901   -1.011    9.784 0.00000e+00
  131    18.20000   -97.29350 36.61933    1372.794    1666.755  827.040  284.983   93.560   -1.292    9.816 0.00000e+00
  132    18.21667   -97.29129 36.62286    1301.896    1596.032  834.055  285.693   89.629   -1.409    9.773 0.00000e+00
  133    18.23333   -97.28913 36.62641    1224.156    1518.721  841.773  286.471   85.682   -1.339    9.743 0.00000e+00
  134    18.25000   -97.28697 36.62998    1159.686    1454.657  848.232  287.151   82.582   -0.936    9.743 0.00000e+00
  135    18.26667   -97.28474 36.63356    1128.322    1422.817  851.449  287.453   81.793   -0.188    9.805 0.00000e+00
  136    18.28333   -97.28239 36.63712    1140.770    1434.508  850.246  287.271   83.087    0.671    9.856 0.00000e+00
  137    18.30000   -97.27977 36.64064    1193.350    1486.832  844.964  286.672   86.385    1.318    9.916 0.00000e+00
  138    18.31667   -97.27689 36.64411    1266.578    1560.307  837.647  285.889   90.644    1.470    9.969 0.00000e+00
  139    18.33333   -97.27393 36.64759    1331.849    1626.674  830.965  285.188   94.545    1.129   10.007 0.00000e+00
  140    18.35000   -97.27098 36.65107    1368.880    1667.446  826.930  284.773   96.805    0.524   10.017 0.00000e+00
  141    18.36667   -97.26812 36.65458    1373.059    1674.886  826.310  284.691   97.446   -0.071   10.036 0.00000e+00
  142    18.38333   -97.26532 36.65807    1352.240    1653.348  828.457  284.891   96.654   -0.491   10.061 0.00000e+00
  143    18.40000   -97.26255 36.66155    1318.293    1617.986  831.993  285.249   94.788   -0.655   10.061 0.00000e+00
  144    18.41667   -97.25975 36.66512    1282.492    1581.426  835.554  285.595   92.900   -0.772   10.046 0.00000e+00
  145    18.43333   -97.25697 36.66866    1248.937    1547.291  838.971  285.893   91.675   -0.653   10.070 0.00000e+00
  146    18.45000   -97.25422 36.67212    1228.504    1525.389  841.247  286.164   90.221   -0.082   10.060 0.00000e+00
  147    18.46667   -97.25153 36.67556    1229.085    1524.728  841.257  286.260   88.928    0.445    9.979 0.00000e+00
  148    18.48333   -97.24883 36.67908    1244.463    1539.470  839.702  286.096   89.758    0.600    9.983 0.00000e+00
  149    18.50000   -97.24622 36.68270    1252.841    1547.522  838.953  285.913   91.954    0.375   10.113 0.00000e+00
  150    18.51667   -97.24371 36.68630    1242.872    1537.647  839.890  286.011   91.242   -0.058   10.089 0.00000e+00
  151    18.53333   -97.24130 36.68984    1222.628    1518.013  841.848  286.251   89.585   -0.264   10.040 0.00000e+00
  152    18.55000   -97.23889 36.69336    1200.084    1496.053  844.093  286.493   88.231   -0.424   10.019 0.00000e+00
  153    18.56667   -97.23634 36.69690    1170.792    1466.895  847.011  286.827   86.296   -0.455    9.982 0.00000e+00
  154    18.58333   -97.23374 36.70048    1137.247    1433.698  850.318  287.098   85.187   -0.524    9.991 0.00000e+00
  155    18.60000   -97.23126 36.70420    1116.417    1413.317  852.408  287.346   83.848    0.114    9.970 0.00000e+00
  156    18.61667   -97.22881 36.70811    1121.234    1418.604  851.884  287.142   87.652    0.197   10.291 0.00000e+00
  157    18.63333   -97.22627 36.71214    1125.503    1423.361  851.406  286.945   90.416   -0.173   10.485 0.00000e+00
  158    18.65000   -97.22357 36.71608    1120.773    1418.773  851.878  286.942   89.874   -0.302   10.415 0.00000e+00
  159    18.66667   -97.22086 36.71987    1116.529    1414.523  852.352  286.987   90.160   -0.135   10.473 0.00000e+00
  160    18.68333   -97.21822 36.72359    1113.285    1412.004  852.577  287.013   89.921   -0.109   10.460 0.00000e+00
  161    18.70000   -97.21568 36.72728    1115.039    1415.131  852.225  286.991   89.797   -0.075   10.435 0.00000e+00
  162    18.71667   -97.21320 36.73101    1120.396    1421.540  851.576  286.987   89.232   -0.106   10.374 0.00000e+00
  163    18.73333   -97.21076 36.73476    1120.244    1421.251  851.651  287.038   88.736   -0.189   10.350 0.00000e+00
  164    18.75000   -97.20841 36.73842    1116.571    1417.656  851.991  287.058   88.935    0.070   10.383 0.00000e+00
  165    18.76667   -97.20620 36.74202    1128.793    1430.531  850.695  286.892   90.266    0.484   10.440 0.00000e+00
  166    18.78333   -97.20398 36.74564    1156.279    1458.248  847.932  286.558   92.573    0.503   10.510 0.00000e+00
  167    18.80000   -97.20164 36.74929    1176.719    1479.388  845.800  286.317   94.275    0.160   10.561 0.00000e+00
  168    18.81667   -97.19933 36.75288    1176.048    1479.985  845.784  286.319   94.150   -0.258   10.549 0.00000e+00
  169    18.83333   -97.19710 36.75638    1154.805    1460.645  847.644  286.518   92.886   -0.590   10.521 0.00000e+00
  170    18.85000   -97.19496 36.75975    1122.520    1430.671  850.712  286.835   91.092   -0.618   10.496 0.00000e+00
  171    18.86667   -97.19295 36.76302    1093.648    1402.884  853.590  287.131   89.469   -0.491   10.475 0.00000e+00
  172    18.88333   -97.19096 36.76623    1075.922    1384.937  855.431  287.328   88.291   -0.273   10.448 0.00000e+00
  173    18.90000   -97.18898 36.76944    1070.784    1379.477  855.959  287.397   87.821   -0.038   10.433 0.00000e+00
  174    18.91667   -97.18707 36.77272    1075.178    1383.867  855.472  287.359   87.931    0.072   10.427 0.00000e+00
  175    18.93333   -97.18526 36.77612    1078.696    1388.497  855.003  287.320   88.002   -0.005   10.414 0.00000e+00
  176    18.95000   -97.18360 36.77964    1073.507    1384.724  855.361  287.358   87.835   -0.251   10.416 0.00000e+00
  177    18.96667   -97.18204 36.78322    1054.634    1367.090  857.194  287.549   86.838   -0.492   10.405 0.00000e+00
  178    18.98333   -97.18061 36.78673    1028.121    1341.368  859.804  287.827   85.290   -0.514   10.373 0.00000e+00
