    0    16.01667   -97.47678 36.29023      38.156     395.707  960.047  292.747   85.872   -0.685   12.796 0.00000e+00
    1    16.03333   -97.47787 36.29214      22.609     380.469  961.729  292.958   85.192   -0.283   12.841 0.00000e+00
    2    16.05000   -97.47908 36.29392      17.718     375.227  962.259  293.068   84.961   -0.122   12.886 0.00000e+00
    3    16.06667   -97.48038 36.29556      15.960     372.133  962.554  293.158   84.767   -0.063   12.926 0.00000e+00
    4    16.08333   -97.48183 36.29701      16.845     371.027  962.656  293.242   84.557    0.061   12.960 0.00000e+00
    5    16.10000   -97.48314 36.29850      22.964     375.192  962.209  293.263   84.558    0.106   12.984 0.00000e+00
    6    16.11667   -97.48432 36.30018      28.420     378.873  961.782  293.267   84.589    0.117   12.998 0.00000e+00
    7    16.13333   -97.48553 36.30202      32.932     381.656  961.506  293.226   84.727    0.115   12.989 0.00000e+00
    8    16.15000   -97.48682 36.30396      36.852     383.933  961.237  293.210   84.761    0.161   12.985 0.00000e+00
    9    16.16667   -97.48821 36.30590      43.208     388.414  960.778  293.155   84.944    0.219   12.975 0.00000e+00
   10    16.18333   -97.48962 36.30768      56.273     399.454  959.562  293.033   85.423    0.256   12.965 0.00000e+00
   11    16.20000   -97.49105 36.30932      71.155     412.595  958.159  292.888   85.984    0.035   12.951 0.00000e+00
   12    16.21667   -97.49252 36.31101      69.226     409.090  958.454  292.900   85.924   -0.234   12.948 0.00000e+00
   13    16.23333   -97.49414 36.31270      60.399     398.863  959.626  293.043   85.323    0.150   12.957 0.00000e+00
   14    16.25000   -97.49567 36.31445      74.950     411.670  958.311  292.943   85.756    0.395   12.959 0.00000e+00
   15    16.26667   -97.49691 36.31644      98.930     433.872  955.867  292.714   86.707    0.321   12.950 0.00000e+00
   16    16.28333   -97.49797 36.31857     121.433     455.035  953.561  292.491   87.691    0.308   12.946 0.00000e+00
   17    16.30000   -97.49883 36.32073     146.736     479.379  950.840  292.263   88.493    0.492   12.916 0.00000e+00
   18    16.31667   -97.49934 36.32296     176.261     508.615  947.545  291.976   89.689    0.460   12.901 0.00000e+00
   19    16.33333   -97.49957 36.32541     202.180     534.412  944.684  291.741   90.502    0.310   12.866 0.00000e+00
   20    16.35000   -97.49969 36.32811     212.137     544.013  943.611  291.638   90.932    0.019   12.857 0.00000e+00
   21    16.36667   -97.49985 36.33105     205.514     537.995  944.183  291.669   90.764   -0.228   12.851 0.00000e+00
   22    16.38333   -97.50027 36.33407     191.728     526.965  945.346  291.773   90.309   -0.100   12.855 0.00000e+00
   23    16.40000   -97.50083 36.33707     194.921     533.187  944.754  291.716   90.307    0.150   12.817 0.00000e+00
   24    16.41667   -97.50137 36.33990     221.880     562.260  941.550  291.469   91.203    0.435   12.786 0.00000e+00
   25    16.43333   -97.50169 36.34250     263.016     604.396  936.961  291.093   93.089    0.747   12.807 0.00000e+00
   26    16.45000   -97.50180 36.34493     305.440     647.634  932.256  290.684   95.113    0.740   12.814 0.00000e+00
   27    16.46667   -97.50169 36.34710     332.037     674.341  929.503  290.441   96.337    0.288   12.818 0.00000e+00
   28    16.48333   -97.50144 36.34906     330.430     671.037  929.848  290.510   96.072   -0.368   12.834 0.00000e+00
   29    16.50000   -97.50108 36.35099     314.295     653.134  931.772  290.783   94.428   -0.531   12.809 0.00000e+00
   30    16.51667   -97.50053 36.35301     298.927     635.819  933.656  291.081   92.391   -0.729   12.747 0.00000e+00
   31    16.53333   -97.49992 36.35497     271.365     606.381  936.831  291.418   90.558   -0.655   12.720 0.00000e+00
   32    16.55000   -97.49939 36.35664     251.754     585.550  939.094  291.636   89.260   -0.158   12.681 0.00000e+00
   33    16.56667   -97.49869 36.35806     252.218     585.057  939.111  291.625   89.177    0.371   12.660 0.00000e+00
   34    16.58333   -97.49755 36.35946     263.017     594.920  938.033  291.489   89.882    0.221   12.665 0.00000e+00
   35    16.60000   -97.49626 36.36101     267.106     598.125  937.672  291.491   89.736   -0.035   12.651 0.00000e+00
   36    16.61667   -97.49505 36.36264     272.186     602.434  937.225  291.518   89.299    0.048   12.617 0.00000e+00
   37    16.63333   -97.49388 36.36438     282.579     611.592  936.300  291.461   89.472    0.255   12.609 0.00000e+00
   38    16.65000   -97.49284 36.36626     297.719     625.070  934.856  291.324   90.235    0.408   12.626 0.00000e+00
   39    16.66667   -97.49192 36.36829     315.022     640.690  933.137  291.162   91.133    0.406   12.645 0.00000e+00
   40    16.68333   -97.49117 36.37049     332.709     656.652  931.384  291.012   91.897    0.207   12.654 0.00000e+00
   41    16.70000   -97.49055 36.37281     340.578     664.321  930.437  290.955   92.230    0.116   12.667 0.00000e+00
   42    16.71667   -97.48999 36.37537     345.215     670.839  929.659  290.918   92.811    0.182   12.727 0.00000e+00
   43    16.73333   -97.48952 36.37804     354.304     681.990  928.428  290.825   93.519    0.149   12.766 0.00000e+00
   44    16.75000   -97.48897 36.38085     369.374     699.127  926.610  290.673   94.266    0.247   12.769 0.00000e+00
   45    16.76667   -97.48811 36.38371     399.830     730.837  923.167  290.389   95.593    0.446   12.764 0.00000e+00
   46    16.78333   -97.48677 36.38659     431.340     763.155  919.709  290.125   96.477    0.265   12.715 0.00000e+00
   47    16.80000   -97.48521 36.38954     443.127     776.661  918.140  290.006   96.834   -0.132   12.687 0.00000e+00
   48    16.81667   -97.48376 36.39256     432.313     768.696  919.015  290.104   96.130   -0.343   12.662 0.00000e+00
   49    16.83333   -97.48258 36.39558     412.974     751.732  920.905  290.295   95.016   -0.396   12.643 0.00000e+00
   50    16.85000   -97.48166 36.39854     394.503     733.252  923.031  290.515   93.800   -0.482   12.628 0.00000e+00
   51    16.86667   -97.48096 36.40129     382.112     719.520  924.520  290.712   92.584   -0.510   12.602 0.00000e+00
   52    16.88333   -97.48032 36.40377     371.708     707.734  925.801  290.867   91.885   -0.260   12.613 0.00000e+00
   53    16.90000   -97.47964 36.40615     357.165     691.559  927.613  291.040   91.237   -0.221   12.637 0.00000e+00
   54    16.91667   -97.47910 36.40852     335.491     668.093  930.137  291.271   90.327   -0.193   12.661 0.00000e+00
   55    16.93333   -97.47882 36.41093     309.310     640.159  933.164  291.551   88.952   -0.331   12.650 0.00000e+00
   56    16.95000   -97.47871 36.41343     279.446     608.525  936.593  291.867   87.510   -0.339   12.649 0.00000e+00
   57    16.96667   -97.47873 36.41597     247.466     574.973  940.219  292.202   86.020   -0.394   12.649 0.00000e+00
   58    16.98333   -97.47891 36.41856     214.451     540.350  944.057  292.542   84.504   -0.475   12.643 0.00000e+00
   59    17.00000   -97.47923 36.42118     179.695     503.946  947.986  292.900   82.942   -0.510   12.638 0.00000e+00
   60    17.01667   -97.47963 36.42385     147.806     470.428  951.693  293.231   81.568   -0.466   12.639 0.00000e+00
   61    17.03333   -97.48007 36.42659     123.846     444.753  954.544  293.486   80.549   -0.346   12.644 0.00000e+00
   62    17.05000   -97.48048 36.42940     108.544     427.650  956.396  293.674   79.816   -0.192   12.651 0.00000e+00
   63    17.06667   -97.48087 36.43226     101.716     420.128  957.228  293.774   79.501   -0.011   12.669 0.00000e+00
   64    17.08333   -97.48125 36.43519     105.542     423.864  956.872  293.813   79.509    0.152   12.706 0.00000e+00
   65    17.10000   -97.48173 36.43812     110.960     429.527  956.249  293.820   79.503    0.054   12.719 0.00000e+00
   66    17.11667   -97.48222 36.44102     106.819     425.096  956.744  293.911   79.239   -0.207   12.742 0.00000e+00
   67    17.13333   -97.48272 36.44386      83.984     401.752  959.315  294.200   78.140   -0.524   12.758 0.00000e+00
   68    17.15000   -97.48299 36.44654      51.596     368.627  962.961  294.530   76.801   -0.522   12.750 0.00000e+00
   69    17.16667   -97.48299 36.44916      28.403     344.114  965.778  294.951   75.395   -0.285   12.809 0.00000e+00
   70    17.18333   -97.48291 36.45144      16.488     330.940  967.189  295.451   73.919   -0.115   12.932 0.00000e+00
   71    17.20000   -97.48297 36.45342      10.639     324.091  967.974  295.784   72.861   -0.064   13.000 0.00000e+00
   72    17.21667   -97.48331 36.45528       6.239     318.951  968.451  295.963   71.785   -0.074   12.943 0.00000e+00
   73    17.23333   -97.48401 36.45718       3.061     315.179  968.774  296.039   71.384   -0.027   12.926 0.00000e+00
   74    17.25000   -97.48490 36.45920       2.480     314.058  968.850  296.199   71.063   -0.005   12.994 0.00000e+00
   75    17.26667   -97.48567 36.46123       2.770     313.643  968.888  296.437   70.562    0.036   13.091 0.00000e+00
   76    17.28333   -97.48608 36.46315       5.699     315.784  968.700  296.181   71.454    0.076   13.053 0.00000e+00
   77    17.30000   -97.48615 36.46499      12.438     322.331  968.071  295.788   72.868    0.155   13.003 0.00000e+00
   78    17.31667   -97.48589 36.46698      24.499     334.225  966.785  295.448   73.644    0.286   12.887 0.00000e+00
   79    17.33333   -97.48532 36.46902      50.891     360.210  963.876  295.092   74.430    0.675   12.781 0.00000e+00
   80    17.35000   -97.48444 36.47110      91.236     399.900  959.450  294.540   75.991    1.110   12.670 0.00000e+00
   81    17.36667   -97.48326 36.47319     139.555     447.065  954.231  294.075   77.729    0.715   12.661 0.00000e+00
   82    17.38333   -97.48200 36.47541     166.632     472.870  951.336  293.788   78.798   -0.069   12.646 0.00000e+00
   83    17.40000   -97.48088 36.47795     168.478     473.558  951.297  293.769   78.616   -0.457   12.602 0.00000e+00
   84    17.41667   -97.48002 36.48085     168.711     472.941  951.333  293.774   78.462   -0.083   12.581 0.00000e+00
   85    17.43333   -97.47939 36.48388     190.165     494.079  949.040  293.557   79.374    0.555   12.587 0.00000e+00
   86    17.45000   -97.47890 36.48678     249.615     553.258  942.556  293.020   81.635    1.290   12.605 0.00000e+00
   87    17.46667   -97.47848 36.48952     337.211     640.933  932.985  292.212   85.203    1.889   12.636 0.00000e+00
   88    17.48333   -97.47790 36.49206     436.254     740.554  922.222  291.294   89.312    1.625   12.645 0.00000e+00
   89    17.50000   -97.47691 36.49451     523.133     827.931  912.905  290.482   93.128    1.130   12.651 0.00000e+00
   90    17.51667   -97.47545 36.49687     593.848     898.827  905.467  289.816   95.715    0.510   12.564 0.00000e+00
   91    17.53333   -97.47358 36.49919     633.982     937.661  901.311  289.485   96.755   -0.055   12.491 0.00000e+00
   92    17.55000   -97.47168 36.50142     642.205     944.672  900.571  289.464   96.360   -0.471   12.434 0.00000e+00
   93    17.56667   -97.47003 36.50360     632.442     933.885  901.726  289.599   95.583   -0.461   12.425 0.00000e+00
   94    17.58333   -97.46846 36.50573     619.557     920.091  903.133  289.743   94.815   -0.579   12.420 0.00000e+00
   95    17.60000   -97.46672 36.50777     590.917     890.922  906.198  290.043   93.138   -0.971   12.395 0.00000e+00
   96    17.61667   -97.46494 36.50983     531.103     831.199  912.528  290.635   90.025   -1.317   12.355 0.00000e+00
   97    17.63333   -97.46339 36.51210     447.051     747.795  921.372  291.444   86.206   -1.651   12.334 0.00000e+00
   98    17.65000   -97.46225 36.51456     351.966     654.549  931.392  292.366   82.411   -1.653   12.362 0.00000e+00
   99    17.66667   -97.46143 36.51722     262.447     567.618  940.824  293.199   78.931   -1.402   12.349 0.00000e+00
  100    17.68333   -97.46091 36.52011     192.580     500.304  948.170  293.824   76.761   -0.930   12.389 0.00000e+00
  101    17.70000   -97.46062 36.52316     151.955     461.728  952.431  294.188   75.392   -0.556   12.390 0.00000e+00
  102    17.71667   -97.46048 36.52630     134.473     445.723  954.194  294.354   74.573   -0.272   12.359 0.00000e+00
  103    17.73333   -97.46040 36.52949     135.643     448.389  953.906  294.321   74.442   -0.019   12.316 0.00000e+00
  104    17.75000   -97.46020 36.53266     156.328     470.697  951.482  294.054   75.631    0.251   12.339 0.00000e+00
  105    17.76667   -97.45983 36.53563     202.357     518.145  946.335  293.941   76.721    1.118   12.497 0.00000e+00
  106    17.78333   -97.45946 36.53830     273.039     589.828  938.575  293.289   79.295    1.472   12.506 0.00000e+00
  107    17.80000   -97.45914 36.54081     352.588     669.078  929.994  292.538   82.321    1.787   12.501 0.00000e+00
  108    17.81667   -97.45884 36.54313     444.653     760.771  920.117  291.638   86.162    1.899   12.497 0.00000e+00
  109    17.83333   -97.45852 36.54527     541.040     856.823  909.887  290.746   90.230    1.969   12.507 0.00000e+00
  110    17.85000   -97.45809 36.54729     637.656     953.026  899.744  289.846   94.515    1.836   12.510 0.00000e+00
  111    17.86667   -97.45741 36.54940     714.971    1029.756  891.688  289.070   98.304    1.363   12.491 0.00000e+00
  112    17.88333   -97.45633 36.55157     784.596    1098.736  884.489  288.572  100.000    1.514   12.408 6.18909e-02
  113    17.90000   -97.45471 36.55394     851.372    1164.829  877.601  288.235  100.000    1.519   12.253 1.67263e-01
  114    17.91667   -97.45254 36.55658     905.187    1218.953  871.962  288.025  100.000    1.261   12.165 2.93918e-01
  115    17.93333   -97.44984 36.55935     923.034    1237.898  870.028  287.964  100.000    0.450   12.145 3.21205e-01
  116    17.95000   -97.44695 36.56217     893.578    1208.871  873.031  288.116  100.000   -0.541   12.222 2.35991e-01
  117    17.96667   -97.44420 36.56497     828.144    1143.642  879.696  288.398   97.486   -1.237   12.024 0.00000e+00
  118    17.98333   -97.44173 36.56773     751.050    1068.177  887.484  289.187   91.656   -1.266   11.791 0.00000e+00
  119    18.00000   -97.43955 36.57046     681.283    1000.676  894.539  289.885   87.175   -1.049   11.635 0.00000e+00
  120    18.01667   -97.43774 36.57313     625.006     946.628  900.227  290.402   84.656   -0.836   11.604 0.00000e+00
  121    18.03333   -97.43632 36.57572     584.012     907.242  904.465  290.821   82.144   -0.492   11.510 0.00000e+00
  122    18.05000   -97.43529 36.57817     557.368     881.649  907.186  291.081   81.000   -0.366   11.504 0.00000e+00
  123    18.06667   -97.43446 36.58043     535.516     859.967  909.628  291.272   80.976   -0.185   11.609 0.00000e+00
  124    18.08333   -97.43372 36.58244     512.305     835.246  912.207  291.461   80.472   -0.254   11.642 0.00000e+00
  125    18.10000   -97.43295 36.58427     486.722     808.375  915.032  291.707   79.779   -0.285   11.687 0.00000e+00
  126    18.11667   -97.43233 36.58605     454.261     774.771  918.617  292.009   78.212   -0.488   11.631 0.00000e+00
  127    18.13333   -97.43182 36.58779     416.969     736.426  922.679  292.397   76.488   -0.710   11.605 0.00000e+00
  128    18.15000   -97.43141 36.58946     378.703     697.067  926.941  292.696   76.306   -0.682   11.742 0.00000e+00
  129    18.16667   -97.43100 36.59117     353.589     670.753  929.801  292.966   75.507   -0.169   11.781 0.00000e+00
  130    18.18333   -97.43050 36.59286     354.347     670.290  929.854  292.971   75.765    0.482   11.825 0.00000e+00
  131    18.20000   -97.42992 36.59452     379.578     694.262  927.324  292.958   77.262    1.209   12.081 0.00000e+00
  132    18.21667   -97.42913 36.59613     443.885     757.358  920.492  292.692   79.260    1.830   12.280 0.00000e+00
  133    18.23333   -97.42804 36.59750     516.366     829.550  912.647  291.972   82.028    1.445   12.251 0.00000e+00
  134    18.25000   -97.42664 36.59880     567.474     881.499  907.133  291.376   83.589    0.216   12.096 0.00000e+00
  135    18.26667   -97.42555 36.60040     586.821     901.592  905.019  291.106   83.407    0.096   11.893 0.00000e+00
  136    18.28333   -97.42474 36.60219     595.033     910.239  904.157  290.993   83.071   -0.088   11.772 0.00000e+00
  137    18.30000   -97.42410 36.60403     590.399     905.835  904.606  291.033   82.321   -0.491   11.689 0.00000e+00
  138    18.31667   -97.42358 36.60598     574.276     889.677  906.307  291.186   81.626   -0.539   11.681 0.00000e+00
  139    18.33333   -97.42315 36.60803     551.937     867.117  908.707  291.397   80.492   -0.573   11.643 0.00000e+00
  140    18.35000   -97.42270 36.61009     523.254     838.214  911.791  291.663   79.374   -0.596   11.637 0.00000e+00
  141    18.36667   -97.42220 36.61214     487.718     802.466  915.556  292.004   77.899   -0.780   11.620 0.00000e+00
  142    18.38333   -97.42168 36.61419     444.501     759.362  920.166  292.439   76.113   -0.850   11.610 0.00000e+00
  143    18.40000   -97.42111 36.61619     397.342     712.786  925.100  292.891   74.373   -0.902   11.609 0.00000e+00
  144    18.41667   -97.42053 36.61815     344.756     660.797  930.694  293.395   72.437   -0.939   11.598 0.00000e+00
  145    18.43333   -97.41995 36.62004     288.031     604.656  936.767  293.939   70.479   -0.996   11.597 0.00000e+00
  146    18.45000   -97.41936 36.62186     231.591     548.964  942.760  294.472   68.675   -0.977   11.606 0.00000e+00
  147    18.46667   -97.41873 36.62362     176.908     495.712  948.563  294.988   66.866   -0.966   11.595 0.00000e+00
  148    18.48333   -97.41808 36.62529     121.515     441.795  954.430  295.482   65.204   -1.077   11.583 0.00000e+00
  149    18.50000   -97.41743 36.62688      69.976     391.672  959.955  295.968   63.705   -0.797   11.593 0.00000e+00
  150    18.51667   -97.41686 36.62837      36.440     359.456  963.491  296.291   62.653   -0.369   11.586 0.00000e+00
  151    18.53333   -97.41644 36.62965      19.800     343.815  965.272  296.885   61.823   -0.164   11.832 0.00000e+00
  152    18.55000   -97.41624 36.63058      12.494     336.589  966.123  297.206   61.232   -0.085   11.940 0.00000e+00
  153    18.56667   -97.41624 36.63123       8.619     332.401  966.560  297.334   60.877   -0.049   11.958 0.00000e+00
  154    18.58333   -97.41653 36.63168       6.629     329.962  966.705  297.521   60.712   -0.024   12.060 0.00000e+00
  155    18.60000   -97.41718 36.63212       5.047     327.805  966.961  297.754   60.446   -0.018   12.175 0.00000e+00
  156    18.61667   -97.41803 36.63261       4.826     326.953  967.022  297.962   60.366   -0.006   12.312 0.00000e+00
  157    18.63333   -97.41822 36.63318       6.827     328.646  966.895  298.069   60.596    0.059   12.441 0.00000e+00
  158    18.65000   -97.41782 36.63377       9.728     331.465  966.614  297.984   60.942    0.059   12.451 0.00000e+00
  159    18.66667   -97.41719 36.63430      12.123     333.811  966.449  297.996   61.059    0.024   12.486 0.00000e+00
  160    18.68333   -97.41669 36.63505      16.101     337.530  966.041  298.129   60.738    0.077   12.526 0.00000e+00
  161    18.70000   -97.41632 36.63625      21.165     341.983  965.534  298.078   60.566    0.160   12.459 0.00000e+00
  162    18.71667   -97.41610 36.63776      29.167     349.102  964.823  297.801   60.764    0.227   12.301 0.00000e+00
  163    18.73333   -97.41589 36.63943      44.772     363.369  963.249  297.528   61.223    0.466   12.211 0.00000e+00
  164    18.75000   -97.41557 36.64116      81.696     398.686  959.334  296.925   62.293    0.984   12.026 0.00000e+00
  165    18.76667   -97.41508 36.64298     171.167     486.506  949.724  295.928   64.688    2.098   11.870 0.00000e+00
  166    18.78333   -97.41462 36.64499     313.403     626.923  934.492  294.436   69.253    2.651   11.782 0.00000e+00
  167    18.80000   -97.41432 36.64705     490.073     801.762  915.752  292.736   75.373    3.049   11.771 0.00000e+00
  168    18.81667   -97.41432 36.64920     667.150     976.918  897.270  291.046   82.254    2.713   11.785 0.00000e+00
  169    18.83333   -97.41448 36.65162     819.898    1127.455  881.614  289.606   88.869    2.355   11.823 0.00000e+00
  170    18.85000   -97.41452 36.65427     943.562    1248.715  869.119  288.424   94.643    1.873   11.837 0.00000e+00
  171    18.86667   -97.41438 36.65710    1032.450    1336.102  860.225  287.573   99.057    1.166   11.845 0.00000e+00
  172    18.88333   -97.41406 36.66011    1087.869    1390.306  854.732  287.220  100.000    0.464   11.779 5.77738e-02
  173    18.90000   -97.41360 36.66324    1114.093    1415.231  852.233  287.034  100.000   -0.049   11.673 6.81463e-02
  174    18.91667   -97.41308 36.66632    1120.233    1421.309  851.589  286.904   99.983   -0.393   11.561 3.26196e-02
  175    18.93333   -97.41251 36.66931    1111.973    1413.076  852.461  286.919   99.038   -0.666   11.451 0.00000e+00
  176    18.95000   -97.41183 36.67221    1093.519    1394.582  854.332  287.165   96.489   -0.722   11.313 0.00000e+00
  177    18.96667   -97.41108 36.67505    1071.318    1372.272  856.594  287.462   93.388   -0.546   11.134 0.00000e+00
  178    18.98333   -97.41026 36.67784    1048.390    1349.171  858.920  287.732   91.052   -0.308   11.017 0.00000e+00
