    0    16.01667   -97.46109 36.21304      95.294     470.311  951.775  292.443   86.356    0.275   12.735 0.00000e+00
    1    16.03333   -97.45996 36.21679     101.116     476.833  951.086  292.351   87.172    0.044   12.790 0.00000e+00
    2    16.05000   -97.45907 36.22010     105.655     482.057  950.421  292.304   87.709    0.047   12.840 0.00000e+00
    3    16.06667   -97.45836 36.22319     114.626     492.459  949.260  292.234   88.179    0.245   12.868 0.00000e+00
    4    16.08333   -97.45772 36.22617     138.486     517.858  946.469  292.014   89.158    0.400   12.870 0.00000e+00
    5    16.10000   -97.45694 36.22906     173.104     554.023  942.518  291.663   90.751    0.587   12.867 0.00000e+00
    6    16.11667   -97.45599 36.23192     215.118     594.569  938.174  291.268   92.458    0.614   12.845 0.00000e+00
    7    16.13333   -97.45480 36.23477     255.267     632.568  933.928  290.916   93.910    0.462   12.817 0.00000e+00
    8    16.15000   -97.45338 36.23765     276.539     652.531  931.821  290.754   94.608    0.131   12.809 0.00000e+00
    9    16.16667   -97.45202 36.24058     272.892     646.879  932.501  290.811   94.321   -0.159   12.808 0.00000e+00
   10    16.18333   -97.45090 36.24361     253.706     625.141  934.855  290.996   93.339   -0.388   12.791 0.00000e+00
   11    16.20000   -97.45004 36.24670     222.188     591.402  938.567  291.276   91.885   -0.657   12.767 0.00000e+00
   12    16.21667   -97.44949 36.24985     184.122     550.843  943.051  291.676   89.907   -0.648   12.751 0.00000e+00
   13    16.23333   -97.44917 36.25306     147.193     511.223  947.427  292.055   88.010   -0.558   12.724 0.00000e+00
   14    16.25000   -97.44905 36.25640     114.154     475.785  951.315  292.421   86.232   -0.492   12.705 0.00000e+00
   15    16.26667   -97.44930 36.25991      90.452     450.312  954.069  292.673   85.204   -0.156   12.717 0.00000e+00
   16    16.28333   -97.44984 36.26343      86.668     444.593  954.706  292.718   85.254    0.150   12.752 0.00000e+00
   17    16.30000   -97.45045 36.26667      90.719     445.095  954.629  292.717   85.354    0.012   12.767 0.00000e+00
   18    16.31667   -97.45112 36.26968      86.964     437.888  955.449  292.819   84.926   -0.159   12.773 0.00000e+00
   19    16.33333   -97.45175 36.27254      81.961     429.364  956.385  292.924   84.526   -0.133   12.785 0.00000e+00
   20    16.35000   -97.45233 36.27533      80.089     423.428  957.007  292.990   84.331   -0.040   12.799 0.00000e+00
   21    16.36667   -97.45290 36.27801      85.646     424.897  956.807  293.019   84.340    0.098   12.827 0.00000e+00
   22    16.38333   -97.45345 36.28054     106.002     442.558  954.740  293.015   84.494    0.484   12.875 0.00000e+00
   23    16.40000   -97.45392 36.28299     152.854     490.574  949.491  292.621   86.311    1.195   12.903 0.00000e+00
   24    16.41667   -97.45420 36.28548     225.609     564.707  941.372  291.871   89.690    1.469   12.900 0.00000e+00
   25    16.43333   -97.45398 36.28808     303.901     643.868  932.815  291.142   93.139    1.647   12.911 0.00000e+00
   26    16.45000   -97.45293 36.29050     368.691     707.231  925.977  290.535   96.176    0.912   12.923 0.00000e+00
   27    16.46667   -97.45124 36.29279     384.881     721.464  924.393  290.385   96.870   -0.339   12.915 0.00000e+00
   28    16.48333   -97.44963 36.29517     351.222     686.093  928.192  290.725   95.109   -1.109   12.904 0.00000e+00
   29    16.50000   -97.44848 36.29771     292.378     626.939  934.523  291.282   92.342   -1.096   12.891 0.00000e+00
   30    16.51667   -97.44783 36.30045     236.534     573.021  940.335  291.789   89.884   -0.847   12.876 0.00000e+00
   31    16.53333   -97.44769 36.30335     199.092     538.022  944.162  292.100   88.389   -0.326   12.860 0.00000e+00
   32    16.55000   -97.44777 36.30629     201.623     542.051  943.818  292.033   88.593    0.548   12.840 0.00000e+00
   33    16.56667   -97.44763 36.30899     247.748     588.147  938.820  291.577   90.618    0.961   12.830 0.00000e+00
   34    16.58333   -97.44710 36.31142     302.542     642.751  932.892  291.068   92.989    0.904   12.829 0.00000e+00
   35    16.60000   -97.44626 36.31364     348.078     687.742  928.031  290.654   94.961    0.861   12.828 0.00000e+00
   36    16.61667   -97.44518 36.31575     380.975     719.551  924.566  290.373   96.400    0.721   12.839 0.00000e+00
   37    16.63333   -97.44377 36.31798     399.716     737.260  922.682  290.251   97.060    0.110   12.854 0.00000e+00
   38    16.65000   -97.44175 36.32048     408.918     745.374  921.793  290.327   95.869   -0.559   12.770 0.00000e+00
   39    16.66667   -97.43945 36.32317     395.269     729.704  923.567  290.659   93.263   -0.886   12.664 0.00000e+00
   40    16.68333   -97.43745 36.32598     359.018     690.236  927.786  291.122   90.602   -0.975   12.612 0.00000e+00
   41    16.70000   -97.43587 36.32899     311.669     639.739  933.243  291.618   88.396   -0.924   12.623 0.00000e+00
   42    16.71667   -97.43485 36.33215     266.959     592.843  938.356  292.086   86.238   -0.619   12.614 0.00000e+00
   43    16.73333   -97.43442 36.33547     236.117     559.839  941.941  292.407   84.663   -0.221   12.589 0.00000e+00
   44    16.75000   -97.43448 36.33887     220.441     541.977  943.942  292.537   84.235    0.021   12.600 0.00000e+00
   45    16.76667   -97.43485 36.34207     215.185     534.451  944.709  292.550   84.424    0.085   12.628 0.00000e+00
   46    16.78333   -97.43520 36.34505     216.051     533.096  944.885  292.531   84.640   -0.108   12.644 0.00000e+00
   47    16.80000   -97.43551 36.34792     219.706     535.455  944.534  292.488   84.905   -0.128   12.654 0.00000e+00
   48    16.81667   -97.43576 36.35070     227.059     542.846  943.749  292.426   85.273   -0.015   12.670 0.00000e+00
   49    16.83333   -97.43602 36.35347     236.055     551.867  942.765  292.350   85.674    0.096   12.682 0.00000e+00
   50    16.85000   -97.43623 36.35629     242.525     559.296  941.928  292.285   86.059    0.113   12.698 0.00000e+00
   51    16.86667   -97.43642 36.35917     245.566     564.476  941.348  292.234   86.343    0.088   12.707 0.00000e+00
   52    16.88333   -97.43654 36.36210     251.215     572.262  940.454  292.178   86.687    0.098   12.725 0.00000e+00
   53    16.90000   -97.43674 36.36507     261.646     585.817  938.924  292.037   87.310    0.133   12.724 0.00000e+00
   54    16.91667   -97.43705 36.36796     282.385     610.196  936.237  291.778   88.426    0.382   12.714 0.00000e+00
   55    16.93333   -97.43745 36.37076     314.367     645.559  932.384  291.464   90.014    0.642   12.741 0.00000e+00
   56    16.95000   -97.43774 36.37344     350.155     682.951  928.375  291.150   91.675    0.758   12.776 0.00000e+00
   57    16.96667   -97.43784 36.37607     382.900     716.576  924.772  290.877   93.137    0.607   12.807 0.00000e+00
   58    16.98333   -97.43776 36.37862     406.071     740.708  922.208  290.678   94.153    0.253   12.819 0.00000e+00
   59    17.00000   -97.43757 36.38111     414.432     750.297  921.156  290.598   94.525   -0.034   12.819 0.00000e+00
   60    17.01667   -97.43743 36.38359     408.289     745.622  921.658  290.659   94.225   -0.251   12.822 0.00000e+00
   61    17.03333   -97.43740 36.38613     390.721     729.469  923.424  290.835   93.405   -0.396   12.828 0.00000e+00
   62    17.05000   -97.43764 36.38869     358.600     698.800  926.727  291.142   91.906   -0.716   12.825 0.00000e+00
   63    17.06667   -97.43806 36.39131     311.381     653.158  931.619  291.587   89.799   -0.897   12.821 0.00000e+00
   64    17.08333   -97.43867 36.39392     259.998     603.335  937.030  292.108   87.540   -0.767   12.841 0.00000e+00
   65    17.10000   -97.43942 36.39647     212.874     557.502  942.196  292.579   85.441   -0.747   12.838 0.00000e+00
   66    17.11667   -97.44041 36.39885     176.041     517.841  946.597  292.976   83.686   -0.675   12.831 0.00000e+00
   67    17.13333   -97.44164 36.40112     145.002     483.468  950.376  293.308   82.304   -0.684   12.832 0.00000e+00
   68    17.15000   -97.44293 36.40324     121.010     456.412  953.332  293.569   81.277   -0.419   12.840 0.00000e+00
   69    17.16667   -97.44419 36.40528     109.257     442.077  954.942  293.706   80.689   -0.203   12.835 0.00000e+00
   70    17.18333   -97.44536 36.40729     104.468     435.680  955.647  293.776   80.377   -0.078   12.831 0.00000e+00
   71    17.20000   -97.44646 36.40932     102.763     432.734  956.008  293.828   80.149   -0.101   12.831 0.00000e+00
   72    17.21667   -97.44753 36.41136      97.934     426.795  956.695  293.917   79.745   -0.159   12.829 0.00000e+00
   73    17.23333   -97.44873 36.41347      95.096     422.979  957.042  293.988   79.429   -0.000   12.830 0.00000e+00
   74    17.25000   -97.45003 36.41570     101.734     428.768  956.343  293.955   79.545    0.282   12.832 0.00000e+00
   75    17.26667   -97.45130 36.41798     119.578     445.430  954.530  293.795   80.096    0.274   12.817 0.00000e+00
   76    17.28333   -97.45241 36.42024     136.761     461.024  952.828  293.700   80.516    0.353   12.831 0.00000e+00
   77    17.30000   -97.45338 36.42264     164.219     487.030  949.931  293.555   81.218    0.742   12.866 0.00000e+00
   78    17.31667   -97.45408 36.42484     219.947     541.924  943.945  293.045   83.088    0.853   12.831 0.00000e+00
   79    17.33333   -97.45455 36.42730     252.832     573.653  940.457  292.796   83.634    0.214   12.763 0.00000e+00
   80    17.35000   -97.45500 36.42985     256.875     576.480  940.134  292.809   83.412   -0.206   12.744 0.00000e+00
   81    17.36667   -97.45547 36.43238     238.059     556.748  942.271  293.078   82.411   -0.627   12.776 0.00000e+00
   82    17.38333   -97.45578 36.43488     190.712     508.404  947.506  293.563   80.184   -1.180   12.741 0.00000e+00
   83    17.40000   -97.45600 36.43742     122.476     439.022  955.188  294.260   77.241   -1.190   12.713 0.00000e+00
   84    17.41667   -97.45608 36.43991      71.197     386.913  960.865  294.759   75.259   -0.706   12.700 0.00000e+00
   85    17.43333   -97.45612 36.44223      47.048     362.194  963.587  295.134   74.180   -0.363   12.775 0.00000e+00
   86    17.45000   -97.45612 36.44434      34.957     349.558  964.930  295.437   73.464   -0.270   12.872 0.00000e+00
   87    17.46667   -97.45597 36.44623      27.153     341.266  965.866  295.764   72.903   -0.223   13.020 0.00000e+00
   88    17.48333   -97.45556 36.44778      21.231     334.886  966.560  295.957   72.596   -0.058   13.110 0.00000e+00
   89    17.50000   -97.45484 36.44900      20.813     334.051  966.655  296.141   72.348    0.082   13.213 0.00000e+00
   90    17.51667   -97.45393 36.45013      26.915     339.727  966.032  296.092   72.571    0.108   13.222 0.00000e+00
   91    17.53333   -97.45312 36.45133      40.669     353.021  964.541  295.967   73.042    0.313   13.227 0.00000e+00
   92    17.55000   -97.45256 36.45275      71.090     382.959  961.228  295.598   74.173    0.758   13.176 0.00000e+00
   93    17.56667   -97.45213 36.45441     124.676     436.070  955.354  294.803   76.453    1.057   13.013 0.00000e+00
   94    17.58333   -97.45200 36.45632     172.722     483.688  950.101  294.221   78.147    0.590   12.901 0.00000e+00
   95    17.60000   -97.45180 36.45834     186.060     496.661  948.657  294.121   77.707   -0.163   12.769 0.00000e+00
   96    17.61667   -97.45145 36.46032     167.179     477.499  950.710  294.345   76.509   -0.817   12.720 0.00000e+00
   97    17.63333   -97.45051 36.46214     126.653     437.038  955.143  294.711   73.940   -0.312   12.516 0.00000e+00
   98    17.65000   -97.44917 36.46391     125.464     436.110  955.287  294.758   73.495    0.497   12.475 0.00000e+00
   99    17.66667   -97.44807 36.46575     154.390     464.733  952.174  294.462   74.865    0.622   12.518 0.00000e+00
  100    17.68333   -97.44714 36.46777     190.055     499.638  948.360  294.110   76.535    0.762   12.571 0.00000e+00
  101    17.70000   -97.44614 36.46982     239.693     548.155  943.142  293.663   78.603    1.128   12.627 0.00000e+00
  102    17.71667   -97.44509 36.47178     312.177     619.390  935.327  293.029   81.443    1.433   12.682 0.00000e+00
  103    17.73333   -97.44409 36.47371     400.357     707.162  925.872  292.219   84.981    1.254   12.705 0.00000e+00
  104    17.75000   -97.44296 36.47588     467.746     774.049  918.735  291.552   87.953    0.735   12.707 0.00000e+00
  105    17.76667   -97.44156 36.47821     515.007     820.239  913.819  291.086   89.945    0.487   12.685 0.00000e+00
  106    17.78333   -97.43988 36.48064     544.550     847.929  910.878  290.773   91.285    0.092   12.661 0.00000e+00
  107    17.80000   -97.43809 36.48312     553.381     854.797  910.090  290.726   91.136   -0.356   12.614 0.00000e+00
  108    17.81667   -97.43639 36.48566     551.913     851.934  910.370  290.778   90.673   -0.433   12.587 0.00000e+00
  109    17.83333   -97.43472 36.48817     542.875     841.612  911.548  290.885   90.128   -0.456   12.581 0.00000e+00
  110    17.85000   -97.43324 36.49061     520.151     817.534  914.105  291.112   89.014   -0.606   12.570 0.00000e+00
  111    17.86667   -97.43190 36.49300     484.534     780.844  917.995  291.467   87.232   -0.902   12.545 0.00000e+00
  112    17.88333   -97.43062 36.49534     435.183     730.570  923.384  291.960   85.137   -1.069   12.556 0.00000e+00
  113    17.90000   -97.42927 36.49758     374.433     670.301  929.703  292.558   82.468   -1.265   12.544 0.00000e+00
  114    17.91667   -97.42802 36.49973     310.326     608.565  936.392  293.187   79.599   -1.151   12.503 0.00000e+00
  115    17.93333   -97.42707 36.50193     252.639     553.223  942.380  293.740   77.214   -1.002   12.474 0.00000e+00
  116    17.95000   -97.42639 36.50425     192.613     495.607  948.714  294.293   75.232   -1.050   12.494 0.00000e+00
  117    17.96667   -97.42587 36.50660     127.123     431.539  955.724  294.905   72.904   -1.129   12.481 0.00000e+00
  118    17.98333   -97.42545 36.50884      74.867     380.208  961.393  295.401   71.256   -0.659   12.503 0.00000e+00
  119    18.00000   -97.42532 36.51097      47.627     353.897  964.298  295.705   70.358   -0.317   12.541 0.00000e+00
  120    18.01667   -97.42545 36.51295      35.574     342.710  965.507  295.947   69.705   -0.156   12.594 0.00000e+00
  121    18.03333   -97.42580 36.51475      29.207     337.449  966.049  296.254   68.899   -0.085   12.677 0.00000e+00
  122    18.05000   -97.42631 36.51626      26.376     335.723  966.258  296.538   68.188   -0.025   12.764 0.00000e+00
  123    18.06667   -97.42692 36.51758      26.873     337.286  966.075  296.696   67.860    0.028   12.829 0.00000e+00
  124    18.08333   -97.42766 36.51884      28.649     340.168  965.771  296.730   67.824    0.044   12.853 0.00000e+00
  125    18.10000   -97.42850 36.52006      33.139     345.762  965.109  296.630   68.141    0.010   12.843 0.00000e+00
  126    18.11667   -97.42933 36.52149      34.053     347.861  964.874  296.716   68.038    0.025   12.894 0.00000e+00
  127    18.13333   -97.43002 36.52275      51.212     365.666  962.929  296.793   68.178    0.482   13.007 0.00000e+00
  128    18.15000   -97.43043 36.52434      91.681     406.770  958.375  296.225   69.785    0.857   12.922 0.00000e+00
  129    18.16667   -97.43059 36.52654     147.721     463.685  952.160  295.485   71.957    1.023   12.817 0.00000e+00
  130    18.18333   -97.43077 36.52902     199.080     516.018  946.441  294.901   73.827    1.111   12.762 0.00000e+00
  131    18.20000   -97.43120 36.53164     245.597     562.526  941.391  294.397   75.202    1.280   12.669 0.00000e+00
  132    18.21667   -97.43185 36.53433     294.387     610.664  936.213  293.791   77.160    1.170   12.588 0.00000e+00
  133    18.23333   -97.43275 36.53712     350.500     666.159  930.201  293.281   79.161    1.281   12.591 0.00000e+00
  134    18.25000   -97.43359 36.53979     411.743     726.061  923.852  292.699   81.408    1.180   12.572 0.00000e+00
  135    18.26667   -97.43428 36.54234     484.215     796.598  916.302  292.067   84.121    1.459   12.589 0.00000e+00
  136    18.28333   -97.43481 36.54493     562.357     872.787  908.226  291.310   87.192    1.277   12.550 0.00000e+00
  137    18.30000   -97.43519 36.54760     622.044     931.542  901.921  290.731   89.442    1.050   12.496 0.00000e+00
  138    18.31667   -97.43537 36.55041     669.832     980.429  896.779  290.272   91.241    0.950   12.451 0.00000e+00
  139    18.33333   -97.43525 36.55330     710.861    1022.658  892.319  289.857   92.981    0.715   12.419 0.00000e+00
  140    18.35000   -97.43472 36.55616     734.385    1047.677  889.701  289.608   93.910    0.202   12.381 0.00000e+00
  141    18.36667   -97.43376 36.55898     736.741    1051.849  889.250  289.565   94.078   -0.254   12.375 0.00000e+00
  142    18.38333   -97.43243 36.56174     711.931    1029.001  891.599  289.784   93.006   -0.735   12.375 0.00000e+00
  143    18.40000   -97.43095 36.56433     671.775     990.742  895.634  290.170   90.760   -1.170   12.321 0.00000e+00
  144    18.41667   -97.42984 36.56675     611.433     931.728  901.860  290.777   87.040   -1.327   12.197 0.00000e+00
  145    18.43333   -97.42940 36.56905     532.970     854.127  910.076  291.547   83.785   -1.082   12.217 0.00000e+00
  146    18.45000   -97.42905 36.57128     456.202     778.072  918.194  292.353   79.955   -1.144   12.157 0.00000e+00
  147    18.46667   -97.42832 36.57342     375.887     698.230  926.748  293.165   76.334   -0.844   12.100 0.00000e+00
  148    18.48333   -97.42703 36.57561     311.099     633.521  933.728  293.796   73.566   -0.262   12.038 0.00000e+00
  149    18.50000   -97.42529 36.57790     268.565     590.691  938.362  294.236   71.986   -0.191   12.046 0.00000e+00
  150    18.51667   -97.42350 36.58026     239.090     560.828  941.715  294.625   70.737   -0.361   12.081 0.00000e+00
  151    18.53333   -97.42194 36.58261     205.354     525.886  945.434  295.024   69.643   -0.897   12.143 0.00000e+00
  152    18.55000   -97.42077 36.58485     146.389     466.116  951.910  295.609   67.655   -1.366   12.146 0.00000e+00
  153    18.56667   -97.42007 36.58696      85.535     404.828  958.590  296.179   65.708   -1.091   12.130 0.00000e+00
  154    18.58333   -97.41972 36.58895      42.722     361.881  963.273  296.527   64.605   -0.525   12.123 0.00000e+00
  155    18.60000   -97.41975 36.59064      25.830     345.115  965.134  296.973   63.655   -0.072   12.250 0.00000e+00
  156    18.61667   -97.41977 36.59194      28.319     347.695  964.804  297.226   63.151    0.209   12.346 0.00000e+00
  157    18.63333   -97.41936 36.59315      48.008     367.616  962.580  296.966   63.670    0.475   12.281 0.00000e+00
  158    18.65000   -97.41864 36.59449      96.927     416.902  957.202  296.426   64.944    1.250   12.190 0.00000e+00
  159    18.66667   -97.41766 36.59610     195.382     515.796  946.377  295.422   68.062    1.950   12.150 0.00000e+00
  160    18.68333   -97.41641 36.59774     314.378     635.019  933.532  294.265   72.065    1.633   12.144 0.00000e+00
  161    18.70000   -97.41504 36.59937     413.185     734.001  922.851  293.304   75.585    1.384   12.137 0.00000e+00
  162    18.71667   -97.41359 36.60097     491.480     812.654  914.498  292.528   78.390    1.002   12.100 0.00000e+00
  163    18.73333   -97.41203 36.60263     539.090     860.796  909.388  292.046   80.239    0.615   12.084 0.00000e+00
  164    18.75000   -97.41058 36.60437     565.197     887.543  906.524  291.771   81.393    0.426   12.084 0.00000e+00
  165    18.76667   -97.40933 36.60614     583.566     906.643  904.500  291.573   82.039    0.388   12.057 0.00000e+00
  166    18.78333   -97.40826 36.60784     603.099     926.906  902.377  291.375   82.620    0.488   12.019 0.00000e+00
  167    18.80000   -97.40735 36.60945     628.902     953.328  899.617  291.127   83.537    0.594   12.000 0.00000e+00
  168    18.81667   -97.40671 36.61097     656.388     981.314  896.684  290.854   84.832    0.574   12.015 0.00000e+00
  169    18.83333   -97.40629 36.61240     679.773    1005.076  894.216  290.621   86.094    0.384   12.048 0.00000e+00
  170    18.85000   -97.40601 36.61375     688.973    1014.510  893.225  290.548   86.334    0.044   12.039 0.00000e+00
  171    18.86667   -97.40576 36.61497     690.403    1016.063  893.083  290.544   86.283   -0.019   12.031 0.00000e+00
  172    18.88333   -97.40554 36.61609     691.185    1016.957  892.984  290.536   86.268   -0.048   12.024 0.00000e+00
  173    18.90000   -97.40532 36.61713     687.558    1013.434  893.352  290.577   85.740   -0.081   11.977 0.00000e+00
  174    18.91667   -97.40517 36.61821     673.674     999.627  894.810  290.720   84.805   -0.347   11.935 0.00000e+00
  175    18.93333   -97.40514 36.61949     634.393     960.363  898.912  291.108   82.950   -1.021   11.911 0.00000e+00
  176    18.95000   -97.40515 36.62110     565.830     891.796  906.101  291.782   79.981   -1.495   11.889 0.00000e+00
  177    18.96667   -97.40495 36.62286     472.777     799.111  915.910  292.696   76.122   -1.923   11.856 0.00000e+00
  178    18.98333   -97.40444 36.62465     355.384     682.333  928.396  293.869   71.794   -2.155   11.869 0.00000e+00
