    0    16.01667   -97.42542 36.27295       7.536     359.055  964.085  293.317   84.107   -0.042   12.933 0.00000e+00
    1    16.03333   -97.42632 36.27467       6.650     357.476  964.200  293.398   83.607    0.009   12.920 0.00000e+00
    2    16.05000   -97.42743 36.27637       7.109     356.749  964.258  293.447   83.344    0.032   12.917 0.00000e+00
    3    16.06667   -97.42850 36.27823      11.075     358.648  964.107  293.408   83.615    0.101   12.930 0.00000e+00
    4    16.08333   -97.42915 36.28014      18.816     364.536  963.397  293.376   83.828    0.167   12.947 0.00000e+00
    5    16.10000   -97.42954 36.28205      28.235     373.167  962.423  293.303   84.137    0.144   12.949 0.00000e+00
    6    16.11667   -97.42989 36.28397      36.294     380.671  961.553  293.226   84.429    0.073   12.943 0.00000e+00
    7    16.13333   -97.43026 36.28587      42.182     385.947  960.998  293.223   84.449    0.061   12.951 0.00000e+00
    8    16.15000   -97.43078 36.28780      46.499     389.519  960.644  293.205   84.508   -0.015   12.950 0.00000e+00
    9    16.16667   -97.43141 36.28976      50.949     392.320  960.343  293.231   84.428    0.060   12.963 0.00000e+00
   10    16.18333   -97.43203 36.29165      60.084     399.530  959.556  293.212   84.550    0.132   12.977 0.00000e+00
   11    16.20000   -97.43260 36.29358      71.216     408.811  958.514  293.134   84.792    0.087   12.965 0.00000e+00
   12    16.21667   -97.43324 36.29572      80.090     415.688  957.734  293.075   84.976   -0.007   12.956 0.00000e+00
   13    16.23333   -97.43409 36.29792      90.936     423.937  956.872  293.044   85.105    0.224   12.962 0.00000e+00
   14    16.25000   -97.43517 36.30024     117.633     448.016  954.205  292.880   85.809    0.865   12.972 0.00000e+00
   15    16.26667   -97.43616 36.30262     170.457     499.179  948.668  292.459   87.694    1.465   12.988 0.00000e+00
   16    16.28333   -97.43672 36.30495     260.531     588.543  938.806  291.565   91.663    1.693   12.968 0.00000e+00
   17    16.30000   -97.43635 36.30733     351.648     680.862  928.699  290.668   95.894    1.533   12.957 0.00000e+00
   18    16.31667   -97.43498 36.30983     417.880     748.204  921.392  289.935   99.348    0.956   12.912 4.83472e-04
   19    16.33333   -97.43297 36.31260     444.847     775.959  918.414  289.664  100.000    0.371   12.829 1.82884e-02
   20    16.35000   -97.43099 36.31585     436.089     767.504  919.318  289.686   99.981   -0.049   12.817 1.45397e-03
   21    16.36667   -97.42926 36.31943     407.940     740.677  922.201  289.967   98.197   -0.403   12.777 0.00000e+00
   22    16.38333   -97.42786 36.32320     371.506     704.318  926.285  290.367   95.872   -0.502   12.740 0.00000e+00
   23    16.40000   -97.42666 36.32706     339.966     669.686  930.030  290.735   93.770   -0.537   12.705 0.00000e+00
   24    16.41667   -97.42558 36.33092     316.405     642.846  932.968  291.025   92.138   -0.441   12.676 0.00000e+00
   25    16.43333   -97.42455 36.33479     306.732     628.683  934.516  291.193   91.072   -0.205   12.643 0.00000e+00
   26    16.45000   -97.42354 36.33857     305.928     623.816  934.980  291.242   90.781    0.033   12.635 0.00000e+00
   27    16.46667   -97.42254 36.34224     308.407     623.337  935.099  291.241   90.846    0.147   12.641 0.00000e+00
   28    16.48333   -97.42147 36.34584     313.765     625.346  934.875  291.201   91.132    0.296   12.652 0.00000e+00
   29    16.50000   -97.42035 36.34947     320.412     630.709  934.218  291.140   91.404    0.228   12.650 0.00000e+00
   30    16.51667   -97.41929 36.35311     326.337     636.619  933.492  291.073   91.681    0.241   12.645 0.00000e+00
   31    16.53333   -97.41831 36.35665     332.248     645.289  932.379  290.979   92.073    0.193   12.638 0.00000e+00
   32    16.55000   -97.41737 36.36002     333.632     651.670  931.700  290.946   92.413   -0.013   12.667 0.00000e+00
   33    16.56667   -97.41661 36.36314     324.399     646.848  932.261  291.001   92.176   -0.260   12.671 0.00000e+00
   34    16.58333   -97.41614 36.36610     303.925     627.921  934.404  291.206   91.202   -0.531   12.672 0.00000e+00
   35    16.60000   -97.41597 36.36887     272.597     597.570  937.743  291.506   89.848   -0.589   12.678 0.00000e+00
   36    16.61667   -97.41608 36.37157     244.913     570.753  940.668  291.753   88.776   -0.388   12.684 0.00000e+00
   37    16.63333   -97.41636 36.37422     238.233     565.294  941.242  291.840   88.535    0.033   12.711 0.00000e+00
   38    16.65000   -97.41660 36.37667     257.190     585.465  939.008  291.721   89.213    0.269   12.744 0.00000e+00
   39    16.66667   -97.41664 36.37892     290.855     620.285  935.246  291.505   89.670    0.390   12.687 0.00000e+00
   40    16.68333   -97.41637 36.38120     326.876     657.168  931.292  291.161   91.578    1.089   12.731 0.00000e+00
   41    16.70000   -97.41556 36.38363     357.677     688.144  928.018  290.872   92.786    1.055   12.709 0.00000e+00
   42    16.71667   -97.41437 36.38629     382.785     712.546  925.468  290.674   93.351    0.750   12.662 0.00000e+00
   43    16.73333   -97.41309 36.38903     398.244     725.915  924.087  290.582   93.462    0.498   12.621 0.00000e+00
   44    16.75000   -97.41180 36.39182     402.336     726.794  923.892  290.578   93.336    0.292   12.604 0.00000e+00
   45    16.76667   -97.41049 36.39469     401.652     723.350  924.261  290.621   93.027    0.251   12.592 0.00000e+00
   46    16.78333   -97.40916 36.39769     404.036     723.261  924.265  290.616   93.079    0.302   12.595 0.00000e+00
   47    16.80000   -97.40769 36.40086     409.870     727.066  923.839  290.569   93.373    0.286   12.603 0.00000e+00
   48    16.81667   -97.40619 36.40416     415.237     730.887  923.360  290.518   93.711    0.176   12.614 0.00000e+00
   49    16.83333   -97.40460 36.40745     424.463     738.505  922.547  290.454   94.000    0.263   12.613 0.00000e+00
   50    16.85000   -97.40285 36.41072     433.331     745.609  921.778  290.382   94.413    0.057   12.621 0.00000e+00
   51    16.86667   -97.40105 36.41396     429.894     740.970  922.236  290.445   93.924   -0.219   12.600 0.00000e+00
   52    16.88333   -97.39941 36.41719     418.147     728.983  923.528  290.576   93.172   -0.434   12.586 0.00000e+00
   53    16.90000   -97.39806 36.42040     398.396     709.459  925.602  290.795   91.899   -0.601   12.559 0.00000e+00
   54    16.91667   -97.39709 36.42353     369.754     680.396  928.819  291.110   90.122   -0.697   12.522 0.00000e+00
   55    16.93333   -97.39663 36.42654     331.203     640.524  933.091  291.521   88.139   -0.831   12.512 0.00000e+00
   56    16.95000   -97.39660 36.42945     285.685     593.514  938.249  292.027   86.338   -0.919   12.583 0.00000e+00
   57    16.96667   -97.39684 36.43234     227.388     533.909  944.795  292.636   84.107   -1.168   12.648 0.00000e+00
   58    16.98333   -97.39722 36.43523     165.673     471.090  951.729  293.260   81.642   -0.996   12.673 0.00000e+00
   59    17.00000   -97.39777 36.43814     120.914     425.585  956.670  293.699   79.787   -0.580   12.663 0.00000e+00
   60    17.01667   -97.39845 36.44109      94.548     401.186  959.349  293.948   78.654   -0.298   12.642 0.00000e+00
   61    17.03333   -97.39927 36.44408      82.024     390.976  960.461  294.091   78.018   -0.144   12.637 0.00000e+00
   62    17.05000   -97.40021 36.44703      74.013     385.265  961.081  294.236   77.519   -0.018   12.662 0.00000e+00
   63    17.06667   -97.40129 36.44991      69.809     383.660  961.256  294.347   77.164    0.003   12.688 0.00000e+00
   64    17.08333   -97.40244 36.45268      69.490     386.168  960.973  294.362   77.109   -0.010   12.695 0.00000e+00
   65    17.10000   -97.40363 36.45538      71.078     389.637  960.820  294.363   77.114    0.038   12.698 0.00000e+00
   66    17.11667   -97.40489 36.45804      76.893     391.573  960.632  294.392   77.033    0.159   12.710 0.00000e+00
   67    17.13333   -97.40618 36.46063      89.210     400.193  959.690  294.393   77.068    0.341   12.730 0.00000e+00
   68    17.15000   -97.40741 36.46316     111.774     419.370  957.497  294.379   77.379    0.724   12.800 0.00000e+00
   69    17.16667   -97.40852 36.46545     164.116     470.690  951.835  293.903   79.427    1.165   12.832 0.00000e+00
   70    17.18333   -97.40949 36.46754     236.973     543.173  943.855  293.197   82.389    1.392   12.846 0.00000e+00
   71    17.20000   -97.41032 36.46949     322.661     628.603  934.578  292.284   86.242    1.599   12.826 0.00000e+00
   72    17.21667   -97.41087 36.47142     401.758     707.192  926.092  291.449   89.854    1.379   12.793 0.00000e+00
   73    17.23333   -97.41098 36.47316     470.438     774.541  918.832  290.751   93.032    1.194   12.773 0.00000e+00
   74    17.25000   -97.41080 36.47476     525.461     827.978  913.038  290.227   95.155    1.326   12.716 0.00000e+00
   75    17.26667   -97.41071 36.47644     580.484     881.476  907.379  289.698   97.576    1.254   12.684 0.00000e+00
   76    17.28333   -97.41091 36.47857     638.115     937.310  901.423  289.165  100.000    1.596   12.657 4.20645e-03
   77    17.30000   -97.41108 36.48108     713.746    1011.154  893.602  288.856  100.000    2.089   12.522 1.78748e-01
   78    17.31667   -97.41042 36.48410     807.572    1103.347  884.019  288.408  100.000    1.588   12.299 2.70455e-01
   79    17.33333   -97.40890 36.48772     885.277    1178.756  876.207  287.953  100.000    1.121   12.050 3.05868e-01
   80    17.35000   -97.40672 36.49173     933.260    1226.636  871.189  287.688  100.000    0.683   11.914 3.53226e-01
   81    17.36667   -97.40405 36.49607     958.400    1252.420  868.507  287.608  100.000    0.359   11.889 4.05036e-01
   82    17.38333   -97.40086 36.50043     967.651    1262.422  867.443  287.521  100.000   -0.293   11.836 3.66232e-01
   83    17.40000   -97.39756 36.50410     959.434    1254.632  868.256  287.485  100.000   -0.507   11.798 2.55659e-01
   84    17.41667   -97.39446 36.50700     961.653    1257.390  867.908  287.444   99.816   -0.164   11.730 1.61244e-01
   85    17.43333   -97.39194 36.50936     977.967    1276.298  865.919  287.267   99.637    0.549   11.601 1.47568e-01
   86    17.45000   -97.39007 36.51148    1026.592    1327.571  860.669  286.955  100.000    1.984   11.497 2.59529e-01
   87    17.46667   -97.38841 36.51380    1106.297    1410.192  852.337  286.541  100.000    2.866   11.300 3.76098e-01
   88    17.48333   -97.38670 36.51663    1208.293    1514.654  841.920  286.040  100.000    2.527   11.070 5.31468e-01
   89    17.50000   -97.38489 36.52000    1304.048    1611.914  832.263  285.580  100.000    1.433   10.865 7.47129e-01
   90    17.51667   -97.38293 36.52382    1359.959    1669.931  826.553  285.267  100.000    0.321   10.718 8.33498e-01
   91    17.53333   -97.38106 36.52794    1376.568    1689.097  824.641  285.162  100.000   -0.375   10.669 8.73955e-01
   92    17.55000   -97.37926 36.53236    1375.385    1690.444  824.512  285.133  100.000   -0.088   10.650 9.17947e-01
   93    17.56667   -97.37762 36.53698    1377.525    1694.427  824.172  285.148  100.000    0.322   10.665 9.69372e-01
   94    17.58333   -97.37619 36.54163    1395.149    1711.543  822.571  285.227  100.000    0.811   10.742 9.94065e-01
   95    17.60000   -97.37490 36.54601    1429.621    1745.010  819.310  285.076  100.000    0.676   10.676 8.56721e-01
   96    17.61667   -97.37326 36.55018    1461.784    1777.668  816.128  284.416  100.000    0.273   10.262 4.94797e-01
   97    17.63333   -97.37097 36.55445    1467.762    1783.746  815.470  284.180  100.000   -0.541   10.102 3.75230e-01
   98    17.65000   -97.36819 36.55886    1428.232    1746.244  819.040  284.268   99.536   -1.451   10.056 1.60411e-01
   99    17.66667   -97.36514 36.56334    1365.780    1687.766  824.705  284.604   97.601   -1.558   10.014 5.51089e-03
  100    17.68333   -97.36202 36.56792    1321.007    1648.299  828.659  285.072   93.679   -0.765    9.868 1.60933e-04
  101    17.70000   -97.35887 36.57248    1310.776    1639.877  829.671  285.200   92.287   -0.027    9.792 0.00000e+00
  102    17.71667   -97.35570 36.57693    1308.155    1635.697  830.073  285.149   93.444   -0.124    9.876 0.00000e+00
  103    17.73333   -97.35252 36.58136    1288.162    1616.095  831.930  285.280   93.568   -0.447    9.953 0.00000e+00
  104    17.75000   -97.34930 36.58585    1258.189    1586.400  834.961  285.410   93.808   -0.423   10.028 0.00000e+00
  105    17.76667   -97.34607 36.59037    1245.155    1569.818  836.679  285.411   95.564   -0.431   10.195 5.00761e-04
  106    17.78333   -97.34312 36.59470    1259.483    1578.370  835.873  285.396   95.342   -0.541   10.171 0.00000e+00
  107    17.80000   -97.34031 36.59877    1286.143    1598.180  833.888  285.295   94.647   -0.520   10.054 9.68182e-03
  108    17.81667   -97.33760 36.60255    1313.319    1621.024  831.553  285.114   94.432   -0.624    9.939 0.00000e+00
  109    17.83333   -97.33496 36.60607    1338.439    1643.923  829.318  284.953   94.542   -0.382    9.872 0.00000e+00
  110    17.85000   -97.33234 36.60940    1368.282    1670.267  826.693  284.738   95.149   -0.178    9.826 0.00000e+00
  111    17.86667   -97.32977 36.61258    1399.216    1698.271  823.916  284.504   95.860   -0.112    9.779 3.76610e-03
  112    17.88333   -97.32710 36.61573    1420.786    1718.114  821.924  284.353   96.115   -0.071    9.731 0.00000e+00
  113    17.90000   -97.32439 36.61896    1425.001    1721.229  821.615  284.377   95.925   -0.060    9.731 3.62287e-05
  114    17.91667   -97.32156 36.62230    1411.624    1706.858  822.992  284.507   95.696   -0.236    9.775 4.76307e-03
  115    17.93333   -97.31866 36.62576    1388.803    1683.804  825.257  284.698   95.105   -0.187    9.812 0.00000e+00
  116    17.95000   -97.31574 36.62928    1377.101    1672.098  826.402  284.791   94.498   -0.053    9.796 0.00000e+00
  117    17.96667   -97.31297 36.63283    1384.631    1679.966  825.638  284.716   95.110    0.198    9.820 0.00000e+00
  118    17.98333   -97.31039 36.63634    1409.134    1704.891  823.194  284.514   95.916    0.344    9.800 0.00000e+00
  119    18.00000   -97.30799 36.63980    1438.898    1735.000  820.268  284.256   97.102    0.287    9.787 0.00000e+00
  120    18.01667   -97.30566 36.64322    1458.420    1755.413  818.253  284.077   97.942   -0.079    9.778 0.00000e+00
  121    18.03333   -97.30333 36.64659    1453.026    1751.642  818.713  284.154   97.173   -0.527    9.746 0.00000e+00
  122    18.05000   -97.30090 36.64995    1422.384    1719.620  821.832  284.469   95.228   -0.843    9.717 0.00000e+00
  123    18.06667   -97.29829 36.65331    1369.322    1665.476  827.099  284.990   92.568   -1.023    9.716 0.00000e+00
  124    18.08333   -97.29554 36.65673    1308.204    1604.579  833.113  285.570   89.806   -0.899    9.724 0.00000e+00
  125    18.10000   -97.29269 36.66026    1261.115    1559.203  837.549  285.971   88.111   -0.419    9.744 0.00000e+00
  126    18.11667   -97.28986 36.66385    1248.302    1548.789  838.605  286.024   88.160    0.265    9.771 0.00000e+00
  127    18.13333   -97.28712 36.66737    1272.498    1575.204  836.016  285.770   89.345    0.901    9.768 0.00000e+00
  128    18.15000   -97.28452 36.67075    1318.663    1622.649  831.346  285.293   91.517    1.002    9.750 0.00000e+00
  129    18.16667   -97.28194 36.67401    1364.843    1670.181  826.694  284.804   94.332    0.713    9.784 0.00000e+00
  130    18.18333   -97.27940 36.67719    1397.642    1704.016  823.358  284.487   95.837    0.389    9.772 0.00000e+00
  131    18.20000   -97.27682 36.68040    1411.965    1718.924  821.903  284.372   96.033    0.172    9.735 0.00000e+00
  132    18.21667   -97.27422 36.68365    1412.964    1720.576  821.740  284.354   95.974    0.127    9.719 0.00000e+00
  133    18.23333   -97.27154 36.68700    1410.350    1718.913  821.916  284.346   96.118    0.377    9.726 0.00000e+00
  134    18.25000   -97.26872 36.69051    1423.140    1732.072  820.678  284.359   98.650    0.293   10.007 9.75872e-02
  135    18.26667   -97.26549 36.69423    1441.745    1749.322  818.969  284.430   99.686   -0.407   10.181 1.44164e-01
  136    18.28333   -97.26212 36.69789    1460.255    1765.604  817.451  284.351   99.408   -0.520   10.118 5.13594e-02
  137    18.30000   -97.25899 36.70137    1485.987    1788.627  815.175  284.307   97.330   -0.136    9.905 9.92858e-02
  138    18.31667   -97.25620 36.70469    1516.043    1816.667  812.458  284.033   97.858   -0.153    9.811 2.75061e-02
  139    18.33333   -97.25362 36.70794    1544.194    1844.052  809.732  283.832   97.627   -0.092    9.690 1.52502e-02
  140    18.35000   -97.25107 36.71116    1565.294    1865.870  807.594  283.693   97.445    0.069    9.608 1.23667e-02
  141    18.36667   -97.24844 36.71441    1573.566    1875.710  806.616  283.614   97.138    0.145    9.538 5.68494e-04
  142    18.38333   -97.24580 36.71767    1573.627    1877.740  806.448  283.567   97.227    0.140    9.519 0.00000e+00
  143    18.40000   -97.24311 36.72094    1567.704    1872.321  807.070  283.642   96.243   -0.003    9.463 0.00000e+00
  144    18.41667   -97.24046 36.72420    1557.543    1860.230  808.281  283.746   95.885   -0.168    9.479 0.00000e+00
  145    18.43333   -97.23785 36.72748    1540.438    1841.277  810.087  283.920   95.171   -0.348    9.498 0.00000e+00
  146    18.45000   -97.23534 36.73075    1519.784    1819.742  812.166  284.145   94.036   -0.421    9.502 0.00000e+00
  147    18.46667   -97.23292 36.73399    1504.676    1804.744  813.611  284.345   92.243   -0.189    9.429 0.00000e+00
  148    18.48333   -97.23055 36.73719    1509.211    1809.383  813.190  284.335   91.514    0.267    9.353 0.00000e+00
  149    18.50000   -97.22826 36.74039    1538.198    1838.456  810.337  284.039   92.874    0.687    9.340 0.00000e+00
  150    18.51667   -97.22603 36.74361    1582.098    1882.643  806.024  283.579   95.478    0.851    9.360 0.00000e+00
  151    18.53333   -97.22375 36.74690    1623.411    1924.384  802.050  283.170   97.625    0.641    9.357 0.00000e+00
  152    18.55000   -97.22145 36.75027    1644.118    1945.116  800.067  282.961   98.838    0.158    9.364 0.00000e+00
  153    18.56667   -97.21916 36.75369    1636.662    1937.712  800.769  283.060   97.872   -0.372    9.327 0.00000e+00
  154    18.58333   -97.21684 36.75713    1603.289    1905.293  803.807  283.399   95.500   -0.723    9.275 0.00000e+00
  155    18.60000   -97.21449 36.76060    1554.969    1858.743  808.282  283.883   92.552   -0.878    9.234 0.00000e+00
  156    18.61667   -97.21210 36.76412    1503.325    1809.124  813.106  284.369   89.886   -0.909    9.209 0.00000e+00
  157    18.63333   -97.20957 36.76769    1461.898    1769.040  817.020  284.814   87.820   -0.746    9.223 0.00000e+00
  158    18.65000   -97.20699 36.77128    1436.938    1745.478  819.299  285.024   86.374   -0.240    9.173 0.00000e+00
  159    18.66667   -97.20444 36.77487    1437.919    1750.301  818.837  284.971   86.585    0.423    9.168 0.00000e+00
  160    18.68333   -97.20186 36.77839    1468.610    1784.954  815.525  284.658   87.503    0.830    9.112 0.00000e+00
  161    18.70000   -97.19930 36.78188    1513.700    1832.954  810.851  284.140   90.288    0.940    9.136 0.00000e+00
  162    18.71667   -97.19672 36.78534    1555.644    1877.193  806.600  283.646   93.448    0.840    9.196 0.00000e+00
  163    18.73333   -97.19413 36.78871    1578.665    1901.313  804.372  283.315   95.965    0.506    9.262 0.00000e+00
  164    18.75000   -97.19156 36.79201    1580.379    1902.169  804.296  283.186   98.041    0.182    9.381 0.00000e+00
  165    18.76667   -97.18901 36.79522    1570.442    1891.330  805.357  283.287   97.966    0.012    9.425 0.00000e+00
  166    18.78333   -97.18638 36.79830    1557.833    1877.198  806.725  283.483   96.500   -0.184    9.391 0.00000e+00
  167    18.80000   -97.18366 36.80127    1544.275    1862.731  808.085  283.667   94.857   -0.336    9.330 0.00000e+00
  168    18.81667   -97.18094 36.80419    1524.517    1842.419  810.073  283.890   93.251   -0.394    9.288 0.00000e+00
  169    18.83333   -97.17828 36.80713    1492.606    1810.018  813.201  284.199   91.573   -0.534    9.275 0.00000e+00
  170    18.85000   -97.17570 36.81017    1452.396    1769.699  817.124  284.592   89.480   -0.689    9.259 0.00000e+00
  171    18.86667   -97.17334 36.81328    1413.100    1731.062  820.903  284.973   87.603   -0.582    9.254 0.00000e+00
  172    18.88333   -97.17117 36.81641    1391.212    1709.916  822.971  285.193   86.661   -0.185    9.266 0.00000e+00
  173    18.90000   -97.16912 36.81954    1396.572    1716.339  822.303  285.122   87.301    0.331    9.298 0.00000e+00
  174    18.91667   -97.16711 36.82268    1427.436    1748.846  819.118  284.800   89.057    0.790    9.321 0.00000e+00
  175    18.93333   -97.16497 36.82586    1473.370    1796.327  814.539  284.329   91.572    0.962    9.340 0.00000e+00
  176    18.95000   -97.16270 36.82908    1522.622    1846.958  809.613  283.826   94.280    0.833    9.355 0.00000e+00
  177    18.96667   -97.16037 36.83231    1561.697    1887.213  805.665  283.423   96.474    0.545    9.363 0.00000e+00
  178    18.98333   -97.15805 36.83555    1583.450    1910.124  803.541  283.210   97.646    0.218    9.367 0.00000e+00
