    0    16.01667   -97.51499 36.25931      29.564     388.203  960.596  293.065   84.477   -0.018   12.834 0.00000e+00
    1    16.03333   -97.51533 36.26165      29.039     389.021  960.482  293.110   84.419    0.021   12.862 0.00000e+00
    2    16.05000   -97.51575 36.26391      26.972     388.187  960.587  293.167   84.310   -0.070   12.890 0.00000e+00
    3    16.06667   -97.51640 36.26601      22.123     384.730  960.964  293.213   84.155   -0.130   12.899 0.00000e+00
    4    16.08333   -97.51741 36.26791      17.839     381.801  961.272  293.283   83.954   -0.035   12.920 0.00000e+00
    5    16.10000   -97.51864 36.26974      17.501     383.139  961.133  293.329   83.902    0.030   12.951 0.00000e+00
    6    16.11667   -97.51990 36.27169      20.372     387.854  960.745  293.354   83.903    0.092   12.977 0.00000e+00
    7    16.13333   -97.52115 36.27378      28.504     394.546  959.996  293.345   84.023    0.372   12.998 0.00000e+00
    8    16.15000   -97.52232 36.27586      58.186     422.587  956.838  293.063   85.156    1.055   12.986 0.00000e+00
    9    16.16667   -97.52321 36.27789     115.787     478.890  950.697  292.483   87.542    1.080   12.957 0.00000e+00
   10    16.18333   -97.52371 36.28014     175.809     537.813  944.214  291.895   90.075    0.927   12.936 0.00000e+00
   11    16.20000   -97.52399 36.28270     237.093     597.911  937.628  291.294   92.597    0.938   12.893 0.00000e+00
   12    16.21667   -97.52400 36.28526     291.150     650.907  931.905  290.788   94.927    0.630   12.879 0.00000e+00
   13    16.23333   -97.52370 36.28766     318.790     677.606  928.983  290.555   96.016   -0.125   12.876 0.00000e+00
   14    16.25000   -97.52330 36.28992     325.783     683.804  928.257  290.542   95.840    0.245   12.851 0.00000e+00
   15    16.26667   -97.52295 36.29219     341.659     698.979  926.656  290.392   96.522    0.477   12.842 0.00000e+00
   16    16.28333   -97.52237 36.29460     372.715     729.402  923.336  290.119   97.718    0.307   12.823 0.00000e+00
   17    16.30000   -97.52162 36.29716     397.947     754.105  920.710  289.914   98.452    0.407   12.788 2.69350e-05
   18    16.31667   -97.52065 36.29995     420.083     775.600  918.429  289.735   99.262    0.464   12.777 1.27303e-03
   19    16.33333   -97.51949 36.30297     431.614     785.903  917.427  289.677   99.575    0.441   12.784 2.50697e-03
   20    16.35000   -97.51831 36.30603     436.006     787.988  917.234  289.664   99.643   -0.070   12.785 1.11407e-03
   21    16.36667   -97.51714 36.30899     440.689     790.542  916.881  289.751   98.332   -0.333   12.693 0.00000e+00
   22    16.38333   -97.51614 36.31195     440.531     788.825  917.058  289.892   96.767    0.023   12.601 0.00000e+00
   23    16.40000   -97.51522 36.31507     446.627     792.562  916.646  289.894   96.530    0.440   12.577 0.00000e+00
   24    16.41667   -97.51422 36.31842     463.562     806.864  915.018  289.808   96.491    0.766   12.526 8.90927e-04
   25    16.43333   -97.51332 36.32219     489.720     831.154  912.458  289.685   96.305    1.312   12.439 6.00959e-03
   26    16.45000   -97.51231 36.32625     546.074     884.157  906.904  289.211   98.437    1.597   12.409 1.21268e-02
   27    16.46667   -97.51080 36.33039     612.485     946.942  900.075  288.766  100.000    1.005   12.360 9.77556e-02
   28    16.48333   -97.50893 36.33440     643.595     981.733  896.370  288.630  100.000    0.387   12.304 1.95535e-01
   29    16.50000   -97.50651 36.33839     629.267     970.882  897.550  288.652  100.000   -0.715   12.295 8.92814e-02
   30    16.51667   -97.50392 36.34224     562.791     904.842  904.550  289.130   98.049   -1.561   12.328 5.88088e-04
   31    16.53333   -97.50156 36.34574     491.876     834.244  912.104  289.799   94.790   -1.304   12.338 0.00000e+00
   32    16.55000   -97.49947 36.34891     457.535     797.736  916.172  290.161   93.112   -0.876   12.348 0.00000e+00
   33    16.56667   -97.49745 36.35202     464.948     801.737  915.749  290.114   93.352   -0.011   12.348 0.00000e+00
   34    16.58333   -97.49542 36.35517     504.437     837.751  911.827  289.756   95.052    0.681   12.342 0.00000e+00
   35    16.60000   -97.49338 36.35854     564.898     896.871  905.498  289.191   97.698    1.300   12.319 0.00000e+00
   36    16.61667   -97.49117 36.36208     642.390     972.123  897.612  288.601  100.000    1.720   12.263 6.04660e-02
   37    16.63333   -97.48898 36.36576     711.789    1038.216  890.670  288.314  100.000    1.618   12.132 1.99691e-01
   38    16.65000   -97.48660 36.36960     766.635    1089.979  885.230  288.078  100.000    1.224   12.022 2.78761e-01
   39    16.66667   -97.48407 36.37350     801.059    1125.156  881.401  287.921  100.000    0.539   11.953 3.42306e-01
   40    16.68333   -97.48146 36.37737     800.819    1129.629  880.918  287.862  100.000   -0.477   11.915 2.79957e-01
   41    16.70000   -97.47863 36.38112     760.047    1093.419  884.810  287.975   99.481   -1.174   11.869 7.94932e-02
   42    16.71667   -97.47564 36.38479     687.703    1022.641  892.253  288.590   95.951   -1.592   11.813 7.25282e-05
   43    16.73333   -97.47272 36.38853     602.904     939.598  901.019  289.435   91.523   -1.536   11.781 0.00000e+00
   44    16.75000   -97.46999 36.39244     530.538     867.153  908.759  290.165   87.939   -0.953   11.761 0.00000e+00
   45    16.76667   -97.46746 36.39640     504.030     840.678  911.533  290.444   86.514    0.058   11.742 0.00000e+00
   46    16.78333   -97.46503 36.40039     521.787     858.867  909.504  290.125   88.931    0.766   11.853 0.00000e+00
   47    16.80000   -97.46246 36.40448     570.596     910.355  904.024  289.459   93.380    1.154   11.999 0.00000e+00
   48    16.81667   -97.45959 36.40866     630.826     970.603  897.787  288.828   97.059    0.735   12.059 4.92679e-05
   49    16.83333   -97.45639 36.41285     660.075     995.668  895.274  288.699   96.811   -0.153   11.963 7.87653e-06
   50    16.85000   -97.45322 36.41685     644.656     973.136  897.654  288.984   94.780   -0.715   11.896 0.00000e+00
   51    16.86667   -97.45011 36.42067     604.967     927.534  902.425  289.427   92.503   -0.825   11.883 0.00000e+00
   52    16.88333   -97.44692 36.42437     553.311     872.268  908.216  289.955   89.980   -0.897   11.881 0.00000e+00
   53    16.90000   -97.44385 36.42808     502.539     819.054  913.880  290.453   87.833   -0.628   11.897 0.00000e+00
   54    16.91667   -97.44103 36.43180     475.918     790.479  916.982  290.703   86.960   -0.090   11.927 0.00000e+00
   55    16.93333   -97.43838 36.43551     477.385     790.716  916.930  290.666   87.366    0.285   11.955 0.00000e+00
   56    16.95000   -97.43587 36.43917     498.335     811.608  914.605  290.434   88.588    0.585   11.975 0.00000e+00
   57    16.96667   -97.43350 36.44281     537.113     851.576  910.307  290.020   90.708    0.865   11.998 0.00000e+00
   58    16.98333   -97.43107 36.44639     587.353     903.408  904.791  289.497   93.367    0.861   12.016 0.00000e+00
   59    17.00000   -97.42841 36.44993     627.623     944.641  900.465  289.091   95.449    0.453   12.026 0.00000e+00
   60    17.01667   -97.42555 36.45343     639.854     956.102  899.323  288.999   95.838   -0.123   12.019 0.00000e+00
   61    17.03333   -97.42273 36.45696     624.126     937.659  901.342  289.211   94.594   -0.461   11.998 0.00000e+00
   62    17.05000   -97.42009 36.46055     602.430     912.991  903.900  289.469   93.173   -0.303   11.982 0.00000e+00
   63    17.06667   -97.41769 36.46420     597.733     905.559  904.748  289.549   92.790    0.131   11.982 0.00000e+00
   64    17.08333   -97.41545 36.46789     615.263     921.293  902.973  289.379   93.640    0.562   11.985 0.00000e+00
   65    17.10000   -97.41319 36.47156     652.739     957.704  899.189  289.019   95.502    0.866   11.994 0.00000e+00
   66    17.11667   -97.41084 36.47528     698.485    1000.570  894.825  288.578   98.085    0.761   12.032 0.00000e+00
   67    17.13333   -97.40853 36.47902     729.163    1027.099  891.934  288.292  100.000    0.232   12.091 2.41579e-02
   68    17.15000   -97.40644 36.48279     728.764    1024.089  892.261  288.385  100.000   -0.441   12.158 3.90341e-02
   69    17.16667   -97.40436 36.48673     695.275     987.697  896.044  288.681   99.270   -0.861   12.241 2.46566e-02
   70    17.18333   -97.40195 36.49073     634.564     926.397  902.358  289.221   96.187   -1.506   12.195 0.00000e+00
   71    17.20000   -97.39935 36.49451     562.250     855.463  909.917  289.994   91.446   -1.500   12.081 0.00000e+00
   72    17.21667   -97.39656 36.49806     507.711     801.903  915.689  290.563   88.373   -0.975   12.030 0.00000e+00
   73    17.23333   -97.39374 36.50157     474.387     769.409  919.107  290.872   87.009   -0.423   12.034 0.00000e+00
   74    17.25000   -97.39090 36.50517     460.206     757.550  920.337  290.970   86.793   -0.226   12.064 0.00000e+00
   75    17.26667   -97.38811 36.50880     442.818     744.087  921.784  290.997   87.889   -0.292   12.218 0.00000e+00
   76    17.28333   -97.38576 36.51245     386.710     691.980  927.498  291.463   86.280   -1.285   12.277 0.00000e+00
   77    17.30000   -97.38438 36.51594     317.622     624.401  934.804  292.142   83.198   -1.397   12.260 0.00000e+00
   78    17.31667   -97.38400 36.51921     263.455     571.257  940.578  292.644   81.521   -1.003   12.321 0.00000e+00
   79    17.33333   -97.38450 36.52211     239.002     547.685  943.100  292.861   80.883   -0.245   12.359 0.00000e+00
   80    17.35000   -97.38540 36.52461     248.330     558.262  941.976  292.781   82.009    0.618   12.483 0.00000e+00
   81    17.36667   -97.38644 36.52680     289.920     600.920  937.323  292.371   83.711    1.307   12.480 0.00000e+00
   82    17.38333   -97.38732 36.52879     368.606     680.660  928.661  291.597   86.864    1.676   12.450 0.00000e+00
   83    17.40000   -97.38758 36.53050     471.411     784.557  917.533  290.619   91.255    1.963   12.442 0.00000e+00
   84    17.41667   -97.38727 36.53210     563.110     877.369  907.643  289.717   95.810    1.293   12.467 0.00000e+00
   85    17.43333   -97.38652 36.53387     616.031     931.682  901.890  289.207   98.301    0.657   12.458 0.00000e+00
   86    17.45000   -97.38498 36.53600     655.078     972.328  897.622  288.893   98.596    0.405   12.304 4.81518e-03
   87    17.46667   -97.38298 36.53841     685.979    1004.399  894.298  288.686   98.732    0.396   12.203 1.72183e-03
   88    17.48333   -97.38075 36.54103     716.233    1034.246  891.184  288.555   97.944    0.327   12.045 0.00000e+00
   89    17.50000   -97.37825 36.54395     751.665    1069.488  887.554  288.299   99.082    0.571   12.034 2.31504e-02
   90    17.51667   -97.37573 36.54707     791.873    1108.247  883.512  288.067   99.679    0.616   11.981 5.75528e-02
   91    17.53333   -97.37316 36.55025     823.699    1139.535  880.282  287.948   99.138    0.341   11.868 5.74230e-02
   92    17.55000   -97.37058 36.55338     841.965    1157.041  878.442  287.846   99.112    0.073   11.811 2.50904e-02
   93    17.56667   -97.36812 36.55645     849.992    1165.849  877.405  287.858   98.305    0.091   11.738 5.07209e-02
   94    17.58333   -97.36589 36.55948     856.478    1174.796  876.431  287.770   98.253    0.146   11.678 1.80488e-02
   95    17.60000   -97.36384 36.56245     859.710    1180.783  875.834  287.723   97.892    0.132   11.608 0.00000e+00
   96    17.61667   -97.36187 36.56535     853.732    1177.999  876.173  287.822   96.583   -0.006   11.522 0.00000e+00
   97    17.63333   -97.35989 36.56818     834.996    1161.453  878.012  288.051   94.799   -0.237   11.454 0.00000e+00
   98    17.65000   -97.35791 36.57099     809.409    1136.315  880.620  288.355   92.579   -0.376   11.375 0.00000e+00
   99    17.66667   -97.35598 36.57381     782.834    1108.954  883.487  288.642   90.884   -0.364   11.339 0.00000e+00
  100    17.68333   -97.35403 36.57668     760.502    1086.162  885.813  288.860   89.914   -0.474   11.347 0.00000e+00
  101    17.70000   -97.35207 36.57960     743.125    1069.273  887.582  289.017   89.359   -0.545   11.369 0.00000e+00
  102    17.71667   -97.35009 36.58260     731.819    1058.806  888.673  289.043   90.150   -0.604   11.475 0.00000e+00
  103    17.73333   -97.34808 36.58567     731.052    1057.740  888.847  289.023   90.668   -0.343   11.523 0.00000e+00
  104    17.75000   -97.34605 36.58888     736.351    1061.280  888.564  289.015   90.673   -0.091   11.522 0.00000e+00
  105    17.76667   -97.34404 36.59230     745.487    1066.578  888.054  288.966   91.132    0.020   11.550 0.00000e+00
  106    17.78333   -97.34197 36.59590     752.705    1069.191  887.816  288.947   91.239    0.121   11.552 0.00000e+00
  107    17.80000   -97.33986 36.59967     758.531    1069.464  887.693  288.881   92.196    0.047   11.626 1.10210e-05
  108    17.81667   -97.33772 36.60347     751.029    1058.728  888.716  289.002   91.409   -0.219   11.603 7.20546e-08
  109    17.83333   -97.33573 36.60714     737.639    1042.799  890.429  289.097   91.505    0.055   11.664 0.00000e+00
  110    17.85000   -97.33390 36.61071     741.141    1043.004  890.401  289.084   91.626    0.258   11.670 0.00000e+00
  111    17.86667   -97.33203 36.61422     751.726    1051.033  889.496  288.996   92.076    0.229   11.673 0.00000e+00
  112    17.88333   -97.33009 36.61759     764.014    1061.878  888.443  288.909   92.301    0.256   11.650 0.00000e+00
  113    17.90000   -97.32806 36.62080     783.589    1079.927  886.510  288.743   92.882    0.383   11.624 0.00000e+00
  114    17.91667   -97.32601 36.62388     815.229    1110.988  883.225  288.452   94.025    0.634   11.591 0.00000e+00
  115    17.93333   -97.32384 36.62696     856.096    1151.601  879.004  288.081   95.588    0.611   11.559 0.00000e+00
  116    17.95000   -97.32147 36.63007     890.756    1185.995  875.439  287.772   96.846    0.438   11.526 0.00000e+00
  117    17.96667   -97.31901 36.63322     912.260    1207.644  873.175  287.569   97.745    0.240   11.511 0.00000e+00
  118    17.98333   -97.31649 36.63636     916.689    1212.448  872.704  287.531   97.915   -0.112   11.508 0.00000e+00
  119    18.00000   -97.31413 36.63942     896.991    1192.957  874.762  287.730   96.976   -0.548   11.519 0.00000e+00
  120    18.01667   -97.31207 36.64238     850.139    1145.745  879.648  288.186   94.819   -0.964   11.537 0.00000e+00
  121    18.03333   -97.31041 36.64516     781.368    1076.911  886.730  288.851   91.643   -1.269   11.546 0.00000e+00
  122    18.05000   -97.30913 36.64774     699.349     995.194  895.337  289.629   88.435   -1.354   11.601 0.00000e+00
  123    18.06667   -97.30804 36.65012     613.629     909.464  904.354  290.518   83.664   -1.403   11.500 0.00000e+00
  124    18.08333   -97.30692 36.65240     532.577     828.281  912.963  291.305   80.368   -1.406   11.504 0.00000e+00
  125    18.10000   -97.30565 36.65473     459.767     755.237  920.773  291.972   79.039   -1.115   11.699 0.00000e+00
  126    18.11667   -97.30436 36.65717     406.609     702.537  926.389  292.500   77.686   -0.669   11.815 0.00000e+00
  127    18.13333   -97.30331 36.65961     379.495     675.933  929.256  292.746   76.751   -0.099   11.818 0.00000e+00
  128    18.15000   -97.30314 36.66193     366.452     663.195  930.649  292.893   77.388    0.239   12.008 0.00000e+00
  129    18.16667   -97.30386 36.66420     416.493     713.729  925.189  292.427   80.385    1.573   12.186 0.00000e+00
  130    18.18333   -97.30489 36.66627     549.396     847.442  910.848  291.086   87.199    2.811   12.338 0.00000e+00
  131    18.20000   -97.30555 36.66817     705.997    1004.727  894.265  289.513   95.158    2.238   12.405 0.00000e+00
  132    18.21667   -97.30568 36.67017     818.485    1118.109  882.433  288.466  100.000    1.160   12.367 3.36715e-02
  133    18.23333   -97.30521 36.67217     883.167    1184.242  875.582  288.154   97.743    0.877   11.923 7.84361e-02
  134    18.25000   -97.30428 36.67416     934.102    1237.278  870.149  287.727   98.587    0.696   11.770 9.50164e-02
  135    18.26667   -97.30317 36.67625     969.971    1275.151  866.281  287.396  100.000    0.335   11.741 1.28002e-01
  136    18.28333   -97.30207 36.67852     991.165    1298.279  863.909  287.276  100.000    0.034   11.697 1.70526e-01
  137    18.30000   -97.30110 36.68100     997.706    1306.452  863.117  287.254  100.000   -0.141   11.692 1.78085e-01
  138    18.31667   -97.30022 36.68357     978.898    1288.553  864.946  287.434   99.795   -0.468   11.760 1.88279e-01
  139    18.33333   -97.29924 36.68614     936.822    1247.258  869.187  287.677   98.886   -0.932   11.781 8.22730e-02
  140    18.35000   -97.29808 36.68858     883.526    1194.599  874.565  288.072   96.972   -0.851   11.780 1.20621e-02
  141    18.36667   -97.29669 36.69087     846.439    1158.114  878.365  288.436   94.784   -0.019   11.738 0.00000e+00
  142    18.38333   -97.29543 36.69307     830.905    1143.089  879.959  288.586   93.029   -0.044   11.611 0.00000e+00
  143    18.40000   -97.29436 36.69535     827.887    1140.537  880.181  288.623   92.864    0.307   11.615 0.00000e+00
  144    18.41667   -97.29361 36.69777     834.581    1147.364  879.521  288.533   94.209    0.251   11.724 0.00000e+00
  145    18.43333   -97.29297 36.70036     839.703    1152.231  878.998  288.519   93.735    0.029   11.662 0.00000e+00
  146    18.45000   -97.29224 36.70303     831.563    1143.954  879.874  288.638   92.577   -0.173   11.595 0.00000e+00
  147    18.46667   -97.29140 36.70570     822.985    1134.823  880.901  288.729   92.197   -0.151   11.602 0.00000e+00
  148    18.48333   -97.29044 36.70838     821.781    1131.474  881.265  288.801   91.436    0.074   11.555 0.00000e+00
  149    18.50000   -97.28946 36.71107     827.224    1134.603  880.930  288.815   90.856    0.232   11.497 0.00000e+00
  150    18.51667   -97.28844 36.71377     835.101    1140.200  880.365  288.771   90.967    0.276   11.485 0.00000e+00
  151    18.53333   -97.28734 36.71646     844.436    1148.123  879.524  288.690   91.348    0.287   11.484 0.00000e+00
  152    18.55000   -97.28618 36.71907     853.353    1155.602  878.770  288.627   91.446    0.235   11.460 0.00000e+00
  153    18.56667   -97.28500 36.72159     857.677    1158.534  878.451  288.604   91.462    0.121   11.449 0.00000e+00
  154    18.58333   -97.28380 36.72402     854.994    1155.560  878.672  288.652   90.840   -0.065   11.403 0.00000e+00
  155    18.60000   -97.28258 36.72640     844.091    1144.700  879.807  288.752   90.443   -0.237   11.413 0.00000e+00
  156    18.61667   -97.28131 36.72878     826.274    1127.091  881.615  288.911   89.883   -0.324   11.435 0.00000e+00
  157    18.63333   -97.27998 36.73117     799.273    1100.573  884.372  289.165   88.857   -0.563   11.455 0.00000e+00
  158    18.65000   -97.27861 36.73361     764.453    1066.356  887.894  289.496   87.561   -0.730   11.485 0.00000e+00
  159    18.66667   -97.27721 36.73611     721.019    1023.641  892.344  289.929   85.501   -0.964   11.472 0.00000e+00
  160    18.68333   -97.27588 36.73852     655.630     959.300  899.041  290.571   82.412   -1.198   11.434 0.00000e+00
  161    18.70000   -97.27489 36.74073     588.504     894.118  905.918  291.184   80.133   -0.895   11.471 0.00000e+00
  162    18.71667   -97.27415 36.74291     543.891     851.376  910.457  291.591   78.627   -0.444   11.492 0.00000e+00
  163    18.73333   -97.27360 36.74518     522.408     831.765  912.549  291.744   78.615   -0.125   11.575 0.00000e+00
  164    18.75000   -97.27318 36.74754     511.964     822.621  913.549  291.827   78.554   -0.091   11.614 0.00000e+00
  165    18.76667   -97.27278 36.74995     501.879     812.701  914.637  291.914   78.455   -0.179   11.649 0.00000e+00
  166    18.78333   -97.27244 36.75238     486.938     797.839  916.241  292.041   78.271   -0.297   11.695 0.00000e+00
  167    18.80000   -97.27219 36.75479     464.912     775.818  918.620  292.258   77.442   -0.481   11.699 0.00000e+00
  168    18.81667   -97.27203 36.75714     435.692     746.480  921.712  292.539   76.694   -0.690   11.753 0.00000e+00
  169    18.83333   -97.27206 36.75946     408.811     719.528  924.634  292.851   76.027   -0.570   11.843 0.00000e+00
  170    18.85000   -97.27218 36.76170     393.073     703.743  926.312  293.030   75.489   -0.366   11.871 0.00000e+00
  171    18.86667   -97.27240 36.76384     380.815     691.481  927.612  293.165   75.121   -0.357   11.896 0.00000e+00
  172    18.88333   -97.27276 36.76597     360.330     671.080  929.788  293.362   74.408   -0.645   11.901 0.00000e+00
  173    18.90000   -97.27324 36.76819     322.763     633.629  933.854  293.753   72.927   -1.001   11.899 0.00000e+00
  174    18.91667   -97.27373 36.77053     274.135     585.127  939.114  294.238   71.192   -1.047   11.905 0.00000e+00
  175    18.93333   -97.27411 36.77301     222.960     533.825  944.728  294.769   69.374   -0.934   11.916 0.00000e+00
  176    18.95000   -97.27441 36.77560     176.761     487.309  949.788  295.189   68.034   -0.938   11.929 0.00000e+00
  177    18.96667   -97.27480 36.77815     149.966     460.324  952.706  295.442   67.254   -0.369   11.940 0.00000e+00
  178    18.98333   -97.27522 36.78052     138.064     448.479  954.030  295.724   66.668    0.165   12.026 0.00000e+00
