    0    16.01667   -97.56711 36.22044      52.037     380.508  961.313  293.420   83.164    0.084   12.907 0.00000e+00
    1    16.03333   -97.56628 36.22288      53.133     383.063  961.075  293.444   83.057   -0.032   12.913 0.00000e+00
    2    16.05000   -97.56518 36.22544      51.298     382.545  961.155  293.483   82.826   -0.125   12.908 0.00000e+00
    3    16.06667   -97.56395 36.22798      48.776     380.938  961.417  293.549   82.439   -0.062   12.897 0.00000e+00
    4    16.08333   -97.56267 36.23057      44.059     376.904  961.836  293.638   82.047   -0.093   12.901 0.00000e+00
    5    16.10000   -97.56131 36.23328      36.405     370.838  962.501  293.778   81.545   -0.105   12.926 0.00000e+00
    6    16.11667   -97.55978 36.23600      29.685     365.567  963.095  293.907   81.156   -0.143   12.960 0.00000e+00
    7    16.13333   -97.55810 36.23860      20.861     358.379  963.890  294.058   80.749   -0.226   13.006 0.00000e+00
    8    16.15000   -97.55608 36.24089      16.411     355.887  964.205  294.248   80.319    0.175   13.085 0.00000e+00
    9    16.16667   -97.55450 36.24271      47.801     388.023  960.680  294.021   81.225    1.399   13.096 0.00000e+00
   10    16.18333   -97.55400 36.24453     134.419     474.762  951.074  293.012   85.324    1.641   13.049 0.00000e+00
   11    16.20000   -97.55422 36.24656     218.457     558.954  941.794  292.169   89.021    1.415   13.042 0.00000e+00
   12    16.21667   -97.55429 36.24873     293.155     634.496  933.581  291.418   92.067    1.812   12.977 0.00000e+00
   13    16.23333   -97.55396 36.25111     380.279     722.623  924.047  290.540   96.081    1.926   12.942 0.00000e+00
   14    16.25000   -97.55305 36.25373     460.827     804.339  915.270  289.750   99.947    1.377   12.922 1.08365e-02
   15    16.26667   -97.55148 36.25663     522.092     867.026  908.542  289.382  100.000    0.805   12.738 1.05592e-01
   16    16.28333   -97.54927 36.25972     571.902     918.479  903.052  289.094  100.000    0.641   12.582 1.84578e-01
   17    16.30000   -97.54658 36.26289     617.137     965.498  898.045  288.839  100.000    0.566   12.446 2.74721e-01
   18    16.31667   -97.54347 36.26608     658.041    1009.376  893.397  288.594  100.000    0.421   12.316 3.42947e-01
   19    16.33333   -97.54014 36.26933     688.244    1042.904  889.888  288.398  100.000    0.309   12.210 3.73356e-01
   20    16.35000   -97.53676 36.27277     709.951    1066.719  887.442  288.273  100.000    0.245   12.145 4.03326e-01
   21    16.36667   -97.53337 36.27647     727.388    1085.378  885.510  288.178  100.000    0.213   12.097 4.23616e-01
   22    16.38333   -97.52996 36.28036     745.148    1104.102  883.589  288.085  100.000    0.345   12.051 4.37210e-01
   23    16.40000   -97.52634 36.28433     763.263    1122.721  881.702  288.001  100.000    0.344   12.012 4.66591e-01
   24    16.41667   -97.52257 36.28833     773.341    1132.031  880.738  287.961  100.000    0.133   11.993 4.72759e-01
   25    16.43333   -97.51871 36.29226     770.340    1128.422  881.216  287.938  100.000    0.093   11.969 3.70271e-01
   26    16.45000   -97.51494 36.29609     758.253    1114.428  882.714  287.964  100.000   -0.065   11.968 2.68306e-01
   27    16.46667   -97.51106 36.29992     744.175    1094.572  884.819  288.014  100.000   -0.198   11.979 1.43378e-01
   28    16.48333   -97.50707 36.30389     738.651    1082.682  886.017  288.015  100.000   -0.401   11.965 3.91004e-02
   29    16.50000   -97.50300 36.30807     739.465    1079.758  886.265  288.095   98.723   -0.631   11.851 8.32853e-05
   30    16.51667   -97.49905 36.31235     741.123    1079.149  886.335  288.281   96.044   -0.863   11.668 4.58368e-04
   31    16.53333   -97.49519 36.31663     745.327    1079.617  886.345  288.464   93.664   -0.992   11.515 0.00000e+00
   32    16.55000   -97.49136 36.32082     744.825    1077.148  886.437  288.565   92.466   -1.011   11.441 0.00000e+00
   33    16.56667   -97.48738 36.32484     730.609    1062.319  888.160  288.713   91.970   -0.735   11.466 0.00000e+00
   34    16.58333   -97.48338 36.32878     713.917    1043.008  890.088  288.817   92.339   -0.087   11.564 0.00000e+00
   35    16.60000   -97.47932 36.33272     715.878    1046.112  889.835  288.710   93.741    0.669   11.662 0.00000e+00
   36    16.61667   -97.47514 36.33675     747.771    1072.935  887.075  288.397   95.858    1.172   11.724 0.00000e+00
   37    16.63333   -97.47084 36.34086     785.049    1108.794  883.218  288.032   97.745    0.873   11.726 3.99659e-05
   38    16.65000   -97.46662 36.34496     811.107    1136.637  880.314  287.783   98.848    0.626   11.707 1.88861e-03
   39    16.66667   -97.46244 36.34900     830.325    1155.250  878.542  287.632   99.544    0.461   11.698 3.04458e-03
   40    16.68333   -97.45807 36.35300     834.520    1155.199  878.551  287.634   99.469   -0.076   11.691 1.72166e-03
   41    16.70000   -97.45345 36.35695     806.076    1122.840  881.775  287.939   97.688   -0.847   11.668 0.00000e+00
   42    16.71667   -97.44869 36.36084     753.778    1072.448  886.951  288.471   94.402   -0.984   11.602 0.00000e+00
   43    16.73333   -97.44406 36.36470     713.317    1036.326  890.732  288.868   91.972   -0.416   11.548 0.00000e+00
   44    16.75000   -97.43955 36.36859     708.977    1036.643  890.646  288.929   91.129    0.148   11.488 0.00000e+00
   45    16.76667   -97.43507 36.37252     724.272    1057.203  888.645  288.750   92.096    0.443   11.503 0.00000e+00
   46    16.78333   -97.43069 36.37646     740.737    1074.194  886.868  288.495   94.235    0.340   11.601 0.00000e+00
   47    16.80000   -97.42642 36.38040     745.743    1079.975  886.320  288.368   95.575    0.199   11.677 0.00000e+00
   48    16.81667   -97.42233 36.38433     742.686    1076.895  886.620  288.341   96.146    0.005   11.722 0.00000e+00
   49    16.83333   -97.41835 36.38827     736.277    1070.404  887.491  288.396   96.130    0.058   11.750 0.00000e+00
   50    16.85000   -97.41449 36.39216     740.480    1067.508  887.806  288.425   96.026    0.213   11.756 0.00000e+00
   51    16.86667   -97.41081 36.39601     757.774    1078.909  886.578  288.324   96.615    0.572   11.767 0.00000e+00
   52    16.88333   -97.40721 36.39983     798.773    1116.170  882.646  287.903   98.500    1.014   11.725 8.71052e-04
   53    16.90000   -97.40350 36.40365     850.750    1165.998  877.452  287.600  100.000    0.841   11.754 9.55980e-02
   54    16.91667   -97.39973 36.40754     881.852    1194.678  874.514  287.511  100.000    0.189   11.729 1.76546e-01
   55    16.93333   -97.39607 36.41146     877.647    1189.469  875.007  287.510  100.000   -0.535   11.718 1.09867e-01
   56    16.95000   -97.39255 36.41536     842.068    1152.928  878.841  287.721   99.144   -1.092   11.714 8.20312e-03
   57    16.96667   -97.38908 36.41915     791.373    1100.995  884.225  288.267   95.586   -1.239   11.630 0.00000e+00
   58    16.98333   -97.38564 36.42286     742.563    1051.446  889.444  288.808   92.438   -0.954   11.578 0.00000e+00
   59    17.00000   -97.38214 36.42657     711.017    1017.594  893.049  289.147   90.801   -0.485   11.578 0.00000e+00
   60    17.01667   -97.37851 36.43034     706.342    1009.053  893.780  289.233   90.284    0.061   11.566 0.00000e+00
   61    17.03333   -97.37458 36.43414     730.768    1033.607  891.252  289.016   91.208    0.688   11.555 0.00000e+00
   62    17.05000   -97.37027 36.43784     777.669    1078.322  886.560  288.553   93.625    0.949   11.573 0.00000e+00
   63    17.06667   -97.36562 36.44150     801.198    1102.060  884.025  288.245   95.642    0.171   11.623 0.00000e+00
   64    17.08333   -97.36115 36.44520     786.054    1085.320  885.911  288.362   95.401   -0.428   11.656 0.00000e+00
   65    17.10000   -97.35712 36.44890     755.435    1051.528  889.432  288.669   93.890   -0.397   11.656 0.00000e+00
   66    17.11667   -97.35343 36.45245     739.793    1033.625  891.345  288.836   93.118    0.085   11.659 0.00000e+00
   67    17.13333   -97.34977 36.45592     744.776    1036.786  890.979  288.768   93.685    0.327   11.684 0.00000e+00
   68    17.15000   -97.34606 36.45938     757.576    1049.503  889.615  288.610   94.680    0.326   11.706 0.00000e+00
   69    17.16667   -97.34235 36.46285     769.280    1060.709  888.540  288.511   95.114    0.106   11.699 0.00000e+00
   70    17.18333   -97.33856 36.46628     770.617    1058.980  888.659  288.544   94.736   -0.160   11.676 0.00000e+00
   71    17.20000   -97.33472 36.46969     762.257    1048.455  889.717  288.686   93.690   -0.307   11.640 0.00000e+00
   72    17.21667   -97.33080 36.47306     755.797    1041.026  890.455  288.801   92.781   -0.126   11.603 0.00000e+00
   73    17.23333   -97.32663 36.47644     756.235    1041.257  890.383  288.824   92.504   -0.122   11.586 0.00000e+00
   74    17.25000   -97.32256 36.47990     751.123    1036.942  890.795  288.883   92.068   -0.084   11.570 0.00000e+00
   75    17.26667   -97.31906 36.48336     763.423    1054.191  889.021  288.715   92.888    0.503   11.570 0.00000e+00
   76    17.28333   -97.31587 36.48693     810.805    1106.066  883.620  288.090   96.590    0.971   11.626 5.36501e-03
   77    17.30000   -97.31268 36.49064     854.655    1153.585  878.644  287.660   99.634    0.416   11.728 5.07879e-02
   78    17.31667   -97.30948 36.49442     857.584    1160.221  878.001  287.752   99.918   -0.357   11.841 1.67674e-01
   79    17.33333   -97.30625 36.49827     814.730    1119.026  882.320  288.018   99.497   -1.215   11.938 1.10806e-01
   80    17.35000   -97.30293 36.50196     732.022    1037.471  890.709  288.569   97.258   -1.853   11.979 1.11198e-02
   81    17.36667   -97.29967 36.50521     639.132     948.940  900.010  289.427   92.852   -1.798   11.960 0.00000e+00
   82    17.38333   -97.29646 36.50803     564.679     878.266  907.475  290.123   89.332   -1.227   11.932 0.00000e+00
   83    17.40000   -97.29333 36.51056     535.433     851.070  910.565  290.408   87.978   -0.324   11.926 0.00000e+00
   84    17.41667   -97.29025 36.51298     557.981     873.758  908.103  290.192   88.808    0.511   11.906 0.00000e+00
   85    17.43333   -97.28716 36.51546     611.296     927.855  902.345  289.658   91.332    1.065   11.909 0.00000e+00
   86    17.45000   -97.28414 36.51807     671.310     988.050  896.076  289.084   94.043    1.145   11.902 0.00000e+00
   87    17.46667   -97.28128 36.52080     720.805    1037.481  890.895  288.643   96.043    1.018   11.883 0.00000e+00
   88    17.48333   -97.27856 36.52364     750.761    1066.597  887.904  288.330   97.828    0.558   11.902 1.52800e-05
   89    17.50000   -97.27596 36.52663     752.536    1066.649  887.922  288.301   98.036    0.050   11.904 2.68972e-05
   90    17.51667   -97.27341 36.52975     726.474    1038.471  890.903  288.559   96.853   -0.389   11.918 0.00000e+00
   91    17.53333   -97.27097 36.53287     679.847     989.189  896.065  289.036   94.670   -0.642   11.944 0.00000e+00
   92    17.55000   -97.26857 36.53587     627.830     935.294  901.657  289.556   92.184   -0.626   11.951 0.00000e+00
   93    17.56667   -97.26611 36.53883     580.835     887.833  906.675  290.010   90.082   -0.514   11.956 0.00000e+00
   94    17.58333   -97.26354 36.54180     543.013     851.248  910.509  290.351   88.589   -0.373   11.966 0.00000e+00
   95    17.60000   -97.26099 36.54482     520.369     830.840  912.696  290.531   87.965   -0.129   11.990 0.00000e+00
   96    17.61667   -97.25856 36.54790     518.118     829.256  913.038  290.546   87.996    0.292   12.001 0.00000e+00
   97    17.63333   -97.25623 36.55101     545.516     853.979  910.440  290.310   89.308    0.730   12.033 0.00000e+00
   98    17.65000   -97.25378 36.55411     587.425     891.953  906.339  289.912   91.399    0.598   12.059 0.00000e+00
   99    17.66667   -97.25134 36.55721     620.185     922.698  902.935  289.618   92.679    0.327   12.046 0.00000e+00
  100    17.68333   -97.24904 36.56036     641.514     944.243  900.657  289.422   93.478    0.067   12.028 0.00000e+00
  101    17.70000   -97.24698 36.56351     648.143     951.728  899.930  289.362   93.790   -0.142   12.032 0.00000e+00
  102    17.71667   -97.24505 36.56666     644.743     946.887  900.476  289.431   93.312   -0.250   12.016 0.00000e+00
  103    17.73333   -97.24311 36.56982     628.221     928.650  902.305  289.609   92.491   -0.501   12.023 0.00000e+00
  104    17.75000   -97.24109 36.57303     591.145     891.597  906.197  289.946   91.342   -0.824   12.080 0.00000e+00
  105    17.76667   -97.23911 36.57621     535.962     836.173  912.150  290.462   89.370   -0.867   12.135 0.00000e+00
  106    17.78333   -97.23741 36.57930     486.853     785.843  917.570  290.906   88.068   -0.620   12.228 0.00000e+00
  107    17.80000   -97.23582 36.58232     454.736     751.789  921.273  291.195   87.388   -0.305   12.308 0.00000e+00
  108    17.81667   -97.23426 36.58528     440.658     735.254  923.043  291.322   87.162   -0.022   12.352 0.00000e+00
  109    17.83333   -97.23265 36.58820     439.708     731.910  923.331  291.342   87.102    0.102   12.355 0.00000e+00
  110    17.85000   -97.23109 36.59111     439.704     731.704  923.360  291.362   86.965   -0.007   12.351 0.00000e+00
  111    17.86667   -97.22962 36.59401     433.082     725.085  924.105  291.465   86.357   -0.123   12.335 0.00000e+00
  112    17.88333   -97.22836 36.59705     422.298     714.230  925.261  291.595   85.748    0.037   12.333 0.00000e+00
  113    17.90000   -97.22723 36.60021     423.742     715.231  925.160  291.605   85.651    0.338   12.328 0.00000e+00
  114    17.91667   -97.22636 36.60327     436.631     727.651  923.836  291.504   85.978    0.468   12.315 0.00000e+00
  115    17.93333   -97.22569 36.60618     455.372     745.997  921.856  291.345   86.684    0.449   12.318 0.00000e+00
  116    17.95000   -97.22516 36.60903     477.499     767.845  919.511  291.153   87.488    0.541   12.313 0.00000e+00
  117    17.96667   -97.22472 36.61187     504.205     794.299  916.650  290.906   88.467    0.646   12.296 0.00000e+00
  118    17.98333   -97.22443 36.61470     530.275     820.903  913.765  290.662   89.428    0.747   12.277 0.00000e+00
  119    18.00000   -97.22410 36.61743     553.777     845.724  911.092  290.445   90.449    0.679   12.282 0.00000e+00
  120    18.01667   -97.22362 36.62003     568.000     861.202  909.480  290.312   91.235    0.385   12.307 0.00000e+00
  121    18.03333   -97.22295 36.62253     570.241     864.481  909.128  290.271   91.545   -0.023   12.321 0.00000e+00
  122    18.05000   -97.22214 36.62492     553.300     848.383  910.821  290.427   90.822   -0.456   12.323 0.00000e+00
  123    18.06667   -97.22130 36.62721     518.708     814.828  914.408  290.772   89.202   -0.749   12.323 0.00000e+00
  124    18.08333   -97.22052 36.62943     472.668     769.981  919.193  291.212   87.218   -0.785   12.326 0.00000e+00
  125    18.10000   -97.21981 36.63160     425.865     723.338  924.285  291.692   85.075   -0.887   12.325 0.00000e+00
  126    18.11667   -97.21915 36.63374     379.128     676.273  929.342  292.159   83.059   -0.862   12.325 0.00000e+00
  127    18.13333   -97.21844 36.63583     334.060     630.870  934.258  292.622   81.014   -0.926   12.311 0.00000e+00
  128    18.15000   -97.21762 36.63791     288.037     584.608  939.233  293.099   78.891   -0.880   12.286 0.00000e+00
  129    18.16667   -97.21672 36.63989     245.101     541.561  943.900  293.549   76.834   -0.778   12.246 0.00000e+00
  130    18.18333   -97.21574 36.64178     208.474     504.971  947.903  293.946   74.997   -0.644   12.200 0.00000e+00
  131    18.20000   -97.21468 36.64350     179.924     476.612  950.990  294.257   73.434   -0.432   12.138 0.00000e+00
  132    18.21667   -97.21350 36.64499     159.864     456.920  953.110  294.470   72.332   -0.407   12.088 0.00000e+00
  133    18.23333   -97.21227 36.64633     133.769     431.344  955.934  294.728   71.855   -0.527   12.165 0.00000e+00
  134    18.25000   -97.21124 36.64775      95.337     393.386  960.138  295.168   70.749   -0.572   12.254 0.00000e+00
  135    18.26667   -97.21057 36.64940      58.030     356.403  964.239  295.587   69.485   -0.505   12.297 0.00000e+00
  136    18.28333   -97.21021 36.65129      34.437     333.052  966.771  295.970   68.390   -0.191   12.358 0.00000e+00
  137    18.30000   -97.21014 36.65332      23.460     322.289  968.005  296.614   66.811   -0.002   12.542 0.00000e+00
  138    18.31667   -97.21027 36.65536      20.877     319.911  968.274  297.004   65.794    0.127   12.644 0.00000e+00
  139    18.33333   -97.21043 36.65746      26.747     326.001  967.601  297.101   65.604    0.289   12.691 0.00000e+00
  140    18.35000   -97.21053 36.65974      45.280     344.782  965.533  296.856   66.298    0.549   12.663 0.00000e+00
  141    18.36667   -97.21059 36.66217      88.109     387.882  960.751  296.391   67.714    1.346   12.635 0.00000e+00
  142    18.38333   -97.21031 36.66449     196.490     496.388  948.844  295.370   71.354    2.760   12.664 0.00000e+00
  143    18.40000   -97.20961 36.66645     349.913     649.794  932.120  293.751   77.218    3.091   12.622 0.00000e+00
  144    18.41667   -97.20866 36.66804     487.597     787.459  917.338  292.317   82.798    2.112   12.572 0.00000e+00
  145    18.43333   -97.20763 36.66962     555.745     855.634  910.114  291.555   85.369    0.797   12.454 0.00000e+00
  146    18.45000   -97.20685 36.67144     587.729     887.718  906.710  291.129   86.230    0.491   12.290 0.00000e+00
  147    18.46667   -97.20619 36.67342     616.633     916.840  903.643  290.795   87.049    0.626   12.188 0.00000e+00
  148    18.48333   -97.20546 36.67539     649.495     949.937  900.152  290.484   87.779    0.612   12.097 0.00000e+00
  149    18.50000   -97.20462 36.67722     668.955     969.615  898.102  290.322   87.863    0.362   12.011 0.00000e+00
  150    18.51667   -97.20364 36.67895     662.624     963.505  898.764  290.434   86.569   -0.219   11.910 0.00000e+00
  151    18.53333   -97.20244 36.68063     635.990     937.058  901.556  290.694   85.106   -0.651   11.868 0.00000e+00
  152    18.55000   -97.20113 36.68225     594.462     895.682  905.917  291.074   83.146   -0.927   11.820 0.00000e+00
  153    18.56667   -97.19969 36.68396     551.016     852.409  910.461  291.465   81.572   -0.847   11.827 0.00000e+00
  154    18.58333   -97.19824 36.68580     517.191     818.757  914.054  291.770   80.388   -0.786   11.835 0.00000e+00
  155    18.60000   -97.19693 36.68803     486.137     787.863  917.296  292.089   79.783   -0.776   11.943 0.00000e+00
  156    18.61667   -97.19551 36.69049     459.739     761.810  920.113  292.335   79.058   -0.870   11.982 0.00000e+00
  157    18.63333   -97.19419 36.69280     442.341     744.975  921.940  292.486   78.261   -0.619   11.951 0.00000e+00
  158    18.65000   -97.19300 36.69520     450.614     753.837  920.957  292.418   78.756    0.292   11.988 0.00000e+00
  159    18.66667   -97.19191 36.69772     483.326     787.019  917.425  292.093   80.413    0.751   12.038 0.00000e+00
  160    18.68333   -97.19113 36.70025     524.224     828.244  913.022  291.686   82.034    0.775   12.028 0.00000e+00
  161    18.70000   -97.19048 36.70293     564.538     868.910  908.706  291.295   83.445    0.970   11.993 0.00000e+00
  162    18.71667   -97.18979 36.70566     614.987     919.885  903.223  290.837   85.492    1.044   12.008 0.00000e+00
  163    18.73333   -97.18888 36.70847     666.520     972.416  897.779  290.374   87.377    0.178   11.989 0.00000e+00
  164    18.75000   -97.18784 36.71090     670.667     977.530  897.203  290.304   88.384   -0.640   12.080 0.00000e+00
  165    18.76667   -97.18719 36.71271     612.604     920.128  903.235  290.867   85.834   -1.212   12.079 0.00000e+00
  166    18.78333   -97.18725 36.71439     532.003     839.785  911.754  291.652   82.433   -1.073   12.077 0.00000e+00
  167    18.80000   -97.18767 36.71627     467.891     775.698  918.530  292.267   79.885   -0.851   12.077 0.00000e+00
  168    18.81667   -97.18817 36.71824     421.717     729.504  923.464  292.711   78.081   -0.888   12.073 0.00000e+00
  169    18.83333   -97.18862 36.72027     376.470     684.233  928.332  293.147   76.473   -1.125   12.087 0.00000e+00
  170    18.85000   -97.18904 36.72237     319.510     627.384  934.435  293.688   74.517   -1.239   12.102 0.00000e+00
  171    18.86667   -97.18942 36.72447     265.207     573.496  940.274  294.210   72.626   -1.067   12.108 0.00000e+00
  172    18.88333   -97.18971 36.72651     219.721     528.474  945.184  294.670   70.933   -0.962   12.104 0.00000e+00
  173    18.90000   -97.18994 36.72853     173.536     482.807  950.140  295.194   69.170   -0.903   12.127 0.00000e+00
  174    18.91667   -97.19033 36.73056     139.647     448.930  953.990  295.681   67.654   -0.271   12.172 0.00000e+00
  175    18.93333   -97.19064 36.73286     131.155     439.235  954.974  295.858   67.091    0.275   12.190 0.00000e+00
  176    18.95000   -97.19100 36.73512     179.512     486.382  949.803  295.485   68.471    1.508   12.226 0.00000e+00
  177    18.96667   -97.19099 36.73690     264.760     570.755  940.593  294.658   71.340    1.422   12.224 0.00000e+00
  178    18.98333   -97.19082 36.73839     327.705     633.240  933.841  294.047   73.567    0.751   12.226 0.00000e+00
