    0    16.01667   -97.54020 36.25414      45.515     395.769  959.769  292.977   84.279   -0.393   12.744 0.00000e+00
    1    16.03333   -97.54001 36.25629      36.816     387.545  960.666  293.258   83.525   -0.094   12.842 0.00000e+00
    2    16.05000   -97.53983 36.25833      36.062     387.428  960.663  293.436   83.149    0.049   12.927 0.00000e+00
    3    16.06667   -97.53970 36.26043      41.494     393.427  959.997  293.487   83.190    0.159   12.984 0.00000e+00
    4    16.08333   -97.53957 36.26271      49.193     401.702  959.090  293.436   83.461    0.201   12.997 0.00000e+00
    5    16.10000   -97.53935 36.26528      54.566     408.083  958.400  293.353   83.706    0.153   12.977 0.00000e+00
    6    16.11667   -97.53901 36.26811      53.037     407.790  958.470  293.354   83.620    0.028   12.964 0.00000e+00
    7    16.13333   -97.53865 36.27113      45.664     401.624  959.198  293.409   83.267   -0.091   12.943 0.00000e+00
    8    16.15000   -97.53841 36.27426      38.797     394.887  959.939  293.511   82.886   -0.002   12.957 0.00000e+00
    9    16.16667   -97.53834 36.27743      47.231     403.146  959.028  293.489   83.129    0.387   12.989 0.00000e+00
   10    16.18333   -97.53813 36.28043      79.875     435.449  955.485  293.245   84.335    0.824   13.027 0.00000e+00
   11    16.20000   -97.53735 36.28335     128.711     482.986  950.182  292.800   86.350    0.881   13.044 0.00000e+00
   12    16.21667   -97.53581 36.28636     165.324     518.650  946.233  292.431   87.776    0.629   13.011 0.00000e+00
   13    16.23333   -97.53405 36.28934     175.135     528.290  945.192  292.325   87.785    0.285   12.940 0.00000e+00
   14    16.25000   -97.53261 36.29221     176.947     529.774  944.981  292.298   87.886    0.352   12.936 0.00000e+00
   15    16.26667   -97.53140 36.29503     181.078     533.416  944.606  292.239   87.837    0.496   12.886 0.00000e+00
   16    16.28333   -97.53014 36.29799     186.217     538.431  944.050  292.164   87.705    0.494   12.814 0.00000e+00
   17    16.30000   -97.52886 36.30109     184.246     536.687  944.312  292.178   87.395    0.417   12.776 0.00000e+00
   18    16.31667   -97.52785 36.30424     183.795     535.997  944.397  292.179   87.298    0.392   12.761 0.00000e+00
   19    16.33333   -97.52706 36.30741     200.907     550.752  942.784  292.034   87.918    0.559   12.758 0.00000e+00
   20    16.35000   -97.52630 36.31063     233.937     581.069  939.439  291.732   89.293    0.676   12.757 0.00000e+00
   21    16.36667   -97.52553 36.31390     274.155     619.145  935.284  291.358   91.032    0.787   12.759 0.00000e+00
   22    16.38333   -97.52499 36.31722     319.561     662.392  930.663  290.900   93.422    0.803   12.782 0.00000e+00
   23    16.40000   -97.52457 36.32059     370.416     710.510  925.480  290.424   95.888    0.973   12.801 0.00000e+00
   24    16.41667   -97.52393 36.32407     427.052     766.802  919.360  289.878   98.618    0.888   12.798 1.32398e-04
   25    16.43333   -97.52285 36.32755     477.359     817.468  914.000  289.491  100.000    0.606   12.748 3.93239e-02
   26    16.45000   -97.52144 36.33101     514.863     855.090  909.895  289.314  100.000    0.304   12.664 9.53323e-02
   27    16.46667   -97.51976 36.33438     547.092     889.294  906.181  289.156  100.000    0.483   12.588 1.43401e-01
   28    16.48333   -97.51768 36.33762     570.582     915.135  903.503  289.006  100.000    0.139   12.506 1.79251e-01
   29    16.50000   -97.51562 36.34075     558.643     902.899  904.857  289.048  100.000   -0.279   12.520 1.56524e-01
   30    16.51667   -97.51395 36.34390     525.867     869.397  908.395  289.184  100.000   -0.834   12.581 7.39849e-02
   31    16.53333   -97.51241 36.34710     483.142     825.821  913.133  289.466   99.168   -1.220   12.620 7.09381e-05
   32    16.55000   -97.51060 36.35003     463.431     802.912  915.537  289.746   97.506   -1.082   12.601 0.00000e+00
   33    16.56667   -97.50840 36.35274     438.707     775.703  918.379  290.092   95.303   -1.067   12.553 0.00000e+00
   34    16.58333   -97.50629 36.35533     380.450     715.442  924.925  290.691   92.322   -1.271   12.543 0.00000e+00
   35    16.60000   -97.50452 36.35795     310.113     643.598  932.719  291.363   89.430   -1.313   12.574 0.00000e+00
   36    16.61667   -97.50305 36.36042     248.873     580.846  939.587  291.930   87.169   -0.808   12.609 0.00000e+00
   37    16.63333   -97.50186 36.36257     221.046     551.588  942.817  292.209   85.977   -0.244   12.614 0.00000e+00
   38    16.65000   -97.50103 36.36444     220.608     549.851  943.019  292.205   86.119    0.110   12.628 0.00000e+00
   39    16.66667   -97.50046 36.36628     242.036     569.943  940.785  292.102   87.230    0.445   12.739 0.00000e+00
   40    16.68333   -97.49990 36.36821     269.196     595.710  937.996  291.892   88.317    0.093   12.766 0.00000e+00
   41    16.70000   -97.49905 36.37038     270.498     595.427  937.955  291.888   88.030   -0.348   12.722 0.00000e+00
   42    16.71667   -97.49794 36.37278     247.569     572.224  940.373  292.095   86.786   -0.693   12.674 0.00000e+00
   43    16.73333   -97.49701 36.37541     210.027     536.305  944.388  292.403   85.500   -0.763   12.677 0.00000e+00
   44    16.75000   -97.49634 36.37817     171.351     499.077  948.455  292.757   84.019   -0.796   12.682 0.00000e+00
   45    16.76667   -97.49597 36.38105     133.462     462.929  952.379  293.070   82.936   -0.738   12.713 0.00000e+00
   46    16.78333   -97.49584 36.38394     103.252     435.168  955.431  293.366   81.837   -0.574   12.738 0.00000e+00
   47    16.80000   -97.49592 36.38684      81.387     415.803  957.532  293.584   80.713   -0.382   12.706 0.00000e+00
   48    16.81667   -97.49615 36.38990      71.236     407.478  958.453  293.692   79.938   -0.095   12.657 0.00000e+00
   49    16.83333   -97.49654 36.39317      72.848     410.263  958.153  293.709   79.913    0.267   12.671 0.00000e+00
   50    16.85000   -97.49716 36.39628      91.193     429.724  956.032  293.630   80.558    0.427   12.739 0.00000e+00
   51    16.86667   -97.49787 36.39916     118.300     457.778  952.920  293.354   81.608    0.296   12.726 0.00000e+00
   52    16.88333   -97.49840 36.40180     141.821     482.359  950.299  293.105   82.768    0.284   12.743 0.00000e+00
   53    16.90000   -97.49855 36.40431     159.850     501.453  948.264  292.904   83.689    0.183   12.751 0.00000e+00
   54    16.91667   -97.49846 36.40689     175.213     515.942  946.741  292.762   84.128    0.173   12.725 0.00000e+00
   55    16.93333   -97.49817 36.40965     196.848     535.769  944.584  292.630   84.245    0.300   12.667 0.00000e+00
   56    16.95000   -97.49780 36.41263     225.390     562.343  941.660  292.409   85.093    0.458   12.658 0.00000e+00
   57    16.96667   -97.49748 36.41579     256.867     591.291  938.508  292.126   86.373    0.559   12.664 0.00000e+00
   58    16.98333   -97.49723 36.41901     288.514     620.212  935.444  291.860   87.545    0.512   12.664 0.00000e+00
   59    17.00000   -97.49695 36.42227     314.135     643.317  932.830  291.622   88.703    0.361   12.675 0.00000e+00
   60    17.01667   -97.49658 36.42558     335.109     662.921  930.685  291.441   89.490    0.352   12.671 0.00000e+00
   61    17.03333   -97.49594 36.42884     357.425     683.982  928.400  291.242   90.324    0.304   12.661 0.00000e+00
   62    17.05000   -97.49503 36.43195     369.222     694.575  927.269  291.130   90.876    0.066   12.664 0.00000e+00
   63    17.06667   -97.49393 36.43493     367.558     691.516  927.557  291.156   90.749   -0.134   12.663 0.00000e+00
   64    17.08333   -97.49265 36.43776     354.521     677.596  929.002  291.304   90.047   -0.248   12.663 0.00000e+00
   65    17.10000   -97.49117 36.44037     344.208     666.950  930.181  291.412   89.524   -0.047   12.661 0.00000e+00
   66    17.11667   -97.48958 36.44279     341.730     663.645  930.584  291.448   89.368    0.016   12.661 0.00000e+00
   67    17.13333   -97.48789 36.44515     334.069     654.599  931.602  291.537   88.972   -0.231   12.663 0.00000e+00
   68    17.15000   -97.48627 36.44748     304.864     623.471  935.002  291.854   87.435   -0.714   12.649 0.00000e+00
   69    17.16667   -97.48485 36.44978     253.771     570.353  940.776  292.376   85.052   -0.918   12.638 0.00000e+00
   70    17.18333   -97.48367 36.45205     196.213     510.856  947.362  292.966   82.475   -0.962   12.628 0.00000e+00
   71    17.20000   -97.48268 36.45430     137.094     449.870  954.064  293.575   79.903   -1.025   12.618 0.00000e+00
   72    17.21667   -97.48188 36.45660      81.323     392.298  960.373  294.160   77.519   -0.835   12.612 0.00000e+00
   73    17.23333   -97.48122 36.45906      48.350     357.559  964.302  294.734   75.631   -0.351   12.697 0.00000e+00
   74    17.25000   -97.48030 36.46168      34.381     341.622  966.009  294.969   75.001   -0.234   12.753 0.00000e+00
   75    17.26667   -97.47887 36.46421      25.975     331.423  967.045  295.297   74.147   -0.102   12.852 0.00000e+00
   76    17.28333   -97.47707 36.46644      19.509     324.483  967.714  295.555   73.560   -0.050   12.945 0.00000e+00
   77    17.30000   -97.47514 36.46830      19.714     325.140  967.627  295.690   73.333    0.145   13.014 0.00000e+00
   78    17.31667   -97.47337 36.47004      29.195     335.055  966.530  295.595   73.674    0.239   13.013 0.00000e+00
   79    17.33333   -97.47199 36.47166      54.966     361.074  963.685  295.478   74.066    0.828   13.027 0.00000e+00
   80    17.35000   -97.47105 36.47330     123.859     429.696  956.153  294.547   76.634    1.415   12.827 0.00000e+00
   81    17.36667   -97.47053 36.47508     215.278     520.467  946.167  293.669   80.047    1.685   12.822 0.00000e+00
   82    17.38333   -97.46989 36.47700     267.410     571.849  940.561  293.050   82.076    0.565   12.725 0.00000e+00
   83    17.40000   -97.46889 36.47913     285.102     588.781  938.669  292.884   82.285    0.659   12.651 0.00000e+00
   84    17.41667   -97.46773 36.48126     298.592     601.615  937.298  292.739   82.410    0.504   12.574 0.00000e+00
   85    17.43333   -97.46665 36.48343     308.632     610.789  936.283  292.590   82.735    0.319   12.519 0.00000e+00
   86    17.45000   -97.46588 36.48552     318.909     620.040  935.299  292.484   83.355    0.260   12.543 0.00000e+00
   87    17.46667   -97.46523 36.48743     330.607     630.682  934.162  292.417   84.075    0.249   12.614 0.00000e+00
   88    17.48333   -97.46449 36.48912     337.558     637.253  933.415  292.351   84.232   -0.167   12.595 0.00000e+00
   89    17.50000   -97.46368 36.49067     333.898     633.730  933.821  292.405   83.862   -0.245   12.577 0.00000e+00
   90    17.51667   -97.46286 36.49206     323.543     623.322  934.927  292.517   83.166   -0.294   12.546 0.00000e+00
   91    17.53333   -97.46199 36.49332     310.395     609.964  936.406  292.663   82.655   -0.305   12.564 0.00000e+00
   92    17.55000   -97.46102 36.49458     289.014     588.264  938.738  292.899   81.777   -0.399   12.583 0.00000e+00
   93    17.56667   -97.46005 36.49590     264.046     562.981  941.469  293.157   80.749   -0.438   12.591 0.00000e+00
   94    17.58333   -97.45923 36.49730     240.359     539.088  944.068  293.387   79.818   -0.331   12.591 0.00000e+00
   95    17.60000   -97.45860 36.49871     213.530     512.126  947.007  293.651   78.770   -0.362   12.592 0.00000e+00
   96    17.61667   -97.45821 36.50013     188.721     487.194  949.752  293.896   77.779   -0.372   12.588 0.00000e+00
   97    17.63333   -97.45801 36.50158     163.074     461.444  952.605  294.151   76.775   -0.355   12.586 0.00000e+00
   98    17.65000   -97.45795 36.50309     138.788     437.077  955.275  294.394   75.715   -0.268   12.565 0.00000e+00
   99    17.66667   -97.45796 36.50465     120.510     418.749  957.238  294.592   74.800   -0.239   12.540 0.00000e+00
  100    17.68333   -97.45792 36.50629     108.711     407.569  958.433  294.734   74.219   -0.189   12.537 0.00000e+00
  101    17.70000   -97.45779 36.50793      99.209     398.992  959.419  294.845   73.818   -0.166   12.543 0.00000e+00
  102    17.71667   -97.45757 36.50959      87.489     388.213  960.537  294.998   73.282   -0.199   12.555 0.00000e+00
  103    17.73333   -97.45744 36.51138      73.782     375.550  961.917  295.183   72.637   -0.193   12.569 0.00000e+00
  104    17.75000   -97.45752 36.51323      67.570     370.421  962.468  295.304   72.246   -0.073   12.588 0.00000e+00
  105    17.76667   -97.45784 36.51509      65.820     370.004  962.520  295.366   72.065   -0.075   12.603 0.00000e+00
  106    17.78333   -97.45834 36.51670      62.523     367.892  962.726  295.403   71.820   -0.165   12.586 0.00000e+00
  107    17.80000   -97.45885 36.51789      52.364     358.596  963.737  295.483   71.476   -0.296   12.574 0.00000e+00
  108    17.81667   -97.45911 36.51869      41.854     348.677  964.839  295.670   70.888   -0.160   12.601 0.00000e+00
  109    17.83333   -97.45891 36.51919      40.601     347.862  964.902  295.853   70.501    0.147   12.673 0.00000e+00
  110    17.85000   -97.45840 36.51965      60.453     368.160  962.643  295.855   70.734    0.730   12.747 0.00000e+00
  111    17.86667   -97.45786 36.52040     125.414     433.811  955.414  295.219   72.979    1.611   12.743 0.00000e+00
  112    17.88333   -97.45732 36.52127     225.090     534.222  944.426  294.170   76.766    1.707   12.710 0.00000e+00
  113    17.90000   -97.45703 36.52250     324.953     634.812  933.585  293.169   80.555    1.797   12.677 0.00000e+00
  114    17.91667   -97.45683 36.52381     428.289     738.706  922.380  292.102   84.730    1.711   12.623 0.00000e+00
  115    17.93333   -97.45682 36.52505     520.846     831.777  912.440  291.192   88.722    1.620   12.616 0.00000e+00
  116    17.95000   -97.45689 36.52634     600.121     911.586  904.000  290.416   92.095    1.454   12.582 0.00000e+00
  117    17.96667   -97.45692 36.52789     659.328     971.429  897.711  289.823   94.572    0.796   12.527 0.00000e+00
  118    17.98333   -97.45700 36.52966     695.269    1008.105  893.885  289.470   95.431    0.236   12.412 0.00000e+00
  119    18.00000   -97.45705 36.53168     707.046    1020.531  892.607  289.378   95.451    0.192   12.358 0.00000e+00
  120    18.01667   -97.45711 36.53386     702.540    1016.679  892.987  289.432   95.038    0.181   12.343 0.00000e+00
  121    18.03333   -97.45706 36.53624     698.954    1013.779  893.357  289.476   94.973    0.297   12.364 0.00000e+00
  122    18.05000   -97.45695 36.53874     697.571    1012.901  893.455  289.532   93.736    0.191   12.246 0.00000e+00
  123    18.06667   -97.45693 36.54124     698.036    1013.245  893.407  289.570   92.850    0.140   12.160 0.00000e+00
  124    18.08333   -97.45694 36.54359     698.216    1013.294  893.431  289.627   91.738    0.099   12.058 0.00000e+00
  125    18.10000   -97.45674 36.54564     692.180    1007.050  894.057  289.736   90.649   -0.207   11.991 0.00000e+00
  126    18.11667   -97.45660 36.54737     675.048     989.725  895.867  289.928   90.073   -0.390   12.037 0.00000e+00
  127    18.13333   -97.45657 36.54893     652.593     967.090  898.281  290.181   89.114   -0.350   12.071 0.00000e+00
  128    18.15000   -97.45658 36.55046     633.480     947.820  900.275  290.369   88.444   -0.270   12.097 0.00000e+00
  129    18.16667   -97.45657 36.55210     623.448     937.616  901.356  290.468   88.052   -0.092   12.105 0.00000e+00
  130    18.18333   -97.45650 36.55384     624.252     938.204  901.263  290.473   88.088    0.166   12.115 0.00000e+00
  131    18.20000   -97.45633 36.55562     634.787     948.792  900.101  290.396   88.355    0.271   12.108 0.00000e+00
  132    18.21667   -97.45612 36.55751     650.907     965.515  898.339  290.271   88.834    0.277   12.101 0.00000e+00
  133    18.23333   -97.45587 36.55951     669.763     985.048  896.299  290.089   89.884    0.193   12.130 0.00000e+00
  134    18.25000   -97.45557 36.56143     681.086     997.073  894.984  289.984   90.195   -0.078   12.109 0.00000e+00
  135    18.26667   -97.45509 36.56324     677.536     994.119  895.389  290.038   89.813   -0.335   12.093 0.00000e+00
  136    18.28333   -97.45448 36.56500     657.952     974.363  897.493  290.243   88.947   -0.565   12.106 0.00000e+00
  137    18.30000   -97.45391 36.56683     628.655     944.667  900.587  290.536   87.687   -0.752   12.118 0.00000e+00
  138    18.31667   -97.45351 36.56873     587.299     902.892  904.958  290.938   86.265   -0.977   12.171 0.00000e+00
  139    18.33333   -97.45317 36.57070     530.329     845.518  911.009  291.498   84.223   -1.231   12.230 0.00000e+00
  140    18.35000   -97.45265 36.57262     456.576     771.027  918.958  292.225   81.114   -1.442   12.224 0.00000e+00
  141    18.36667   -97.45187 36.57439     383.657     697.244  926.828  292.943   78.286   -1.112   12.236 0.00000e+00
  142    18.38333   -97.45084 36.57596     321.035     634.254  933.606  293.557   75.852   -0.948   12.230 0.00000e+00
  143    18.40000   -97.44960 36.57745     268.778     582.123  939.195  294.046   74.181   -0.855   12.256 0.00000e+00
  144    18.41667   -97.44823 36.57887     223.887     537.804  943.980  294.464   72.747   -0.858   12.272 0.00000e+00
  145    18.43333   -97.44684 36.58016     179.135     493.898  948.796  294.891   71.398   -0.980   12.304 0.00000e+00
  146    18.45000   -97.44540 36.58131     132.770     448.331  953.776  295.354   69.965   -1.036   12.341 0.00000e+00
  147    18.46667   -97.44394 36.58235      95.971     412.201  957.781  295.740   68.805   -0.701   12.375 0.00000e+00
  148    18.48333   -97.44250 36.58337      74.188     391.035  960.056  296.026   68.053   -0.327   12.427 0.00000e+00
  149    18.50000   -97.44095 36.58438      65.188     382.658  960.993  296.265   67.491   -0.150   12.494 0.00000e+00
  150    18.51667   -97.43925 36.58529      60.891     379.103  961.380  296.428   67.075   -0.049   12.536 0.00000e+00
  151    18.53333   -97.43755 36.58603      65.656     384.694  960.801  296.456   67.053    0.145   12.561 0.00000e+00
  152    18.55000   -97.43599 36.58676      91.145     410.469  958.003  296.199   67.914    0.607   12.560 0.00000e+00
  153    18.56667   -97.43471 36.58764     149.231     468.192  951.711  295.627   69.844    1.289   12.555 0.00000e+00
  154    18.58333   -97.43365 36.58879     243.226     561.584  941.535  294.760   72.661    1.798   12.517 0.00000e+00
  155    18.60000   -97.43259 36.59035     349.384     666.878  930.155  293.750   76.122    1.731   12.468 0.00000e+00
  156    18.61667   -97.43156 36.59233     437.707     753.922  920.850  292.926   79.243    1.219   12.454 0.00000e+00
  157    18.63333   -97.43054 36.59461     493.558     808.149  915.073  292.422   81.061    0.574   12.421 0.00000e+00
  158    18.65000   -97.42953 36.59698     519.244     832.225  912.424  292.196   81.775    0.151   12.390 0.00000e+00
  159    18.66667   -97.42853 36.59924     521.345     834.294  912.174  292.143   81.379   -0.153   12.293 0.00000e+00
  160    18.68333   -97.42767 36.60132     515.137     828.432  912.803  292.188   80.739   -0.227   12.222 0.00000e+00
  161    18.70000   -97.42690 36.60323     512.302     825.996  913.046  292.205   80.598   -0.072   12.210 0.00000e+00
  162    18.71667   -97.42619 36.60509     517.899     831.926  912.393  292.146   80.688    0.169   12.188 0.00000e+00
  163    18.73333   -97.42549 36.60692     535.409     849.441  910.569  291.983   80.994    0.317   12.133 0.00000e+00
  164    18.75000   -97.42480 36.60872     559.152     873.169  908.030  291.745   82.166    0.452   12.159 0.00000e+00
  165    18.76667   -97.42414 36.61050     583.346     897.333  905.535  291.544   82.045    0.416   12.021 0.00000e+00
  166    18.78333   -97.42355 36.61222     608.258     922.181  902.909  291.303   82.993    0.472   12.011 0.00000e+00
  167    18.80000   -97.42300 36.61391     636.019     950.067  899.971  291.051   83.024    0.575   11.864 0.00000e+00
  168    18.81667   -97.42249 36.61552     670.829     985.370  896.279  290.722   84.538    0.751   11.879 0.00000e+00
  169    18.83333   -97.42194 36.61709     716.444    1031.505  891.441  290.326   85.999    0.924   11.848 0.00000e+00
  170    18.85000   -97.42131 36.61866     774.158    1089.789  885.398  289.777   88.649    1.095   11.873 0.00000e+00
  171    18.86667   -97.42041 36.62032     825.163    1141.519  880.045  289.296   90.838    0.707   11.868 0.00000e+00
  172    18.88333   -97.41907 36.62223     851.146    1168.892  877.185  289.042   92.474    0.028   11.925 0.00000e+00
  173    18.90000   -97.41751 36.62448     830.851    1151.053  878.963  289.225   91.628   -0.677   11.931 0.00000e+00
  174    18.91667   -97.41614 36.62694     773.213    1095.876  884.645  289.764   88.942   -1.260   11.912 0.00000e+00
  175    18.93333   -97.41515 36.62952     693.443    1018.332  892.781  290.529   85.448   -1.553   11.908 0.00000e+00
  176    18.95000   -97.41455 36.63208     614.866     938.992  901.199  291.322   81.925   -1.431   11.893 0.00000e+00
  177    18.96667   -97.41408 36.63452     540.932     863.346  909.222  292.079   78.666   -1.194   11.873 0.00000e+00
  178    18.98333   -97.41347 36.63679     477.864     798.485  916.117  292.744   75.789   -1.118   11.837 0.00000e+00
