    0    16.01667   -97.48175 36.26282      65.423     423.417  957.015  292.604   86.374   -0.158   12.796 0.00000e+00
    1    16.03333   -97.48225 36.26693      57.414     415.966  957.793  292.732   86.200    0.314   12.863 0.00000e+00
    2    16.05000   -97.48339 36.27050      73.864     434.710  955.735  292.549   87.256    0.660   12.900 0.00000e+00
    3    16.06667   -97.48445 36.27341     107.292     470.471  951.830  292.208   88.850    0.745   12.910 0.00000e+00
    4    16.08333   -97.48499 36.27611     145.708     510.177  947.532  291.854   90.463    0.588   12.913 0.00000e+00
    5    16.10000   -97.48529 36.27877     175.594     540.844  944.085  291.564   91.819    0.245   12.916 0.00000e+00
    6    16.11667   -97.48560 36.28131     187.332     552.514  942.796  291.436   92.369    0.044   12.906 0.00000e+00
    7    16.13333   -97.48599 36.28381     191.908     556.017  942.378  291.418   92.480    0.227   12.912 0.00000e+00
    8    16.15000   -97.48629 36.28637     214.541     577.177  939.998  291.210   93.467    0.418   12.913 0.00000e+00
    9    16.16667   -97.48636 36.28890     239.508     600.204  937.531  290.973   94.574    0.472   12.905 0.00000e+00
   10    16.18333   -97.48630 36.29136     263.716     621.087  935.210  290.760   95.542    0.478   12.893 0.00000e+00
   11    16.20000   -97.48602 36.29383     294.696     648.888  932.172  290.508   96.715    0.615   12.886 0.00000e+00
   12    16.21667   -97.48553 36.29642     331.797     682.991  928.356  290.176   98.310    0.668   12.877 5.57737e-05
   13    16.23333   -97.48493 36.29920     362.848     713.170  925.052  289.904   99.642    0.492   12.873 2.49336e-03
   14    16.25000   -97.48434 36.30217     385.938     735.543  922.661  289.763  100.000    0.213   12.840 2.30867e-02
   15    16.26667   -97.48384 36.30524     397.744     746.306  921.489  289.704  100.000   -0.101   12.820 2.98962e-02
   16    16.28333   -97.48354 36.30843     393.420     739.828  922.257  289.737  100.000   -0.342   12.832 4.43136e-03
   17    16.30000   -97.48355 36.31169     373.638     717.549  924.601  289.990   98.525   -0.233   12.805 4.74672e-06
   18    16.31667   -97.48375 36.31493     362.157     703.765  926.098  290.156   97.478    0.049   12.783 0.00000e+00
   19    16.33333   -97.48385 36.31804     354.203     694.057  927.222  290.250   97.126   -0.151   12.798 0.00000e+00
   20    16.35000   -97.48389 36.32104     334.846     673.072  929.563  290.466   96.023   -0.456   12.795 0.00000e+00
   21    16.36667   -97.48398 36.32391     305.660     640.573  933.120  290.802   94.261   -0.728   12.783 0.00000e+00
   22    16.38333   -97.48438 36.32668     275.619     606.500  936.728  291.145   92.502   -0.503   12.771 0.00000e+00
   23    16.40000   -97.48502 36.32940     254.599     581.034  939.437  291.370   91.469   -0.073   12.773 0.00000e+00
   24    16.41667   -97.48565 36.33212     255.570     581.395  939.335  291.372   91.381    0.227   12.763 0.00000e+00
   25    16.43333   -97.48604 36.33485     265.924     593.054  938.174  291.275   91.776    0.042   12.756 0.00000e+00
   26    16.45000   -97.48630 36.33764     267.972     596.625  937.794  291.291   91.408    0.005   12.723 0.00000e+00
   27    16.46667   -97.48650 36.34044     267.395     598.989  937.511  291.321   90.943   -0.085   12.686 0.00000e+00
   28    16.48333   -97.48674 36.34323     264.078     599.101  937.490  291.334   90.812   -0.055   12.678 0.00000e+00
   29    16.50000   -97.48702 36.34602     261.615     599.995  937.427  291.301   91.139    0.104   12.698 0.00000e+00
   30    16.51667   -97.48726 36.34884     266.952     605.727  936.847  291.239   91.503    0.156   12.707 0.00000e+00
   31    16.53333   -97.48752 36.35161     273.348     611.514  936.230  291.185   91.776    0.108   12.710 0.00000e+00
   32    16.55000   -97.48771 36.35429     277.453     614.928  935.803  291.142   92.007    0.022   12.713 0.00000e+00
   33    16.56667   -97.48792 36.35697     276.336     611.251  936.316  291.180   91.888   -0.016   12.720 0.00000e+00
   34    16.58333   -97.48813 36.35965     277.166     608.990  936.555  291.210   91.782   -0.016   12.726 0.00000e+00
   35    16.60000   -97.48827 36.36234     279.553     608.393  936.630  291.238   91.695    0.108   12.736 0.00000e+00
   36    16.61667   -97.48825 36.36511     298.674     625.276  934.783  291.091   92.511    0.497   12.756 0.00000e+00
   37    16.63333   -97.48779 36.36798     319.955     644.624  932.678  290.923   93.341    0.114   12.762 0.00000e+00
   38    16.65000   -97.48724 36.37100     319.278     641.904  932.899  290.965   93.133   -0.191   12.765 0.00000e+00
   39    16.66667   -97.48682 36.37410     303.249     627.622  934.282  291.116   92.416   -0.491   12.769 0.00000e+00
   40    16.68333   -97.48663 36.37725     270.662     597.988  937.528  291.409   91.067   -0.782   12.774 0.00000e+00
   41    16.70000   -97.48682 36.38040     225.694     555.658  942.162  291.832   89.054   -0.836   12.767 0.00000e+00
   42    16.71667   -97.48747 36.38352     183.007     513.885  946.798  292.247   87.249   -0.751   12.777 0.00000e+00
   43    16.73333   -97.48840 36.38655     153.439     485.666  949.977  292.528   86.039   -0.524   12.780 0.00000e+00
   44    16.75000   -97.48939 36.38947     138.469     472.591  951.374  292.645   85.431   -0.255   12.765 0.00000e+00
   45    16.76667   -97.49037 36.39237     146.335     482.460  950.261  292.560   85.637    0.298   12.742 0.00000e+00
   46    16.78333   -97.49104 36.39530     181.804     519.666  946.145  292.255   86.953    0.585   12.749 0.00000e+00
   47    16.80000   -97.49120 36.39827     227.428     565.977  941.143  291.928   88.659    0.944   12.801 0.00000e+00
   48    16.81667   -97.49071 36.40120     287.410     625.714  934.600  291.486   90.997    1.403   12.867 0.00000e+00
   49    16.83333   -97.48974 36.40416     345.813     683.551  928.407  290.941   93.496    0.994   12.857 0.00000e+00
   50    16.85000   -97.48860 36.40719     385.312     720.933  924.409  290.586   95.097    0.790   12.842 0.00000e+00
   51    16.86667   -97.48756 36.41018     416.425     749.411  921.382  290.310   96.291    0.659   12.818 0.00000e+00
   52    16.88333   -97.48648 36.41309     442.071     772.472  918.870  290.077   97.237    0.401   12.788 0.00000e+00
   53    16.90000   -97.48515 36.41592     455.683     783.737  917.640  289.974   97.478   -0.108   12.753 0.00000e+00
   54    16.91667   -97.48366 36.41862     450.007     776.106  918.478  290.084   96.638   -0.676   12.720 0.00000e+00
   55    16.93333   -97.48219 36.42126     421.789     746.086  921.688  290.404   94.863   -0.669   12.699 0.00000e+00
   56    16.95000   -97.48089 36.42389     385.260     707.856  925.816  290.776   92.999   -0.551   12.691 0.00000e+00
   57    16.96667   -97.47968 36.42654     352.329     673.279  929.528  291.136   91.095   -0.629   12.668 0.00000e+00
   58    16.98333   -97.47841 36.42929     321.098     640.597  932.998  291.523   88.866   -0.723   12.617 0.00000e+00
   59    17.00000   -97.47714 36.43215     285.508     604.152  936.967  291.951   86.548   -0.720   12.571 0.00000e+00
   60    17.01667   -97.47608 36.43517     249.369     566.849  941.093  292.365   84.458   -0.656   12.536 0.00000e+00
   61    17.03333   -97.47529 36.43831     222.303     538.079  944.247  292.660   83.109   -0.502   12.524 0.00000e+00
   62    17.05000   -97.47459 36.44150     209.725     524.401  945.767  292.792   82.292   -0.157   12.484 0.00000e+00
   63    17.06667   -97.47385 36.44456     219.878     533.286  944.824  292.804   82.242    0.139   12.498 0.00000e+00
   64    17.08333   -97.47295 36.44758     245.958     557.685  942.159  292.719   82.894    0.431   12.566 0.00000e+00
   65    17.10000   -97.47189 36.45068     287.764     597.537  937.802  292.419   84.290    0.766   12.598 0.00000e+00
   66    17.11667   -97.47070 36.45395     347.330     655.074  931.532  291.883   86.855    1.181   12.636 0.00000e+00
   67    17.13333   -97.46940 36.45741     417.995     725.456  923.817  291.181   90.196    1.357   12.657 0.00000e+00
   68    17.15000   -97.46803 36.46092     476.762     785.016  917.420  290.572   92.973    0.995   12.640 0.00000e+00
   69    17.16667   -97.46670 36.46430     510.156     818.675  913.906  290.241   94.668    0.261   12.650 0.00000e+00
   70    17.18333   -97.46539 36.46752     518.655     826.670  913.044  290.165   94.845   -0.132   12.625 0.00000e+00
   71    17.20000   -97.46410 36.47060     508.602     815.911  914.208  290.284   93.860   -0.232   12.572 0.00000e+00
   72    17.21667   -97.46280 36.47352     488.843     795.502  916.368  290.487   92.707   -0.186   12.549 0.00000e+00
   73    17.23333   -97.46149 36.47635     471.388     777.767  918.312  290.664   91.825   -0.058   12.545 0.00000e+00
   74    17.25000   -97.46018 36.47908     460.931     766.873  919.528  290.769   91.363    0.087   12.548 0.00000e+00
   75    17.26667   -97.45889 36.48174     467.841     772.156  919.008  290.753   91.384    0.451   12.546 0.00000e+00
   76    17.28333   -97.45733 36.48419     487.418     789.950  917.066  290.756   92.331    0.505   12.705 0.00000e+00
   77    17.30000   -97.45517 36.48678     509.203     810.062  914.889  290.584   92.794    0.519   12.660 0.00000e+00
   78    17.31667   -97.45296 36.48957     525.722     825.389  913.243  290.437   92.579    0.347   12.536 0.00000e+00
   79    17.33333   -97.45091 36.49229     542.127     840.826  911.560  290.325   92.573    0.013   12.469 0.00000e+00
   80    17.35000   -97.44881 36.49516     563.109     860.566  909.467  290.161   93.023   -0.164   12.428 0.00000e+00
   81    17.36667   -97.44690 36.49825     574.094     871.249  908.209  290.063   93.287   -0.151   12.403 0.00000e+00
   82    17.38333   -97.44540 36.50137     583.183     881.859  907.097  289.975   93.581    0.029   12.387 0.00000e+00
   83    17.40000   -97.44423 36.50441     599.789     900.415  905.088  289.790   94.672    0.219   12.411 0.00000e+00
   84    17.41667   -97.44331 36.50730     623.925     926.496  902.365  289.542   95.997    0.391   12.425 0.00000e+00
   85    17.43333   -97.44257 36.51012     651.175     955.632  899.283  289.256   97.471    0.587   12.428 0.00000e+00
   86    17.45000   -97.44194 36.51287     678.375     984.698  896.233  288.971   98.883    0.740   12.421 1.55955e-03
   87    17.46667   -97.44142 36.51559     712.185    1020.069  892.495  288.710   99.717    0.888   12.368 2.45792e-02
   88    17.48333   -97.44078 36.51822     756.555    1066.034  887.667  288.438  100.000    0.838   12.272 7.94606e-02
   89    17.50000   -97.43990 36.52073     795.193    1106.498  883.493  288.235  100.000    0.492   12.170 1.42062e-01
   90    17.51667   -97.43867 36.52325     811.014    1123.987  881.676  288.159  100.000    0.047   12.136 1.72826e-01
   91    17.53333   -97.43706 36.52584     792.091    1106.625  883.531  288.236  100.000   -0.665   12.163 1.01209e-01
   92    17.55000   -97.43500 36.52850     757.558    1073.466  886.968  288.486   97.469   -1.247   11.991 9.01871e-03
   93    17.56667   -97.43250 36.53120     721.352    1038.073  890.744  288.884   94.330   -1.123   11.856 0.00000e+00
   94    17.58333   -97.42979 36.53397     701.750    1018.495  892.770  289.094   93.035   -0.764   11.826 0.00000e+00
   95    17.60000   -97.42705 36.53676     701.776    1017.363  893.036  289.131   92.614   -0.468   11.796 0.00000e+00
   96    17.61667   -97.42435 36.53954     707.184    1019.608  892.786  289.087   92.922   -0.494   11.806 0.00000e+00
   97    17.63333   -97.42184 36.54226     698.240    1008.013  893.998  289.224   92.167   -0.654   11.798 0.00000e+00
   98    17.65000   -97.41965 36.54491     676.265     984.505  896.393  289.552   89.297   -0.570   11.642 0.00000e+00
   99    17.66667   -97.41788 36.54756     655.937     964.694  898.400  289.820   87.159   -0.218   11.534 0.00000e+00
  100    17.68333   -97.41642 36.55026     645.379     956.300  899.303  289.956   86.057    0.087   11.476 0.00000e+00
  101    17.70000   -97.41512 36.55305     642.773     955.635  899.447  290.001   85.497    0.171   11.433 0.00000e+00
  102    17.71667   -97.41382 36.55593     642.377     956.380  899.400  290.003   85.418    0.125   11.425 0.00000e+00
  103    17.73333   -97.41250 36.55888     638.290     951.886  899.866  290.039   85.202   -0.166   11.416 0.00000e+00
  104    17.75000   -97.41109 36.56190     623.989     937.149  901.350  290.172   84.761   -0.399   11.434 0.00000e+00
  105    17.76667   -97.40959 36.56501     602.071     916.278  903.499  290.371   83.977   -0.476   11.446 0.00000e+00
  106    17.78333   -97.40797 36.56818     578.476     894.822  905.790  290.581   83.130   -0.375   11.454 0.00000e+00
  107    17.80000   -97.40621 36.57143     559.630     878.278  907.541  290.747   82.426   -0.284   11.456 0.00000e+00
  108    17.81667   -97.40435 36.57468     545.746     866.014  908.822  290.853   82.061   -0.119   11.466 0.00000e+00
  109    17.83333   -97.40247 36.57792     541.778     863.573  909.043  290.841   82.863    0.126   11.566 0.00000e+00
  110    17.85000   -97.40054 36.58111     550.597     874.235  907.934  290.703   83.735    0.320   11.600 0.00000e+00
  111    17.86667   -97.39857 36.58422     572.536     897.654  905.469  290.529   83.861    0.473   11.521 0.00000e+00
  112    17.88333   -97.39647 36.58722     604.201     930.481  902.026  290.223   85.111    0.599   11.510 0.00000e+00
  113    17.90000   -97.39430 36.59022     638.362     965.863  898.271  289.874   86.804    0.598   11.529 0.00000e+00
  114    17.91667   -97.39220 36.59328     670.752     999.518  894.787  289.550   88.596    0.560   11.570 0.00000e+00
  115    17.93333   -97.39022 36.59641     695.946    1025.934  891.997  289.272   90.298    0.517   11.620 0.00000e+00
  116    17.95000   -97.38840 36.59957     707.296    1038.662  890.676  289.147   90.933    0.277   11.625 0.00000e+00
  117    17.96667   -97.38676 36.60271     697.825    1030.744  891.517  289.259   89.713   -0.267   11.542 0.00000e+00
  118    17.98333   -97.38525 36.60573     670.854    1004.534  894.314  289.538   88.184   -0.595   11.514 0.00000e+00
  119    18.00000   -97.38371 36.60862     622.438     954.875  899.616  290.016   86.408   -0.923   11.563 0.00000e+00
  120    18.01667   -97.38197 36.61139     542.569     873.336  908.247  290.851   82.196   -1.990   11.491 0.00000e+00
  121    18.03333   -97.38020 36.61404     451.339     779.831  918.206  291.799   78.055   -2.456   11.461 0.00000e+00
  122    18.05000   -97.37865 36.61661     374.754     700.557  926.718  292.519   75.828   -1.864   11.542 0.00000e+00
  123    18.06667   -97.37749 36.61911     324.269     647.670  932.490  293.026   74.503   -1.737   11.634 0.00000e+00
  124    18.08333   -97.37657 36.62160     259.981     580.993  939.672  293.703   71.014   -2.238   11.479 0.00000e+00
  125    18.10000   -97.37554 36.62419     181.827     500.973  948.350  294.523   67.720   -2.271   11.412 0.00000e+00
  126    18.11667   -97.37438 36.62656     115.457     432.944  955.830  295.343   66.129   -1.449   11.630 0.00000e+00
  127    18.13333   -97.37325 36.62869      68.487     384.484  961.123  295.950   64.377   -1.173   11.687 0.00000e+00
  128    18.15000   -97.37181 36.63084      35.224     349.164  965.074  296.322   62.902   -0.677   11.635 0.00000e+00
  129    18.16667   -97.37011 36.63270      27.032     338.191  966.300  296.763   62.613    0.034   11.882 0.00000e+00
  130    18.18333   -97.36862 36.63443      60.806     369.631  962.738  296.448   64.272    1.030   12.010 0.00000e+00
  131    18.20000   -97.36736 36.63655     165.947     472.678  951.400  295.318   68.470    2.367   12.080 0.00000e+00
  132    18.21667   -97.36615 36.63882     299.817     604.826  936.988  293.988   72.965    2.243   12.040 0.00000e+00
  133    18.23333   -97.36494 36.64125     403.242     707.077  925.946  292.934   76.543    1.664   11.968 0.00000e+00
  134    18.25000   -97.36357 36.64386     499.453     802.014  915.794  291.987   79.821    1.786   11.891 0.00000e+00
  135    18.26667   -97.36166 36.64694     607.771     908.849  904.364  290.974   83.478    2.258   11.812 0.00000e+00
  136    18.28333   -97.35975 36.65036     738.312    1038.552  890.759  289.765   88.735    2.489   11.803 0.00000e+00
  137    18.30000   -97.35799 36.65379     879.552    1178.622  876.235  288.411   95.829    2.244   11.877 0.00000e+00
  138    18.31667   -97.35619 36.65704    1020.668    1319.145  861.821  287.311  100.000    2.045   11.752 1.04728e-01
  139    18.33333   -97.35426 36.66006    1145.609    1443.847  849.219  286.727  100.000    1.384   11.481 3.60704e-01
  140    18.35000   -97.35217 36.66291    1237.329    1535.338  840.042  286.147  100.000    0.289   11.176 4.39851e-01
  141    18.36667   -97.35007 36.66551    1292.676    1590.755  834.508  285.253   99.075   -0.166   10.487 1.26314e-01
  142    18.38333   -97.34816 36.66775    1320.920    1618.839  831.738  285.071   98.669    0.396   10.353 9.65073e-02
  143    18.40000   -97.34657 36.66975    1342.510    1640.090  829.660  284.993   99.738    0.904   10.438 1.73716e-01
  144    18.41667   -97.34499 36.67171    1382.279    1679.435  825.771  284.750  100.000    0.492   10.363 1.99475e-01
  145    18.43333   -97.34322 36.67386    1415.544    1712.926  822.487  284.575  100.000   -0.052   10.289 2.61517e-01
  146    18.45000   -97.34138 36.67626    1414.815    1712.538  822.561  284.635  100.000   -0.635   10.324 2.77458e-01
  147    18.46667   -97.33968 36.67877    1387.489    1685.420  825.207  284.835  100.000   -0.883   10.416 2.19570e-01
  148    18.48333   -97.33819 36.68126    1344.681    1643.079  829.355  285.012   99.896   -1.160   10.472 8.83953e-02
  149    18.50000   -97.33694 36.68382    1293.827    1593.151  834.293  285.316   98.216   -1.322   10.443 2.00207e-03
  150    18.51667   -97.33598 36.68639    1255.878    1556.225  837.938  285.769   94.516   -0.941   10.309 0.00000e+00
  151    18.53333   -97.33502 36.68896    1238.240    1539.817  839.565  285.958   92.966   -0.316   10.248 0.00000e+00
  152    18.55000   -97.33391 36.69160    1233.059    1536.070  839.959  285.960   93.355    0.042   10.287 0.00000e+00
  153    18.56667   -97.33249 36.69437    1226.189    1530.655  840.513  285.884   95.774    0.127   10.494 4.09506e-02
  154    18.58333   -97.33070 36.69735    1217.406    1523.616  841.169  286.130   96.849    0.273   10.777 1.77517e-01
  155    18.60000   -97.32887 36.70057    1213.576    1522.720  841.233  286.084   96.470    0.124   10.701 6.79478e-02
  156    18.61667   -97.32718 36.70381    1199.136    1511.177  842.455  286.023   96.573   -0.365   10.654 0.00000e+00
  157    18.63333   -97.32575 36.70700    1174.000    1487.714  844.814  286.191   96.911   -0.457   10.780 2.34150e-02
  158    18.65000   -97.32462 36.71000    1125.338    1440.125  849.613  286.623   94.874   -0.990   10.795 0.00000e+00
  159    18.66667   -97.32379 36.71276    1066.531    1382.280  855.545  287.275   90.392   -1.142   10.659 0.00000e+00
  160    18.68333   -97.32303 36.71539    1027.396    1341.333  859.741  287.724   87.296   -0.643   10.547 0.00000e+00
  161    18.70000   -97.32219 36.71796    1012.340    1323.563  861.575  287.859   87.126   -0.165   10.597 0.00000e+00
  162    18.71667   -97.32133 36.72044    1015.719    1324.234  861.517  287.770   88.794    0.101   10.738 0.00000e+00
  163    18.73333   -97.32060 36.72287    1027.578    1334.265  860.419  287.628   90.244    0.361   10.827 0.00000e+00
  164    18.75000   -97.32009 36.72532    1039.199    1344.943  859.356  287.481   91.344    0.329   10.868 0.00000e+00
  165    18.76667   -97.31969 36.72790    1038.156    1342.938  859.541  287.467   91.608    0.093   10.887 0.00000e+00
  166    18.78333   -97.31950 36.73056    1032.252    1336.358  860.126  287.549   90.961   -0.019   10.861 0.00000e+00
  167    18.80000   -97.31946 36.73326    1032.251    1336.683  860.093  287.591   90.240    0.132   10.804 0.00000e+00
  168    18.81667   -97.31931 36.73601    1035.507    1340.283  859.785  287.596   89.817    0.017   10.761 0.00000e+00
  169    18.83333   -97.31896 36.73887    1028.746    1333.898  860.412  287.658   89.742   -0.258   10.788 0.00000e+00
  170    18.85000   -97.31859 36.74184    1015.926    1321.520  861.688  287.776   89.427   -0.228   10.817 0.00000e+00
  171    18.86667   -97.31824 36.74488    1010.770    1316.834  862.157  287.837   88.871   -0.024   10.786 0.00000e+00
  172    18.88333   -97.31787 36.74797    1023.087    1329.997  860.802  287.744   88.933    0.235   10.746 0.00000e+00
  173    18.90000   -97.31743 36.75105    1049.552    1357.748  858.036  287.468   90.548    0.407   10.781 0.00000e+00
  174    18.91667   -97.31681 36.75408    1076.457    1385.777  855.180  287.210   91.841    0.280   10.788 0.00000e+00
  175    18.93333   -97.31615 36.75700    1086.833    1397.160  854.081  287.116   92.245   -0.065   10.783 0.00000e+00
  176    18.95000   -97.31552 36.75983    1080.008    1391.246  854.667  287.182   91.811   -0.319   10.772 0.00000e+00
  177    18.96667   -97.31503 36.76260    1065.288    1377.365  856.077  287.327   90.924   -0.202   10.751 0.00000e+00
  178    18.98333   -97.31462 36.76534    1067.489    1380.156  855.869  287.284   91.178    0.209   10.754 0.00000e+00
