    0    16.01667   -97.45463 36.27983      98.331     435.627  955.651  292.447   87.028    0.524   12.785 0.00000e+00
    1    16.03333   -97.45394 36.28323     133.033     470.885  951.695  292.105   88.538    1.004   12.783 0.00000e+00
    2    16.05000   -97.45314 36.28671     175.930     514.597  946.878  291.663   90.475    0.956   12.769 0.00000e+00
    3    16.06667   -97.45233 36.29039     216.186     554.208  942.641  291.296   92.112    0.507   12.759 0.00000e+00
    4    16.08333   -97.45174 36.29409     217.045     553.719  942.639  291.310   91.967   -0.481   12.749 0.00000e+00
    5    16.10000   -97.45113 36.29759     170.663     506.870  947.725  291.764   89.760   -0.956   12.737 0.00000e+00
    6    16.11667   -97.45042 36.30082     121.859     459.749  952.860  292.222   87.654   -0.701   12.733 0.00000e+00
    7    16.13333   -97.44955 36.30391      90.850     430.626  956.068  292.535   86.297   -0.349   12.742 0.00000e+00
    8    16.15000   -97.44858 36.30688      75.266     415.839  957.789  292.733   85.546   -0.198   12.766 0.00000e+00
    9    16.16667   -97.44768 36.30966      66.906     407.321  958.777  292.865   85.088   -0.098   12.790 0.00000e+00
   10    16.18333   -97.44701 36.31233      64.428     404.583  959.110  292.940   84.861   -0.028   12.811 0.00000e+00
   11    16.20000   -97.44652 36.31490      65.388     404.724  959.108  292.993   84.708    0.043   12.831 0.00000e+00
   12    16.21667   -97.44625 36.31739      74.168     412.514  958.206  292.949   84.923    0.163   12.840 0.00000e+00
   13    16.23333   -97.44601 36.31981      90.545     428.037  956.458  292.817   85.490    0.275   12.843 0.00000e+00
   14    16.25000   -97.44572 36.32220     113.235     449.691  954.100  292.611   86.362    0.338   12.840 0.00000e+00
   15    16.26667   -97.44539 36.32455     139.896     474.404  951.413  292.374   87.338    0.413   12.829 0.00000e+00
   16    16.28333   -97.44512 36.32696     167.017     499.504  948.634  292.135   88.312    0.433   12.816 0.00000e+00
   17    16.30000   -97.44493 36.32940     192.591     523.015  946.059  291.935   89.171    0.399   12.814 0.00000e+00
   18    16.31667   -97.44487 36.33189     212.978     541.719  943.985  291.782   89.842    0.281   12.814 0.00000e+00
   19    16.33333   -97.44493 36.33439     224.128     551.320  942.917  291.700   90.134    0.147   12.804 0.00000e+00
   20    16.35000   -97.44521 36.33698     226.228     551.789  942.872  291.709   90.046    0.100   12.799 0.00000e+00
   21    16.36667   -97.44568 36.33966     229.112     552.203  942.822  291.706   90.044    0.008   12.797 0.00000e+00
   22    16.38333   -97.44621 36.34239     228.162     548.124  943.278  291.720   89.897   -0.331   12.781 0.00000e+00
   23    16.40000   -97.44685 36.34513     217.839     534.925  944.765  291.872   89.040   -0.342   12.761 0.00000e+00
   24    16.41667   -97.44750 36.34792     216.608     532.204  944.926  291.910   88.744    0.074   12.748 0.00000e+00
   25    16.43333   -97.44798 36.35070     236.106     551.714  942.835  291.740   89.541    0.486   12.753 0.00000e+00
   26    16.45000   -97.44818 36.35350     273.678     589.167  938.727  291.381   91.234    0.807   12.758 0.00000e+00
   27    16.46667   -97.44810 36.35632     320.212     636.365  933.471  290.902   93.535    0.895   12.761 0.00000e+00
   28    16.48333   -97.44780 36.35919     362.317     680.241  928.702  290.466   95.648    0.823   12.758 0.00000e+00
   29    16.50000   -97.44734 36.36214     391.647     711.566  925.282  290.158   97.204    0.508   12.760 0.00000e+00
   30    16.51667   -97.44677 36.36522     406.123     728.557  923.449  290.001   97.909    0.199   12.750 2.12415e-09
   31    16.53333   -97.44613 36.36832     407.160     732.218  923.021  289.970   98.025   -0.034   12.745 5.38008e-10
   32    16.55000   -97.44549 36.37147     400.058     727.676  923.532  290.029   97.634   -0.027   12.736 0.00000e+00
   33    16.56667   -97.44476 36.37466     393.253     722.469  924.136  290.097   97.208   -0.120   12.727 0.00000e+00
   34    16.58333   -97.44400 36.37786     375.752     706.373  925.909  290.266   96.291   -0.397   12.719 0.00000e+00
   35    16.60000   -97.44324 36.38108     343.661     676.497  929.047  290.581   94.527   -0.753   12.696 0.00000e+00
   36    16.61667   -97.44260 36.38431     301.712     637.920  933.250  290.980   92.471   -0.776   12.681 0.00000e+00
   37    16.63333   -97.44214 36.38756     261.877     601.146  937.297  291.365   90.515   -0.651   12.664 0.00000e+00
   38    16.65000   -97.44180 36.39080     228.249     569.710  940.755  291.697   88.799   -0.616   12.641 0.00000e+00
   39    16.66667   -97.44150 36.39404     198.284     541.685  943.813  291.989   87.369   -0.619   12.628 0.00000e+00
   40    16.68333   -97.44132 36.39719     170.287     514.468  946.995  292.271   86.093   -0.554   12.623 0.00000e+00
   41    16.70000   -97.44121 36.40030     148.164     487.808  949.892  292.539   84.803   -0.442   12.607 0.00000e+00
   42    16.71667   -97.44110 36.40336     133.498     468.571  952.036  292.758   83.784   -0.264   12.599 0.00000e+00
   43    16.73333   -97.44098 36.40643     126.960     457.934  953.184  292.924   83.088   -0.102   12.610 0.00000e+00
   44    16.75000   -97.44080 36.40951     127.062     454.524  953.555  293.053   82.603    0.056   12.633 0.00000e+00
   45    16.76667   -97.44059 36.41256     130.891     454.839  953.546  293.107   82.434    0.093   12.650 0.00000e+00
   46    16.78333   -97.44041 36.41560     133.038     454.679  953.489  293.123   82.386    0.063   12.656 0.00000e+00
   47    16.80000   -97.44025 36.41862     135.696     455.486  953.419  293.128   82.370    0.103   12.658 0.00000e+00
   48    16.81667   -97.44007 36.42162     138.702     456.703  953.263  293.120   82.276    0.079   12.639 0.00000e+00
   49    16.83333   -97.43980 36.42461     139.268     456.065  953.318  293.133   82.017   -0.076   12.609 0.00000e+00
   50    16.85000   -97.43954 36.42755     132.581     448.250  954.161  293.207   81.633   -0.207   12.597 0.00000e+00
   51    16.86667   -97.43927 36.43046     127.093     441.703  954.931  293.276   81.373   -0.191   12.601 0.00000e+00
   52    16.88333   -97.43906 36.43332     123.736     437.612  955.324  293.326   81.231   -0.080   12.613 0.00000e+00
   53    16.90000   -97.43892 36.43615     122.119     435.321  955.570  293.375   81.054    0.004   12.621 0.00000e+00
   54    16.91667   -97.43886 36.43898     119.505     432.074  955.918  293.438   80.787   -0.041   12.624 0.00000e+00
   55    16.93333   -97.43884 36.44184     109.086     421.075  957.130  293.573   80.239   -0.213   12.628 0.00000e+00
   56    16.95000   -97.43887 36.44473      88.931     400.333  959.451  293.798   79.291   -0.364   12.625 0.00000e+00
   57    16.96667   -97.43880 36.44761      61.624     372.461  962.554  294.090   78.120   -0.352   12.625 0.00000e+00
   58    16.98333   -97.43858 36.45049      40.716     350.960  965.003  294.450   76.861   -0.182   12.670 0.00000e+00
   59    17.00000   -97.43820 36.45331      31.462     340.927  966.100  294.849   75.760   -0.045   12.785 0.00000e+00
   60    17.01667   -97.43764 36.45600      29.631     338.542  966.296  295.120   75.042    0.053   12.876 0.00000e+00
   61    17.03333   -97.43704 36.45868      32.516     341.766  965.901  295.216   74.560    0.227   12.874 0.00000e+00
   62    17.05000   -97.43658 36.46133      48.237     357.869  964.137  295.081   74.932    0.464   12.855 0.00000e+00
   63    17.06667   -97.43618 36.46410      81.099     390.862  960.534  294.661   76.234    0.767   12.791 0.00000e+00
   64    17.08333   -97.43585 36.46696     126.518     435.772  955.571  294.178   77.998    1.043   12.768 0.00000e+00
   65    17.10000   -97.43544 36.46976     196.725     505.510  947.883  293.459   80.901    1.759   12.767 0.00000e+00
   66    17.11667   -97.43521 36.47260     279.642     587.544  938.955  292.634   84.192    1.104   12.739 0.00000e+00
   67    17.13333   -97.43512 36.47538     295.707     601.606  937.316  292.491   84.621   -0.458   12.712 0.00000e+00
   68    17.15000   -97.43496 36.47803     255.130     559.236  941.971  292.841   82.399   -1.081   12.590 0.00000e+00
   69    17.16667   -97.43457 36.48068     199.675     502.336  948.149  293.259   80.025   -0.882   12.468 0.00000e+00
   70    17.18333   -97.43393 36.48353     150.851     452.181  953.718  293.712   78.172   -1.012   12.455 0.00000e+00
   71    17.20000   -97.43291 36.48642     106.288     405.844  958.857  294.125   76.512   -0.504   12.440 0.00000e+00
   72    17.21667   -97.43147 36.48920      99.178     396.714  959.844  294.173   76.425    0.465   12.450 0.00000e+00
   73    17.23333   -97.43003 36.49155     147.616     444.159  954.613  293.988   77.942    1.637   12.621 0.00000e+00
   74    17.25000   -97.42905 36.49348     255.839     551.713  942.770  293.035   82.100    2.515   12.687 0.00000e+00
   75    17.26667   -97.42839 36.49532     384.317     679.624  928.869  291.868   87.396    2.379   12.739 0.00000e+00
   76    17.28333   -97.42790 36.49718     497.261     792.832  916.618  290.783   92.464    1.551   12.752 0.00000e+00
   77    17.30000   -97.42744 36.49908     549.356     846.891  910.859  290.258   94.245    0.200   12.649 0.00000e+00
   78    17.31667   -97.42686 36.50114     561.813     861.547  909.267  290.152   93.984   -0.652   12.551 0.00000e+00
   79    17.33333   -97.42612 36.50342     560.452     862.554  909.203  290.168   93.277   -0.461   12.471 0.00000e+00
   80    17.35000   -97.42512 36.50589     569.962     874.010  908.055  290.152   92.312   -0.071   12.345 0.00000e+00
   81    17.36667   -97.42398 36.50837     602.862     907.966  904.406  289.907   92.397    0.620   12.213 0.00000e+00
   82    17.38333   -97.42268 36.51092     658.493     964.872  898.385  289.373   94.534    1.155   12.157 0.00000e+00
   83    17.40000   -97.42120 36.51354     729.363    1037.234  890.794  288.681   97.873    1.409   12.140 1.06379e-02
   84    17.41667   -97.41957 36.51627     804.067    1113.065  882.975  288.137   99.627    1.457   12.037 7.10175e-02
   85    17.43333   -97.41784 36.51915     877.748    1186.995  875.370  287.722  100.000    1.560   11.881 1.82814e-01
   86    17.45000   -97.41597 36.52221     957.566    1265.839  867.353  287.440  100.000    1.820   11.774 3.84177e-01
   87    17.46667   -97.41386 36.52557    1052.653    1358.701  857.842  287.073  100.000    1.964   11.624 6.01714e-01
   88    17.48333   -97.41126 36.52937    1151.458    1454.847  848.041  286.473  100.000    1.368   11.308 6.63179e-01
   89    17.50000   -97.40810 36.53359    1222.432    1526.351  840.744  285.864  100.000   -0.076   10.960 5.40588e-01
   90    17.51667   -97.40466 36.53786    1240.164    1546.331  838.619  285.078   99.198   -2.200   10.328 7.70327e-03
   91    17.53333   -97.40112 36.54176    1203.693    1512.877  841.969  285.395   99.209   -2.543   10.506 7.49373e-03
   92    17.55000   -97.39777 36.54493    1164.142    1476.107  845.711  285.769   98.858   -1.953   10.684 1.98214e-03
   93    17.56667   -97.39459 36.54764    1109.811    1424.085  850.982  286.269   97.349   -1.400   10.805 1.93891e-05
   94    17.58333   -97.39169 36.55019    1046.865    1363.122  857.168  286.796   94.577   -1.062   10.788 0.00000e+00
   95    17.60000   -97.38918 36.55259     981.989    1300.342  863.552  287.390   91.146   -0.999   10.727 0.00000e+00
   96    17.61667   -97.38696 36.55491     922.344    1242.915  869.445  287.899   88.958   -0.783   10.749 0.00000e+00
   97    17.63333   -97.38470 36.55715     883.814    1205.974  873.286  288.241   87.511   -0.362   10.763 0.00000e+00
   98    17.65000   -97.38244 36.55936     865.133    1188.620  875.063  288.370   87.287   -0.193   10.804 0.00000e+00
   99    17.66667   -97.38013 36.56155     855.955    1180.806  875.927  288.440   87.123   -0.205   10.822 0.00000e+00
  100    17.68333   -97.37782 36.56377     846.843    1172.569  876.829  288.500   87.177   -0.230   10.859 0.00000e+00
  101    17.70000   -97.37550 36.56606     834.236    1159.499  878.172  288.599   87.070   -0.192   10.899 0.00000e+00
  102    17.71667   -97.37329 36.56857     818.030    1143.962  879.744  288.672   87.290   -0.218   10.958 0.00000e+00
  103    17.73333   -97.37121 36.57132     800.220    1128.218  881.340  288.712   88.125   -0.293   11.072 0.00000e+00
  104    17.75000   -97.36927 36.57426     788.791    1119.110  882.293  288.750   88.528   -0.112   11.138 0.00000e+00
  105    17.76667   -97.36747 36.57741     789.784    1121.953  882.048  288.691   89.092    0.100   11.169 0.00000e+00
  106    17.78333   -97.36568 36.58075     802.737    1136.000  880.610  288.525   90.570    0.451   11.251 0.00000e+00
  107    17.80000   -97.36379 36.58420     829.997    1162.758  877.798  288.218   92.441    0.559   11.294 0.00000e+00
  108    17.81667   -97.36175 36.58772     859.492    1192.333  874.770  287.906   94.262    0.502   11.325 0.00000e+00
  109    17.83333   -97.35965 36.59128     884.353    1215.794  872.362  287.619   96.455    0.462   11.406 0.00000e+00
  110    17.85000   -97.35758 36.59483     901.075    1231.978  870.602  287.430   97.462    0.369   11.407 0.00000e+00
  111    17.86667   -97.35536 36.59839     909.328    1239.363  869.972  287.428   96.052   -0.141   11.249 0.00000e+00
  112    17.88333   -97.35280 36.60207     881.265    1206.633  873.599  287.731   94.726   -1.115   11.267 0.00000e+00
  113    17.90000   -97.34962 36.60568     826.239    1142.259  880.196  288.357   91.753   -1.381   11.281 0.00000e+00
  114    17.91667   -97.34612 36.60910     777.658    1086.087  885.995  288.913   89.055   -1.052   11.275 0.00000e+00
  115    17.93333   -97.34270 36.61219     749.482    1052.934  889.293  289.250   87.359   -0.551   11.260 0.00000e+00
  116    17.95000   -97.33958 36.61503     738.582    1040.002  890.633  289.388   87.011   -0.126   11.299 0.00000e+00
  117    17.96667   -97.33684 36.61781     738.286    1038.799  890.792  289.379   87.158    0.390   11.309 0.00000e+00
  118    17.98333   -97.33455 36.62041     765.648    1065.005  888.111  288.999   91.001    1.069   11.557 0.00000e+00
  119    18.00000   -97.33263 36.62290     810.284    1108.270  883.611  288.438   97.132    1.060   11.958 0.00000e+00
  120    18.01667   -97.33090 36.62551     835.265    1132.193  881.092  288.198   98.620    0.272   11.988 1.06710e-03
  121    18.03333   -97.32957 36.62827     857.268    1153.578  878.837  288.081   97.714   -0.234   11.819 0.00000e+00
  122    18.05000   -97.32827 36.63130     903.973    1200.016  874.054  287.806   96.752    0.077   11.558 1.15461e-02
  123    18.06667   -97.32648 36.63457     952.295    1248.210  869.002  287.550   96.908    0.208   11.453 5.66244e-02
  124    18.08333   -97.32436 36.63796     970.949    1266.934  867.099  287.421   97.009    0.374   11.393 6.35458e-02
  125    18.10000   -97.32220 36.64137     976.404    1272.766  866.445  287.332   97.598    0.650   11.405 1.53800e-02
  126    18.11667   -97.32034 36.64477     995.627    1292.391  864.494  287.483   92.231    0.342   10.910 1.76621e-02
  127    18.13333   -97.31877 36.64796    1056.952    1353.475  858.321  286.836   95.692    1.579   10.929 2.58531e-04
  128    18.15000   -97.31689 36.65097    1115.111    1410.594  852.553  286.311   97.179    1.122   10.796 3.49764e-03
  129    18.16667   -97.31467 36.65382    1164.774    1459.368  847.673  285.929   98.839    0.600   10.769 6.10916e-03
  130    18.18333   -97.31234 36.65649    1218.026    1512.363  842.296  285.601   99.728    0.835   10.702 1.95484e-02
  131    18.20000   -97.30981 36.65905    1272.000    1566.826  836.830  285.260  100.000    0.868   10.578 5.31155e-02
  132    18.21667   -97.30727 36.66174    1306.190    1601.958  833.362  284.995   99.973    0.360   10.417 4.34400e-03
  133    18.23333   -97.30483 36.66439    1309.254    1606.326  832.886  285.050   97.703   -0.310   10.224 0.00000e+00
  134    18.25000   -97.30249 36.66684    1280.134    1579.254  835.610  285.226   96.431   -0.933   10.175 0.00000e+00
  135    18.26667   -97.30028 36.66917    1229.254    1530.057  840.526  285.634   96.207   -0.978   10.368 0.00000e+00
  136    18.28333   -97.29819 36.67151    1179.255    1481.730  845.415  286.045   95.638   -0.891   10.529 2.07261e-03
  137    18.30000   -97.29622 36.67393    1142.184    1446.823  848.865  286.477   92.227   -0.476   10.403 0.00000e+00
  138    18.31667   -97.29435 36.67640    1121.113    1428.009  850.789  286.771   89.687   -0.243   10.290 0.00000e+00
  139    18.33333   -97.29262 36.67882    1113.792    1422.430  851.375  286.895   88.501   -0.120   10.230 0.00000e+00
  140    18.35000   -97.29096 36.68111    1118.551    1427.863  850.849  286.862   88.739    0.119   10.242 0.00000e+00
  141    18.36667   -97.28925 36.68330    1132.988    1442.336  849.437  286.712   89.756    0.299   10.275 0.00000e+00
  142    18.38333   -97.28732 36.68549    1150.712    1460.184  847.638  286.498   91.479    0.653   10.348 0.00000e+00
  143    18.40000   -97.28532 36.68786    1166.524    1476.285  846.005  286.294   93.127    0.770   10.414 0.00000e+00
  144    18.41667   -97.28336 36.69039    1180.439    1490.570  844.550  286.096   94.722    0.698   10.474 0.00000e+00
  145    18.43333   -97.28146 36.69310    1196.102    1506.653  842.940  285.902   96.028    0.660   10.504 0.00000e+00
  146    18.45000   -97.27958 36.69598    1216.356    1527.372  840.864  285.689   97.164    0.554   10.506 0.00000e+00
  147    18.46667   -97.27761 36.69902    1237.430    1548.982  838.703  285.475   98.297    0.361   10.506 0.00000e+00
  148    18.48333   -97.27544 36.70217    1248.973    1561.085  837.525  285.383   98.689    0.102   10.498 0.00000e+00
  149    18.50000   -97.27310 36.70527    1244.643    1556.670  838.076  285.446   98.355   -0.197   10.500 0.00000e+00
  150    18.51667   -97.27058 36.70830    1229.617    1538.248  839.947  285.647   97.187   -0.378   10.490 0.00000e+00
  151    18.53333   -97.26807 36.71127    1209.621    1513.887  842.403  285.913   95.622   -0.405   10.474 0.00000e+00
  152    18.55000   -97.26566 36.71424    1189.873    1490.892  844.647  286.168   94.091   -0.435   10.452 0.00000e+00
  153    18.56667   -97.26343 36.71721    1169.460    1469.798  846.733  286.412   92.576   -0.466   10.425 0.00000e+00
  154    18.58333   -97.26131 36.72018    1145.711    1446.536  848.970  286.655   91.253   -0.609   10.413 0.00000e+00
  155    18.60000   -97.25920 36.72315    1114.280    1417.476  851.884  286.958   89.863   -0.749   10.424 0.00000e+00
  156    18.61667   -97.25702 36.72612    1078.007    1383.658  855.351  287.305   88.215   -0.773   10.425 0.00000e+00
  157    18.63333   -97.25476 36.72911    1042.028    1349.416  858.816  287.650   86.421   -0.675   10.402 0.00000e+00
  158    18.65000   -97.25253 36.73212    1017.226    1324.725  861.492  287.913   85.170   -0.387   10.396 0.00000e+00
  159    18.66667   -97.25035 36.73520    1009.423    1315.545  862.374  287.977   85.104   -0.034   10.421 0.00000e+00
  160    18.68333   -97.24825 36.73837    1014.072    1318.780  862.114  287.956   85.133    0.208   10.413 0.00000e+00
  161    18.70000   -97.24626 36.74154    1027.891    1330.528  860.885  287.831   85.877    0.298   10.435 0.00000e+00
  162    18.71667   -97.24432 36.74470    1048.130    1348.866  858.992  287.662   86.508    0.338   10.420 0.00000e+00
  163    18.73333   -97.24229 36.74784    1067.040    1367.290  857.053  287.509   86.720    0.252   10.365 0.00000e+00
  164    18.75000   -97.24019 36.75098    1081.276    1382.304  855.564  287.376   87.222    0.201   10.353 0.00000e+00
  165    18.76667   -97.23808 36.75412    1091.566    1393.350  854.428  287.241   88.155    0.216   10.386 0.00000e+00
  166    18.78333   -97.23598 36.75723    1102.939    1405.403  853.256  287.111   89.007    0.240   10.412 0.00000e+00
  167    18.80000   -97.23396 36.76035    1116.175    1418.989  851.887  286.979   89.748    0.306   10.425 0.00000e+00
  168    18.81667   -97.23200 36.76346    1131.695    1434.645  850.355  286.849   90.253    0.304   10.414 0.00000e+00
  169    18.83333   -97.23009 36.76660    1150.812    1453.605  848.412  286.676   90.923    0.325   10.396 0.00000e+00
  170    18.85000   -97.22816 36.76975    1169.762    1472.586  846.453  286.532   91.282    0.255   10.364 0.00000e+00
  171    18.86667   -97.22621 36.77288    1188.399    1492.196  844.486  286.374   91.869    0.326   10.347 0.00000e+00
  172    18.88333   -97.22417 36.77599    1211.280    1517.032  841.999  286.149   92.888    0.385   10.339 0.00000e+00
  173    18.90000   -97.22208 36.77902    1237.474    1545.315  839.160  285.881   94.264    0.475   10.343 0.00000e+00
  174    18.91667   -97.21992 36.78197    1263.613    1574.622  836.190  285.564   96.125    0.443   10.366 0.00000e+00
  175    18.93333   -97.21776 36.78488    1279.899    1595.169  834.139  285.324   97.679    0.242   10.393 0.00000e+00
  176    18.95000   -97.21556 36.78779    1283.062    1602.837  833.396  285.227   98.395   -0.074   10.411 0.00000e+00
  177    18.96667   -97.21333 36.79071    1268.903    1591.536  834.539  285.330   98.084   -0.390   10.435 0.00000e+00
  178    18.98333   -97.21120 36.79370    1235.067    1560.634  837.605  285.636   96.550   -0.706   10.443 0.00000e+00
