    0    16.01667   -97.54490 36.26539      58.137     408.328  958.382  292.892   84.929   -0.592   12.793 0.00000e+00
    1    16.03333   -97.54498 36.26820      38.404     390.165  960.353  293.148   84.117   -0.446   12.849 0.00000e+00
    2    16.05000   -97.54498 36.27077      21.182     374.427  962.140  293.422   83.121   -0.240   12.892 0.00000e+00
    3    16.06667   -97.54478 36.27299      11.063     365.095  963.212  293.665   82.223   -0.120   12.932 0.00000e+00
    4    16.08333   -97.54448 36.27520       6.538     360.936  963.604  293.886   80.804   -0.069   12.880 0.00000e+00
    5    16.10000   -97.54411 36.27753       4.276     359.060  963.805  293.981   80.107   -0.045   12.842 0.00000e+00
    6    16.11667   -97.54385 36.27992       2.329     357.339  964.018  294.131   79.489   -0.020   12.859 0.00000e+00
    7    16.13333   -97.54368 36.28220       1.807     355.880  964.169  294.254   79.124   -0.011   12.896 0.00000e+00
    8    16.15000   -97.54354 36.28435       1.331     354.395  964.311  294.232   79.352   -0.005   12.914 0.00000e+00
    9    16.16667   -97.54324 36.28629       1.151     353.311  964.409  294.282   79.293   -0.001   12.943 0.00000e+00
   10    16.18333   -97.54272 36.28800       0.800     352.209  964.519  294.424   78.876    0.002   12.988 0.00000e+00
   11    16.20000   -97.54208 36.28955       1.605     352.535  964.519  294.520   78.661    0.007   13.029 0.00000e+00
   12    16.21667   -97.54147 36.29101       2.030     352.535  964.555  294.607   78.548    0.014   13.080 0.00000e+00
   13    16.23333   -97.54103 36.29259       2.754     352.736  964.539  294.680   78.392    0.020   13.113 0.00000e+00
   14    16.25000   -97.54082 36.29424       2.484     351.890  964.634  294.793   77.692   -0.023   13.087 0.00000e+00
   15    16.26667   -97.54091 36.29590       2.420     351.233  964.663  294.801   77.169   -0.014   13.004 0.00000e+00
   16    16.28333   -97.54127 36.29751       2.119     351.084  964.633  294.870   76.731    0.005   12.986 0.00000e+00
   17    16.30000   -97.54163 36.29913       2.174     352.113  964.541  294.881   76.921   -0.000   13.028 0.00000e+00
   18    16.31667   -97.54199 36.30079       2.228     353.245  964.398  294.760   77.539   -0.010   13.037 0.00000e+00
   19    16.33333   -97.54239 36.30247       2.138     354.402  964.294  294.667   78.059   -0.004   13.051 0.00000e+00
   20    16.35000   -97.54288 36.30413       1.792     355.506  964.162  294.603   78.410    0.002   13.060 0.00000e+00
   21    16.36667   -97.54350 36.30580       1.973     357.063  964.039  294.772   77.850    0.001   13.104 0.00000e+00
   22    16.38333   -97.54422 36.30747       1.810     357.876  963.952  294.783   77.712   -0.004   13.091 0.00000e+00
   23    16.40000   -97.54501 36.30913       1.644     358.637  963.849  294.644   78.016   -0.005   13.031 0.00000e+00
   24    16.41667   -97.54584 36.31086       1.498     359.042  963.738  294.517   78.356   -0.004   12.987 0.00000e+00
   25    16.43333   -97.54675 36.31269       1.115     359.030  963.758  294.426   78.731   -0.003   12.975 0.00000e+00
   26    16.45000   -97.54782 36.31446       0.874     357.749  963.974  294.497   78.613    0.001   13.011 0.00000e+00
   27    16.46667   -97.54884 36.31603       1.419     356.711  964.077  294.652   78.279    0.009   13.078 0.00000e+00
   28    16.48333   -97.54971 36.31747       2.037     356.017  964.193  294.734   78.247    0.016   13.138 0.00000e+00
   29    16.50000   -97.55045 36.31884       3.156     355.967  964.195  294.879   77.790    0.018   13.179 0.00000e+00
   30    16.51667   -97.55111 36.32012       4.686     356.441  964.167  294.870   77.908    0.015   13.191 0.00000e+00
   31    16.53333   -97.55180 36.32133       5.910     356.886  964.049  294.847   78.106    0.017   13.209 0.00000e+00
   32    16.55000   -97.55257 36.32253       6.951     358.157  963.873  294.770   78.316    0.005   13.183 0.00000e+00
   33    16.56667   -97.55332 36.32364       7.207     359.232  963.763  294.748   78.307    0.005   13.165 0.00000e+00
   34    16.58333   -97.55396 36.32478       8.406     361.192  963.573  294.795   78.252    0.044   13.197 0.00000e+00
   35    16.60000   -97.55434 36.32599      12.462     365.926  963.086  294.789   78.610    0.116   13.260 0.00000e+00
   36    16.61667   -97.55455 36.32751      17.949     372.171  962.397  294.744   78.811    0.136   13.266 0.00000e+00
   37    16.63333   -97.55476 36.32935      25.674     380.780  961.475  294.566   79.275    0.178   13.211 0.00000e+00
   38    16.65000   -97.55502 36.33142      34.005     388.682  960.645  294.442   79.643    0.229   13.182 0.00000e+00
   39    16.66667   -97.55531 36.33363      41.599     394.947  959.935  294.302   79.885    0.115   13.117 0.00000e+00
   40    16.68333   -97.55563 36.33600      48.786     400.649  959.270  294.232   79.971    0.269   13.084 0.00000e+00
   41    16.70000   -97.55592 36.33847      80.493     430.758  955.918  293.904   81.025    1.105   13.034 0.00000e+00
   42    16.71667   -97.55568 36.34058     174.572     523.766  945.678  292.933   84.622    1.947   12.952 0.00000e+00
   43    16.73333   -97.55450 36.34233     277.244     625.665  934.561  291.920   89.094    1.316   12.949 0.00000e+00
   44    16.75000   -97.55281 36.34390     330.917     678.791  928.809  291.398   91.505    0.441   12.948 0.00000e+00
   45    16.76667   -97.55106 36.34541     348.547     696.774  926.773  291.214   92.437    0.423   12.957 0.00000e+00
   46    16.78333   -97.54933 36.34688     365.415     714.316  925.001  291.054   93.231    0.548   12.962 0.00000e+00
   47    16.80000   -97.54746 36.34836     389.012     738.332  922.374  290.838   94.174    0.534   12.951 0.00000e+00
   48    16.81667   -97.54538 36.35002     412.756     762.091  919.883  290.607   95.280    0.235   12.947 0.00000e+00
   49    16.83333   -97.54322 36.35188     427.788     775.810  918.485  290.462   95.900   -0.014   12.931 0.00000e+00
   50    16.85000   -97.54121 36.35387     429.738     775.561  918.558  290.461   95.716   -0.270   12.905 0.00000e+00
   51    16.86667   -97.53941 36.35598     413.729     756.599  920.663  290.647   94.506   -0.655   12.864 0.00000e+00
   52    16.88333   -97.53796 36.35825     380.297     719.229  924.672  291.020   92.516   -0.897   12.839 0.00000e+00
   53    16.90000   -97.53680 36.36066     344.490     679.223  928.966  291.417   90.328   -0.732   12.795 0.00000e+00
   54    16.91667   -97.53581 36.36312     317.092     647.963  932.289  291.721   88.701   -0.554   12.762 0.00000e+00
   55    16.93333   -97.53490 36.36560     293.332     622.206  935.044  291.971   87.480   -0.486   12.749 0.00000e+00
   56    16.95000   -97.53400 36.36803     266.038     593.161  938.192  292.255   86.132   -0.541   12.736 0.00000e+00
   57    16.96667   -97.53308 36.37043     231.153     556.284  942.252  292.617   84.484   -0.679   12.724 0.00000e+00
   58    16.98333   -97.53215 36.37277     190.745     515.720  946.511  293.026   82.585   -0.847   12.704 0.00000e+00
   59    17.00000   -97.53131 36.37511     147.376     474.643  951.003  293.422   81.125   -0.680   12.731 0.00000e+00
   60    17.01667   -97.53069 36.37745     115.658     445.175  954.248  293.714   80.020   -0.619   12.744 0.00000e+00
   61    17.03333   -97.53032 36.37986      83.673     415.454  957.555  294.025   78.946   -0.588   12.774 0.00000e+00
   62    17.05000   -97.53033 36.38236      50.648     384.206  960.998  294.385   77.705   -0.536   12.811 0.00000e+00
   63    17.06667   -97.53056 36.38504      25.923     361.204  963.491  294.716   76.599   -0.361   12.856 0.00000e+00
   64    17.08333   -97.53085 36.38768      14.006     350.849  964.598  294.966   75.935   -0.128   12.929 0.00000e+00
   65    17.10000   -97.53100 36.39021      11.054     349.182  964.820  295.172   75.535   -0.004   13.022 0.00000e+00
   66    17.11667   -97.53095 36.39260      11.571     350.962  964.616  295.312   75.216    0.020   13.082 0.00000e+00
   67    17.13333   -97.53075 36.39488      11.882     352.610  964.389  295.505   74.878    0.024   13.182 0.00000e+00
   68    17.15000   -97.53042 36.39702      12.920     354.932  964.181  295.654   74.572    0.037   13.252 0.00000e+00
   69    17.16667   -97.52999 36.39892      15.687     358.398  963.800  295.648   74.164    0.069   13.179 0.00000e+00
   70    17.18333   -97.52953 36.40063      20.573     363.807  963.240  295.665   74.136    0.147   13.196 0.00000e+00
   71    17.20000   -97.52911 36.40233      30.867     374.465  962.062  295.475   74.768    0.300   13.170 0.00000e+00
   72    17.21667   -97.52875 36.40413      56.514     400.349  959.257  295.081   76.047    0.701   13.113 0.00000e+00
   73    17.23333   -97.52834 36.40601     119.439     463.739  952.196  294.344   78.738    1.736   13.069 0.00000e+00
   74    17.25000   -97.52803 36.40806     217.222     562.310  941.376  293.237   82.971    2.087   13.004 0.00000e+00
   75    17.26667   -97.52786 36.41033     315.198     661.105  930.718  292.223   87.176    1.816   12.968 0.00000e+00
   76    17.28333   -97.52750 36.41279     394.662     741.450  922.107  291.383   90.653    1.431   12.909 0.00000e+00
   77    17.30000   -97.52661 36.41531     459.278     806.680  915.157  290.663   93.669    1.207   12.840 0.00000e+00
   78    17.31667   -97.52537 36.41791     508.115     855.394  910.044  290.134   96.168    0.989   12.817 0.00000e+00
   79    17.33333   -97.52394 36.42062     536.951     883.209  907.110  289.855   97.588    0.461   12.818 0.00000e+00
   80    17.35000   -97.52255 36.42339     546.898     890.906  906.323  289.793   97.895    0.119   12.819 0.00000e+00
   81    17.36667   -97.52128 36.42616     553.342     894.309  906.019  289.778   97.918    0.103   12.814 0.00000e+00
   82    17.38333   -97.51988 36.42881     564.591     901.962  905.164  289.742   97.569    0.140   12.751 0.00000e+00
   83    17.40000   -97.51815 36.43137     572.003     907.276  904.443  289.717   97.039    0.003   12.672 0.00000e+00
   84    17.41667   -97.51632 36.43389     570.147     905.051  904.661  289.745   96.725   -0.054   12.650 0.00000e+00
   85    17.43333   -97.51457 36.43641     568.414     903.223  904.849  289.763   96.626    0.129   12.649 0.00000e+00
   86    17.45000   -97.51274 36.43883     574.827     909.355  904.299  289.715   96.407    0.296   12.589 0.00000e+00
   87    17.46667   -97.51061 36.44114     579.416     912.247  904.023  289.719   96.157    0.105   12.564 0.00000e+00
   88    17.48333   -97.50829 36.44350     566.286     897.174  905.605  289.909   94.671   -0.135   12.499 0.00000e+00
   89    17.50000   -97.50588 36.44601     537.774     867.165  908.790  290.250   92.466   -0.399   12.433 0.00000e+00
   90    17.51667   -97.50359 36.44866     503.498     831.019  912.636  290.632   90.378   -0.407   12.399 0.00000e+00
   91    17.53333   -97.50140 36.45137     475.871     801.547  915.765  290.931   88.863   -0.100   12.382 0.00000e+00
   92    17.55000   -97.49909 36.45419     468.566     792.425  916.737  291.042   88.599    0.199   12.419 0.00000e+00
   93    17.56667   -97.49671 36.45714     457.488     778.666  918.235  291.245   87.818   -0.288   12.449 0.00000e+00
   94    17.58333   -97.49458 36.46012     429.900     747.570  921.601  291.560   86.223   -0.592   12.424 0.00000e+00
   95    17.60000   -97.49276 36.46305     400.511     714.715  925.080  291.918   84.241   -0.462   12.368 0.00000e+00
   96    17.61667   -97.49122 36.46598     380.297     693.428  927.355  292.125   83.290   -0.196   12.360 0.00000e+00
   97    17.63333   -97.48981 36.46888     376.115     688.492  927.909  292.193   82.847    0.195   12.339 0.00000e+00
   98    17.65000   -97.48840 36.47183     388.523     699.972  926.691  292.089   83.285    0.284   12.339 0.00000e+00
   99    17.66667   -97.48698 36.47473     399.767     709.573  925.667  291.984   83.717    0.197   12.335 0.00000e+00
  100    17.68333   -97.48560 36.47751     402.579     710.736  925.530  291.983   83.605    0.027   12.320 0.00000e+00
  101    17.70000   -97.48447 36.48026     392.848     699.785  926.704  292.118   82.776   -0.203   12.287 0.00000e+00
  102    17.71667   -97.48376 36.48307     372.890     679.615  928.887  292.351   82.768   -0.190   12.437 0.00000e+00
  103    17.73333   -97.48336 36.48569     349.860     656.528  931.420  292.631   81.853   -0.393   12.484 0.00000e+00
  104    17.75000   -97.48304 36.48829     312.488     619.112  935.406  293.013   80.114   -0.766   12.461 0.00000e+00
  105    17.76667   -97.48269 36.49089     264.246     570.686  940.630  293.530   77.866   -0.812   12.439 0.00000e+00
  106    17.78333   -97.48222 36.49355     213.732     520.069  946.100  294.038   76.030   -0.994   12.463 0.00000e+00
  107    17.80000   -97.48164 36.49635     154.611     460.962  952.581  294.614   73.735   -0.965   12.440 0.00000e+00
  108    17.81667   -97.48110 36.49915     118.467     423.634  956.672  294.973   72.469   -0.462   12.447 0.00000e+00
  109    17.83333   -97.48068 36.50190      98.421     402.270  958.988  295.234   71.512   -0.367   12.452 0.00000e+00
  110    17.85000   -97.48033 36.50456      93.233     395.897  959.698  295.502   71.052    0.163   12.568 0.00000e+00
  111    17.86667   -97.48000 36.50700     117.360     419.172  957.153  295.393   71.486    0.569   12.594 0.00000e+00
  112    17.88333   -97.47971 36.50940     170.124     471.057  951.431  294.905   73.437    1.257   12.630 0.00000e+00
  113    17.90000   -97.47963 36.51202     273.319     573.216  940.298  293.921   76.889    2.218   12.590 0.00000e+00
  114    17.91667   -97.47962 36.51472     402.656     702.405  926.329  292.665   81.746    2.160   12.564 0.00000e+00
  115    17.93333   -97.47926 36.51728     516.753     817.125  914.040  291.556   85.943    1.860   12.483 0.00000e+00
  116    17.95000   -97.47864 36.51993     612.970     913.868  903.771  290.650   88.711    1.730   12.305 0.00000e+00
  117    17.96667   -97.47799 36.52264     704.946    1006.707  893.980  289.742   92.550    1.622   12.248 0.00000e+00
  118    17.98333   -97.47736 36.52553     792.897    1096.320  884.574  288.857   96.361    1.468   12.176 0.00000e+00
  119    18.00000   -97.47666 36.52863     872.391    1177.779  876.130  288.140   99.590    1.092   12.129 3.74625e-02
  120    18.01667   -97.47581 36.53186     917.692    1225.768  871.176  287.850  100.000    0.368   12.040 9.46863e-02
  121    18.03333   -97.47475 36.53513     927.951    1239.078  869.769  287.714  100.000   -0.190   11.954 7.68762e-02
  122    18.05000   -97.47353 36.53833     916.479    1230.646  870.680  287.724  100.000   -0.600   11.949 2.47224e-02
  123    18.06667   -97.47208 36.54141     890.493    1207.576  873.046  287.924   97.938   -0.969   11.804 0.00000e+00
  124    18.08333   -97.47041 36.54439     848.442    1168.470  877.141  288.416   91.732   -1.237   11.361 0.00000e+00
  125    18.10000   -97.46860 36.54738     794.142    1115.506  882.740  289.047   86.626   -1.149   11.103 0.00000e+00
  126    18.11667   -97.46668 36.55038     736.290    1056.199  888.952  289.648   83.934   -1.044   11.103 0.00000e+00
  127    18.13333   -97.46481 36.55335     675.198     993.373  895.535  290.225   82.296   -0.966   11.213 0.00000e+00
  128    18.15000   -97.46310 36.55630     612.947     929.515  902.222  290.821   80.067   -0.928   11.247 0.00000e+00
  129    18.16667   -97.46158 36.55924     551.802     867.621  908.710  291.360   78.949   -0.922   11.393 0.00000e+00
  130    18.18333   -97.46016 36.56215     487.765     803.710  915.461  291.920   77.754   -0.984   11.539 0.00000e+00
  131    18.20000   -97.45873 36.56495     422.559     738.362  922.490  292.517   76.001   -1.056   11.621 0.00000e+00
  132    18.21667   -97.45726 36.56768     357.256     672.438  929.494  293.114   74.552   -0.990   11.744 0.00000e+00
  133    18.23333   -97.45588 36.57043     301.510     616.180  935.602  293.661   72.818   -0.956   11.791 0.00000e+00
  134    18.25000   -97.45461 36.57324     267.778     581.394  939.419  294.009   71.737   -0.449   11.822 0.00000e+00
  135    18.26667   -97.45343 36.57603     260.026     571.956  940.405  294.074   71.666   -0.036   11.846 0.00000e+00
  136    18.28333   -97.45233 36.57875     275.340     585.833  938.864  293.953   72.242    0.291   11.871 0.00000e+00
  137    18.30000   -97.45136 36.58148     309.775     619.830  935.110  293.648   73.469    0.607   11.894 0.00000e+00
  138    18.31667   -97.45042 36.58417     362.815     672.800  929.445  293.154   76.054    1.120   12.012 0.00000e+00
  139    18.33333   -97.44954 36.58686     432.720     742.354  922.015  292.478   78.968    1.313   12.051 0.00000e+00
  140    18.35000   -97.44862 36.58959     503.520     813.121  914.426  291.800   81.705    1.098   12.047 0.00000e+00
  141    18.36667   -97.44761 36.59227     560.381     870.599  908.310  291.219   84.372    0.613   12.073 0.00000e+00
  142    18.38333   -97.44650 36.59485     581.305     892.200  906.028  291.002   85.952   -0.263   12.162 0.00000e+00
  143    18.40000   -97.44529 36.59719     565.216     876.819  907.665  291.183   85.764   -0.800   12.253 0.00000e+00
  144    18.41667   -97.44415 36.59938     534.128     846.077  910.980  291.508   84.689   -0.813   12.306 0.00000e+00
  145    18.43333   -97.44312 36.60158     503.272     815.058  914.283  291.817   83.435   -0.852   12.318 0.00000e+00
  146    18.45000   -97.44221 36.60377     473.249     784.561  917.610  292.143   82.133   -0.582   12.332 0.00000e+00
  147    18.46667   -97.44145 36.60586     441.069     751.699  921.112  292.472   80.737   -0.567   12.329 0.00000e+00
  148    18.48333   -97.44083 36.60785     407.275     717.199  924.793  292.814   79.351   -0.547   12.330 0.00000e+00
  149    18.50000   -97.44041 36.60968     377.798     687.171  927.968  293.101   78.182   -0.310   12.327 0.00000e+00
  150    18.51667   -97.44020 36.61140     358.169     667.093  930.105  293.293   77.385   -0.110   12.320 0.00000e+00
  151    18.53333   -97.44016 36.61297     346.980     655.546  931.346  293.405   76.918    0.003   12.315 0.00000e+00
  152    18.55000   -97.44026 36.61438     338.905     647.264  932.191  293.498   76.551    0.106   12.316 0.00000e+00
  153    18.56667   -97.44043 36.61564     332.660     640.888  932.918  293.570   76.170   -0.107   12.300 0.00000e+00
  154    18.58333   -97.44062 36.61681     329.154     637.231  933.292  293.612   75.938   -0.072   12.289 0.00000e+00
  155    18.60000   -97.44080 36.61799     334.519     642.418  932.699  293.565   76.069    0.163   12.283 0.00000e+00
  156    18.61667   -97.44096 36.61929     343.860     651.542  931.738  293.486   76.269    0.150   12.267 0.00000e+00
  157    18.63333   -97.44109 36.62077     347.303     654.724  931.407  293.472   76.195   -0.181   12.249 0.00000e+00
  158    18.65000   -97.44113 36.62243     330.582     637.760  933.227  293.681   75.305   -0.630   12.241 0.00000e+00
  159    18.66667   -97.44103 36.62420     285.975     592.979  938.036  294.146   73.455   -1.155   12.227 0.00000e+00
  160    18.68333   -97.44072 36.62604     209.006     515.897  946.394  294.915   70.575   -1.816   12.211 0.00000e+00
  161    18.70000   -97.44044 36.62797     112.977     419.738  956.911  295.897   67.157   -1.594   12.207 0.00000e+00
  162    18.71667   -97.44043 36.62977      49.565     356.130  963.862  296.626   64.935   -0.788   12.251 0.00000e+00
  163    18.73333   -97.44035 36.63129      22.930     329.544  966.776  297.303   63.397   -0.329   12.427 0.00000e+00
  164    18.75000   -97.44003 36.63237      12.508     319.319  967.863  297.756   62.503   -0.106   12.578 0.00000e+00
  165    18.76667   -97.43940 36.63298       9.698     316.811  968.119  297.993   61.987    0.002   12.652 0.00000e+00
  166    18.78333   -97.43874 36.63325      14.241     321.637  967.568  298.339   61.238    0.203   12.770 0.00000e+00
  167    18.80000   -97.43867 36.63371      42.916     350.376  964.413  298.179   61.290    1.033   12.701 0.00000e+00
  168    18.81667   -97.43918 36.63491     120.960     428.305  955.852  297.110   63.270    1.957   12.399 0.00000e+00
  169    18.83333   -97.43978 36.63682     243.161     550.395  942.575  295.627   67.441    2.154   12.242 0.00000e+00
  170    18.85000   -97.44006 36.63907     367.198     674.056  929.288  294.240   71.649    2.319   12.110 0.00000e+00
  171    18.86667   -97.44017 36.64151     499.358     804.938  915.342  292.950   76.386    2.354   12.096 0.00000e+00
  172    18.88333   -97.44003 36.64404     608.411     912.757  903.955  291.855   80.096    1.784   11.990 0.00000e+00
  173    18.90000   -97.43938 36.64662     694.853     997.930  895.013  290.960   83.564    1.123   11.939 0.00000e+00
  174    18.91667   -97.43831 36.64914     768.289    1070.924  887.381  290.226   86.651    0.945   11.916 0.00000e+00
  175    18.93333   -97.43715 36.65153     831.523    1133.884  880.821  289.604   89.310    0.880   11.891 0.00000e+00
  176    18.95000   -97.43607 36.65382     878.797    1180.905  876.034  289.149   91.325    0.894   11.874 0.00000e+00
  177    18.96667   -97.43518 36.65607     925.073    1226.623  871.386  288.694   93.297    1.141   11.843 0.00000e+00
  178    18.98333   -97.43443 36.65828     983.391    1284.261  865.479  288.142   95.770    1.372   11.810 0.00000e+00
