    0    16.01667   -97.45309 36.24134      55.889     429.802  956.266  292.620   86.742    0.138   12.874 0.00000e+00
    1    16.03333   -97.45430 36.24417      61.519     433.066  955.782  292.577   86.889    0.115   12.867 0.00000e+00
    2    16.05000   -97.45561 36.24685      63.078     431.822  955.843  292.582   86.829   -0.016   12.862 0.00000e+00
    3    16.06667   -97.45708 36.24952      59.067     424.788  956.614  292.654   86.526   -0.120   12.864 0.00000e+00
    4    16.08333   -97.45877 36.25226      54.454     416.007  957.591  292.752   86.127   -0.085   12.871 0.00000e+00
    5    16.10000   -97.46054 36.25516      56.105     412.463  957.946  292.806   85.910    0.096   12.876 0.00000e+00
    6    16.11667   -97.46213 36.25810      66.895     420.972  957.244  292.766   86.123    0.191   12.886 0.00000e+00
    7    16.13333   -97.46355 36.26099      78.112     431.683  956.169  292.667   86.551    0.069   12.884 0.00000e+00
    8    16.15000   -97.46494 36.26377      83.976     436.628  955.594  292.620   86.737    0.045   12.882 0.00000e+00
    9    16.16667   -97.46626 36.26643      89.186     440.336  955.165  292.603   86.784    0.159   12.881 0.00000e+00
   10    16.18333   -97.46736 36.26902     101.529     450.889  954.000  292.506   87.181    0.208   12.877 0.00000e+00
   11    16.20000   -97.46819 36.27158     112.580     459.973  952.954  292.425   87.502    0.174   12.873 0.00000e+00
   12    16.21667   -97.46866 36.27420     126.690     474.003  951.384  292.328   87.847    0.310   12.867 0.00000e+00
   13    16.23333   -97.46898 36.27689     154.380     501.812  948.350  292.116   88.671    0.580   12.856 0.00000e+00
   14    16.25000   -97.46913 36.27950     184.087     531.607  945.035  291.850   89.849    0.461   12.856 0.00000e+00
   15    16.26667   -97.46936 36.28195     196.778     546.067  943.362  291.710   90.481    0.055   12.855 0.00000e+00
   16    16.28333   -97.46977 36.28426     197.180     548.752  943.056  291.688   90.552    0.019   12.852 0.00000e+00
   17    16.30000   -97.47025 36.28646     199.456     553.127  942.545  291.634   90.773    0.054   12.846 0.00000e+00
   18    16.31667   -97.47057 36.28852     205.840     560.985  941.756  291.558   90.994   -0.093   12.827 0.00000e+00
   19    16.33333   -97.47070 36.29047     205.979     561.150  941.746  291.581   90.725    0.120   12.807 0.00000e+00
   20    16.35000   -97.47076 36.29240     198.984     553.986  942.556  291.659   90.468    0.107   12.823 0.00000e+00
   21    16.36667   -97.47089 36.29438     204.746     559.608  941.949  291.622   90.582    0.327   12.818 0.00000e+00
   22    16.38333   -97.47078 36.29644     232.166     586.789  938.947  291.392   91.599    0.812   12.816 0.00000e+00
   23    16.40000   -97.47025 36.29882     262.159     616.797  935.707  291.208   92.262    0.520   12.803 0.00000e+00
   24    16.41667   -97.46951 36.30139     284.887     639.704  933.271  291.088   92.638    0.224   12.791 0.00000e+00
   25    16.43333   -97.46872 36.30402     301.737     656.536  931.460  290.991   93.048    0.134   12.795 0.00000e+00
   26    16.45000   -97.46780 36.30650     313.902     666.932  930.374  290.925   93.240   -0.046   12.782 0.00000e+00
   27    16.46667   -97.46680 36.30887     326.122     677.109  929.167  290.831   93.615    0.071   12.773 0.00000e+00
   28    16.48333   -97.46577 36.31121     340.331     690.306  927.661  290.702   94.226    0.289   12.773 0.00000e+00
   29    16.50000   -97.46471 36.31359     358.667     708.347  925.751  290.534   95.093    0.359   12.780 0.00000e+00
   30    16.51667   -97.46342 36.31612     380.499     729.038  923.495  290.348   95.968    0.213   12.776 0.00000e+00
   31    16.53333   -97.46194 36.31882     395.072     742.539  922.105  290.238   96.382   -0.065   12.761 0.00000e+00
   32    16.55000   -97.46037 36.32164     390.651     735.518  922.976  290.321   95.954   -0.394   12.760 0.00000e+00
   33    16.56667   -97.45901 36.32464     362.455     702.473  926.569  290.669   94.005   -0.755   12.731 0.00000e+00
   34    16.58333   -97.45807 36.32784     319.710     655.319  931.669  291.155   91.471   -0.921   12.706 0.00000e+00
   35    16.60000   -97.45765 36.33123     267.435     598.522  937.875  291.701   89.338   -0.895   12.760 0.00000e+00
   36    16.61667   -97.45769 36.33467     214.325     540.018  944.139  292.245   87.101   -0.934   12.789 0.00000e+00
   37    16.63333   -97.45798 36.33804     166.447     486.951  949.881  292.743   85.009   -0.837   12.800 0.00000e+00
   38    16.65000   -97.45848 36.34137     133.726     454.339  953.428  293.050   83.751   -0.360   12.808 0.00000e+00
   39    16.66667   -97.45907 36.34472     132.010     454.076  953.495  293.079   83.630    0.371   12.811 0.00000e+00
   40    16.68333   -97.45956 36.34795     157.462     480.554  950.659  292.847   84.689    0.446   12.825 0.00000e+00
   41    16.70000   -97.45972 36.35087     189.672     512.267  947.185  292.615   85.773    0.608   12.849 0.00000e+00
   42    16.71667   -97.45957 36.35356     232.604     554.475  942.566  292.223   87.109    0.829   12.794 0.00000e+00
   43    16.73333   -97.45905 36.35625     283.501     603.956  937.150  291.747   88.935    1.040   12.750 0.00000e+00
   44    16.75000   -97.45818 36.35888     336.723     655.423  931.531  291.260   90.676    0.952   12.682 0.00000e+00
   45    16.76667   -97.45708 36.36139     381.811     699.403  926.715  290.849   92.273    0.820   12.638 0.00000e+00
   46    16.78333   -97.45586 36.36381     412.621     730.471  923.198  290.544   93.624    0.453   12.625 0.00000e+00
   47    16.80000   -97.45459 36.36613     422.329     742.848  921.869  290.429   94.112    0.100   12.617 0.00000e+00
   48    16.81667   -97.45339 36.36835     411.853     734.672  922.760  290.521   93.703   -0.280   12.623 0.00000e+00
   49    16.83333   -97.45238 36.37046     387.043     712.035  925.195  290.749   92.787   -0.513   12.649 0.00000e+00
   50    16.85000   -97.45162 36.37257     354.460     681.599  928.453  291.053   91.378   -0.613   12.655 0.00000e+00
   51    16.86667   -97.45100 36.37478     317.586     646.864  932.295  291.416   89.569   -0.860   12.641 0.00000e+00
   52    16.88333   -97.45039 36.37715     265.903     597.191  937.752  291.918   87.282   -1.261   12.641 0.00000e+00
   53    16.90000   -97.44998 36.37986     204.821     538.223  944.194  292.515   84.877   -1.506   12.676 0.00000e+00
   54    16.91667   -97.44986 36.38279     147.664     482.902  950.259  293.030   82.801   -1.078   12.689 0.00000e+00
   55    16.93333   -97.44992 36.38583     107.371     444.524  954.429  293.435   81.241   -0.621   12.713 0.00000e+00
   56    16.95000   -97.44997 36.38896      79.222     418.159  957.340  293.731   80.123   -0.500   12.732 0.00000e+00
   57    16.96667   -97.44992 36.39211      56.891     397.028  959.672  293.998   79.225   -0.409   12.769 0.00000e+00
   58    16.98333   -97.44967 36.39516      42.256     383.671  961.126  294.294   78.394   -0.213   12.850 0.00000e+00
   59    17.00000   -97.44939 36.39796      34.682     376.079  962.127  294.602   77.560   -0.100   12.945 0.00000e+00
   60    17.01667   -97.44909 36.40050      31.394     371.173  962.746  294.873   76.633   -0.094   12.997 0.00000e+00
   61    17.03333   -97.44880 36.40284      26.895     364.970  963.471  295.074   76.014   -0.109   13.044 0.00000e+00
   62    17.05000   -97.44847 36.40515      20.837     356.890  964.383  295.119   75.880   -0.156   13.044 0.00000e+00
   63    17.06667   -97.44789 36.40750      14.872     348.046  965.403  295.296   75.419   -0.054   13.094 0.00000e+00
   64    17.08333   -97.44702 36.40976      14.185     344.220  965.825  295.406   75.206    0.087   13.139 0.00000e+00
   65    17.10000   -97.44630 36.41183      21.818     348.981  965.286  295.473   75.207    0.363   13.202 0.00000e+00
   66    17.11667   -97.44603 36.41402      53.350     378.184  961.995  295.183   76.307    1.060   13.203 0.00000e+00
   67    17.13333   -97.44614 36.41670     117.325     440.442  955.078  294.412   78.852    1.409   13.103 0.00000e+00
   68    17.15000   -97.44648 36.41963     176.882     498.206  948.736  293.675   81.355    0.929   13.001 0.00000e+00
   69    17.16667   -97.44664 36.42267     210.463     530.013  945.200  293.305   82.738    0.387   12.969 0.00000e+00
   70    17.18333   -97.44658 36.42575     213.180     531.418  945.013  293.263   82.730   -0.093   12.936 0.00000e+00
   71    17.20000   -97.44635 36.42884     202.840     519.740  946.296  293.342   82.242    0.013   12.906 0.00000e+00
   72    17.21667   -97.44597 36.43192     213.850     529.298  945.244  293.244   82.648    0.510   12.905 0.00000e+00
   73    17.23333   -97.44530 36.43497     245.011     558.851  941.990  292.927   83.774    0.902   12.869 0.00000e+00
   74    17.25000   -97.44431 36.43793     289.971     602.277  937.198  292.469   85.565    0.857   12.838 0.00000e+00
   75    17.26667   -97.44311 36.44085     322.809     634.617  933.670  292.151   86.942    0.329   12.834 0.00000e+00
   76    17.28333   -97.44192 36.44385     328.657     640.111  933.125  292.116   87.108   -0.147   12.838 0.00000e+00
   77    17.30000   -97.44068 36.44701     310.464     621.458  935.121  292.303   86.196   -0.195   12.827 0.00000e+00
   78    17.31667   -97.43943 36.45011     293.498     604.037  937.078  292.483   85.358   -0.112   12.819 0.00000e+00
   79    17.33333   -97.43818 36.45311     279.061     588.564  938.779  292.639   84.738   -0.106   12.828 0.00000e+00
   80    17.35000   -97.43687 36.45599     265.585     574.180  940.260  292.777   84.249   -0.232   12.844 0.00000e+00
   81    17.36667   -97.43558 36.45863     249.455     558.453  941.984  292.923   83.497   -0.422   12.823 0.00000e+00
   82    17.38333   -97.43425 36.46107     233.723     542.570  943.814  293.065   82.750   -0.480   12.796 0.00000e+00
   83    17.40000   -97.43284 36.46325     217.421     525.025  945.740  293.289   81.802   -0.227   12.802 0.00000e+00
   84    17.41667   -97.43173 36.46523     236.871     543.598  943.709  293.296   81.835    0.718   12.841 0.00000e+00
   85    17.43333   -97.43097 36.46714     312.445     618.730  935.497  292.842   83.916    2.073   12.912 0.00000e+00
   86    17.45000   -97.43050 36.46909     448.680     754.773  920.825  291.508   89.707    3.165   12.894 0.00000e+00
   87    17.46667   -97.43013 36.47147     572.495     878.503  907.650  290.256   95.249    2.328   12.829 0.00000e+00
   88    17.48333   -97.42933 36.47419     672.851     978.680  897.019  289.268   99.824    2.227   12.770 8.43279e-03
   89    17.50000   -97.42808 36.47718     765.533    1071.613  887.326  288.793  100.000    1.920   12.561 1.76183e-01
   90    17.51667   -97.42648 36.48035     841.933    1147.110  879.631  288.434  100.000    1.476   12.382 3.13321e-01
   91    17.53333   -97.42468 36.48370     901.209    1201.518  873.995  288.269  100.000    1.194   12.332 4.50660e-01
   92    17.55000   -97.42262 36.48730     938.609    1234.517  870.522  287.943  100.000    0.645   12.122 3.68410e-01
   93    17.56667   -97.42026 36.49104     946.486    1240.968  869.701  287.683  100.000   -0.404   11.924 2.04238e-01
   94    17.58333   -97.41769 36.49456     922.563    1217.474  872.166  287.659   99.827   -1.199   11.838 3.94565e-02
   95    17.60000   -97.41502 36.49781     878.256    1174.919  876.427  288.053   96.921   -1.608   11.734 3.18200e-03
   96    17.61667   -97.41248 36.50091     820.705    1121.037  882.006  288.630   93.238   -1.601   11.643 0.00000e+00
   97    17.63333   -97.41015 36.50395     768.006    1070.723  887.428  289.183   90.139   -1.231   11.593 0.00000e+00
   98    17.65000   -97.40796 36.50697     731.736    1033.959  891.301  289.595   87.667   -0.799   11.527 0.00000e+00
   99    17.66667   -97.40588 36.51000     711.444    1012.582  893.565  289.855   86.076   -0.449   11.479 0.00000e+00
  100    17.68333   -97.40385 36.51302     710.578    1010.481  893.745  289.984   84.632   -0.117   11.378 0.00000e+00
  101    17.70000   -97.40187 36.51604     733.190    1032.446  891.325  289.715   85.999    0.469   11.395 0.00000e+00
  102    17.71667   -97.40005 36.51901     779.095    1079.257  886.452  289.233   88.297    0.863   11.406 0.00000e+00
  103    17.73333   -97.39851 36.52201     833.857    1135.726  880.534  288.673   90.723    0.864   11.380 0.00000e+00
  104    17.75000   -97.39713 36.52505     875.615    1180.623  875.826  288.240   92.810    0.599   11.381 0.00000e+00
  105    17.76667   -97.39573 36.52820     899.451    1208.535  872.967  287.892   95.893    0.322   11.535 0.00000e+00
  106    17.78333   -97.39434 36.53146     905.686    1218.046  872.102  287.759   97.428    0.044   11.630 9.16042e-05
  107    17.80000   -97.39291 36.53481     890.893    1204.741  873.429  287.861   97.299   -0.410   11.674 3.97777e-03
  108    17.81667   -97.39144 36.53824     851.546    1167.302  877.301  288.221   96.154   -0.868   11.757 1.61068e-02
  109    17.83333   -97.38963 36.54165     798.685    1114.988  882.757  288.668   93.740   -1.017   11.725 0.00000e+00
  110    17.85000   -97.38730 36.54502     743.477    1059.768  888.512  289.237   90.178   -0.970   11.624 0.00000e+00
  111    17.86667   -97.38474 36.54839     690.448    1007.823  893.845  289.750   87.275   -0.769   11.558 0.00000e+00
  112    17.88333   -97.38232 36.55178     654.138     974.145  897.401  290.058   86.159   -0.414   11.590 0.00000e+00
  113    17.90000   -97.38004 36.55515     638.588     961.133  898.777  290.179   85.785   -0.171   11.611 0.00000e+00
  114    17.91667   -97.37788 36.55843     632.499     956.415  899.370  290.207   86.032    0.029   11.658 0.00000e+00
  115    17.93333   -97.37591 36.56163     634.303     958.506  899.143  290.181   86.194    0.178   11.663 0.00000e+00
  116    17.95000   -97.37407 36.56477     640.689     965.286  898.406  290.079   87.065    0.212   11.715 0.00000e+00
  117    17.96667   -97.37225 36.56787     641.672     967.347  898.089  289.984   88.433    0.029   11.830 0.00000e+00
  118    17.98333   -97.37040 36.57085     619.812     947.820  900.157  290.166   88.035   -0.572   11.888 0.00000e+00
  119    18.00000   -97.36847 36.57353     567.537     897.780  905.475  290.703   84.497   -1.276   11.738 0.00000e+00
  120    18.01667   -97.36655 36.57596     485.249     817.028  914.032  291.475   82.233   -1.766   11.884 0.00000e+00
  121    18.03333   -97.36484 36.57839     384.550     717.578  924.712  292.429   78.799   -1.965   11.953 0.00000e+00
  122    18.05000   -97.36344 36.58094     276.981     610.575  936.292  293.468   75.003   -1.957   11.991 0.00000e+00
  123    18.06667   -97.36230 36.58360     182.419     515.718  946.639  294.399   71.487   -1.562   11.976 0.00000e+00
  124    18.08333   -97.36139 36.58636     114.959     448.050  954.030  295.051   69.323   -0.943   11.997 0.00000e+00
  125    18.10000   -97.36073 36.58915      75.833     408.377  958.420  295.434   68.222   -0.571   12.033 0.00000e+00
  126    18.11667   -97.36028 36.59195      54.821     385.443  960.887  295.702   67.692   -0.307   12.107 0.00000e+00
  127    18.13333   -97.36011 36.59473      41.436     370.141  962.564  295.979   67.468   -0.240   12.252 0.00000e+00
  128    18.15000   -97.36033 36.59754      31.032     357.304  963.956  296.440   66.850   -0.158   12.469 0.00000e+00
  129    18.16667   -97.36104 36.60030      21.090     344.443  965.424  297.047   65.599   -0.091   12.677 0.00000e+00
  130    18.18333   -97.36160 36.60275      23.862     345.030  965.420  297.220   65.080    0.162   12.711 0.00000e+00
  131    18.20000   -97.36134 36.60500      40.492     359.861  963.802  297.062   65.938    0.483   12.776 0.00000e+00
  132    18.21667   -97.36075 36.60723      90.283     408.338  958.422  296.270   68.315    1.658   12.684 0.00000e+00
  133    18.23333   -97.36023 36.60952     199.763     516.588  946.539  294.814   72.796    1.918   12.515 0.00000e+00
  134    18.25000   -97.35973 36.61187     289.826     605.300  936.920  293.826   76.205    1.611   12.449 0.00000e+00
  135    18.26667   -97.35945 36.61438     363.547     677.516  929.131  293.088   78.626    1.429   12.371 0.00000e+00
  136    18.28333   -97.35919 36.61710     444.303     756.663  920.625  292.292   81.543    1.118   12.318 0.00000e+00
  137    18.30000   -97.35881 36.61978     516.334     827.110  913.125  291.609   84.084    1.162   12.267 0.00000e+00
  138    18.31667   -97.35826 36.62233     587.645     897.109  905.699  290.933   86.916    1.137   12.248 0.00000e+00
  139    18.33333   -97.35751 36.62484     668.305     977.062  897.218  290.155   90.192    1.416   12.211 0.00000e+00
  140    18.35000   -97.35652 36.62733     761.860    1070.036  887.494  289.265   94.305    1.871   12.192 0.00000e+00
  141    18.36667   -97.35529 36.62978     868.866    1176.675  876.414  288.238   99.417    2.107   12.182 3.91860e-03
  142    18.38333   -97.35380 36.63209     973.555    1281.577  865.720  287.697  100.000    1.933   11.996 1.91149e-01
  143    18.40000   -97.35194 36.63424    1058.922    1366.624  857.133  287.326  100.000    1.479   11.828 3.76454e-01
  144    18.41667   -97.34973 36.63622    1119.712    1426.032  851.102  286.938  100.000    0.905   11.615 4.27936e-01
  145    18.43333   -97.34741 36.63812    1151.960    1456.784  848.042  286.564  100.000    0.048   11.376 3.08190e-01
  146    18.45000   -97.34496 36.64036    1148.236    1450.315  848.707  286.315   99.974   -0.783   11.160 9.38189e-02
  147    18.46667   -97.34239 36.64310    1111.842    1411.412  852.570  286.526   98.061   -1.037   11.049 0.00000e+00
  148    18.48333   -97.33996 36.64633    1068.179    1366.302  857.071  287.088   93.305   -0.977   10.849 0.00000e+00
  149    18.50000   -97.33775 36.64981    1023.480    1321.484  861.580  287.628   90.031   -0.824   10.787 0.00000e+00
  150    18.51667   -97.33575 36.65324     977.407    1275.275  866.345  288.051   88.800   -0.629   10.875 0.00000e+00
  151    18.53333   -97.33408 36.65637     932.418    1230.167  870.948  288.433   87.895   -0.535   10.976 0.00000e+00
  152    18.55000   -97.33270 36.65923     891.661    1189.951  875.073  288.795   86.423   -0.611   10.995 0.00000e+00
  153    18.56667   -97.33135 36.66203     854.560    1153.722  878.836  289.117   85.193   -0.687   11.018 0.00000e+00
  154    18.58333   -97.32992 36.66492     825.906    1125.224  881.842  289.397   84.227   -0.534   11.053 0.00000e+00
  155    18.60000   -97.32848 36.66785     805.548    1103.933  884.052  289.610   83.645   -0.435   11.100 0.00000e+00
  156    18.61667   -97.32709 36.67079     789.226    1086.507  885.830  289.800   82.825   -0.482   11.104 0.00000e+00
  157    18.63333   -97.32584 36.67380     764.315    1061.634  888.365  290.008   82.846   -0.630   11.223 0.00000e+00
  158    18.65000   -97.32452 36.67683     733.245    1031.521  891.446  290.282   82.164   -0.511   11.288 0.00000e+00
  159    18.66667   -97.32311 36.67975     716.801    1016.644  892.980  290.389   82.212    0.088   11.352 0.00000e+00
  160    18.68333   -97.32172 36.68237     729.260    1031.891  891.329  290.163   83.991    0.677   11.453 0.00000e+00
  161    18.70000   -97.32040 36.68471     770.301    1075.724  886.809  289.711   87.058    1.135   11.591 0.00000e+00
  162    18.71667   -97.31905 36.68703     824.695    1132.758  880.917  289.120   91.734    1.198   11.838 0.00000e+00
  163    18.73333   -97.31767 36.68932     885.173    1194.814  874.596  288.500   95.174    1.286   11.887 0.00000e+00
  164    18.75000   -97.31615 36.69154     932.987    1243.361  869.651  288.033   97.348    0.899   11.863 6.40677e-06
  165    18.76667   -97.31458 36.69370     960.911    1272.155  866.660  287.777   98.410    0.490   11.836 6.72105e-03
  166    18.78333   -97.31293 36.69585     973.983    1286.224  865.248  287.673   98.405    0.048   11.774 7.95661e-03
  167    18.80000   -97.31116 36.69807     972.168    1285.314  865.371  287.716   97.543   -0.183   11.702 0.00000e+00
  168    18.81667   -97.30939 36.70036     951.636    1265.307  867.358  287.932   95.627   -0.412   11.608 0.00000e+00
  169    18.83333   -97.30784 36.70267     922.361    1236.493  870.344  288.232   93.882   -0.565   11.580 0.00000e+00
  170    18.85000   -97.30649 36.70491     889.487    1203.934  873.730  288.582   91.823   -0.559   11.540 0.00000e+00
  171    18.86667   -97.30522 36.70707     854.245    1167.607  877.520  288.972   89.541   -0.526   11.490 0.00000e+00
  172    18.88333   -97.30400 36.70914     814.737    1126.466  881.806  289.403   87.177   -0.695   11.445 0.00000e+00
  173    18.90000   -97.30282 36.71122     758.420    1068.201  887.855  289.982   84.244   -1.248   11.399 0.00000e+00
  174    18.91667   -97.30199 36.71336     684.289     992.127  895.751  290.724   80.841   -1.455   11.368 0.00000e+00
  175    18.93333   -97.30164 36.71549     613.567     920.052  903.315  291.432   77.854   -1.181   11.354 0.00000e+00
  176    18.95000   -97.30156 36.71761     555.450     860.733  909.562  292.004   75.649   -0.931   11.360 0.00000e+00
  177    18.96667   -97.30157 36.71973     506.161     810.258  914.921  292.497   73.701   -0.860   11.349 0.00000e+00
  178    18.98333   -97.30168 36.72179     458.474     761.584  920.090  292.966   71.931   -0.882   11.342 0.00000e+00
