    0    16.01667   -97.41772 36.22638      16.009     385.612  961.112  293.329   83.674   -0.049   12.916 0.00000e+00
    1    16.03333   -97.41959 36.22867      15.779     387.227  960.934  293.396   83.566    0.111   12.956 0.00000e+00
    2    16.05000   -97.42081 36.23100      30.521     403.342  959.229  293.321   84.036    0.458   12.991 0.00000e+00
    3    16.06667   -97.42106 36.23323      71.944     445.190  954.585  292.925   85.631    1.005   12.977 0.00000e+00
    4    16.08333   -97.42053 36.23589     149.647     522.875  946.060  292.050   89.048    1.577   12.889 0.00000e+00
    5    16.10000   -97.41953 36.23891     248.490     620.787  935.458  291.089   93.267    1.236   12.848 0.00000e+00
    6    16.11667   -97.41825 36.24211     320.065     689.169  928.078  290.496   95.551    0.216   12.778 0.00000e+00
    7    16.13333   -97.41685 36.24546     365.331     730.205  923.654  290.382   93.744    0.032   12.505 0.00000e+00
    8    16.15000   -97.41534 36.24893     391.857     752.712  921.183  290.150   94.864    0.704   12.503 0.00000e+00
    9    16.16667   -97.41370 36.25243     410.556     768.105  919.467  289.867   97.215    0.680   12.606 0.00000e+00
   10    16.18333   -97.41190 36.25598     417.333     771.653  919.056  289.769   98.025    0.390   12.637 0.00000e+00
   11    16.20000   -97.41011 36.25952     405.749     756.830  920.618  289.889   97.327    0.066   12.622 0.00000e+00
   12    16.21667   -97.40849 36.26295     378.340     727.406  923.761  290.113   96.320   -0.134   12.629 0.00000e+00
   13    16.23333   -97.40700 36.26628     344.210     691.129  927.706  290.417   95.072   -0.313   12.655 0.00000e+00
   14    16.25000   -97.40557 36.26957     304.989     650.567  932.043  290.785   93.454   -0.433   12.675 0.00000e+00
   15    16.26667   -97.40410 36.27282     263.580     607.634  936.859  291.209   91.542   -0.298   12.688 0.00000e+00
   16    16.28333   -97.40259 36.27604     230.333     569.267  941.119  291.603   89.738   -0.103   12.694 0.00000e+00
   17    16.30000   -97.40100 36.27930     207.856     540.922  944.182  291.884   88.505    0.172   12.703 0.00000e+00
   18    16.31667   -97.39928 36.28269     201.221     531.169  945.166  291.985   88.031    0.234   12.702 0.00000e+00
   19    16.33333   -97.39748 36.28621     212.745     540.135  944.215  291.917   88.204    0.212   12.685 0.00000e+00
   20    16.35000   -97.39556 36.28976     240.650     565.380  941.411  291.697   89.012    0.279   12.662 0.00000e+00
   21    16.36667   -97.39353 36.29321     274.893     598.269  937.736  291.404   90.084    0.059   12.629 0.00000e+00
   22    16.38333   -97.39156 36.29647     298.380     620.681  935.318  291.268   90.248   -0.206   12.577 0.00000e+00
   23    16.40000   -97.38985 36.29964     300.655     621.618  935.213  291.298   89.791   -0.565   12.539 0.00000e+00
   24    16.41667   -97.38847 36.30283     289.173     608.723  936.621  291.457   89.153   -0.498   12.556 0.00000e+00
   25    16.43333   -97.38735 36.30606     276.333     594.089  938.297  291.621   88.488   -0.386   12.570 0.00000e+00
   26    16.45000   -97.38635 36.30929     269.969     584.951  939.265  291.697   88.131   -0.243   12.567 0.00000e+00
   27    16.46667   -97.38545 36.31251     263.330     575.778  940.158  291.800   87.908   -0.210   12.604 0.00000e+00
   28    16.48333   -97.38451 36.31567     247.848     559.772  941.841  292.004   87.201   -0.420   12.642 0.00000e+00
   29    16.50000   -97.38364 36.31877     223.333     535.272  944.493  292.252   86.137   -0.577   12.649 0.00000e+00
   30    16.51667   -97.38301 36.32190     195.723     507.492  947.540  292.546   85.048   -0.545   12.680 0.00000e+00
   31    16.53333   -97.38259 36.32508     170.264     481.933  950.454  292.814   83.999   -0.451   12.697 0.00000e+00
   32    16.55000   -97.38238 36.32832     154.461     465.736  952.244  292.987   83.420   -0.233   12.723 0.00000e+00
   33    16.56667   -97.38235 36.33162     151.444     461.599  952.820  293.055   83.261   -0.046   12.745 0.00000e+00
   34    16.58333   -97.38243 36.33496     154.040     462.400  952.692  293.053   83.307    0.016   12.752 0.00000e+00
   35    16.60000   -97.38255 36.33830     156.173     462.975  952.551  293.041   83.362   -0.034   12.753 0.00000e+00
   36    16.61667   -97.38261 36.34162     153.491     461.952  952.622  293.051   83.338   -0.091   12.756 0.00000e+00
   37    16.63333   -97.38266 36.34492     148.843     459.225  952.914  293.081   83.225   -0.098   12.759 0.00000e+00
   38    16.65000   -97.38271 36.34815     144.429     457.643  953.009  293.098   83.181   -0.089   12.764 0.00000e+00
   39    16.66667   -97.38278 36.35132     142.498     459.608  952.770  293.082   83.262    0.008   12.767 0.00000e+00
   40    16.68333   -97.38292 36.35436     146.773     467.560  951.904  293.009   83.582    0.134   12.770 0.00000e+00
   41    16.70000   -97.38304 36.35729     158.294     480.844  950.503  292.890   84.090    0.238   12.771 0.00000e+00
   42    16.71667   -97.38309 36.36011     171.746     495.493  948.913  292.757   84.662    0.283   12.772 0.00000e+00
   43    16.73333   -97.38306 36.36285     185.173     510.114  947.315  292.626   85.236    0.300   12.776 0.00000e+00
   44    16.75000   -97.38293 36.36549     197.547     523.168  945.863  292.499   85.779    0.218   12.774 0.00000e+00
   45    16.76667   -97.38278 36.36801     203.519     529.668  945.188  292.433   86.060    0.091   12.772 0.00000e+00
   46    16.78333   -97.38263 36.37040     205.267     531.926  944.896  292.405   86.182    0.012   12.772 0.00000e+00
   47    16.80000   -97.38249 36.37263     206.883     533.047  944.885  292.400   86.218    0.016   12.773 0.00000e+00
   48    16.81667   -97.38238 36.37478     213.061     537.545  944.389  292.361   86.406    0.130   12.777 0.00000e+00
   49    16.83333   -97.38218 36.37693     225.049     547.954  943.205  292.265   86.852    0.342   12.782 0.00000e+00
   50    16.85000   -97.38185 36.37914     246.607     568.031  940.985  292.105   87.639    0.519   12.798 0.00000e+00
   51    16.86667   -97.38136 36.38148     271.982     592.344  938.319  291.886   88.640    0.414   12.804 0.00000e+00
   52    16.88333   -97.38065 36.38395     286.237     605.789  936.887  291.772   89.136    0.125   12.803 0.00000e+00
   53    16.90000   -97.37988 36.38644     284.294     603.030  937.169  291.846   88.803   -0.323   12.811 0.00000e+00
   54    16.91667   -97.37913 36.38878     270.721     588.700  938.746  292.046   88.017   -0.649   12.836 0.00000e+00
   55    16.93333   -97.37844 36.39110     247.357     564.667  941.397  292.335   86.759   -0.744   12.849 0.00000e+00
   56    16.95000   -97.37786 36.39354     216.493     532.944  944.872  292.654   85.322   -0.718   12.844 0.00000e+00
   57    16.96667   -97.37737 36.39610     180.635     496.053  948.933  293.018   83.707   -0.858   12.836 0.00000e+00
   58    16.98333   -97.37703 36.39882     146.337     460.460  952.749  293.354   82.324   -0.613   12.840 0.00000e+00
   59    17.00000   -97.37682 36.40169     134.043     446.828  954.271  293.506   81.680    0.006   12.840 0.00000e+00
   60    17.01667   -97.37653 36.40459     157.710     469.312  951.765  293.366   82.239    0.765   12.850 0.00000e+00
   61    17.03333   -97.37610 36.40729     217.398     528.487  945.232  292.900   84.170    1.294   12.863 0.00000e+00
   62    17.05000   -97.37544 36.40979     281.860     592.915  938.224  292.310   86.666    1.244   12.859 0.00000e+00
   63    17.06667   -97.37463 36.41208     334.209     645.578  932.491  291.822   88.759    0.861   12.849 0.00000e+00
   64    17.08333   -97.37368 36.41424     362.270     673.964  929.433  291.548   89.908    0.361   12.835 0.00000e+00
   65    17.10000   -97.37270 36.41638     369.551     681.211  928.650  291.486   89.905   -0.193   12.795 0.00000e+00
   66    17.11667   -97.37173 36.41856     353.735     665.272  930.340  291.645   88.766   -0.600   12.737 0.00000e+00
   67    17.13333   -97.37085 36.42076     321.709     632.942  933.906  291.985   87.043   -0.969   12.712 0.00000e+00
   68    17.15000   -97.37011 36.42300     280.534     591.405  938.426  292.420   84.824   -1.004   12.670 0.00000e+00
   69    17.16667   -97.36949 36.42527     244.964     555.350  942.364  292.803   82.954   -1.076   12.639 0.00000e+00
   70    17.18333   -97.36904 36.42764     202.619     512.228  947.072  293.318   80.439   -1.069   12.594 0.00000e+00
   71    17.20000   -97.36870 36.43017     157.137     465.639  952.262  293.875   78.095   -0.858   12.589 0.00000e+00
   72    17.21667   -97.36821 36.43292     112.422     418.673  957.389  294.296   76.418   -0.789   12.577 0.00000e+00
   73    17.23333   -97.36733 36.43573      80.328     384.517  961.185  294.648   75.238   -0.126   12.606 0.00000e+00
   74    17.25000   -97.36630 36.43865      77.733     380.006  961.680  294.745   75.171    0.444   12.663 0.00000e+00
   75    17.26667   -97.36552 36.44168     111.955     412.753  958.064  294.671   75.777    1.046   12.756 0.00000e+00
   76    17.28333   -97.36508 36.44505     128.484     427.154  956.508  294.578   76.124    0.004   12.761 0.00000e+00
   77    17.30000   -97.36524 36.44855     110.959     408.676  958.482  294.752   75.461   -0.362   12.761 0.00000e+00
   78    17.31667   -97.36617 36.45205      95.006     393.278  960.162  294.948   75.014    0.121   12.817 0.00000e+00
   79    17.33333   -97.36735 36.45542      97.671     397.011  959.765  294.922   75.234    0.102   12.839 0.00000e+00
   80    17.35000   -97.36795 36.45864     111.634     412.316  958.021  294.784   75.823    0.234   12.854 0.00000e+00
   81    17.36667   -97.36813 36.46162     158.043     459.810  952.805  294.307   77.564    1.214   12.836 0.00000e+00
   82    17.38333   -97.36786 36.46441     241.786     543.020  943.815  293.490   80.667    1.774   12.810 0.00000e+00
   83    17.40000   -97.36715 36.46700     326.821     625.107  934.962  292.650   83.633    1.259   12.721 0.00000e+00
   84    17.41667   -97.36610 36.46951     382.780     678.061  929.219  292.124   85.007    0.567   12.587 0.00000e+00
   85    17.43333   -97.36481 36.47208     414.469     706.811  926.040  291.887   84.486    0.096   12.368 0.00000e+00
   86    17.45000   -97.36337 36.47471     430.725     721.802  924.414  291.776   83.831   -0.092   12.208 0.00000e+00
   87    17.46667   -97.36200 36.47732     437.206     727.208  923.809  291.749   83.138   -0.143   12.094 0.00000e+00
   88    17.48333   -97.36084 36.47990     431.021     720.099  924.569  291.838   82.163   -0.314   12.009 0.00000e+00
   89    17.50000   -97.35986 36.48247     411.486     701.357  926.503  291.997   81.376   -0.497   11.990 0.00000e+00
   90    17.51667   -97.35915 36.48504     380.773     671.809  929.720  292.271   80.781   -0.691   12.067 0.00000e+00
   91    17.53333   -97.35868 36.48767     345.891     638.208  933.382  292.574   80.205   -0.764   12.163 0.00000e+00
   92    17.55000   -97.35844 36.49030     306.612     599.662  937.553  292.941   79.088   -0.702   12.218 0.00000e+00
   93    17.56667   -97.35831 36.49302     269.507     563.106  941.501  293.286   78.379   -0.764   12.320 0.00000e+00
   94    17.58333   -97.35819 36.49593     228.314     522.524  945.926  293.699   77.193   -0.905   12.391 0.00000e+00
   95    17.60000   -97.35809 36.49899     191.025     486.632  949.834  294.080   75.920   -0.678   12.428 0.00000e+00
   96    17.61667   -97.35834 36.50211     159.499     456.823  953.125  294.395   75.019   -0.827   12.479 0.00000e+00
   97    17.63333   -97.35870 36.50517     130.188     429.276  956.200  294.683   74.239   -0.772   12.531 0.00000e+00
   98    17.65000   -97.35907 36.50828      95.935     396.551  959.855  295.005   73.083   -0.830   12.535 0.00000e+00
   99    17.66667   -97.35934 36.51149      59.141     361.421  963.703  295.357   71.850   -0.740   12.543 0.00000e+00
  100    17.68333   -97.35956 36.51478      35.264     338.421  966.392  295.659   70.842   -0.275   12.564 0.00000e+00
  101    17.70000   -97.35976 36.51776      29.557     332.413  966.958  296.037   70.162   -0.028   12.727 0.00000e+00
  102    17.71667   -97.36008 36.52041      28.139     330.767  967.133  296.122   70.100   -0.010   12.780 0.00000e+00
  103    17.73333   -97.36071 36.52283      25.671     328.388  967.354  296.172   70.058   -0.006   12.809 0.00000e+00
  104    17.75000   -97.36155 36.52489      36.042     339.219  966.153  296.058   70.344    0.381   12.788 0.00000e+00
  105    17.76667   -97.36223 36.52697      70.386     374.026  962.282  295.667   71.508    0.903   12.743 0.00000e+00
  106    17.78333   -97.36240 36.52929     111.770     415.638  957.696  295.222   72.845    0.812   12.692 0.00000e+00
  107    17.80000   -97.36230 36.53172     141.674     445.493  954.406  294.861   73.795    0.420   12.618 0.00000e+00
  108    17.81667   -97.36217 36.53407     176.251     479.960  950.620  294.528   75.080    0.655   12.626 0.00000e+00
  109    17.83333   -97.36180 36.53650     218.722     522.172  945.939  294.100   76.958    0.400   12.666 0.00000e+00
  110    17.85000   -97.36124 36.53910     233.806     537.258  944.225  293.938   77.678   -0.167   12.679 0.00000e+00
  111    17.86667   -97.36072 36.54170     232.989     537.586  944.187  293.904   77.862   -0.226   12.683 0.00000e+00
  112    17.88333   -97.36015 36.54444     226.867     532.655  944.720  293.923   77.754   -0.287   12.674 0.00000e+00
  113    17.90000   -97.35983 36.54738     215.159     522.440  945.800  293.990   77.397   -0.012   12.653 0.00000e+00
  114    17.91667   -97.36015 36.55023     218.452     527.782  945.226  293.885   77.882    0.248   12.657 0.00000e+00
  115    17.93333   -97.36082 36.55270     236.225     547.451  943.092  293.644   78.973    0.291   12.672 0.00000e+00
  116    17.95000   -97.36153 36.55498     256.128     569.181  940.734  293.434   79.550    0.217   12.630 0.00000e+00
  117    17.96667   -97.36215 36.55715     270.820     586.259  938.803  293.306   79.837    0.111   12.601 0.00000e+00
  118    17.98333   -97.36264 36.55947     287.789     605.723  936.701  293.181   80.339    0.411   12.610 0.00000e+00
  119    18.00000   -97.36302 36.56177     323.600     643.953  932.575  292.841   81.811    0.715   12.627 0.00000e+00
  120    18.01667   -97.36324 36.56406     380.115     702.892  926.203  292.258   84.203    1.015   12.615 0.00000e+00
  121    18.03333   -97.36343 36.56631     442.275     767.552  919.244  291.619   86.955    0.911   12.609 0.00000e+00
  122    18.05000   -97.36344 36.56863     501.582     829.427  912.648  291.073   89.216    0.851   12.588 0.00000e+00
  123    18.06667   -97.36333 36.57104     548.204     878.783  907.415  290.673   90.507    0.666   12.522 0.00000e+00
  124    18.08333   -97.36317 36.57359     586.924     918.849  903.307  290.347   91.609    0.666   12.470 0.00000e+00
  125    18.10000   -97.36295 36.57629     624.869     957.624  899.262  290.046   92.574    0.593   12.417 0.00000e+00
  126    18.11667   -97.36283 36.57906     656.803     990.385  895.845  289.782   93.571    0.278   12.388 0.00000e+00
  127    18.13333   -97.36292 36.58187     678.035    1011.515  893.606  289.586   94.345    0.113   12.366 0.00000e+00
  128    18.15000   -97.36322 36.58475     685.581    1018.417  892.897  289.528   94.428    0.056   12.341 0.00000e+00
  129    18.16667   -97.36346 36.58779     680.701    1012.781  893.493  289.591   93.715   -0.263   12.289 0.00000e+00
  130    18.18333   -97.36349 36.59090     657.744     987.802  896.144  289.854   91.921   -0.803   12.222 0.00000e+00
  131    18.20000   -97.36337 36.59400     614.298     942.068  900.936  290.318   89.181   -1.079   12.150 0.00000e+00
  132    18.21667   -97.36325 36.59702     554.807     880.345  907.449  290.933   86.001   -1.269   12.096 0.00000e+00
  133    18.23333   -97.36317 36.59985     477.823     801.430  915.837  291.712   82.345   -1.394   12.056 0.00000e+00
  134    18.25000   -97.36311 36.60249     399.489     721.280  924.440  292.478   79.323   -0.890   12.073 0.00000e+00
  135    18.26667   -97.36295 36.60495     358.902     678.938  929.015  292.885   77.680   -0.024   12.069 0.00000e+00
  136    18.28333   -97.36240 36.60719     353.962     672.582  929.659  293.001   76.502    0.229   11.964 0.00000e+00
  137    18.30000   -97.36166 36.60924     359.856     677.113  929.161  292.962   76.655    0.344   11.965 0.00000e+00
  138    18.31667   -97.36090 36.61115     362.518     678.615  929.017  292.951   76.771    0.033   11.977 0.00000e+00
  139    18.33333   -97.36021 36.61294     357.969     672.935  929.619  293.004   76.656   -0.135   11.991 0.00000e+00
  140    18.35000   -97.35965 36.61462     344.319     658.193  931.213  293.147   76.119   -0.285   11.993 0.00000e+00
  141    18.36667   -97.35920 36.61625     325.062     637.912  933.372  293.344   75.500   -0.480   12.015 0.00000e+00
  142    18.38333   -97.35879 36.61776     292.436     604.346  936.971  293.688   74.541   -0.655   12.073 0.00000e+00
  143    18.40000   -97.35822 36.61915     257.832     568.874  940.835  294.042   73.300   -0.560   12.086 0.00000e+00
  144    18.41667   -97.35764 36.62048     235.386     545.601  943.368  294.280   72.701   -0.186   12.133 0.00000e+00
  145    18.43333   -97.35716 36.62184     225.163     534.690  944.540  294.378   72.463   -0.284   12.151 0.00000e+00
  146    18.45000   -97.35668 36.62315     192.722     501.831  948.100  294.775   71.547   -0.830   12.250 0.00000e+00
  147    18.46667   -97.35648 36.62423     143.213     452.075  953.542  295.363   70.041   -0.965   12.364 0.00000e+00
  148    18.48333   -97.35662 36.62512      83.213     391.881  960.147  296.001   68.013   -1.118   12.399 0.00000e+00
  149    18.50000   -97.35667 36.62584      31.510     340.017  965.836  296.522   66.288   -0.611   12.401 0.00000e+00
  150    18.51667   -97.35645 36.62631      10.189     318.592  968.157  296.952   65.348   -0.183   12.520 0.00000e+00
  151    18.53333   -97.35591 36.62640       3.440     311.832  968.799  297.237   64.660   -0.060   12.597 0.00000e+00
  152    18.55000   -97.35474 36.62624       1.534     310.008  968.892  297.593   63.666   -0.013   12.674 0.00000e+00
  153    18.56667   -97.35310 36.62637       1.362     309.554  969.007  297.883   63.044   -0.005   12.770 0.00000e+00
  154    18.58333   -97.35182 36.62722       1.012     308.284  969.164  297.960   62.830   -0.001   12.784 0.00000e+00
  155    18.60000   -97.35084 36.62829       1.752     308.080  969.209  298.091   62.546    0.026   12.827 0.00000e+00
  156    18.61667   -97.35028 36.62901       4.821     310.617  968.980  298.028   62.788    0.091   12.831 0.00000e+00
  157    18.63333   -97.35000 36.62931      16.125     321.666  967.895  297.792   63.696    0.344   12.847 0.00000e+00
  158    18.65000   -97.34984 36.62942      49.860     355.247  964.146  297.272   65.106    0.925   12.773 0.00000e+00
  159    18.66667   -97.34980 36.63004     130.390     435.777  955.309  296.334   67.659    1.821   12.653 0.00000e+00
  160    18.68333   -97.34966 36.63136     246.046     551.474  942.692  295.112   71.353    2.505   12.546 0.00000e+00
  161    18.70000   -97.34917 36.63295     377.779     683.095  928.510  293.734   76.018    2.420   12.461 0.00000e+00
  162    18.71667   -97.34837 36.63453     493.031     798.000  916.210  292.503   80.321    2.003   12.355 0.00000e+00
  163    18.73333   -97.34717 36.63645     588.469     892.912  906.146  291.500   84.219    1.777   12.297 0.00000e+00
  164    18.75000   -97.34564 36.63873     715.989    1019.445  892.874  290.253   90.031    2.667   12.326 0.00000e+00
  165    18.76667   -97.34439 36.64077     873.837    1175.333  876.734  288.763   97.140    2.851   12.310 0.00000e+00
  166    18.78333   -97.34357 36.64260    1016.607    1316.757  862.213  287.760  100.000    2.509   12.093 1.37642e-01
  167    18.80000   -97.34276 36.64441    1149.204    1448.249  848.900  287.113  100.000    2.306   11.779 3.88608e-01
  168    18.81667   -97.34147 36.64617    1268.802    1567.014  837.046  286.493  100.000    2.275   11.473 5.88004e-01
  169    18.83333   -97.33945 36.64813    1384.534    1682.527  825.562  285.678  100.000    2.508   11.025 5.91689e-01
  170    18.85000   -97.33727 36.65070    1500.874    1798.879  814.198  284.844  100.000    2.244   10.580 5.84711e-01
  171    18.86667   -97.33524 36.65346    1590.997    1888.766  805.559  284.273  100.000    1.667   10.296 6.54151e-01
  172    18.88333   -97.33324 36.65626    1633.694    1931.251  801.451  283.917  100.000    1.363   10.106 6.31111e-01
  173    18.90000   -97.33099 36.65884    1639.483    1937.535  800.864  283.691  100.000    0.542    9.962 4.79772e-01
  174    18.91667   -97.32850 36.66116    1645.256    1944.176  800.183  283.504   97.905   -0.579    9.620 2.08269e-01
  175    18.93333   -97.32598 36.66359    1663.381    1962.790  798.485  283.520   89.251    0.336    8.798 1.72463e-02
  176    18.95000   -97.32333 36.66615    1679.443    1977.699  797.062  283.074   95.473    0.449    9.150 2.49789e-03
  177    18.96667   -97.32070 36.66900    1685.876    1983.283  796.502  282.930   97.702   -0.270    9.279 5.97901e-03
  178    18.98333   -97.31818 36.67216    1665.872    1963.224  798.348  283.074   97.879   -0.682    9.365 5.12654e-03
