    0    16.01667   -97.44539 36.23121      48.270     423.682  957.015  292.762   84.909   -0.376   12.704 0.00000e+00
    1    16.03333   -97.44463 36.23419      31.349     403.901  959.244  293.033   83.988   -0.172   12.752 0.00000e+00
    2    16.05000   -97.44401 36.23680      22.304     392.207  960.567  293.280   83.130   -0.112   12.800 0.00000e+00
    3    16.06667   -97.44353 36.23909      15.838     383.734  961.483  293.477   82.537   -0.085   12.854 0.00000e+00
    4    16.08333   -97.44317 36.24114       9.994     376.764  962.259  293.647   81.884   -0.112   12.878 0.00000e+00
    5    16.10000   -97.44285 36.24300       5.572     371.255  962.759  293.724   81.287   -0.062   12.838 0.00000e+00
    6    16.11667   -97.44259 36.24466       3.433     368.137  963.041  293.804   80.969   -0.011   12.848 0.00000e+00
    7    16.13333   -97.44228 36.24622       3.010     366.652  963.258  293.938   80.594   -0.006   12.892 0.00000e+00
    8    16.15000   -97.44182 36.24783       2.254     363.940  963.567  294.090   80.113   -0.015   12.933 0.00000e+00
    9    16.16667   -97.44112 36.24949       2.020     361.230  963.855  294.141   80.007   -0.018   12.954 0.00000e+00
   10    16.18333   -97.44013 36.25112       1.170     357.919  964.105  294.169   79.871   -0.010   12.950 0.00000e+00
   11    16.20000   -97.43887 36.25266       1.265     355.618  964.404  294.356   79.287    0.001   13.002 0.00000e+00
   12    16.21667   -97.43766 36.25409       2.331     354.700  964.401  294.512   78.946    0.013   13.072 0.00000e+00
   13    16.23333   -97.43668 36.25542       3.328     354.656  964.261  294.701   78.558    0.026   13.162 0.00000e+00
   14    16.25000   -97.43595 36.25669       6.280     357.113  964.055  294.851   78.359    0.073   13.255 0.00000e+00
   15    16.26667   -97.43536 36.25801      13.385     364.055  963.387  294.563   79.432    0.142   13.208 0.00000e+00
   16    16.28333   -97.43481 36.25971      25.936     375.918  962.115  294.337   80.089    0.316   13.149 0.00000e+00
   17    16.30000   -97.43427 36.26176      47.355     396.205  959.898  293.862   81.472    0.474   13.018 0.00000e+00
   18    16.31667   -97.43372 36.26424      72.868     420.467  957.148  293.457   82.747    0.612   12.929 0.00000e+00
   19    16.33333   -97.43323 36.26677     113.826     461.176  952.618  293.066   84.385    0.896   12.929 0.00000e+00
   20    16.35000   -97.43259 36.26931     166.679     514.120  946.677  292.504   86.635    0.981   12.895 0.00000e+00
   21    16.36667   -97.43169 36.27185     221.037     568.948  940.770  292.004   88.446    0.928   12.837 0.00000e+00
   22    16.38333   -97.43054 36.27454     265.373     613.070  936.021  291.588   89.990    0.745   12.788 0.00000e+00
   23    16.40000   -97.42929 36.27751     297.314     644.546  932.623  291.292   91.092    0.604   12.750 0.00000e+00
   24    16.41667   -97.42807 36.28068     320.239     666.906  930.157  291.060   92.127    0.496   12.741 0.00000e+00
   25    16.43333   -97.42696 36.28395     337.494     684.688  928.242  290.868   93.036    0.528   12.737 0.00000e+00
   26    16.45000   -97.42599 36.28729     353.608     701.332  926.428  290.685   93.908    0.435   12.733 0.00000e+00
   27    16.46667   -97.42515 36.29067     366.644     713.174  925.236  290.569   94.438    0.445   12.727 0.00000e+00
   28    16.48333   -97.42450 36.29408     377.040     721.284  924.335  290.463   95.067    0.362   12.738 0.00000e+00
   29    16.50000   -97.42400 36.29756     386.513     727.025  923.903  290.399   95.534    0.316   12.755 0.00000e+00
   30    16.51667   -97.42365 36.30099     391.943     724.963  924.182  290.389   95.726    0.033   12.768 0.00000e+00
   31    16.53333   -97.42336 36.30429     383.689     709.203  925.855  290.519   95.156   -0.354   12.775 0.00000e+00
   32    16.55000   -97.42324 36.30751     356.122     680.198  928.839  290.797   93.658   -0.712   12.757 0.00000e+00
   33    16.56667   -97.42326 36.31069     324.191     648.562  932.300  291.106   92.103   -0.627   12.745 0.00000e+00
   34    16.58333   -97.42337 36.31390     307.097     632.251  934.004  291.255   91.387   -0.233   12.743 0.00000e+00
   35    16.60000   -97.42341 36.31712     308.733     636.630  933.494  291.198   91.644    0.044   12.740 0.00000e+00
   36    16.61667   -97.42329 36.32027     322.530     653.079  931.750  291.077   92.267    0.267   12.752 0.00000e+00
   37    16.63333   -97.42305 36.32327     341.260     672.021  929.788  290.916   93.025    0.331   12.754 0.00000e+00
   38    16.65000   -97.42276 36.32597     354.630     683.698  928.534  290.805   93.525    0.089   12.749 0.00000e+00
   39    16.66667   -97.42249 36.32841     358.950     686.552  928.188  290.792   93.532   -0.145   12.744 0.00000e+00
   40    16.68333   -97.42204 36.33076     358.510     684.351  928.475  290.841   93.271   -0.131   12.744 0.00000e+00
   41    16.70000   -97.42150 36.33308     354.395     677.760  929.180  290.921   92.896    0.024   12.748 0.00000e+00
   42    16.71667   -97.42087 36.33542     343.815     664.755  930.594  291.060   92.127   -0.015   12.735 0.00000e+00
   43    16.73333   -97.42017 36.33785     323.933     642.425  933.023  291.279   91.024   -0.300   12.725 0.00000e+00
   44    16.75000   -97.41943 36.34046     290.308     606.227  936.952  291.661   89.106   -0.753   12.708 0.00000e+00
   45    16.76667   -97.41882 36.34326     242.367     555.475  942.501  292.169   86.706   -0.966   12.692 0.00000e+00
   46    16.78333   -97.41851 36.34615     192.904     503.183  948.175  292.694   84.358   -0.857   12.686 0.00000e+00
   47    16.80000   -97.41853 36.34907     152.281     462.314  952.572  293.094   82.723   -0.763   12.697 0.00000e+00
   48    16.81667   -97.41878 36.35202     119.748     430.078  956.085  293.386   81.546   -0.674   12.699 0.00000e+00
   49    16.83333   -97.41926 36.35505      97.984     408.645  958.324  293.607   80.703   -0.322   12.713 0.00000e+00
   50    16.85000   -97.41985 36.35815      89.007     403.342  958.928  293.792   80.326    0.021   12.792 0.00000e+00
   51    16.86667   -97.42046 36.36128      90.926     409.303  958.289  293.869   80.400    0.315   12.874 0.00000e+00
   52    16.88333   -97.42110 36.36429     100.069     421.748  957.031  293.817   80.775    0.361   12.909 0.00000e+00
   53    16.90000   -97.42179 36.36726     102.550     426.136  956.537  293.762   80.954   -0.024   12.900 0.00000e+00
   54    16.91667   -97.42252 36.37013      94.685     420.392  957.206  293.793   80.667   -0.226   12.870 0.00000e+00
   55    16.93333   -97.42323 36.37291      83.161     411.037  958.247  293.875   80.215   -0.251   12.850 0.00000e+00
   56    16.95000   -97.42381 36.37565      66.697     396.562  959.847  294.043   79.428   -0.277   12.835 0.00000e+00
   57    16.96667   -97.42417 36.37830      51.595     383.265  961.323  294.256   78.654   -0.223   12.860 0.00000e+00
   58    16.98333   -97.42445 36.38080      41.500     374.768  962.250  294.462   78.062   -0.130   12.915 0.00000e+00
   59    17.00000   -97.42484 36.38319      35.248     369.928  962.810  294.612   77.662   -0.073   12.961 0.00000e+00
   60    17.01667   -97.42542 36.38555      33.261     369.320  962.843  294.696   77.312   -0.031   12.969 0.00000e+00
   61    17.03333   -97.42609 36.38786      35.081     372.384  962.538  294.746   77.187    0.072   12.992 0.00000e+00
   62    17.05000   -97.42654 36.39024      45.434     382.789  961.436  294.668   77.487    0.267   12.995 0.00000e+00
   63    17.06667   -97.42670 36.39291      64.135     401.183  959.428  294.391   78.317    0.466   12.938 0.00000e+00
   64    17.08333   -97.42683 36.39582      82.707     419.453  957.478  294.075   79.159    0.452   12.850 0.00000e+00
   65    17.10000   -97.42701 36.39877     103.252     438.369  955.453  293.816   79.922    0.508   12.793 0.00000e+00
   66    17.11667   -97.42731 36.40163     130.791     463.827  952.630  293.539   80.916    0.563   12.769 0.00000e+00
   67    17.13333   -97.42759 36.40437     163.463     494.483  949.247  293.212   82.131    0.560   12.744 0.00000e+00
   68    17.15000   -97.42786 36.40699     195.269     523.194  946.120  292.943   83.169    0.564   12.732 0.00000e+00
   69    17.16667   -97.42813 36.40942     234.963     559.563  942.072  292.684   84.418    0.896   12.771 0.00000e+00
   70    17.18333   -97.42838 36.41167     300.544     622.047  935.304  292.154   86.881    1.356   12.805 0.00000e+00
   71    17.20000   -97.42824 36.41376     376.884     695.861  927.191  291.441   90.099    0.956   12.806 0.00000e+00
   72    17.21667   -97.42750 36.41571     427.514     745.442  921.848  291.002   91.575    0.651   12.733 0.00000e+00
   73    17.23333   -97.42655 36.41758     458.204     775.096  918.707  290.777   91.607    0.465   12.600 0.00000e+00
   74    17.25000   -97.42583 36.41935     480.844     796.852  916.369  290.577   92.650    0.463   12.614 0.00000e+00
   75    17.26667   -97.42543 36.42097     497.516     812.838  914.597  290.402   93.860    0.266   12.662 0.00000e+00
   76    17.28333   -97.42521 36.42237     512.038     827.325  913.002  290.275   94.478    0.208   12.665 0.00000e+00
   77    17.30000   -97.42484 36.42400     510.986     826.787  913.111  290.322   94.429    0.040   12.694 0.00000e+00
   78    17.31667   -97.42419 36.42606     510.159     826.602  913.106  290.397   93.656   -0.011   12.651 0.00000e+00
   79    17.33333   -97.42328 36.42831     514.874     832.007  912.535  290.426   92.376    0.066   12.509 0.00000e+00
   80    17.35000   -97.42214 36.43053     530.304     848.173  910.787  290.435   90.587    0.093   12.298 0.00000e+00
   81    17.36667   -97.42085 36.43274     548.128     867.157  908.788  290.326   90.390    0.082   12.213 0.00000e+00
   82    17.38333   -97.41944 36.43494     552.310     872.584  908.284  290.264   90.827   -0.208   12.231 0.00000e+00
   83    17.40000   -97.41798 36.43719     534.789     855.464  910.131  290.444   89.988   -0.618   12.232 0.00000e+00
   84    17.41667   -97.41663 36.43947     501.041     821.255  913.754  290.775   88.689   -0.921   12.264 0.00000e+00
   85    17.43333   -97.41517 36.44180     468.875     788.019  917.351  291.094   87.359   -0.769   12.278 0.00000e+00
   86    17.45000   -97.41361 36.44419     439.886     758.106  920.450  291.350   86.529   -0.833   12.319 0.00000e+00
   87    17.46667   -97.41197 36.44659     416.912     734.415  923.015  291.570   85.806   -0.795   12.352 0.00000e+00
   88    17.48333   -97.41035 36.44907     392.664     710.846  925.518  291.806   84.819   -0.659   12.360 0.00000e+00
   89    17.50000   -97.40887 36.45157     374.054     693.265  927.385  291.963   84.055   -0.655   12.346 0.00000e+00
   90    17.51667   -97.40746 36.45401     353.763     674.239  929.473  292.171   83.091   -0.418   12.337 0.00000e+00
   91    17.53333   -97.40611 36.45645     344.186     662.331  930.999  292.303   82.652   -0.153   12.354 0.00000e+00
   92    17.55000   -97.40487 36.45889     338.705     651.878  932.103  292.393   82.360   -0.023   12.365 0.00000e+00
   93    17.56667   -97.40375 36.46128     343.379     651.678  932.128  292.419   82.579    0.200   12.418 0.00000e+00
   94    17.58333   -97.40270 36.46371     360.549     664.454  930.653  292.322   83.197    0.254   12.455 0.00000e+00
   95    17.60000   -97.40166 36.46616     379.988     681.003  928.824  292.194   83.917    0.274   12.486 0.00000e+00
   96    17.61667   -97.40051 36.46857     390.258     688.302  928.087  292.184   84.283    0.289   12.543 0.00000e+00
   97    17.63333   -97.39948 36.47104     405.755     700.378  926.739  292.138   84.588    0.436   12.570 0.00000e+00
   98    17.65000   -97.39883 36.47363     452.530     745.801  921.812  291.976   86.224    1.391   12.752 0.00000e+00
   99    17.66667   -97.39831 36.47624     527.229     819.881  913.904  291.273   89.597    1.877   12.785 0.00000e+00
  100    17.68333   -97.39751 36.47877     620.582     912.229  904.144  290.298   93.797    2.179   12.716 0.00000e+00
  101    17.70000   -97.39605 36.48122     731.509    1021.771  892.560  289.199   98.788    2.186   12.645 2.21237e-04
  102    17.71667   -97.39379 36.48362     816.333    1106.132  883.634  288.637   99.792    0.788   12.444 7.81055e-02
  103    17.73333   -97.39140 36.48602     824.362    1114.688  882.754  288.540   97.194   -0.818   12.057 0.00000e+00
  104    17.75000   -97.38976 36.48840     778.825    1069.900  887.414  289.004   93.106   -1.040   11.837 0.00000e+00
  105    17.76667   -97.38882 36.49072     726.787    1019.223  892.671  289.529   90.023   -0.815   11.768 0.00000e+00
  106    17.78333   -97.38837 36.49289     709.225    1003.079  894.374  289.685   89.664    0.081   11.817 0.00000e+00
  107    17.80000   -97.38794 36.49481     744.548    1039.737  890.510  289.334   91.491    1.133   11.841 0.00000e+00
  108    17.81667   -97.38710 36.49644     818.668    1115.169  882.678  288.556   96.922    1.554   12.037 6.77798e-03
  109    17.83333   -97.38573 36.49775     903.235    1200.613  873.878  287.917  100.000    1.461   12.046 7.63994e-02
  110    17.85000   -97.38402 36.49888    1014.525    1312.388  862.400  287.393  100.000    2.525   11.807 3.13983e-01
  111    17.86667   -97.38203 36.50047    1197.822    1496.407  843.825  286.612  100.000    3.720   11.467 7.23999e-01
  112    17.88333   -97.37984 36.50296    1391.279    1691.115  824.537  285.722  100.000    3.672   11.071 1.09533e+00
  113    17.90000   -97.37773 36.50569    1540.399    1841.737  809.891  284.904  100.000    2.740   10.679 1.25612e+00
  114    17.91667   -97.37587 36.50848    1613.041    1915.862  802.775  284.320  100.000    0.937   10.365 1.08434e+00
  115    17.93333   -97.37367 36.51149    1640.215    1944.577  799.994  283.776   99.513   -0.203    9.960 7.07610e-01
  116    17.95000   -97.37104 36.51458    1626.481    1931.994  801.246  283.504   99.096   -0.832    9.724 3.89718e-01
  117    17.96667   -97.36795 36.51756    1582.986    1888.585  805.407  283.733   95.358   -1.092    9.453 1.91512e-01
  118    17.98333   -97.36462 36.52051    1535.759    1840.405  810.082  284.125   91.047   -0.778    9.212 1.56266e-02
  119    18.00000   -97.36135 36.52357    1518.344    1821.377  811.912  284.353   87.975    0.114    9.017 1.21690e-02
  120    18.01667   -97.35817 36.52689    1537.769    1839.494  810.194  284.087   89.617    0.460    9.043 1.49315e-03
  121    18.03333   -97.35496 36.53052    1565.495    1866.343  807.527  283.747   91.618    0.346    9.067 0.00000e+00
  122    18.05000   -97.35166 36.53432    1582.212    1883.913  805.780  283.479   94.163    0.136    9.172 4.19436e-03
  123    18.06667   -97.34821 36.53806    1580.657    1885.157  805.640  283.369   96.502   -0.180    9.333 4.54699e-03
  124    18.08333   -97.34459 36.54160    1555.508    1862.431  807.905  283.506   97.814   -0.525    9.520 9.43178e-03
  125    18.10000   -97.34081 36.54491    1504.941    1812.182  812.768  283.933   94.807   -0.950    9.438 0.00000e+00
  126    18.11667   -97.33694 36.54816    1433.245    1741.084  819.681  284.605   90.576   -1.287    9.351 0.00000e+00
  127    18.13333   -97.33314 36.55145    1362.677    1672.384  826.379  285.178   89.503   -1.017    9.520 0.00000e+00
  128    18.15000   -97.32944 36.55477    1312.862    1625.303  831.112  285.546   89.830   -0.600    9.735 0.00000e+00
  129    18.16667   -97.32591 36.55808    1289.039    1603.977  833.141  285.682   90.097   -0.227    9.828 0.00000e+00
  130    18.18333   -97.32249 36.56136    1288.706    1608.540  832.635  285.661   89.528    0.147    9.758 0.00000e+00
  131    18.20000   -97.31911 36.56468    1308.923    1633.825  830.266  285.472   89.853    0.462    9.700 0.00000e+00
  132    18.21667   -97.31564 36.56808    1340.747    1666.534  827.091  285.201   90.686    0.418    9.652 0.00000e+00
  133    18.23333   -97.31202 36.57163    1360.282    1686.626  825.205  285.045   91.041    0.088    9.613 0.00000e+00
  134    18.25000   -97.30826 36.57527    1358.707    1680.758  825.794  285.138   90.041   -0.327    9.559 0.00000e+00
  135    18.26667   -97.30436 36.57892    1334.348    1654.881  828.195  285.406   88.271   -0.571    9.511 0.00000e+00
  136    18.28333   -97.30045 36.58255    1303.651    1625.457  831.067  285.665   87.368   -0.445    9.543 0.00000e+00
  137    18.30000   -97.29668 36.58612    1290.648    1614.395  832.160  285.749   87.317    0.051    9.578 0.00000e+00
  138    18.31667   -97.29321 36.58966    1318.719    1639.944  830.002  285.523   89.024    0.954    9.646 0.00000e+00
  139    18.33333   -97.28992 36.59326    1388.930    1701.419  823.894  284.951   91.928    1.333    9.661 0.00000e+00
  140    18.35000   -97.28664 36.59697    1464.558    1770.314  817.120  284.297   95.229    1.125    9.662 0.00000e+00
  141    18.36667   -97.28331 36.60070    1515.565    1815.281  812.691  283.865   97.476    0.546    9.660 0.00000e+00
  142    18.38333   -97.27991 36.60438    1527.623    1823.284  811.870  283.787   97.772   -0.158    9.649 0.00000e+00
  143    18.40000   -97.27651 36.60790    1507.556    1801.641  813.938  284.011   96.222   -0.609    9.615 0.00000e+00
  144    18.41667   -97.27312 36.61124    1477.330    1770.542  816.958  284.330   94.373   -0.552    9.598 0.00000e+00
  145    18.43333   -97.26974 36.61449    1452.616    1745.490  819.393  284.567   93.419   -0.294    9.623 0.00000e+00
  146    18.45000   -97.26640 36.61783    1433.414    1725.879  821.324  284.702   93.732   -0.281    9.720 0.00000e+00
  147    18.46667   -97.26313 36.62142    1407.405    1699.444  823.887  285.012   91.245   -0.643    9.629 0.00000e+00
  148    18.48333   -97.25994 36.62531    1351.728    1643.890  829.356  285.366   91.462   -1.125    9.815 0.00000e+00
  149    18.50000   -97.25717 36.62957    1280.929    1573.430  836.310  285.921   90.295   -0.764    9.968 0.00000e+00
  150    18.51667   -97.25496 36.63392    1233.700    1526.681  840.967  286.286   89.864   -0.053   10.105 0.00000e+00
  151    18.53333   -97.25302 36.63802    1222.409    1515.461  842.126  286.458   88.455    0.138   10.046 0.00000e+00
  152    18.55000   -97.25121 36.64169    1239.997    1533.709  840.302  286.347   88.479    0.420    9.997 0.00000e+00
  153    18.56667   -97.24937 36.64505    1282.926    1577.184  835.998  285.849   91.795    0.853   10.089 0.00000e+00
  154    18.58333   -97.24748 36.64811    1334.771    1629.499  830.827  285.293   95.042    0.636   10.132 2.26052e-06
  155    18.60000   -97.24574 36.65082    1379.891    1675.374  826.267  284.903   96.094   -0.151   10.038 5.53793e-05
  156    18.61667   -97.24416 36.65347    1418.932    1715.451  822.240  284.979   92.297    0.458    9.738 2.24994e-03
  157    18.63333   -97.24262 36.65644    1452.247    1749.214  819.068  284.486   97.142    1.488    9.957 8.32693e-05
  158    18.65000   -97.24097 36.65969    1496.606    1792.749  814.878  284.105  100.000    1.302   10.045 4.39585e-02
  159    18.66667   -97.23910 36.66299    1549.622    1844.458  809.853  283.843  100.000    0.844    9.950 1.23475e-01
  160    18.68333   -97.23723 36.66622    1591.281    1885.725  805.822  283.642  100.000    0.472    9.867 2.17734e-01
  161    18.70000   -97.23543 36.66941    1605.573    1900.453  804.391  283.602  100.000    0.213    9.858 2.74001e-01
  162    18.71667   -97.23366 36.67269    1594.949    1890.550  805.372  283.685  100.000   -0.178    9.902 2.42973e-01
  163    18.73333   -97.23191 36.67612    1571.699    1867.474  807.626  283.733  100.000   -0.588    9.906 1.09821e-01
  164    18.75000   -97.23019 36.67963    1546.584    1842.348  810.015  283.825   99.417   -0.686    9.859 1.08803e-03
  165    18.76667   -97.22850 36.68314    1536.150    1831.776  811.037  283.999   97.156   -0.254    9.736 0.00000e+00
  166    18.78333   -97.22680 36.68675    1552.398    1847.967  809.479  283.884   97.046    0.339    9.669 0.00000e+00
  167    18.80000   -97.22504 36.69046    1590.021    1885.797  805.842  283.577   97.911    0.540    9.599 4.15373e-05
  168    18.81667   -97.22319 36.69424    1622.668    1918.712  802.681  283.312   98.665    0.311    9.540 0.00000e+00
  169    18.83333   -97.22116 36.69808    1636.406    1932.556  801.361  283.257   98.052   -0.221    9.461 0.00000e+00
  170    18.85000   -97.21870 36.70204    1643.476    1940.265  800.628  283.231   97.279   -0.826    9.380 0.00000e+00
  171    18.86667   -97.21585 36.70615    1653.775    1951.303  799.570  283.160   97.803   -1.298    9.398 0.00000e+00
  172    18.88333   -97.21278 36.71025    1666.995    1964.909  798.244  283.078   95.784   -1.389    9.168 1.06627e-02
  173    18.90000   -97.20975 36.71415    1685.301    1984.301  796.314  283.299   89.783   -1.100    8.744 0.00000e+00
  174    18.91667   -97.20679 36.71791    1702.357    2004.159  794.453  283.144   92.237    0.544    8.910 4.78416e-03
  175    18.93333   -97.20378 36.72155    1719.886    2024.367  792.618  283.069   87.697    0.948    8.449 3.26718e-06
  176    18.95000   -97.20058 36.72511    1745.602    2050.370  790.124  282.926   85.282    0.571    8.163 0.00000e+00
  177    18.96667   -97.19731 36.72868    1775.829    2082.012  787.055  282.654   86.288    0.283    8.141 0.00000e+00
  178    18.98333   -97.19405 36.73236    1799.114    2106.205  784.850  282.447   87.173    0.343    8.133 0.00000e+00
