    0    16.01667   -97.49989 36.23117      24.158     382.178  961.314  293.116   84.809   -0.112   12.915 0.00000e+00
    1    16.03333   -97.49975 36.23332      21.704     379.236  961.587  293.179   84.524   -0.101   12.919 0.00000e+00
    2    16.05000   -97.49936 36.23524      20.633     378.144  961.706  293.263   84.244    0.023   12.942 0.00000e+00
    3    16.06667   -97.49884 36.23698      24.115     381.922  961.286  293.338   84.098    0.163   12.987 0.00000e+00
    4    16.08333   -97.49844 36.23880      33.729     392.251  960.059  293.280   84.395    0.289   13.002 0.00000e+00
    5    16.10000   -97.49834 36.24091      45.984     406.395  958.530  293.150   84.928    0.242   12.999 0.00000e+00
    6    16.11667   -97.49857 36.24324      54.015     416.328  957.470  293.046   85.311    0.035   12.987 0.00000e+00
    7    16.13333   -97.49889 36.24568      48.999     413.517  957.858  293.075   85.016   -0.145   12.961 0.00000e+00
    8    16.15000   -97.49899 36.24820      36.960     403.535  958.954  293.184   84.454   -0.198   12.948 0.00000e+00
    9    16.16667   -97.49883 36.25072      25.176     393.567  960.038  293.355   83.775   -0.165   12.967 0.00000e+00
   10    16.18333   -97.49859 36.25314      16.326     386.623  960.718  293.535   83.124   -0.109   13.002 0.00000e+00
   11    16.20000   -97.49840 36.25541      10.769     382.407  961.290  293.674   82.551   -0.076   13.017 0.00000e+00
   12    16.21667   -97.49837 36.25754       7.693     378.455  961.661  293.811   81.842   -0.038   13.011 0.00000e+00
   13    16.23333   -97.49847 36.25959       6.643     376.440  961.850  293.948   81.373   -0.022   13.045 0.00000e+00
   14    16.25000   -97.49846 36.26162       5.665     374.594  962.063  294.030   81.104   -0.018   13.065 0.00000e+00
   15    16.26667   -97.49822 36.26349       5.346     373.563  962.183  294.102   80.937   -0.004   13.095 0.00000e+00
   16    16.28333   -97.49778 36.26511       6.348     373.979  962.146  294.145   80.827    0.047   13.113 0.00000e+00
   17    16.30000   -97.49741 36.26646      12.305     379.505  961.632  294.103   81.417    0.210   13.181 0.00000e+00
   18    16.31667   -97.49735 36.26802      26.549     393.022  960.160  293.931   81.966    0.399   13.150 0.00000e+00
   19    16.33333   -97.49759 36.27019      52.258     417.540  957.428  293.511   83.244    0.605   13.047 0.00000e+00
   20    16.35000   -97.49791 36.27272      86.579     450.147  953.872  293.133   84.620    0.755   13.002 0.00000e+00
   21    16.36667   -97.49828 36.27539     120.668     482.232  950.347  292.804   85.930    0.708   12.982 0.00000e+00
   22    16.38333   -97.49850 36.27808     156.033     515.797  946.653  292.466   87.379    0.741   12.974 0.00000e+00
   23    16.40000   -97.49838 36.28077     201.929     560.019  941.843  292.018   89.277    0.927   12.954 0.00000e+00
   24    16.41667   -97.49794 36.28347     256.208     612.583  936.105  291.476   91.583    0.890   12.921 0.00000e+00
   25    16.43333   -97.49725 36.28611     299.102     653.594  931.703  291.073   93.515    0.335   12.922 0.00000e+00
   26    16.45000   -97.49638 36.28877     311.115     663.293  930.701  290.996   93.658    0.108   12.893 0.00000e+00
   27    16.46667   -97.49549 36.29139     306.176     655.494  931.525  291.083   93.017   -0.150   12.864 0.00000e+00
   28    16.48333   -97.49468 36.29403     294.393     640.746  933.019  291.228   92.176   -0.264   12.844 0.00000e+00
   29    16.50000   -97.49393 36.29667     281.692     625.601  934.610  291.375   91.365   -0.208   12.829 0.00000e+00
   30    16.51667   -97.49316 36.29926     267.508     611.294  936.114  291.509   90.522   -0.329   12.798 0.00000e+00
   31    16.53333   -97.49242 36.30178     239.619     583.537  939.148  291.784   89.200   -0.525   12.791 0.00000e+00
   32    16.55000   -97.49181 36.30431     204.561     548.404  943.038  292.214   87.373   -0.769   12.819 0.00000e+00
   33    16.56667   -97.49140 36.30687     162.393     505.208  947.791  292.670   85.419   -1.077   12.832 0.00000e+00
   34    16.58333   -97.49113 36.30942     113.456     454.793  953.357  293.185   83.217   -0.858   12.835 0.00000e+00
   35    16.60000   -97.49095 36.31194      76.817     416.623  957.608  293.554   81.718   -0.536   12.840 0.00000e+00
   36    16.61667   -97.49090 36.31440      54.201     392.256  960.271  293.792   80.826   -0.256   12.853 0.00000e+00
   37    16.63333   -97.49107 36.31681      40.189     376.163  962.048  294.008   80.041   -0.119   12.877 0.00000e+00
   38    16.65000   -97.49149 36.31917      31.026     364.666  963.290  294.248   79.208   -0.063   12.917 0.00000e+00
   39    16.66667   -97.49204 36.32133      27.445     358.659  963.953  294.431   78.629   -0.030   12.960 0.00000e+00
   40    16.68333   -97.49265 36.32336      25.139     355.091  964.295  294.575   78.220   -0.051   13.003 0.00000e+00
   41    16.70000   -97.49328 36.32527      21.688     351.278  964.791  294.550   78.279   -0.068   12.986 0.00000e+00
   42    16.71667   -97.49405 36.32708      17.942     347.791  965.212  294.528   78.277   -0.069   12.963 0.00000e+00
   43    16.73333   -97.49501 36.32877      15.878     346.487  965.325  294.702   77.765    0.005   13.016 0.00000e+00
   44    16.75000   -97.49579 36.33031      19.413     350.779  964.859  294.754   77.618    0.083   13.039 0.00000e+00
   45    16.76667   -97.49606 36.33170      29.686     361.842  963.622  294.774   77.739    0.274   13.093 0.00000e+00
   46    16.78333   -97.49585 36.33311      48.571     381.491  961.450  294.592   78.389    0.439   13.084 0.00000e+00
   47    16.80000   -97.49535 36.33466      76.763     410.294  958.262  294.201   79.481    0.487   12.992 0.00000e+00
   48    16.81667   -97.49469 36.33639     115.713     449.760  953.909  293.820   80.888    0.864   12.973 0.00000e+00
   49    16.83333   -97.49382 36.33814     168.649     502.979  948.048  293.220   82.947    0.864   12.894 0.00000e+00
   50    16.85000   -97.49282 36.33994     224.707     559.680  941.805  292.653   85.105    0.909   12.853 0.00000e+00
   51    16.86667   -97.49182 36.34182     283.505     619.518  935.276  292.062   87.454    1.076   12.815 0.00000e+00
   52    16.88333   -97.49087 36.34388     345.172     682.620  928.428  291.438   90.102    1.204   12.787 0.00000e+00
   53    16.90000   -97.48994 36.34613     400.250     739.522  922.303  290.875   92.760    1.028   12.788 0.00000e+00
   54    16.91667   -97.48898 36.34851     444.445     783.404  917.679  290.438   94.542    0.500   12.740 0.00000e+00
   55    16.93333   -97.48801 36.35088     471.712     809.943  914.762  290.193   95.424    0.084   12.700 0.00000e+00
   56    16.95000   -97.48700 36.35320     483.467     821.380  913.557  290.104   95.714   -0.084   12.683 0.00000e+00
   57    16.96667   -97.48594 36.35547     490.886     827.705  913.108  290.081   95.884   -0.056   12.693 0.00000e+00
   58    16.98333   -97.48483 36.35775     503.283     836.279  912.236  290.012   96.192    0.102   12.690 0.00000e+00
   59    17.00000   -97.48373 36.36006     516.091     845.051  911.247  289.931   96.458    0.409   12.674 0.00000e+00
   60    17.01667   -97.48277 36.36240     529.674     854.865  910.192  289.849   96.721    0.465   12.657 0.00000e+00
   61    17.03333   -97.48197 36.36475     542.115     865.297  908.959  289.750   97.268    0.264   12.664 0.00000e+00
   62    17.05000   -97.48141 36.36716     555.831     878.584  907.473  289.614   98.025    0.057   12.673 0.00000e+00
   63    17.06667   -97.48103 36.36956     577.919     900.533  905.162  289.448   98.562    0.366   12.640 4.64077e-05
   64    17.08333   -97.48071 36.37180     619.737     942.615  900.548  289.097  100.000    0.986   12.613 1.87595e-02
   65    17.10000   -97.47995 36.37391     678.388    1003.682  894.155  288.799  100.000    1.176   12.469 1.31569e-01
   66    17.11667   -97.47842 36.37614     719.501    1047.697  889.617  288.613  100.000    0.864   12.385 2.24604e-01
   67    17.13333   -97.47621 36.37846     732.134    1062.484  888.124  288.540  100.000    0.053   12.347 2.33269e-01
   68    17.15000   -97.47358 36.38089     728.831    1059.866  888.427  288.415  100.000   -0.853   12.240 7.44776e-02
   69    17.16667   -97.47061 36.38345     718.217    1049.935  889.415  288.741   94.571   -0.798   11.795 0.00000e+00
   70    17.18333   -97.46748 36.38606     704.151    1037.535  890.748  289.125   90.869   -0.065   11.600 0.00000e+00
   71    17.20000   -97.46430 36.38869     710.839    1044.396  890.070  289.074   91.064    0.754   11.596 0.00000e+00
   72    17.21667   -97.46109 36.39134     750.188    1083.881  885.790  288.640   93.548    1.128   11.639 0.00000e+00
   73    17.23333   -97.45778 36.39403     799.448    1136.133  880.400  288.108   96.467    0.895   11.667 0.00000e+00
   74    17.25000   -97.45433 36.39684     842.537    1181.866  875.714  287.629   99.034    0.504   11.673 2.98488e-03
   75    17.26667   -97.45079 36.39980     871.022    1211.167  872.797  287.421   99.974    0.136   11.665 3.04008e-02
   76    17.28333   -97.44743 36.40281     890.862    1228.332  871.174  287.328  100.000   -0.067   11.636 2.53650e-02
   77    17.30000   -97.44408 36.40578     905.085    1237.263  870.221  287.317  100.000   -0.110   11.626 5.83659e-02
   78    17.31667   -97.44055 36.40874     914.823    1243.109  869.609  287.397   99.571   -0.386   11.642 1.20522e-01
   79    17.33333   -97.43668 36.41187     889.464    1213.316  872.652  287.616   99.592   -1.605   11.771 1.04434e-01
   80    17.35000   -97.43296 36.41560     799.051    1118.717  882.354  288.238   97.881   -1.892   11.912 3.08705e-04
   81    17.36667   -97.43025 36.42005     744.069    1061.034  888.364  288.702   96.009    0.845   11.958 0.00000e+00
   82    17.38333   -97.42793 36.42440     797.901    1114.734  882.687  288.103   99.890    1.521   12.046 3.15262e-02
   83    17.40000   -97.42526 36.42826     862.378    1180.022  876.035  287.821  100.000    0.957   11.950 1.85828e-01
   84    17.41667   -97.42238 36.43178     898.605    1217.173  872.132  287.669  100.000    0.394   11.885 2.54074e-01
   85    17.43333   -97.41948 36.43509     912.635    1233.032  870.549  287.590  100.000    0.123   11.846 2.42094e-01
   86    17.45000   -97.41661 36.43834     912.172    1232.141  870.759  287.546  100.000   -0.132   11.810 1.52213e-01
   87    17.46667   -97.41378 36.44160     903.579    1221.496  871.852  287.545  100.000   -0.318   11.795 6.36858e-02
   88    17.48333   -97.41098 36.44500     900.304    1216.677  872.302  287.532   99.769   -0.101   11.732 2.08635e-03
   89    17.50000   -97.40829 36.44845     895.689    1212.207  872.713  287.571   99.060    0.064   11.673 5.27199e-03
   90    17.51667   -97.40565 36.45182     883.593    1201.305  873.837  287.658   98.760   -0.053   11.689 1.99148e-02
   91    17.53333   -97.40306 36.45513     867.386    1185.955  875.630  287.774   98.488   -0.365   11.721 1.02569e-02
   92    17.55000   -97.40051 36.45831     855.663    1167.928  877.467  288.080   95.075   -0.675   11.517 0.00000e+00
   93    17.56667   -97.39790 36.46137     843.998    1151.647  879.059  288.358   92.289   -0.701   11.362 0.00000e+00
   94    17.58333   -97.39527 36.46436     824.494    1128.751  881.478  288.664   90.298   -0.605   11.307 0.00000e+00
   95    17.60000   -97.39272 36.46725     797.782    1097.451  884.734  289.041   88.018   -0.696   11.252 0.00000e+00
   96    17.61667   -97.39037 36.47004     755.914    1052.143  889.377  289.516   85.545   -1.049   11.215 0.00000e+00
   97    17.63333   -97.38847 36.47272     698.445     992.592  895.608  290.098   83.056   -1.179   11.224 0.00000e+00
   98    17.65000   -97.38701 36.47534     641.278     933.636  901.842  290.685   80.467   -1.019   11.211 0.00000e+00
   99    17.66667   -97.38584 36.47790     592.507     882.586  907.250  291.130   79.092   -0.673   11.267 0.00000e+00
  100    17.68333   -97.38495 36.48038     552.550     840.969  911.533  291.400   79.129   -0.441   11.412 0.00000e+00
  101    17.70000   -97.38427 36.48280     524.714     814.027  914.402  291.628   78.538   -0.181   11.456 0.00000e+00
  102    17.71667   -97.38373 36.48508     514.694     805.006  915.360  291.688   78.617    0.132   11.498 0.00000e+00
  103    17.73333   -97.38321 36.48724     523.222     814.503  914.331  291.589   79.103    0.383   11.510 0.00000e+00
  104    17.75000   -97.38262 36.48924     541.884     834.298  912.222  291.377   80.245    0.487   11.547 0.00000e+00
  105    17.76667   -97.38191 36.49109     564.456     858.124  909.685  291.135   81.423    0.486   11.571 0.00000e+00
  106    17.78333   -97.38107 36.49279     584.139     878.918  907.495  290.914   82.625    0.411   11.607 0.00000e+00
  107    17.80000   -97.38007 36.49443     596.618     892.387  906.058  290.760   83.577    0.196   11.644 0.00000e+00
  108    17.81667   -97.37896 36.49609     601.380     898.071  905.462  290.702   83.894   -0.054   11.654 0.00000e+00
  109    17.83333   -97.37779 36.49788     593.617     891.135  906.221  290.771   83.612   -0.357   11.656 0.00000e+00
  110    17.85000   -97.37665 36.49987     570.490     868.859  908.611  290.986   82.818   -0.686   11.673 0.00000e+00
  111    17.86667   -97.37549 36.50210     534.452     833.749  912.351  291.317   81.588   -0.890   11.695 0.00000e+00
  112    17.88333   -97.37431 36.50454     492.738     793.063  916.662  291.699   80.134   -1.032   11.712 0.00000e+00
  113    17.90000   -97.37310 36.50711     445.406     747.069  921.600  292.106   79.198   -1.031   11.812 0.00000e+00
  114    17.91667   -97.37194 36.50979     396.287     699.410  926.683  292.531   78.183   -0.875   11.911 0.00000e+00
  115    17.93333   -97.37081 36.51250     350.537     655.153  931.435  292.927   76.786   -0.802   11.930 0.00000e+00
  116    17.95000   -97.36972 36.51528     306.688     612.178  936.132  293.339   75.241   -0.794   11.934 0.00000e+00
  117    17.96667   -97.36862 36.51813     263.433     569.296  940.784  293.750   73.805   -0.801   11.951 0.00000e+00
  118    17.98333   -97.36751 36.52107     222.935     528.842  945.192  294.163   72.311   -0.626   11.957 0.00000e+00
  119    18.00000   -97.36647 36.52409     188.926     494.932  948.952  294.508   70.912   -0.391   11.931 0.00000e+00
  120    18.01667   -97.36560 36.52718     164.032     470.110  951.658  294.758   70.138   -0.178   11.951 0.00000e+00
  121    18.03333   -97.36488 36.53040     147.434     453.437  953.509  294.949   69.561   -0.003   11.970 0.00000e+00
  122    18.05000   -97.36407 36.53375     144.144     449.469  953.959  295.098   69.946    0.180   12.142 0.00000e+00
  123    18.06667   -97.36308 36.53711     138.263     442.716  954.692  295.173   69.908   -0.477   12.182 0.00000e+00
  124    18.08333   -97.36227 36.54029     109.536     414.156  957.779  295.446   68.980   -0.495   12.184 0.00000e+00
  125    18.10000   -97.36183 36.54317      90.857     396.540  959.694  295.564   68.871   -0.052   12.229 0.00000e+00
  126    18.11667   -97.36177 36.54583      83.101     389.949  960.403  295.531   69.450   -0.181   12.297 0.00000e+00
  127    18.13333   -97.36192 36.54833      80.787     389.243  960.421  295.692   69.994    0.104   12.516 0.00000e+00
  128    18.15000   -97.36215 36.55074      93.876     404.083  958.777  295.612   70.534    0.487   12.574 0.00000e+00
  129    18.16667   -97.36221 36.55314     123.890     435.781  955.311  295.376   71.634    1.060   12.631 0.00000e+00
  130    18.18333   -97.36207 36.55562     170.692     484.494  949.891  294.901   73.295    1.101   12.624 0.00000e+00
  131    18.20000   -97.36171 36.55811     214.777     531.140  944.826  294.395   75.104    0.691   12.604 0.00000e+00
  132    18.21667   -97.36124 36.56045     241.111     559.866  941.708  294.037   76.419    0.345   12.584 0.00000e+00
  133    18.23333   -97.36069 36.56284     254.239     575.365  940.020  293.878   76.609   -0.062   12.515 0.00000e+00
  134    18.25000   -97.36013 36.56546     244.373     568.093  940.838  293.984   76.047   -0.547   12.494 0.00000e+00
  135    18.26667   -97.35972 36.56819     208.721     535.025  944.477  294.340   74.546   -0.845   12.472 0.00000e+00
  136    18.28333   -97.35972 36.57077     161.554     490.602  949.337  294.749   72.912   -1.307   12.447 0.00000e+00
  137    18.30000   -97.35999 36.57315     119.358     450.127  953.840  295.113   71.717   -1.253   12.462 0.00000e+00
  138    18.31667   -97.36040 36.57532      82.739     414.594  957.725  295.433   70.515   -1.243   12.446 0.00000e+00
  139    18.33333   -97.36105 36.57743      51.739     384.676  960.957  295.737   69.410   -0.712   12.440 0.00000e+00
  140    18.35000   -97.36185 36.57956      37.096     370.822  962.438  295.895   68.987   -0.286   12.465 0.00000e+00
  141    18.36667   -97.36270 36.58168      40.504     374.058  962.058  296.488   67.379    0.283   12.630 0.00000e+00
  142    18.38333   -97.36325 36.58375      79.300     412.324  957.833  296.228   67.350    1.182   12.480 0.00000e+00
  143    18.40000   -97.36357 36.58611     171.751     504.164  947.719  295.221   69.709    2.166   12.274 0.00000e+00
  144    18.41667   -97.36398 36.58850     301.724     633.274  933.758  293.919   74.217    2.677   12.237 0.00000e+00
  145    18.43333   -97.36455 36.59054     434.573     764.500  919.701  292.649   79.139    2.592   12.239 0.00000e+00
  146    18.45000   -97.36488 36.59237     571.213     899.755  905.398  291.343   84.679    2.395   12.252 0.00000e+00
  147    18.46667   -97.36476 36.59407     699.404    1026.811  892.067  290.111   90.241    2.171   12.253 0.00000e+00
  148    18.48333   -97.36403 36.59572     812.647    1139.018  880.439  289.024   95.503    1.848   12.255 0.00000e+00
  149    18.50000   -97.36269 36.59732     900.060    1225.430  871.532  288.180   99.448    1.142   12.208 8.53478e-04
  150    18.51667   -97.36098 36.59881     948.038    1272.708  866.647  287.848   99.217    0.279   11.988 3.81402e-02
  151    18.53333   -97.35928 36.60032     954.646    1279.031  866.047  287.835   97.216   -0.301   11.744 1.00265e-02
  152    18.55000   -97.35773 36.60204     939.575    1263.044  867.666  287.968   95.948   -0.386   11.670 6.33433e-04
  153    18.56667   -97.35629 36.60390     918.836    1240.545  869.993  288.150   95.573   -0.303   11.731 0.00000e+00
  154    18.58333   -97.35486 36.60592     891.723    1211.553  872.979  288.419   94.268   -0.518   11.734 0.00000e+00
  155    18.60000   -97.35341 36.60807     847.880    1165.774  877.763  288.905   92.320   -0.858   11.792 0.00000e+00
  156    18.61667   -97.35208 36.61052     790.222    1104.823  884.089  289.540   89.364   -0.921   11.805 0.00000e+00
  157    18.63333   -97.35120 36.61321     749.759    1060.885  888.697  289.982   87.245   -0.513   11.794 0.00000e+00
  158    18.65000   -97.35047 36.61596     726.543    1035.390  891.330  290.242   85.730   -0.408   11.749 0.00000e+00
  159    18.66667   -97.34972 36.61856     705.753    1012.603  893.696  290.471   84.587   -0.543   11.731 0.00000e+00
  160    18.68333   -97.34897 36.62103     688.593     993.568  895.672  290.675   83.261   -0.495   11.673 0.00000e+00
  161    18.70000   -97.34824 36.62350     675.611     979.511  897.135  290.823   83.075   -0.208   11.738 0.00000e+00
  162    18.71667   -97.34745 36.62595     671.848     975.034  897.576  290.846   83.504    0.074   11.810 0.00000e+00
  163    18.73333   -97.34654 36.62841     684.159     986.635  896.356  290.718   84.520    0.456   11.873 0.00000e+00
  164    18.75000   -97.34536 36.63087     715.821    1017.627  893.072  290.397   86.134    0.720   11.898 0.00000e+00
  165    18.76667   -97.34366 36.63326     749.972    1051.222  889.529  290.075   87.574    0.594   11.899 0.00000e+00
  166    18.78333   -97.34134 36.63562     751.372    1051.869  889.454  290.056   87.993   -0.294   11.942 0.00000e+00
  167    18.80000   -97.33899 36.63799     692.377     991.896  895.716  290.660   84.663   -1.348   11.858 0.00000e+00
  168    18.81667   -97.33710 36.64053     589.412     887.767  906.628  291.684   79.887   -1.936   11.795 0.00000e+00
  169    18.83333   -97.33571 36.64322     463.902     761.806  919.975  292.912   74.373   -1.972   11.690 0.00000e+00
  170    18.85000   -97.33473 36.64611     348.743     646.545  932.353  294.020   70.267   -1.705   11.676 0.00000e+00
  171    18.86667   -97.33423 36.64911     239.868     537.550  944.133  295.060   67.455   -1.704   11.805 0.00000e+00
  172    18.88333   -97.33453 36.65196     147.013     444.674  954.265  295.929   65.028   -1.064   11.876 0.00000e+00
  173    18.90000   -97.33557 36.65467      93.558     391.396  960.087  296.412   63.689   -0.673   11.907 0.00000e+00
  174    18.91667   -97.33698 36.65721      64.518     362.751  963.225  296.693   62.958   -0.370   11.935 0.00000e+00
  175    18.93333   -97.33850 36.65951      53.678     352.074  964.395  296.877   62.962   -0.100   12.056 0.00000e+00
  176    18.95000   -97.34019 36.66140      46.078     344.488  965.219  297.211   62.797   -0.187   12.261 0.00000e+00
  177    18.96667   -97.34208 36.66297      38.537     336.816  966.061  297.451   62.352   -0.070   12.342 0.00000e+00
  178    18.98333   -97.34370 36.66428      33.723     331.729  966.648  297.553   62.216   -0.088   12.383 0.00000e+00
