    0    16.01667   -97.46045 36.27270      51.213     394.372  960.113  292.916   85.781    0.051   12.917 0.00000e+00
    1    16.03333   -97.46008 36.27493      66.456     408.602  958.590  292.858   85.941    0.405   12.915 0.00000e+00
    2    16.05000   -97.45971 36.27707      99.917     440.868  955.051  292.569   87.129    0.964   12.906 0.00000e+00
    3    16.06667   -97.45943 36.27940     148.739     488.257  949.796  292.072   89.077    1.165   12.860 0.00000e+00
    4    16.08333   -97.45918 36.28212     192.784     533.609  944.745  291.636   91.016    0.794   12.852 0.00000e+00
    5    16.10000   -97.45894 36.28507     227.208     570.474  940.732  291.304   92.550    0.566   12.852 0.00000e+00
    6    16.11667   -97.45882 36.28822     241.866     587.524  938.967  291.126   93.304    0.421   12.836 0.00000e+00
    7    16.13333   -97.45866 36.29157     243.732     588.259  938.894  291.101   93.275   -0.034   12.812 0.00000e+00
    8    16.15000   -97.45818 36.29506     233.779     576.394  940.196  291.243   92.395   -0.411   12.788 0.00000e+00
    9    16.16667   -97.45737 36.29860     211.391     553.263  942.705  291.481   91.186   -0.565   12.778 0.00000e+00
   10    16.18333   -97.45633 36.30220     187.572     529.896  945.232  291.715   89.965   -0.631   12.760 0.00000e+00
   11    16.20000   -97.45525 36.30582     163.848     506.735  947.772  291.945   88.780   -0.598   12.742 0.00000e+00
   12    16.21667   -97.45428 36.30944     144.321     487.550  949.905  292.142   87.796   -0.424   12.730 0.00000e+00
   13    16.23333   -97.45341 36.31305     130.581     473.928  951.463  292.294   87.048   -0.330   12.722 0.00000e+00
   14    16.25000   -97.45264 36.31658     114.479     454.816  953.583  292.484   86.289   -0.364   12.733 0.00000e+00
   15    16.26667   -97.45200 36.32003      96.175     433.590  955.866  292.683   85.521   -0.384   12.748 0.00000e+00
   16    16.28333   -97.45154 36.32334      72.138     406.909  958.835  292.946   84.284   -0.482   12.732 0.00000e+00
   17    16.30000   -97.45123 36.32664      50.706     382.733  961.523  293.262   83.084   -0.380   12.766 0.00000e+00
   18    16.31667   -97.45116 36.32979      43.818     373.205  962.569  293.468   82.600   -0.006   12.842 0.00000e+00
   19    16.33333   -97.45129 36.33265      53.428     380.288  961.805  293.464   82.802    0.246   12.880 0.00000e+00
   20    16.35000   -97.45131 36.33538      75.675     400.109  959.559  293.272   83.628    0.481   12.884 0.00000e+00
   21    16.36667   -97.45118 36.33806     111.941     434.087  955.761  292.933   85.089    0.764   12.885 0.00000e+00
   22    16.38333   -97.45091 36.34075     157.584     478.002  950.939  292.495   86.850    0.793   12.861 0.00000e+00
   23    16.40000   -97.45060 36.34358     200.521     519.088  946.465  292.093   88.428    0.705   12.829 0.00000e+00
   24    16.41667   -97.45032 36.34652     238.643     555.189  942.449  291.733   89.998    0.616   12.817 0.00000e+00
   25    16.43333   -97.45002 36.34955     274.441     590.509  938.577  291.386   91.606    0.668   12.816 0.00000e+00
   26    16.45000   -97.44967 36.35258     311.253     627.035  934.595  291.022   93.328    0.728   12.815 0.00000e+00
   27    16.46667   -97.44927 36.35561     345.810     661.660  930.756  290.668   95.026    0.659   12.811 0.00000e+00
   28    16.48333   -97.44879 36.35875     373.846     691.354  927.556  290.382   96.388    0.564   12.803 0.00000e+00
   29    16.50000   -97.44826 36.36201     392.973     712.444  925.228  290.159   97.345    0.241   12.780 0.00000e+00
   30    16.51667   -97.44770 36.36525     397.004     719.050  924.472  290.088   97.596   -0.134   12.766 9.35072e-10
   31    16.53333   -97.44711 36.36850     383.303     708.177  925.603  290.204   96.808   -0.332   12.741 0.00000e+00
   32    16.55000   -97.44656 36.37173     362.225     689.735  927.637  290.401   95.658   -0.373   12.720 0.00000e+00
   33    16.56667   -97.44609 36.37497     336.593     665.808  930.299  290.671   94.128   -0.498   12.698 0.00000e+00
   34    16.58333   -97.44569 36.37820     306.245     636.912  933.451  290.991   92.366   -0.596   12.673 0.00000e+00
   35    16.60000   -97.44548 36.38140     275.387     608.174  936.491  291.287   90.816   -0.581   12.655 0.00000e+00
   36    16.61667   -97.44545 36.38459     246.488     582.490  939.313  291.547   89.568   -0.419   12.650 0.00000e+00
   37    16.63333   -97.44545 36.38776     224.352     563.533  941.394  291.736   88.679   -0.353   12.646 0.00000e+00
   38    16.65000   -97.44546 36.39094     206.445     547.698  943.129  291.885   88.007   -0.302   12.646 0.00000e+00
   39    16.66667   -97.44538 36.39416     191.113     534.215  944.609  292.007   87.506   -0.271   12.651 0.00000e+00
   40    16.68333   -97.44525 36.39743     175.085     518.728  946.500  292.175   86.741   -0.277   12.649 0.00000e+00
   41    16.70000   -97.44503 36.40075     160.745     499.967  948.589  292.359   85.928   -0.313   12.648 0.00000e+00
   42    16.71667   -97.44482 36.40408     142.881     477.453  951.093  292.579   84.966   -0.320   12.647 0.00000e+00
   43    16.73333   -97.44466 36.40744     127.097     457.688  953.232  292.767   84.140   -0.319   12.644 0.00000e+00
   44    16.75000   -97.44450 36.41077     111.210     438.125  955.412  292.966   83.265   -0.319   12.640 0.00000e+00
   45    16.76667   -97.44444 36.41408      94.756     418.398  957.543  293.171   82.404   -0.302   12.642 0.00000e+00
   46    16.78333   -97.44443 36.41734      80.501     402.151  959.274  293.345   81.689   -0.258   12.646 0.00000e+00
   47    16.80000   -97.44452 36.42052      68.266     387.991  960.887  293.556   80.915   -0.233   12.672 0.00000e+00
   48    16.81667   -97.44464 36.42363      56.702     375.037  962.305  293.758   80.213   -0.229   12.701 0.00000e+00
   49    16.83333   -97.44489 36.42669      46.069     363.367  963.600  294.072   79.286   -0.181   12.785 0.00000e+00
   50    16.85000   -97.44524 36.42962      37.762     354.058  964.637  294.360   78.443   -0.123   12.863 0.00000e+00
   51    16.86667   -97.44579 36.43245      32.171     347.324  965.322  294.592   77.717   -0.086   12.919 0.00000e+00
   52    16.88333   -97.44651 36.43508      28.278     342.435  965.917  294.793   77.063   -0.040   12.963 0.00000e+00
   53    16.90000   -97.44742 36.43759      25.340     338.681  966.332  295.026   76.392    0.004   13.031 0.00000e+00
   54    16.91667   -97.44843 36.44001      25.846     339.007  966.254  295.099   76.210    0.062   13.060 0.00000e+00
   55    16.93333   -97.44944 36.44243      29.645     342.887  965.848  295.154   76.171    0.144   13.103 0.00000e+00
   56    16.95000   -97.45041 36.44489      35.570     348.866  965.158  295.100   76.453    0.150   13.117 0.00000e+00
   57    16.96667   -97.45129 36.44736      39.080     352.327  964.787  295.011   76.730    0.046   13.097 0.00000e+00
   58    16.98333   -97.45214 36.44977      36.488     349.265  965.160  294.986   76.721   -0.080   13.071 0.00000e+00
   59    17.00000   -97.45299 36.45208      29.911     342.008  965.915  294.991   76.574   -0.153   13.039 0.00000e+00
   60    17.01667   -97.45380 36.45415      21.354     332.766  966.906  295.102   76.162   -0.131   13.045 0.00000e+00
   61    17.03333   -97.45455 36.45604      15.460     326.397  967.638  295.239   75.784   -0.068   13.080 0.00000e+00
   62    17.05000   -97.45535 36.45780      12.009     322.624  968.085  295.391   75.466   -0.015   13.141 0.00000e+00
   63    17.06667   -97.45629 36.45944      11.686     322.026  968.146  295.502   75.247    0.021   13.192 0.00000e+00
   64    17.08333   -97.45726 36.46082      14.443     324.569  967.840  295.423   75.458    0.061   13.170 0.00000e+00
   65    17.10000   -97.45821 36.46213      22.803     332.729  966.904  295.406   75.562    0.204   13.187 0.00000e+00
   66    17.11667   -97.45896 36.46365      39.555     349.203  965.086  295.202   76.144    0.350   13.148 0.00000e+00
   67    17.13333   -97.45953 36.46551      64.347     373.533  962.362  294.866   77.136    0.559   13.083 0.00000e+00
   68    17.15000   -97.46001 36.46746      83.984     392.585  960.267  294.609   77.946    0.432   13.040 0.00000e+00
   69    17.16667   -97.46046 36.46948      95.285     403.205  959.092  294.513   78.229    0.226   13.026 0.00000e+00
   70    17.18333   -97.46092 36.47162      99.359     406.544  958.732  294.491   78.115    0.048   12.994 0.00000e+00
   71    17.20000   -97.46130 36.47392      94.552     401.290  959.262  294.512   77.821   -0.167   12.955 0.00000e+00
   72    17.21667   -97.46141 36.47643      84.624     391.003  960.402  294.586   77.384   -0.023   12.926 0.00000e+00
   73    17.23333   -97.46116 36.47906      94.073     400.093  959.401  294.559   77.518    0.605   12.940 0.00000e+00
   74    17.25000   -97.46072 36.48150     146.924     451.740  953.752  294.165   79.315    1.502   12.998 0.00000e+00
   75    17.26667   -97.46037 36.48377     243.481     546.676  943.392  293.257   83.069    2.086   13.007 0.00000e+00
   76    17.28333   -97.45986 36.48608     338.517     640.085  933.212  292.322   86.809    1.800   12.959 0.00000e+00
   77    17.30000   -97.45950 36.48840     411.404     711.479  925.440  291.622   89.782    1.191   12.933 0.00000e+00
   78    17.31667   -97.45937 36.49086     446.250     745.882  921.711  291.292   89.751    0.281   12.713 0.00000e+00
   79    17.33333   -97.45929 36.49363     472.608     771.820  918.919  291.011   90.734    0.324   12.664 0.00000e+00
   80    17.35000   -97.45912 36.49641     497.558     796.344  916.320  290.741   92.241    0.060   12.692 0.00000e+00
   81    17.36667   -97.45853 36.49921     500.471     799.036  916.028  290.665   91.946   -0.192   12.594 0.00000e+00
   82    17.38333   -97.45756 36.50204     494.771     793.032  916.643  290.726   91.520   -0.420   12.575 0.00000e+00
   83    17.40000   -97.45634 36.50496     482.584     780.468  917.956  290.878   90.339   -0.463   12.516 0.00000e+00
   84    17.41667   -97.45486 36.50808     465.579     765.247  919.541  291.109   88.673   -0.477   12.445 0.00000e+00
   85    17.43333   -97.45315 36.51119     443.269     745.443  921.598  291.342   86.954   -0.474   12.358 0.00000e+00
   86    17.45000   -97.45135 36.51405     438.007     742.841  921.955  291.392   86.181   -0.121   12.282 0.00000e+00
   87    17.46667   -97.44949 36.51682     440.959     747.757  921.415  291.350   86.305   -0.029   12.274 0.00000e+00
   88    17.48333   -97.44762 36.51957     435.864     744.178  921.846  291.384   86.097   -0.103   12.265 0.00000e+00
   89    17.50000   -97.44576 36.52236     419.964     729.261  923.499  291.528   85.430   -0.287   12.260 0.00000e+00
   90    17.51667   -97.44404 36.52524     394.472     704.729  926.062  291.757   84.422   -0.310   12.257 0.00000e+00
   91    17.53333   -97.44247 36.52818     377.121     688.973  927.726  291.885   83.978   -0.029   12.269 0.00000e+00
   92    17.55000   -97.44078 36.53115     373.060     686.462  927.993  291.902   84.015    0.026   12.284 0.00000e+00
   93    17.56667   -97.43896 36.53411     364.753     679.147  928.884  291.990   83.529   -0.149   12.269 0.00000e+00
   94    17.58333   -97.43715 36.53704     351.577     666.509  930.246  292.146   82.542   -0.266   12.226 0.00000e+00
   95    17.60000   -97.43539 36.53994     330.016     644.008  932.720  292.368   81.617   -0.476   12.226 0.00000e+00
   96    17.61667   -97.43390 36.54273     297.062     609.211  936.510  292.695   80.260   -0.825   12.223 0.00000e+00
   97    17.63333   -97.43267 36.54557     253.073     563.299  941.475  293.151   78.543   -1.354   12.242 0.00000e+00
   98    17.65000   -97.43166 36.54859     228.798     539.396  943.948  293.496   77.631   -0.537   12.331 0.00000e+00
   99    17.66667   -97.43065 36.55148     259.746     572.319  940.376  293.296   78.669    0.645   12.388 0.00000e+00
  100    17.68333   -97.42950 36.55438     322.228     637.069  933.327  292.774   80.993    1.643   12.438 0.00000e+00
  101    17.70000   -97.42824 36.55751     419.904     736.861  922.572  291.876   84.894    2.413   12.466 0.00000e+00
  102    17.71667   -97.42685 36.56075     539.919     858.567  909.595  290.677   90.110    1.864   12.440 0.00000e+00
  103    17.73333   -97.42550 36.56390     620.851     940.603  901.004  289.887   93.681    0.507   12.414 0.00000e+00
  104    17.75000   -97.42448 36.56680     652.519     972.231  897.734  289.552   95.268   -0.094   12.402 0.00000e+00
  105    17.76667   -97.42365 36.56956     648.257     967.679  898.228  289.616   95.164   -0.296   12.432 0.00000e+00
  106    17.78333   -97.42300 36.57224     620.825     940.020  901.150  289.883   93.307   -0.734   12.360 0.00000e+00
  107    17.80000   -97.42250 36.57498     578.615     898.377  905.547  290.379   88.291   -1.347   12.013 0.00000e+00
  108    17.81667   -97.42218 36.57772     529.322     849.791  910.680  290.926   84.666   -1.404   11.860 0.00000e+00
  109    17.83333   -97.42210 36.58030     467.821     788.899  917.139  291.536   82.121   -1.568   11.873 0.00000e+00
  110    17.85000   -97.42212 36.58266     406.375     726.961  923.805  292.174   78.965   -1.395   11.799 0.00000e+00
  111    17.86667   -97.42215 36.58491     364.065     684.151  928.370  292.643   76.294   -0.964   11.683 0.00000e+00
  112    17.88333   -97.42220 36.58716     346.305     665.885  930.343  292.835   75.633   -0.143   11.697 0.00000e+00
  113    17.90000   -97.42231 36.58956     347.258     666.353  930.259  292.819   76.114    0.454   11.761 0.00000e+00
  114    17.91667   -97.42236 36.59215     363.018     681.611  928.547  292.649   77.311    0.556   11.841 0.00000e+00
  115    17.93333   -97.42221 36.59493     389.208     707.362  925.762  292.421   78.452    0.439   11.881 0.00000e+00
  116    17.95000   -97.42189 36.59773     419.738     737.678  922.478  292.142   79.994    0.473   11.946 0.00000e+00
  117    17.96667   -97.42149 36.60048     459.089     776.837  918.312  291.790   81.398    0.709   11.944 0.00000e+00
  118    17.98333   -97.42107 36.60320     512.878     830.386  912.623  291.259   84.289    0.981   12.034 0.00000e+00
  119    18.00000   -97.42064 36.60590     571.083     888.277  906.497  290.707   86.826    1.096   12.051 0.00000e+00
  120    18.01667   -97.42023 36.60848     630.187     947.010  900.298  290.174   88.709    1.015   11.983 0.00000e+00
  121    18.03333   -97.41994 36.61094     679.687     996.115  895.060  289.696   90.776    0.694   11.963 0.00000e+00
  122    18.05000   -97.41982 36.61338     714.363    1030.370  891.464  289.428   90.885    0.529   11.821 0.00000e+00
  123    18.06667   -97.41968 36.61581     744.455    1060.787  888.288  289.166   91.579    0.514   11.754 0.00000e+00
  124    18.08333   -97.41943 36.61828     770.656    1087.428  885.556  288.919   92.713    0.395   11.748 0.00000e+00
  125    18.10000   -97.41911 36.62081     789.390    1106.650  883.503  288.730   93.701    0.251   11.757 0.00000e+00
  126    18.11667   -97.41873 36.62339     801.940    1120.604  882.032  288.591   94.403    0.035   11.759 0.00000e+00
  127    18.13333   -97.41837 36.62603     801.638    1122.156  881.888  288.613   93.626   -0.211   11.681 0.00000e+00
  128    18.15000   -97.41808 36.62873     789.758    1112.135  882.910  288.767   91.957   -0.386   11.573 0.00000e+00
  129    18.16667   -97.41789 36.63150     767.722    1090.401  885.315  289.034   90.102   -0.586   11.505 0.00000e+00
  130    18.18333   -97.41776 36.63432     733.472    1054.994  889.049  289.424   87.671   -0.791   11.431 0.00000e+00
  131    18.20000   -97.41761 36.63722     692.631    1012.934  893.500  289.895   84.774   -0.826   11.335 0.00000e+00
  132    18.21667   -97.41742 36.64016     653.684     971.765  897.806  290.330   82.510   -0.716   11.289 0.00000e+00
  133    18.23333   -97.41725 36.64310     621.544     936.882  901.517  290.691   80.956   -0.563   11.287 0.00000e+00
  134    18.25000   -97.41711 36.64600     590.772     903.425  905.036  291.013   79.739   -0.507   11.302 0.00000e+00
  135    18.26667   -97.41705 36.64883     558.043     867.808  908.804  291.344   78.586   -0.512   11.328 0.00000e+00
  136    18.28333   -97.41708 36.65163     523.975     830.786  912.709  291.686   77.443   -0.499   11.358 0.00000e+00
  137    18.30000   -97.41721 36.65441     493.793     797.638  916.175  291.991   76.447   -0.398   11.386 0.00000e+00
  138    18.31667   -97.41746 36.65715     474.008     776.525  918.388  292.183   75.899   -0.218   11.415 0.00000e+00
  139    18.33333   -97.41783 36.65986     459.551     761.334  919.999  292.290   75.975   -0.215   11.483 0.00000e+00
  140    18.35000   -97.41824 36.66249     439.031     740.203  922.292  292.470   75.688   -0.399   11.542 0.00000e+00
  141    18.36667   -97.41827 36.66509     410.681     711.850  925.290  292.717   75.699   -0.510   11.685 0.00000e+00
  142    18.38333   -97.41783 36.66767     380.004     681.412  928.548  292.975   75.891   -0.546   11.864 0.00000e+00
  143    18.40000   -97.41727 36.67025     354.369     655.961  931.327  293.226   75.039   -0.141   11.880 0.00000e+00
  144    18.41667   -97.41643 36.67260     347.602     649.218  932.035  293.367   74.951   -0.199   11.962 0.00000e+00
  145    18.43333   -97.41550 36.67521     325.850     627.353  934.382  293.657   74.187   -0.201   12.026 0.00000e+00
  146    18.45000   -97.41496 36.67806     325.017     626.455  934.477  293.665   74.093    0.104   12.016 0.00000e+00
  147    18.46667   -97.41454 36.68088     357.232     658.862  931.016  293.236   76.470    0.857   12.119 0.00000e+00
  148    18.48333   -97.41388 36.68323     413.013     715.204  924.961  292.693   78.633    1.440   12.124 0.00000e+00
  149    18.50000   -97.41319 36.68525     489.227     791.845  916.815  291.949   81.617    1.970   12.116 0.00000e+00
  150    18.51667   -97.41268 36.68689     558.644     861.561  909.396  291.282   83.464    1.514   11.976 0.00000e+00
  151    18.53333   -97.41226 36.68825     618.187     921.518  902.981  290.738   85.173    1.172   11.891 0.00000e+00
  152    18.55000   -97.41197 36.68957     664.100     968.390  898.044  290.339   87.228    1.170   11.938 0.00000e+00
  153    18.56667   -97.41187 36.69103     719.250    1024.917  892.107  289.815   89.581    1.289   11.935 0.00000e+00
  154    18.58333   -97.41206 36.69283     788.288    1095.702  884.760  289.147   92.863    1.547   11.952 0.00000e+00
  155    18.60000   -97.41256 36.69487     861.586    1171.036  876.979  288.414   96.608    1.432   11.965 0.00000e+00
  156    18.61667   -97.41317 36.69698     922.912    1234.182  870.494  287.842   99.017    1.174   11.906 1.00783e-03
  157    18.63333   -97.41372 36.69905     981.334    1293.469  864.447  287.498   99.882    1.258   11.827 8.17482e-02
  158    18.65000   -97.41362 36.70137    1023.912    1336.872  860.070  287.199   99.415    0.732   11.603 6.25342e-02
  159    18.66667   -97.41303 36.70402    1043.685    1357.532  857.978  287.020   98.020    0.096   11.335 7.16747e-07
  160    18.68333   -97.41232 36.70669    1045.881    1360.956  857.562  287.060   96.418   -0.319   11.184 0.00000e+00
  161    18.70000   -97.41164 36.70939    1040.245    1356.827  858.070  287.177   94.158   -0.277   11.000 0.00000e+00
  162    18.71667   -97.41093 36.71211    1031.801    1349.889  858.729  287.265   93.064   -0.293   10.926 0.00000e+00
  163    18.73333   -97.41021 36.71486    1011.936    1331.151  860.688  287.455   91.953   -0.440   10.905 0.00000e+00
  164    18.75000   -97.40951 36.71762     975.530    1295.646  864.270  287.802   90.199   -0.699   10.896 0.00000e+00
  165    18.76667   -97.40873 36.72040     925.500    1246.623  869.280  288.280   87.860   -0.920   10.884 0.00000e+00
  166    18.78333   -97.40784 36.72313     866.216    1188.413  875.273  288.856   85.095   -1.051   10.866 0.00000e+00
  167    18.80000   -97.40680 36.72583     803.610    1126.782  881.634  289.470   82.127   -1.199   10.831 0.00000e+00
  168    18.81667   -97.40570 36.72849     733.792    1057.844  888.776  290.154   78.936   -1.336   10.789 0.00000e+00
  169    18.83333   -97.40456 36.73110     660.705     984.285  896.621  290.905   75.609   -1.299   10.745 0.00000e+00
  170    18.85000   -97.40346 36.73362     584.778     905.891  904.820  291.680   72.598   -1.252   10.738 0.00000e+00
  171    18.86667   -97.40237 36.73601     510.494     829.077  912.981  292.440   69.838   -1.148   10.739 0.00000e+00
  172    18.88333   -97.40135 36.73825     445.094     761.037  920.227  293.104   67.606   -0.962   10.751 0.00000e+00
  173    18.90000   -97.40042 36.74038     393.987     707.198  925.966  293.625   65.937   -0.730   10.766 0.00000e+00
  174    18.91667   -97.39954 36.74249     360.548     671.238  929.847  293.949   65.324   -0.409   10.836 0.00000e+00
  175    18.93333   -97.39880 36.74462     350.599     658.977  931.087  294.047   66.741    0.171   11.124 0.00000e+00
  176    18.95000   -97.39819 36.74680     374.453     680.879  928.673  293.857   69.290    0.640   11.443 0.00000e+00
  177    18.96667   -97.39761 36.74905     400.573     707.544  925.742  293.583   70.274    0.412   11.446 0.00000e+00
  178    18.98333   -97.39693 36.75130     424.459     732.281  923.086  293.349   70.981    0.311   11.426 0.00000e+00
