    0    16.01667   -97.43284 36.29949      89.181     421.446  957.229  292.603   86.880    0.468   12.867 0.00000e+00
    1    16.03333   -97.43228 36.30185     120.079     449.865  954.159  292.339   87.829    0.781   12.835 0.00000e+00
    2    16.05000   -97.43126 36.30449     166.147     492.721  949.401  291.949   89.164    0.777   12.779 0.00000e+00
    3    16.06667   -97.42994 36.30733     197.737     524.295  945.818  291.644   90.352    0.337   12.750 0.00000e+00
    4    16.08333   -97.42854 36.31021     216.268     543.430  943.800  291.454   91.167   -0.030   12.739 0.00000e+00
    5    16.10000   -97.42701 36.31302     232.284     559.520  941.977  291.415   90.676    0.027   12.664 0.00000e+00
    6    16.11667   -97.42528 36.31589     246.417     574.480  940.298  291.373   90.462    0.212   12.623 0.00000e+00
    7    16.13333   -97.42334 36.31900     245.279     574.742  940.253  291.378   90.434    0.004   12.623 0.00000e+00
    8    16.15000   -97.42155 36.32235     232.054     562.621  941.737  291.490   90.042   -0.164   12.639 0.00000e+00
    9    16.16667   -97.42010 36.32579     227.178     555.373  942.525  291.545   89.953   -0.154   12.659 0.00000e+00
   10    16.18333   -97.41895 36.32929     226.562     552.665  942.823  291.562   89.961   -0.100   12.670 0.00000e+00
   11    16.20000   -97.41793 36.33279     221.471     544.291  943.815  291.640   89.640   -0.131   12.673 0.00000e+00
   12    16.21667   -97.41702 36.33625     207.315     526.640  945.729  291.785   89.105   -0.197   12.688 0.00000e+00
   13    16.23333   -97.41617 36.33963     190.187     506.135  947.974  291.982   88.227   -0.208   12.690 0.00000e+00
   14    16.25000   -97.41542 36.34293     176.070     488.683  949.935  292.159   87.434   -0.132   12.690 0.00000e+00
   15    16.26667   -97.41486 36.34616     169.196     478.606  950.880  292.231   87.185   -0.063   12.699 0.00000e+00
   16    16.28333   -97.41448 36.34935     161.104     471.436  951.569  292.293   86.925   -0.162   12.701 0.00000e+00
   17    16.30000   -97.41422 36.35246     153.889     466.180  952.125  292.343   86.744   -0.145   12.707 0.00000e+00
   18    16.31667   -97.41408 36.35543     150.631     465.185  952.140  292.374   86.752   -0.071   12.733 0.00000e+00
   19    16.33333   -97.41390 36.35825     153.133     471.242  951.478  292.374   86.938   -0.035   12.769 0.00000e+00
   20    16.35000   -97.41372 36.36102     155.779     477.420  950.805  292.337   87.115   -0.072   12.774 0.00000e+00
   21    16.36667   -97.41364 36.36383     157.190     481.842  950.390  292.314   87.223   -0.004   12.777 0.00000e+00
   22    16.38333   -97.41368 36.36667     168.867     494.180  949.030  292.230   87.684    0.361   12.796 0.00000e+00
   23    16.40000   -97.41386 36.36939     199.642     525.496  945.633  291.966   88.988    0.873   12.818 0.00000e+00
   24    16.41667   -97.41415 36.37202     255.963     582.444  939.398  291.432   91.470    1.436   12.824 0.00000e+00
   25    16.43333   -97.41443 36.37460     339.108     666.663  930.219  290.612   95.384    1.822   12.820 0.00000e+00
   26    16.45000   -97.41443 36.37724     431.521     760.267  920.116  289.713   99.840    2.004   12.810 4.90049e-03
   27    16.46667   -97.41397 36.38015     499.374     829.262  912.807  289.372  100.000    1.470   12.669 1.34794e-01
   28    16.48333   -97.41283 36.38334     552.635     881.774  907.292  289.088  100.000    0.848   12.517 2.02869e-01
   29    16.50000   -97.41116 36.38680     593.353     920.069  903.255  288.853  100.000    0.514   12.385 1.95028e-01
   30    16.51667   -97.40924 36.39030     613.087     936.486  901.490  288.755  100.000    0.302   12.332 1.91454e-01
   31    16.53333   -97.40729 36.39377     616.670     936.843  901.471  288.758  100.000    0.147   12.335 1.82603e-01
   32    16.55000   -97.40534 36.39729     608.225     925.488  902.628  288.824  100.000    0.054   12.371 1.48700e-01
   33    16.56667   -97.40336 36.40086     584.173     899.801  905.335  288.940  100.000   -0.255   12.415 5.10086e-02
   34    16.58333   -97.40135 36.40438     548.129     862.457  909.360  289.242   98.569   -0.572   12.416 0.00000e+00
   35    16.60000   -97.39938 36.40788     507.527     820.172  913.849  289.678   96.073   -0.631   12.384 0.00000e+00
   36    16.61667   -97.39758 36.41139     470.288     782.117  917.847  290.041   94.217   -0.483   12.376 0.00000e+00
   37    16.63333   -97.39587 36.41488     443.117     755.076  920.735  290.293   92.991   -0.306   12.374 0.00000e+00
   38    16.65000   -97.39432 36.41830     428.242     740.565  922.363  290.416   92.535   -0.158   12.388 0.00000e+00
   39    16.66667   -97.39286 36.42169     425.582     737.655  922.690  290.430   92.545    0.060   12.396 0.00000e+00
   40    16.68333   -97.39141 36.42504     437.657     748.347  921.478  290.336   92.846    0.284   12.379 0.00000e+00
   41    16.70000   -97.38989 36.42834     457.901     768.278  919.273  290.145   93.719    0.287   12.374 0.00000e+00
   42    16.71667   -97.38828 36.43160     473.161     782.899  917.820  290.059   93.818    0.152   12.338 0.00000e+00
   43    16.73333   -97.38671 36.43485     477.253     784.457  917.728  290.074   93.609   -0.079   12.324 0.00000e+00
   44    16.75000   -97.38519 36.43813     471.108     775.124  918.654  290.167   93.044   -0.194   12.310 0.00000e+00
   45    16.76667   -97.38373 36.44149     460.273     763.679  919.856  290.271   92.534   -0.211   12.308 0.00000e+00
   46    16.78333   -97.38226 36.44492     450.271     752.930  921.051  290.336   92.492   -0.187   12.338 0.00000e+00
   47    16.80000   -97.38083 36.44835     443.268     746.289  921.705  290.359   92.586   -0.182   12.359 0.00000e+00
   48    16.81667   -97.37944 36.45175     438.738     743.466  922.027  290.369   92.818   -0.031   12.393 0.00000e+00
   49    16.83333   -97.37823 36.45514     435.360     741.429  922.265  290.370   92.975   -0.040   12.412 0.00000e+00
   50    16.85000   -97.37730 36.45840     434.592     739.799  922.495  290.357   94.360    0.101   12.583 0.00000e+00
   51    16.86667   -97.37650 36.46132     443.701     748.304  921.540  290.262   95.343    0.182   12.651 0.00000e+00
   52    16.88333   -97.37560 36.46411     460.037     763.333  920.093  290.134   96.033    0.603   12.659 0.00000e+00
   53    16.90000   -97.37451 36.46700     497.926     797.502  916.350  289.871   97.481    1.029   12.687 1.39325e-06
   54    16.91667   -97.37327 36.47017     547.116     842.708  911.523  289.459   99.459    0.778   12.674 5.62981e-03
   55    16.93333   -97.37191 36.47347     586.704     879.273  907.525  289.255   99.227    0.425   12.535 2.70418e-02
   56    16.95000   -97.37034 36.47675     611.899     902.546  905.054  289.092   99.171    0.127   12.431 1.78530e-02
   57    16.96667   -97.36854 36.47996     622.830     912.083  903.953  289.013   99.135   -0.141   12.379 5.76368e-03
   58    16.98333   -97.36657 36.48312     618.055     908.776  904.260  289.043   98.678   -0.435   12.342 2.47533e-04
   59    17.00000   -97.36458 36.48644     592.837     885.216  906.800  289.350   96.297   -0.786   12.249 0.00000e+00
   60    17.01667   -97.36282 36.48996     548.271     841.682  911.490  289.811   93.678   -1.012   12.211 0.00000e+00
   61    17.03333   -97.36147 36.49358     498.054     791.756  916.823  290.302   91.290   -0.965   12.207 0.00000e+00
   62    17.05000   -97.36050 36.49717     452.780     747.206  921.582  290.711   89.540   -0.979   12.226 0.00000e+00
   63    17.06667   -97.35977 36.50066     409.496     706.179  926.010  291.110   87.798   -0.905   12.236 0.00000e+00
   64    17.08333   -97.35919 36.50404     365.623     664.274  930.565  291.569   85.465   -0.832   12.202 0.00000e+00
   65    17.10000   -97.35879 36.50740     326.496     626.582  934.687  291.975   83.488   -0.618   12.175 0.00000e+00
   66    17.11667   -97.35844 36.51077     304.120     605.359  937.031  292.193   82.564   -0.262   12.176 0.00000e+00
   67    17.13333   -97.35807 36.51408     302.296     604.156  937.230  292.194   82.642    0.159   12.185 0.00000e+00
   68    17.15000   -97.35751 36.51728     311.855     613.130  936.259  292.067   83.486    0.146   12.225 0.00000e+00
   69    17.16667   -97.35675 36.52037     322.365     623.145  935.112  291.902   84.595    0.184   12.274 0.00000e+00
   70    17.18333   -97.35566 36.52342     332.391     632.824  934.063  291.823   84.941    0.271   12.277 0.00000e+00
   71    17.20000   -97.35439 36.52641     347.469     647.609  932.477  291.696   85.702    0.461   12.309 0.00000e+00
   72    17.21667   -97.35303 36.52931     369.821     669.809  930.013  291.465   87.021    0.599   12.350 0.00000e+00
   73    17.23333   -97.35169 36.53217     391.514     692.282  927.542  291.238   88.259    0.554   12.380 0.00000e+00
   74    17.25000   -97.35039 36.53511     408.973     711.240  925.458  291.054   89.270    0.434   12.405 0.00000e+00
   75    17.26667   -97.34910 36.53812     420.509     724.738  923.984  290.925   89.824    0.277   12.400 0.00000e+00
   76    17.28333   -97.34790 36.54128     423.735     729.608  923.429  290.888   89.895    0.253   12.387 0.00000e+00
   77    17.30000   -97.34685 36.54452     429.844     737.277  922.656  290.811   90.827    0.489   12.466 0.00000e+00
   78    17.31667   -97.34592 36.54776     444.179     753.041  920.960  290.630   92.014    0.623   12.507 0.00000e+00
   79    17.33333   -97.34504 36.55108     460.860     770.817  919.078  290.445   93.043    0.607   12.524 0.00000e+00
   80    17.35000   -97.34421 36.55452     476.295     787.160  917.335  290.292   93.856    0.460   12.535 0.00000e+00
   81    17.36667   -97.34331 36.55804     484.773     796.490  916.281  290.192   94.329    0.335   12.533 0.00000e+00
   82    17.38333   -97.34241 36.56150     490.395     802.939  915.609  290.133   94.578    0.181   12.528 0.00000e+00
   83    17.40000   -97.34154 36.56491     496.418     809.493  914.961  290.097   94.859    0.290   12.545 0.00000e+00
   84    17.41667   -97.34074 36.56831     503.445     816.281  914.300  290.056   94.900    0.162   12.527 0.00000e+00
   85    17.43333   -97.34004 36.57162     506.313     818.512  914.097  290.057   94.687   -0.088   12.502 0.00000e+00
   86    17.45000   -97.33928 36.57481     505.933     818.208  914.146  290.081   94.334   -0.191   12.474 0.00000e+00
   87    17.46667   -97.33832 36.57803     497.723     809.476  915.131  290.198   93.416   -0.478   12.432 0.00000e+00
   88    17.48333   -97.33704 36.58132     470.026     780.478  918.150  290.519   91.562   -0.941   12.396 0.00000e+00
   89    17.50000   -97.33562 36.58442     422.499     732.267  923.294  291.017   89.078   -1.276   12.378 0.00000e+00
   90    17.51667   -97.33439 36.58732     365.808     675.488  929.450  291.591   86.430   -1.239   12.372 0.00000e+00
   91    17.53333   -97.33342 36.59008     307.335     615.649  935.998  292.172   84.011   -1.202   12.386 0.00000e+00
   92    17.55000   -97.33260 36.59272     252.145     558.534  942.216  292.729   81.992   -1.053   12.436 0.00000e+00
   93    17.56667   -97.33197 36.59523     206.818     511.518  947.297  293.176   80.369   -0.912   12.468 0.00000e+00
   94    17.58333   -97.33157 36.59768     173.798     477.575  951.010  293.502   79.064   -0.547   12.469 0.00000e+00
   95    17.60000   -97.33128 36.60004     158.255     462.011  952.725  293.655   78.456   -0.246   12.469 0.00000e+00
   96    17.61667   -97.33105 36.60233     157.930     461.661  952.743  293.664   78.393    0.035   12.466 0.00000e+00
   97    17.63333   -97.33079 36.60452     162.652     466.300  952.243  293.634   78.545   -0.012   12.473 0.00000e+00
   98    17.65000   -97.33029 36.60672     161.115     463.589  952.588  293.744   78.037   -0.111   12.474 0.00000e+00
   99    17.66667   -97.32949 36.60892     161.848     462.715  952.686  293.881   77.551    0.060   12.500 0.00000e+00
  100    17.68333   -97.32836 36.61106     164.820     464.116  952.484  293.917   77.562   -0.179   12.533 0.00000e+00
  101    17.70000   -97.32720 36.61320     153.549     451.575  953.818  294.046   76.987   -0.433   12.522 0.00000e+00
  102    17.71667   -97.32634 36.61535     129.886     427.207  956.472  294.297   75.775   -0.403   12.484 0.00000e+00
  103    17.73333   -97.32582 36.61755     114.688     411.419  958.208  294.444   75.034   -0.101   12.452 0.00000e+00
  104    17.75000   -97.32529 36.61974     115.949     412.092  958.164  294.503   74.598    0.119   12.426 0.00000e+00
  105    17.76667   -97.32452 36.62186     134.474     430.095  956.153  294.430   74.866    0.338   12.440 0.00000e+00
  106    17.78333   -97.32339 36.62400     157.998     453.448  953.614  294.266   75.433    0.387   12.441 0.00000e+00
  107    17.80000   -97.32195 36.62609     170.765     466.041  952.183  294.196   75.744    0.273   12.457 0.00000e+00
  108    17.81667   -97.32043 36.62813     186.217     481.311  950.486  294.070   76.268    0.355   12.468 0.00000e+00
  109    17.83333   -97.31882 36.63011     213.681     508.712  947.469  293.817   77.444    0.990   12.503 0.00000e+00
  110    17.85000   -97.31747 36.63194     288.296     583.521  939.284  293.083   80.543    2.144   12.530 0.00000e+00
  111    17.86667   -97.31658 36.63403     419.173     714.653  925.117  291.807   86.195    2.901   12.567 0.00000e+00
  112    17.88333   -97.31645 36.63665     535.896     831.691  912.558  290.641   91.449    1.935   12.554 0.00000e+00
  113    17.90000   -97.31673 36.63977     588.515     884.568  906.995  290.146   93.509    0.286   12.515 0.00000e+00
  114    17.91667   -97.31697 36.64302     565.608     861.809  909.374  290.466   90.241   -0.860   12.294 0.00000e+00
  115    17.93333   -97.31689 36.64612     526.621     822.935  913.565  290.887   87.637   -0.703   12.207 0.00000e+00
  116    17.95000   -97.31654 36.64915     491.865     787.643  917.349  291.226   86.053   -0.647   12.196 0.00000e+00
  117    17.96667   -97.31593 36.65219     454.889     749.974  921.379  291.559   84.783   -0.749   12.218 0.00000e+00
  118    17.98333   -97.31518 36.65519     406.573     701.108  926.611  292.000   83.093   -1.075   12.243 0.00000e+00
  119    18.00000   -97.31424 36.65812     339.072     634.055  933.854  292.614   80.850   -1.332   12.285 0.00000e+00
  120    18.01667   -97.31322 36.66095     261.044     556.294  942.322  293.363   77.936   -1.279   12.298 0.00000e+00
  121    18.03333   -97.31215 36.66362     190.099     485.469  949.987  294.030   75.498   -0.903   12.318 0.00000e+00
  122    18.05000   -97.31094 36.66609     141.789     437.659  955.206  294.488   73.872   -0.417   12.332 0.00000e+00
  123    18.06667   -97.30951 36.66837     116.631     413.631  957.849  294.712   73.034   -0.114   12.328 0.00000e+00
  124    18.08333   -97.30788 36.67040     109.663     408.199  958.383  294.751   72.974    0.090   12.340 0.00000e+00
  125    18.10000   -97.30611 36.67218     114.552     415.118  957.568  294.712   73.162    0.196   12.353 0.00000e+00
  126    18.11667   -97.30441 36.67384     119.221     422.083  956.830  294.670   73.199   -0.007   12.337 0.00000e+00
  127    18.13333   -97.30290 36.67544     112.228     416.880  957.432  294.757   72.885   -0.133   12.342 0.00000e+00
  128    18.15000   -97.30159 36.67698     106.976     413.051  957.866  294.886   72.384   -0.048   12.350 0.00000e+00
  129    18.16667   -97.30040 36.67857     108.795     416.313  957.525  295.001   71.783    0.017   12.339 0.00000e+00
  130    18.18333   -97.29932 36.68028     114.796     423.667  956.726  295.065   71.443    0.134   12.340 0.00000e+00
  131    18.20000   -97.29826 36.68214     131.843     441.449  954.818  294.977   71.754    0.320   12.351 0.00000e+00
  132    18.21667   -97.29720 36.68406     173.410     483.578  950.191  294.574   73.332    0.791   12.373 0.00000e+00
  133    18.23333   -97.29638 36.68590     259.827     570.413  940.693  293.765   76.476    1.590   12.396 0.00000e+00
  134    18.25000   -97.29617 36.68795     361.098     672.036  929.691  292.911   79.936    1.307   12.431 0.00000e+00
  135    18.26667   -97.29636 36.69043     412.566     724.111  924.066  292.213   82.699   -0.431   12.384 0.00000e+00
  136    18.28333   -97.29653 36.69309     360.557     672.818  929.554  292.817   78.075   -1.950   12.072 0.00000e+00
  137    18.30000   -97.29628 36.69565     261.409     574.335  940.265  293.775   73.937   -1.964   11.998 0.00000e+00
  138    18.31667   -97.29578 36.69779     170.654     483.699  950.190  294.630   70.943   -1.513   12.011 0.00000e+00
  139    18.33333   -97.29514 36.69950     101.448     414.228  957.778  295.272   69.125   -1.099   12.079 0.00000e+00
  140    18.35000   -97.29442 36.70078      58.818     371.372  962.505  295.670   68.087   -0.573   12.133 0.00000e+00
  141    18.36667   -97.29373 36.70169      37.547     349.974  964.900  295.930   67.476   -0.314   12.186 0.00000e+00
  142    18.38333   -97.29317 36.70230      23.019     335.397  966.500  296.483   66.033   -0.154   12.316 0.00000e+00
  143    18.40000   -97.29285 36.70266      15.459     327.823  967.294  296.797   65.357   -0.099   12.416 0.00000e+00
  144    18.41667   -97.29266 36.70282      10.854     323.221  967.792  296.903   65.214   -0.066   12.462 0.00000e+00
  145    18.43333   -97.29263 36.70299       9.869     322.231  967.829  297.291   64.392    0.032   12.599 0.00000e+00
  146    18.45000   -97.29286 36.70347      13.560     325.882  967.485  297.658   63.501    0.162   12.709 0.00000e+00
  147    18.46667   -97.29317 36.70438      23.149     335.351  966.470  297.546   63.818    0.238   12.699 0.00000e+00
  148    18.48333   -97.29340 36.70565      33.841     345.510  965.379  297.179   64.833    0.254   12.631 0.00000e+00
  149    18.50000   -97.29368 36.70712      44.555     355.122  964.337  296.770   65.851    0.201   12.528 0.00000e+00
  150    18.51667   -97.29402 36.70856      56.261     365.748  963.171  296.654   66.193    0.348   12.519 0.00000e+00
  151    18.53333   -97.29443 36.70998      68.933     377.423  961.855  296.356   66.954    0.197   12.451 0.00000e+00
  152    18.55000   -97.29486 36.71139      82.714     390.240  960.471  296.275   67.281    0.549   12.469 0.00000e+00
  153    18.56667   -97.29534 36.71284     129.454     436.020  955.423  295.905   68.641    1.496   12.502 0.00000e+00
  154    18.58333   -97.29543 36.71433     200.425     506.245  947.680  295.089   71.268    1.332   12.447 0.00000e+00
  155    18.60000   -97.29498 36.71588     251.435     556.589  942.232  294.503   73.061    0.276   12.378 0.00000e+00
  156    18.61667   -97.29422 36.71785     242.102     546.404  943.289  294.489   72.416   -0.801   12.244 0.00000e+00
  157    18.63333   -97.29400 36.72028     201.296     504.658  947.913  294.884   70.711   -0.414   12.191 0.00000e+00
  158    18.65000   -97.29477 36.72278     198.644     501.463  948.166  294.938   70.351    0.181   12.166 0.00000e+00
  159    18.66667   -97.29629 36.72511     226.168     528.847  945.179  294.749   71.285    0.578   12.223 0.00000e+00
  160    18.68333   -97.29815 36.72703     271.894     574.524  940.228  294.332   72.914    0.569   12.249 0.00000e+00
  161    18.70000   -97.29976 36.72883     308.172     610.836  936.267  293.963   74.330    0.238   12.256 0.00000e+00
  162    18.71667   -97.30074 36.73080     324.929     627.912  934.420  293.762   75.140   -0.060   12.260 0.00000e+00
  163    18.73333   -97.30101 36.73292     315.872     619.596  935.319  293.806   74.959   -0.256   12.252 0.00000e+00
  164    18.75000   -97.30067 36.73502     308.931     613.284  936.010  293.862   74.724    0.198   12.247 0.00000e+00
  165    18.76667   -97.29995 36.73700     314.178     619.017  935.377  293.756   75.007    0.262   12.221 0.00000e+00
  166    18.78333   -97.29893 36.73883     331.257     636.394  933.504  293.579   75.587    0.404   12.205 0.00000e+00
  167    18.80000   -97.29770 36.74057     369.459     674.794  929.422  293.238   76.993    0.581   12.224 0.00000e+00
  168    18.81667   -97.29645 36.74222     422.951     728.568  923.587  292.752   78.874    0.922   12.225 0.00000e+00
  169    18.83333   -97.29547 36.74413     495.121     801.258  915.824  292.054   81.591    1.147   12.206 0.00000e+00
  170    18.85000   -97.29503 36.74633     584.357     891.262  906.258  291.212   84.963    1.361   12.180 0.00000e+00
  171    18.86667   -97.29500 36.74862     670.076     978.429  897.052  290.385   88.273    0.907   12.130 0.00000e+00
  172    18.88333   -97.29503 36.75071     715.939    1025.761  892.119  289.937   90.086    0.239   12.097 0.00000e+00
  173    18.90000   -97.29492 36.75248     737.035    1048.132  889.791  289.724   91.002    0.264   12.086 0.00000e+00
  174    18.91667   -97.29455 36.75406     765.817    1078.052  886.713  289.460   92.178    0.769   12.078 0.00000e+00
  175    18.93333   -97.29405 36.75586     808.590    1121.789  882.196  289.059   94.025    0.886   12.069 0.00000e+00
  176    18.95000   -97.29372 36.75792     844.594    1158.495  878.422  288.707   95.673    0.596   12.056 0.00000e+00
  177    18.96667   -97.29356 36.76011     847.888    1162.542  877.996  288.676   95.856   -0.250   12.061 0.00000e+00
  178    18.98333   -97.29353 36.76234     800.315    1115.749  882.838  289.152   93.228   -1.185   12.029 0.00000e+00
