    0    16.01667   -97.54092 36.21400     102.755     439.638  955.029  292.424   87.301    0.082   12.815 0.00000e+00
    1    16.03333   -97.54242 36.21694     120.192     460.817  952.678  292.260   88.084    0.538   12.829 0.00000e+00
    2    16.05000   -97.54352 36.21981     160.824     505.021  947.846  291.869   89.922    0.903   12.843 0.00000e+00
    3    16.06667   -97.54399 36.22266     207.277     553.436  942.596  291.460   91.816    0.791   12.851 0.00000e+00
    4    16.08333   -97.54380 36.22555     249.831     595.848  937.965  291.157   93.077    0.663   12.843 0.00000e+00
    5    16.10000   -97.54288 36.22839     300.476     645.594  932.578  290.795   94.613    0.934   12.833 0.00000e+00
    6    16.11667   -97.54108 36.23124     362.612     705.840  925.981  290.288   96.660    0.959   12.784 0.00000e+00
    7    16.13333   -97.53860 36.23412     394.966     736.577  922.550  290.033   97.505   -0.060   12.735 0.00000e+00
    8    16.15000   -97.53602 36.23704     367.162     708.385  925.626  290.319   95.725   -1.274   12.691 0.00000e+00
    9    16.16667   -97.53385 36.24020     296.513     639.128  933.092  290.990   92.319   -1.661   12.670 0.00000e+00
   10    16.18333   -97.53203 36.24351     220.445     564.662  941.295  291.716   88.960   -1.311   12.672 0.00000e+00
   11    16.20000   -97.53038 36.24688     164.718     509.718  947.318  292.248   86.610   -0.705   12.677 0.00000e+00
   12    16.21667   -97.52879 36.25040     129.596     475.877  950.984  292.552   85.394   -0.358   12.690 0.00000e+00
   13    16.23333   -97.52715 36.25405     110.384     459.814  952.645  292.702   84.801   -0.144   12.699 0.00000e+00
   14    16.25000   -97.52538 36.25771     101.984     455.524  953.170  292.760   84.521   -0.109   12.696 0.00000e+00
   15    16.26667   -97.52349 36.26143      95.091     451.674  953.644  292.831   84.260   -0.162   12.707 0.00000e+00
   16    16.28333   -97.52162 36.26519      81.674     441.117  954.736  292.949   83.746   -0.221   12.708 0.00000e+00
   17    16.30000   -97.52002 36.26886      73.659     437.762  955.061  293.049   83.549   -0.055   12.754 0.00000e+00
   18    16.31667   -97.51881 36.27230      73.376     441.088  954.894  293.115   83.621    0.005   12.820 0.00000e+00
   19    16.33333   -97.51803 36.27553      72.482     438.746  955.195  293.154   83.537   -0.116   12.834 0.00000e+00
   20    16.35000   -97.51763 36.27861      66.545     431.447  955.970  293.202   83.440   -0.136   12.847 0.00000e+00
   21    16.36667   -97.51753 36.28157      66.039     429.426  956.210  293.238   83.450   -0.023   12.875 0.00000e+00
   22    16.38333   -97.51760 36.28456      70.689     432.358  955.818  293.241   83.537    0.045   12.896 0.00000e+00
   23    16.40000   -97.51788 36.28762      75.876     435.720  955.452  293.239   83.559    0.065   12.902 0.00000e+00
   24    16.41667   -97.51840 36.29077      79.838     438.390  955.179  293.238   83.586    0.077   12.909 0.00000e+00
   25    16.43333   -97.51915 36.29395      75.456     433.040  955.765  293.353   83.136   -0.047   12.925 0.00000e+00
   26    16.45000   -97.52004 36.29722      61.685     418.306  957.444  293.534   82.367   -0.244   12.928 0.00000e+00
   27    16.46667   -97.52105 36.30049      49.033     404.292  958.926  293.704   81.641   -0.097   12.930 0.00000e+00
   28    16.48333   -97.52205 36.30364      47.759     401.655  959.222  293.784   81.335    0.086   12.942 0.00000e+00
   29    16.50000   -97.52279 36.30647      67.184     419.530  957.224  293.755   81.536    0.596   12.978 0.00000e+00
   30    16.51667   -97.52295 36.30900     121.201     471.848  951.427  293.207   83.552    1.285   12.930 0.00000e+00
   31    16.53333   -97.52267 36.31155     201.184     550.409  942.752  292.369   86.954    1.484   12.887 0.00000e+00
   32    16.55000   -97.52206 36.31405     289.223     637.091  933.370  291.526   90.804    1.653   12.889 0.00000e+00
   33    16.56667   -97.52115 36.31652     374.590     719.950  924.497  290.721   94.625    1.809   12.887 0.00000e+00
   34    16.58333   -97.51979 36.31927     440.085     781.872  917.900  290.105   97.721    1.529   12.888 0.00000e+00
   35    16.60000   -97.51802 36.32235     492.270     831.095  912.487  289.627   99.814    1.054   12.844 7.70576e-03
   36    16.61667   -97.51599 36.32566     536.784     875.099  907.839  289.371  100.000    0.864   12.739 5.19364e-02
   37    16.63333   -97.51373 36.32910     581.252     917.120  903.412  289.152  100.000    0.986   12.624 1.05549e-01
   38    16.65000   -97.51125 36.33261     622.208     959.028  898.812  288.952  100.000    0.852   12.527 1.81700e-01
   39    16.66667   -97.50861 36.33617     645.347     985.325  896.043  288.835  100.000    0.472   12.471 2.30220e-01
   40    16.68333   -97.50594 36.33976     646.855     988.811  895.756  288.811  100.000    0.050   12.456 2.23139e-01
   41    16.70000   -97.50321 36.34341     627.265     969.430  897.806  288.877  100.000   -0.583   12.481 1.56142e-01
   42    16.71667   -97.50039 36.34714     577.563     919.515  903.179  289.111   99.902   -1.238   12.564 1.73686e-02
   43    16.73333   -97.49774 36.35093     504.887     842.759  911.343  289.832   96.132   -1.410   12.550 0.00000e+00
   44    16.75000   -97.49535 36.35474     438.586     772.213  918.828  290.547   92.314   -1.060   12.510 0.00000e+00
   45    16.76667   -97.49300 36.35844     389.830     721.930  924.246  291.063   89.631   -0.642   12.478 0.00000e+00
   46    16.78333   -97.49072 36.36193     364.908     694.670  927.253  291.327   88.437   -0.189   12.479 0.00000e+00
   47    16.80000   -97.48853 36.36519     362.294     688.930  927.846  291.385   88.057    0.208   12.463 0.00000e+00
   48    16.81667   -97.48640 36.36834     374.320     698.368  926.892  291.294   88.349    0.543   12.446 0.00000e+00
   49    16.83333   -97.48447 36.37144     390.285     712.725  925.150  291.116   89.152    0.436   12.441 0.00000e+00
   50    16.85000   -97.48279 36.37455     397.607     723.053  923.966  290.984   89.858    0.190   12.451 0.00000e+00
   51    16.86667   -97.48139 36.37758     403.057     732.124  922.995  290.895   90.289    0.170   12.453 0.00000e+00
   52    16.88333   -97.48016 36.38059     414.254     746.760  921.473  290.782   90.611    0.203   12.429 0.00000e+00
   53    16.90000   -97.47890 36.38358     425.208     759.862  920.075  290.670   91.014    0.096   12.415 0.00000e+00
   54    16.91667   -97.47756 36.38654     427.348     764.001  919.652  290.631   91.213   -0.168   12.417 0.00000e+00
   55    16.93333   -97.47610 36.38938     413.085     750.976  921.179  290.758   90.695   -0.407   12.426 0.00000e+00
   56    16.95000   -97.47462 36.39208     380.048     718.220  924.677  291.064   89.247   -0.613   12.420 0.00000e+00
   57    16.96667   -97.47315 36.39481     335.428     673.694  929.475  291.485   87.401   -0.774   12.427 0.00000e+00
   58    16.98333   -97.47180 36.39762     289.810     627.434  934.560  291.925   85.732   -0.777   12.465 0.00000e+00
   59    17.00000   -97.47053 36.40046     247.776     583.716  939.251  292.333   84.248   -0.662   12.504 0.00000e+00
   60    17.01667   -97.46935 36.40326     212.214     547.186  943.163  292.665   83.092   -0.486   12.541 0.00000e+00
   61    17.03333   -97.46825 36.40603     183.437     518.577  946.236  292.911   82.326   -0.413   12.577 0.00000e+00
   62    17.05000   -97.46718 36.40878     157.658     493.592  948.996  293.125   81.745   -0.442   12.618 0.00000e+00
   63    17.06667   -97.46623 36.41146     130.553     467.107  951.897  293.367   80.995   -0.505   12.655 0.00000e+00
   64    17.08333   -97.46552 36.41405     100.759     437.368  955.199  293.642   80.050   -0.575   12.679 0.00000e+00
   65    17.10000   -97.46500 36.41653      74.144     409.541  958.399  293.928   79.095   -0.448   12.710 0.00000e+00
   66    17.11667   -97.46461 36.41891      53.922     387.789  960.881  294.175   78.210   -0.303   12.729 0.00000e+00
   67    17.13333   -97.46432 36.42119      39.100     371.271  962.745  294.436   77.365   -0.215   12.772 0.00000e+00
   68    17.15000   -97.46413 36.42334      27.262     357.637  964.273  294.782   76.305   -0.157   12.849 0.00000e+00
   69    17.16667   -97.46405 36.42522      19.426     348.251  965.273  295.071   75.452   -0.093   12.921 0.00000e+00
   70    17.18333   -97.46406 36.42693      14.203     341.674  966.007  295.281   74.833   -0.064   12.972 0.00000e+00
   71    17.20000   -97.46407 36.42855      11.529     337.712  966.463  295.476   74.248   -0.067   13.020 0.00000e+00
   72    17.21667   -97.46407 36.43021       9.144     333.971  966.773  295.761   73.217   -0.052   13.062 0.00000e+00
   73    17.23333   -97.46410 36.43200       7.923     331.195  967.038  295.966   72.466   -0.028   13.088 0.00000e+00
   74    17.25000   -97.46419 36.43388       6.455     328.081  967.361  296.193   71.410   -0.017   13.073 0.00000e+00
   75    17.26667   -97.46434 36.43575       4.488     324.466  967.695  296.362   70.705   -0.026   13.074 0.00000e+00
   76    17.28333   -97.46460 36.43761       2.707     321.002  968.008  296.408   70.637   -0.021   13.094 0.00000e+00
   77    17.30000   -97.46492 36.43941       1.760     318.717  968.230  296.329   70.864   -0.014   13.070 0.00000e+00
   78    17.31667   -97.46519 36.44109       1.239     317.167  968.376  296.309   70.983   -0.006   13.073 0.00000e+00
   79    17.33333   -97.46542 36.44264       0.986     315.941  968.511  296.368   70.956   -0.003   13.114 0.00000e+00
   80    17.35000   -97.46558 36.44410       0.459     314.498  968.622  296.355   71.045   -0.001   13.118 0.00000e+00
   81    17.36667   -97.46565 36.44546       0.778     313.962  968.664  296.304   71.303   -0.002   13.124 0.00000e+00
   82    17.38333   -97.46568 36.44674       0.802     313.274  968.737  296.299   71.394   -0.001   13.137 0.00000e+00
   83    17.40000   -97.46561 36.44800       0.349     312.324  968.804  296.493   70.991   -0.000   13.217 0.00000e+00
   84    17.41667   -97.46542 36.44927       0.711     312.311  968.825  296.600   70.759   -0.000   13.260 0.00000e+00
   85    17.43333   -97.46504 36.45063       0.826     312.130  968.770  296.727   70.247    0.002   13.267 0.00000e+00
   86    17.45000   -97.46440 36.45208       0.873     311.993  968.808  296.789   69.583    0.000   13.191 0.00000e+00
   87    17.46667   -97.46355 36.45363       0.843     311.944  968.845  296.856   68.992    0.001   13.132 0.00000e+00
   88    17.48333   -97.46245 36.45527       0.987     312.282  968.814  296.949   68.517    0.004   13.116 0.00000e+00
   89    17.50000   -97.46130 36.45689       1.192     312.575  968.892  297.098   68.161    0.009   13.166 0.00000e+00
   90    17.51667   -97.46029 36.45851       1.997     313.054  968.840  297.144   68.031    0.012   13.179 0.00000e+00
   91    17.53333   -97.45945 36.46014       2.211     312.772  968.860  297.286   67.782    0.008   13.244 0.00000e+00
   92    17.55000   -97.45872 36.46177       2.444     312.525  968.896  297.323   67.712    0.001   13.260 0.00000e+00
   93    17.56667   -97.45811 36.46339       2.689     312.303  968.928  297.416   67.558   -0.000   13.304 0.00000e+00
   94    17.58333   -97.45757 36.46506       2.877     312.091  968.914  297.229   67.689   -0.010   13.179 0.00000e+00
   95    17.60000   -97.45709 36.46680       2.226     311.110  968.979  297.247   67.453   -0.012   13.146 0.00000e+00
   96    17.61667   -97.45661 36.46861       1.646     310.259  969.063  297.151   67.132   -0.013   13.007 0.00000e+00
   97    17.63333   -97.45627 36.47047       1.065     309.454  969.130  297.072   66.534   -0.010   12.828 0.00000e+00
   98    17.65000   -97.45609 36.47230       0.844     308.839  969.216  297.007   66.104   -0.009   12.694 0.00000e+00
   99    17.66667   -97.45616 36.47403       0.754     308.025  969.305  297.003   65.989   -0.006   12.667 0.00000e+00
  100    17.68333   -97.45647 36.47559       0.191     306.798  969.438  297.081   65.892   -0.001   12.707 0.00000e+00
  101    17.70000   -97.45703 36.47703       0.352     306.429  969.445  297.263   65.652   -0.001   12.802 0.00000e+00
  102    17.71667   -97.45783 36.47828       0.513     306.241  969.456  297.472   65.326    0.001   12.901 0.00000e+00
  103    17.73333   -97.45870 36.47933       1.807     307.384  969.323  297.624   65.397    0.037   13.036 0.00000e+00
  104    17.75000   -97.45872 36.48028       6.315     311.516  969.000  297.688   65.950    0.197   13.202 0.00000e+00
  105    17.76667   -97.45796 36.48158      20.744     324.988  967.656  297.263   67.388    0.578   13.165 0.00000e+00
  106    17.78333   -97.45686 36.48339      62.275     365.221  963.146  296.299   69.682    1.270   12.896 0.00000e+00
  107    17.80000   -97.45591 36.48551     144.152     445.763  954.312  295.214   72.688    1.940   12.703 0.00000e+00
  108    17.81667   -97.45520 36.48786     270.864     571.150  940.546  293.915   77.359    2.448   12.659 0.00000e+00
  109    17.83333   -97.45477 36.49027     401.113     700.711  926.534  292.647   82.453    2.844   12.655 0.00000e+00
  110    17.85000   -97.45470 36.49280     534.872     833.925  912.286  291.296   87.984    2.273   12.595 0.00000e+00
  111    17.86667   -97.45482 36.49548     615.763     914.246  903.799  290.493   91.457    1.021   12.559 0.00000e+00
  112    17.88333   -97.45523 36.49859     612.466     910.571  904.162  290.492   91.432   -0.286   12.550 0.00000e+00
  113    17.90000   -97.45557 36.50190     545.180     843.061  911.326  291.101   88.086   -1.335   12.469 0.00000e+00
  114    17.91667   -97.45512 36.50510     475.590     773.222  918.732  291.748   84.657   -1.252   12.383 0.00000e+00
  115    17.93333   -97.45397 36.50797     404.608     704.135  926.085  292.417   81.084   -1.350   12.272 0.00000e+00
  116    17.95000   -97.45256 36.51052     342.422     644.192  932.499  293.039   79.218   -1.718   12.380 0.00000e+00
  117    17.96667   -97.45120 36.51288     276.438     580.474  939.399  293.644   77.181   -1.676   12.434 0.00000e+00
  118    17.98333   -97.44988 36.51538     184.637     490.556  949.207  294.514   73.951   -1.843   12.444 0.00000e+00
  119    18.00000   -97.44856 36.51800      95.027     402.532  958.920  295.368   70.853   -1.317   12.440 0.00000e+00
  120    18.01667   -97.44719 36.52064      46.727     355.536  964.107  295.856   69.251   -0.470   12.461 0.00000e+00
  121    18.03333   -97.44551 36.52324      29.740     339.246  965.863  296.338   68.289   -0.130   12.633 0.00000e+00
  122    18.05000   -97.44376 36.52536      25.024     335.416  966.229  296.677   67.450   -0.010   12.734 0.00000e+00
  123    18.06667   -97.44202 36.52703      24.849     336.692  966.101  296.836   66.837    0.114   12.743 0.00000e+00
  124    18.08333   -97.44025 36.52845      30.348     343.607  965.320  296.868   66.483    0.225   12.711 0.00000e+00
  125    18.10000   -97.43860 36.52993      49.278     363.839  963.121  296.663   67.013    0.477   12.682 0.00000e+00
  126    18.11667   -97.43726 36.53185      86.026     401.315  959.001  296.047   69.037    0.869   12.636 0.00000e+00
  127    18.13333   -97.43602 36.53423     138.945     454.455  953.180  295.295   71.610    1.025   12.593 0.00000e+00
  128    18.15000   -97.43474 36.53688     188.507     503.927  947.788  294.722   73.756    0.732   12.591 0.00000e+00
  129    18.16667   -97.43353 36.53961     227.344     541.794  943.721  294.429   74.883    0.638   12.609 0.00000e+00
  130    18.18333   -97.43253 36.54214     256.369     569.105  940.797  294.177   75.253    0.255   12.513 0.00000e+00
  131    18.20000   -97.43164 36.54440     273.596     584.812  939.055  294.006   75.306    0.093   12.413 0.00000e+00
  132    18.21667   -97.43077 36.54651     285.880     595.885  937.735  293.881   75.157    0.081   12.310 0.00000e+00
  133    18.23333   -97.42995 36.54850     298.729     609.625  936.199  293.741   75.354    0.052   12.255 0.00000e+00
  134    18.25000   -97.42914 36.55042     318.034     630.392  933.961  293.525   75.906    0.403   12.209 0.00000e+00
  135    18.26667   -97.42840 36.55228     348.007     661.810  930.602  293.228   76.884    0.525   12.183 0.00000e+00
  136    18.28333   -97.42770 36.55422     379.100     694.431  927.060  292.904   78.028    0.543   12.163 0.00000e+00
  137    18.30000   -97.42698 36.55626     405.149     721.721  924.200  292.650   78.996    0.445   12.157 0.00000e+00
  138    18.31667   -97.42617 36.55841     425.491     743.038  921.911  292.453   79.786    0.319   12.158 0.00000e+00
  139    18.33333   -97.42525 36.56070     439.961     758.459  920.260  292.326   80.374    0.224   12.172 0.00000e+00
  140    18.35000   -97.42424 36.56321     450.289     769.700  919.097  292.260   80.273    0.013   12.122 0.00000e+00
  141    18.36667   -97.42313 36.56586     450.069     769.389  919.161  292.303   79.508   -0.180   12.039 0.00000e+00
  142    18.38333   -97.42192 36.56850     438.779     757.496  920.505  292.448   78.380   -0.273   11.959 0.00000e+00
  143    18.40000   -97.42070 36.57106     423.109     740.840  922.233  292.627   77.320   -0.239   11.908 0.00000e+00
  144    18.41667   -97.41960 36.57345     412.393     730.146  923.307  292.739   76.614   -0.120   11.868 0.00000e+00
  145    18.43333   -97.41883 36.57571     411.350     729.802  923.304  292.881   77.055    0.022   12.043 0.00000e+00
  146    18.45000   -97.41824 36.57805     412.480     731.744  923.115  292.877   77.322   -0.277   12.085 0.00000e+00
  147    18.46667   -97.41748 36.58050     403.944     723.891  923.965  292.944   77.375   -0.249   12.133 0.00000e+00
  148    18.48333   -97.41652 36.58295     389.309     709.221  925.528  293.054   77.117   -0.487   12.155 0.00000e+00
  149    18.50000   -97.41532 36.58525     362.961     682.985  928.353  293.314   76.143   -0.631   12.161 0.00000e+00
  150    18.51667   -97.41396 36.58739     329.936     650.255  931.822  293.677   74.697   -0.734   12.157 0.00000e+00
  151    18.53333   -97.41260 36.58937     292.175     612.979  935.889  294.087   72.941   -0.830   12.125 0.00000e+00
  152    18.55000   -97.41135 36.59126     244.187     565.555  940.952  294.552   70.936   -1.095   12.071 0.00000e+00
  153    18.56667   -97.41029 36.59311     184.586     506.593  947.375  295.129   68.687   -1.105   12.030 0.00000e+00
  154    18.58333   -97.40947 36.59488     126.587     449.190  953.645  295.698   66.599   -0.922   11.999 0.00000e+00
  155    18.60000   -97.40903 36.59646      83.133     406.178  958.397  296.119   65.156   -0.666   11.987 0.00000e+00
  156    18.61667   -97.40912 36.59785      47.696     370.750  962.248  296.595   63.976   -0.539   12.068 0.00000e+00
  157    18.63333   -97.40975 36.59909      26.171     348.915  964.635  297.008   63.105   -0.220   12.176 0.00000e+00
  158    18.65000   -97.41054 36.60018      22.144     344.519  965.116  297.305   62.791    0.011   12.331 0.00000e+00
  159    18.66667   -97.41078 36.60143      28.118     350.373  964.487  297.438   62.797    0.159   12.441 0.00000e+00
  160    18.68333   -97.41051 36.60314      38.102     360.486  963.411  297.385   63.114    0.301   12.477 0.00000e+00
  161    18.70000   -97.41006 36.60530      49.502     372.143  962.091  297.117   63.628    0.365   12.393 0.00000e+00
  162    18.71667   -97.40971 36.60769      59.567     382.658  960.931  297.030   63.838    0.338   12.383 0.00000e+00
  163    18.73333   -97.40978 36.61024      73.825     397.184  959.314  297.087   63.905    0.443   12.460 0.00000e+00
  164    18.75000   -97.40976 36.61292     135.113     458.811  952.551  296.559   65.741    1.644   12.501 0.00000e+00
  165    18.76667   -97.40933 36.61564     228.793     552.751  942.326  295.564   68.830    1.190   12.449 0.00000e+00
  166    18.78333   -97.40840 36.61813     296.337     620.729  934.933  294.786   71.068    1.193   12.349 0.00000e+00
  167    18.80000   -97.40752 36.62042     395.996     720.795  924.197  293.873   74.425    1.287   12.364 0.00000e+00
  168    18.81667   -97.40703 36.62270     466.536     791.928  916.585  293.131   77.003    0.334   12.316 0.00000e+00
  169    18.83333   -97.40643 36.62448     500.484     826.705  912.952  292.721   78.208    0.102   12.240 0.00000e+00
  170    18.85000   -97.40559 36.62582     568.869     895.733  905.673  291.965   80.902    1.690   12.172 0.00000e+00
  171    18.86667   -97.40506 36.62713     693.397    1020.716  892.647  290.761   86.154    2.202   12.186 0.00000e+00
  172    18.88333   -97.40482 36.62871     823.104    1150.874  879.177  289.466   92.079    2.534   12.174 0.00000e+00
  173    18.90000   -97.40462 36.63041     966.711    1294.285  864.569  288.062   97.937    2.761   12.028 0.00000e+00
  174    18.91667   -97.40427 36.63229    1120.081    1445.929  849.288  286.977  100.000    2.631   11.656 1.17847e-01
  175    18.93333   -97.40395 36.63443    1262.514    1586.270  835.274  286.222  100.000    2.293   11.294 3.55131e-01
  176    18.95000   -97.40406 36.63719    1369.119    1690.150  825.006  285.601  100.000    1.393   10.976 4.32142e-01
  177    18.96667   -97.40401 36.64047    1423.994    1742.574  819.847  285.105   99.944    0.461   10.665 3.39550e-01
  178    18.98333   -97.40353 36.64385    1440.728    1757.195  818.432  284.797  100.000   -0.094   10.490 1.77189e-01
