    0    16.01667   -97.43601 36.23945      54.721     417.653  957.467  292.625   85.673   -0.417   12.703 0.00000e+00
    1    16.03333   -97.43524 36.24220      32.409     394.388  960.015  292.990   84.368   -0.210   12.765 0.00000e+00
    2    16.05000   -97.43462 36.24473      20.128     381.032  961.503  293.375   83.078   -0.114   12.856 0.00000e+00
    3    16.06667   -97.43411 36.24700      13.961     373.957  962.305  293.581   82.373   -0.091   12.901 0.00000e+00
    4    16.08333   -97.43365 36.24908       9.602     369.094  962.786  293.749   81.695   -0.086   12.922 0.00000e+00
    5    16.10000   -97.43313 36.25107       6.969     366.209  963.030  293.892   81.046   -0.041   12.931 0.00000e+00
    6    16.11667   -97.43253 36.25297       5.502     364.779  963.124  294.022   80.582   -0.003   12.960 0.00000e+00
    7    16.13333   -97.43195 36.25478       5.420     364.842  963.179  294.051   80.565   -0.001   12.980 0.00000e+00
    8    16.15000   -97.43167 36.25642       4.795     362.975  963.360  294.185   80.169   -0.014   13.022 0.00000e+00
    9    16.16667   -97.43180 36.25796       5.336     361.342  963.590  294.368   79.624    0.028   13.078 0.00000e+00
   10    16.18333   -97.43192 36.25953       8.462     362.348  963.559  294.530   79.383    0.093   13.170 0.00000e+00
   11    16.20000   -97.43156 36.26120      16.278     368.507  963.056  294.510   79.676    0.186   13.210 0.00000e+00
   12    16.21667   -97.43053 36.26309      29.722     380.435  961.676  294.119   80.815    0.181   13.096 0.00000e+00
   13    16.23333   -97.42906 36.26565      44.416     395.795  959.873  293.835   81.770    0.004   13.043 0.00000e+00
   14    16.25000   -97.42750 36.26867      44.249     396.673  959.845  293.766   82.017   -0.144   13.027 0.00000e+00
   15    16.26667   -97.42640 36.27200      39.919     392.197  960.438  293.816   81.880   -0.056   13.038 0.00000e+00
   16    16.28333   -97.42624 36.27530      50.926     401.394  959.370  293.699   82.429    0.642   13.044 0.00000e+00
   17    16.30000   -97.42612 36.27819     108.359     457.259  953.208  293.120   84.770    1.306   13.023 0.00000e+00
   18    16.31667   -97.42527 36.28090     186.064     534.362  944.643  292.319   88.118    1.354   12.992 0.00000e+00
   19    16.33333   -97.42348 36.28349     250.282     599.710  937.454  291.617   90.880    0.706   12.918 0.00000e+00
   20    16.35000   -97.42100 36.28595     270.430     621.981  935.033  291.392   91.785   -0.003   12.896 0.00000e+00
   21    16.36667   -97.41883 36.28854     253.183     604.556  937.296  291.560   91.001   -0.578   12.891 0.00000e+00
   22    16.38333   -97.41737 36.29132     211.265     557.923  942.388  291.996   88.961   -0.837   12.883 0.00000e+00
   23    16.40000   -97.41665 36.29421     163.120     506.237  948.043  292.457   86.804   -0.503   12.863 0.00000e+00
   24    16.41667   -97.41649 36.29713     129.955     469.797  952.138  292.794   85.136   -0.212   12.830 0.00000e+00
   25    16.43333   -97.41672 36.30010     113.667     447.257  954.555  293.009   84.062   -0.148   12.807 0.00000e+00
   26    16.45000   -97.41716 36.30320     110.746     437.639  955.574  293.098   83.577    0.130   12.790 0.00000e+00
   27    16.46667   -97.41743 36.30636     125.684     448.136  954.201  292.984   83.979    0.183   12.779 0.00000e+00
   28    16.48333   -97.41734 36.30961     140.268     462.287  952.688  292.858   84.461    0.113   12.772 0.00000e+00
   29    16.50000   -97.41702 36.31292     148.384     469.875  951.794  292.790   84.698   -0.105   12.765 0.00000e+00
   30    16.51667   -97.41670 36.31633     135.309     459.202  952.926  292.901   84.083   -0.350   12.746 0.00000e+00
   31    16.53333   -97.41666 36.31981     114.357     441.267  954.884  293.073   83.310   -0.304   12.739 0.00000e+00
   32    16.55000   -97.41695 36.32325     102.892     430.947  956.138  293.192   82.826   -0.022   12.742 0.00000e+00
   33    16.56667   -97.41742 36.32654     106.970     433.741  955.862  293.221   82.781    0.169   12.762 0.00000e+00
   34    16.58333   -97.41785 36.32970     117.501     442.992  954.869  293.140   83.122    0.039   12.764 0.00000e+00
   35    16.60000   -97.41829 36.33269     124.276     447.304  954.400  293.118   83.298   -0.041   12.780 0.00000e+00
   36    16.61667   -97.41871 36.33545     139.605     460.149  952.991  293.043   83.740    0.274   12.806 0.00000e+00
   37    16.63333   -97.41899 36.33809     166.380     484.486  950.305  292.819   84.727    0.486   12.813 0.00000e+00
   38    16.65000   -97.41919 36.34072     200.747     516.375  946.804  292.523   86.092    0.559   12.828 0.00000e+00
   39    16.66667   -97.41925 36.34335     235.420     548.553  943.297  292.224   87.488    0.524   12.840 0.00000e+00
   40    16.68333   -97.41927 36.34597     263.352     573.978  940.442  291.970   88.625    0.359   12.840 0.00000e+00
   41    16.70000   -97.41927 36.34864     278.145     588.181  938.807  291.823   89.255    0.054   12.834 0.00000e+00
   42    16.71667   -97.41928 36.35140     277.186     587.383  938.876  291.828   89.203   -0.223   12.830 0.00000e+00
   43    16.73333   -97.41945 36.35420     263.874     574.177  940.226  291.942   88.658   -0.351   12.825 0.00000e+00
   44    16.75000   -97.41971 36.35706     242.856     555.789  942.156  292.102   87.903   -0.414   12.818 0.00000e+00
   45    16.76667   -97.42010 36.35999     220.753     537.417  944.185  292.263   87.144   -0.345   12.809 0.00000e+00
   46    16.78333   -97.42049 36.36297     202.691     523.244  945.780  292.389   86.512   -0.288   12.796 0.00000e+00
   47    16.80000   -97.42079 36.36594     183.049     505.585  947.795  292.570   85.667   -0.416   12.788 0.00000e+00
   48    16.81667   -97.42105 36.36886     155.215     479.431  950.693  292.831   84.491   -0.562   12.782 0.00000e+00
   49    16.83333   -97.42140 36.37169     124.769     450.789  953.849  293.103   83.296   -0.489   12.774 0.00000e+00
   50    16.85000   -97.42189 36.37447     103.235     431.224  956.026  293.303   82.397   -0.308   12.767 0.00000e+00
   51    16.86667   -97.42244 36.37722      88.399     418.382  957.452  293.446   81.837   -0.189   12.774 0.00000e+00
   52    16.88333   -97.42306 36.37992      78.967     410.943  958.288  293.575   81.380   -0.127   12.794 0.00000e+00
   53    16.90000   -97.42369 36.38256      73.319     407.128  958.670  293.663   81.041   -0.116   12.806 0.00000e+00
   54    16.91667   -97.42435 36.38515      65.751     401.220  959.309  293.717   80.728   -0.249   12.791 0.00000e+00
   55    16.93333   -97.42513 36.38760      58.642     395.583  959.943  294.057   79.803    0.080   12.906 0.00000e+00
   56    16.95000   -97.42596 36.38974      73.957     411.166  958.288  294.015   80.123    0.380   12.947 0.00000e+00
   57    16.96667   -97.42657 36.39170     109.245     446.382  954.389  293.710   81.424    0.858   12.963 0.00000e+00
   58    16.98333   -97.42699 36.39362     166.880     504.043  948.142  293.140   83.623    0.918   12.933 0.00000e+00
   59    17.00000   -97.42686 36.39573     217.792     554.583  942.624  292.603   85.613    0.801   12.878 0.00000e+00
   60    17.01667   -97.42633 36.39789     260.370     595.420  938.283  292.196   87.173    0.510   12.840 0.00000e+00
   61    17.03333   -97.42570 36.40010     278.792     611.205  936.514  292.032   87.814    0.204   12.827 0.00000e+00
   62    17.05000   -97.42505 36.40225     278.057     607.888  936.888  292.044   87.603   -0.099   12.800 0.00000e+00
   63    17.06667   -97.42453 36.40441     260.445     587.843  939.084  292.226   86.698   -0.470   12.784 0.00000e+00
   64    17.08333   -97.42422 36.40654     226.443     551.247  943.057  292.574   85.103   -0.775   12.772 0.00000e+00
   65    17.10000   -97.42413 36.40866     187.552     509.919  947.578  292.984   83.311   -0.825   12.767 0.00000e+00
   66    17.11667   -97.42441 36.41082     152.521     472.689  951.629  293.348   81.784   -0.708   12.766 0.00000e+00
   67    17.13333   -97.42493 36.41300     127.706     445.753  954.503  293.607   80.711   -0.401   12.766 0.00000e+00
   68    17.15000   -97.42555 36.41517     116.568     433.809  955.776  293.727   80.190   -0.167   12.761 0.00000e+00
   69    17.16667   -97.42621 36.41744     114.044     430.840  956.098  293.762   80.009   -0.015   12.756 0.00000e+00
   70    17.18333   -97.42684 36.41977     119.562     435.817  955.563  293.756   80.070    0.133   12.768 0.00000e+00
   71    17.20000   -97.42740 36.42212     134.346     450.309  953.875  293.657   80.541    0.313   12.786 0.00000e+00
   72    17.21667   -97.42774 36.42448     155.993     472.844  951.397  293.469   81.339    0.365   12.796 0.00000e+00
   73    17.23333   -97.42783 36.42685     181.117     498.794  948.511  293.238   82.301    0.346   12.801 0.00000e+00
   74    17.25000   -97.42767 36.42924     206.991     525.520  945.557  292.993   83.320    0.356   12.803 0.00000e+00
   75    17.26667   -97.42734 36.43165     233.242     552.331  942.633  292.744   84.364    0.446   12.803 0.00000e+00
   76    17.28333   -97.42690 36.43411     254.502     574.048  940.216  292.534   85.245    0.504   12.800 0.00000e+00
   77    17.30000   -97.42640 36.43665     272.381     592.571  938.224  292.344   85.953    0.432   12.780 0.00000e+00
   78    17.31667   -97.42583 36.43924     283.596     604.304  936.958  292.251   86.237    0.233   12.765 0.00000e+00
   79    17.33333   -97.42529 36.44181     283.620     604.312  936.940  292.270   86.063    0.021   12.755 0.00000e+00
   80    17.35000   -97.42487 36.44432     272.138     592.809  938.216  292.398   85.475   -0.119   12.753 0.00000e+00
   81    17.36667   -97.42475 36.44669     260.540     580.983  939.541  292.542   84.881   -0.027   12.761 0.00000e+00
   82    17.38333   -97.42487 36.44910     264.483     583.504  939.306  292.554   84.912    0.307   12.778 0.00000e+00
   83    17.40000   -97.42513 36.45168     291.991     609.365  936.520  292.395   85.714    0.567   12.809 0.00000e+00
   84    17.41667   -97.42520 36.45435     328.592     644.343  932.800  292.148   86.836    0.537   12.828 0.00000e+00
   85    17.43333   -97.42494 36.45705     360.763     673.727  929.578  291.941   87.682    0.228   12.830 0.00000e+00
   86    17.45000   -97.42415 36.45977     393.011     703.010  926.431  291.791   87.521   -0.049   12.729 0.00000e+00
   87    17.46667   -97.42287 36.46258     423.990     731.298  923.336  291.655   86.283    0.150   12.484 0.00000e+00
   88    17.48333   -97.42125 36.46554     464.741     770.549  919.131  291.302   87.094    0.448   12.380 0.00000e+00
   89    17.50000   -97.41962 36.46853     507.431     811.282  914.755  290.894   88.770    0.784   12.354 0.00000e+00
   90    17.51667   -97.41796 36.47151     548.683     850.842  910.420  290.494   90.350    1.037   12.317 0.00000e+00
   91    17.53333   -97.41627 36.47438     591.698     893.303  906.054  290.088   92.204    1.134   12.308 0.00000e+00
   92    17.55000   -97.41454 36.47713     632.381     932.752  901.893  289.701   94.144    1.029   12.316 0.00000e+00
   93    17.56667   -97.41273 36.47986     665.826     964.181  898.605  289.382   95.920    0.724   12.339 0.00000e+00
   94    17.58333   -97.41091 36.48264     687.647     984.274  896.494  289.160   97.287    0.458   12.367 0.00000e+00
   95    17.60000   -97.40918 36.48548     695.651     990.370  895.825  289.084   97.812    0.237   12.382 0.00000e+00
   96    17.61667   -97.40758 36.48833     693.779     986.608  896.207  289.117   97.899    0.031   12.414 0.00000e+00
   97    17.63333   -97.40622 36.49120     678.134     971.190  897.817  289.280   96.896   -0.259   12.394 0.00000e+00
   98    17.65000   -97.40517 36.49409     647.948     941.616  900.881  289.594   95.297   -0.649   12.395 0.00000e+00
   99    17.66667   -97.40445 36.49704     603.865     898.339  905.494  290.062   92.888   -0.911   12.386 0.00000e+00
  100    17.68333   -97.40408 36.50002     542.689     838.096  911.868  290.667   89.829   -1.224   12.361 0.00000e+00
  101    17.70000   -97.40413 36.50299     469.474     765.946  919.612  291.400   86.233   -1.272   12.327 0.00000e+00
  102    17.71667   -97.40446 36.50592     401.040     698.947  926.840  292.080   83.145   -1.066   12.310 0.00000e+00
  103    17.73333   -97.40499 36.50879     346.066     645.689  932.593  292.615   80.770   -0.774   12.290 0.00000e+00
  104    17.75000   -97.40557 36.51160     307.548     608.957  936.565  292.972   79.355   -0.520   12.296 0.00000e+00
  105    17.76667   -97.40608 36.51432     277.393     580.032  939.768  293.251   78.260   -0.428   12.297 0.00000e+00
  106    17.78333   -97.40650 36.51696     248.851     551.598  942.831  293.511   77.430   -0.440   12.326 0.00000e+00
  107    17.80000   -97.40684 36.51957     216.018     518.669  946.377  293.820   76.397   -0.476   12.350 0.00000e+00
  108    17.81667   -97.40718 36.52219     177.617     480.181  950.537  294.176   75.199   -0.527   12.374 0.00000e+00
  109    17.83333   -97.40759 36.52488     139.037     441.899  954.746  294.538   73.986   -0.554   12.395 0.00000e+00
  110    17.85000   -97.40807 36.52763     109.945     412.961  957.900  294.814   73.052   -0.408   12.408 0.00000e+00
  111    17.86667   -97.40855 36.53040     102.012     405.115  958.706  294.908   72.828   -0.100   12.432 0.00000e+00
  112    17.88333   -97.40900 36.53316     118.491     422.160  956.824  295.135   72.633    0.510   12.599 0.00000e+00
  113    17.90000   -97.40923 36.53592     155.895     460.116  952.633  294.899   73.531    1.088   12.626 0.00000e+00
  114    17.91667   -97.40924 36.53865     208.611     513.473  946.755  294.340   75.169    1.494   12.546 0.00000e+00
  115    17.93333   -97.40929 36.54144     266.241     572.250  940.361  293.774   76.909    1.382   12.478 0.00000e+00
  116    17.95000   -97.40928 36.54424     297.598     604.796  936.840  293.451   78.112    0.507   12.467 0.00000e+00
  117    17.96667   -97.40932 36.54697     289.091     597.483  937.590  293.510   77.867   -0.402   12.464 0.00000e+00
  118    17.98333   -97.40944 36.54965     247.370     557.197  942.012  293.931   76.248   -0.876   12.470 0.00000e+00
  119    18.00000   -97.40971 36.55226     194.451     505.718  947.585  294.458   73.719   -0.822   12.383 0.00000e+00
  120    18.01667   -97.41010 36.55482     154.999     467.644  951.799  294.845   71.892   -0.547   12.314 0.00000e+00
  121    18.03333   -97.41058 36.55737     139.370     452.369  953.490  295.002   71.100   -0.166   12.275 0.00000e+00
  122    18.05000   -97.41109 36.55999     149.821     462.948  952.303  294.902   71.270    0.358   12.244 0.00000e+00
  123    18.06667   -97.41147 36.56258     193.923     507.132  947.478  294.463   72.440    1.040   12.174 0.00000e+00
  124    18.08333   -97.41162 36.56520     272.470     586.595  938.793  293.762   75.209    1.652   12.214 0.00000e+00
  125    18.10000   -97.41138 36.56783     371.436     686.686  927.965  292.836   79.068    1.953   12.261 0.00000e+00
  126    18.11667   -97.41080 36.57050     470.261     786.887  917.216  291.830   83.406    1.830   12.283 0.00000e+00
  127    18.13333   -97.41005 36.57307     560.909     878.817  907.454  290.952   87.532    1.760   12.326 0.00000e+00
  128    18.15000   -97.40913 36.57553     638.308     957.345  899.208  290.194   90.926    1.454   12.313 0.00000e+00
  129    18.16667   -97.40807 36.57772     701.842    1021.892  892.485  289.542   94.254    1.097   12.334 0.00000e+00
  130    18.18333   -97.40668 36.57962     760.292    1081.276  886.287  289.027   95.928    1.175   12.231 0.00000e+00
  131    18.20000   -97.40479 36.58126     800.639    1122.454  881.997  288.869   95.449    0.381   12.105 0.00000e+00
  132    18.21667   -97.40286 36.58291     781.163    1103.964  883.914  289.094   93.564   -0.465   12.013 0.00000e+00
  133    18.23333   -97.40131 36.58468     737.704    1061.599  888.305  289.520   90.598   -0.469   11.896 0.00000e+00
  134    18.25000   -97.40007 36.58664     700.371    1025.148  892.114  289.894   88.123   -0.426   11.801 0.00000e+00
  135    18.26667   -97.39904 36.58871     673.268     998.771  894.827  290.149   86.697   -0.393   11.764 0.00000e+00
  136    18.28333   -97.39815 36.59087     653.497     979.836  896.840  290.352   85.504   -0.295   11.727 0.00000e+00
  137    18.30000   -97.39731 36.59311     644.139     971.317  897.761  290.460   84.597   -0.171   11.672 0.00000e+00
  138    18.31667   -97.39658 36.59545     642.088     970.098  897.844  290.468   84.549    0.001   11.670 0.00000e+00
  139    18.33333   -97.39598 36.59791     641.744     970.391  897.816  290.464   84.627    0.042   11.678 0.00000e+00
  140    18.35000   -97.39555 36.60040     643.804     972.869  897.581  290.436   84.973    0.046   11.707 0.00000e+00
  141    18.36667   -97.39520 36.60293     641.447     970.940  897.798  290.466   84.696    0.006   11.689 0.00000e+00
  142    18.38333   -97.39488 36.60542     637.893     967.573  898.144  290.493   84.676    0.030   11.702 0.00000e+00
  143    18.40000   -97.39460 36.60775     638.745     967.545  898.148  290.486   84.394    0.048   11.658 0.00000e+00
  144    18.41667   -97.39423 36.60987     647.316     975.315  897.353  290.427   85.675    0.143   11.800 0.00000e+00
  145    18.43333   -97.39383 36.61197     666.112     993.347  895.421  290.237   87.045    0.266   11.871 0.00000e+00
  146    18.45000   -97.39326 36.61419     693.373    1019.619  892.754  289.971   88.423    0.328   11.891 0.00000e+00
  147    18.46667   -97.39255 36.61660     731.161    1055.555  889.006  289.669   89.623    0.364   11.871 0.00000e+00
  148    18.48333   -97.39175 36.61926     776.841    1098.995  884.541  289.288   91.557    0.227   11.894 0.00000e+00
  149    18.50000   -97.39096 36.62186     807.952    1127.808  881.545  289.051   92.426   -0.231   11.866 0.00000e+00
  150    18.51667   -97.39024 36.62414     808.046    1126.454  881.695  289.092   91.805   -0.712   11.815 0.00000e+00
  151    18.53333   -97.38998 36.62610     801.193    1118.255  882.550  289.193   91.654   -0.147   11.862 0.00000e+00
  152    18.55000   -97.38983 36.62783     822.554    1138.380  880.544  288.999   92.700    0.485   11.875 0.00000e+00
  153    18.56667   -97.38951 36.62951     877.491    1192.030  875.000  288.466   95.842    0.929   11.937 0.00000e+00
  154    18.58333   -97.38895 36.63120     964.321    1277.570  866.207  287.669   99.958    1.394   11.943 1.27794e-02
  155    18.60000   -97.38815 36.63305    1068.484    1380.299  855.785  287.136  100.000    1.539   11.701 1.76264e-01
  156    18.61667   -97.38711 36.63525    1148.929    1459.122  847.787  286.794  100.000    1.244   11.552 3.41427e-01
  157    18.63333   -97.38612 36.63799    1215.906    1524.526  841.160  286.222  100.000    1.446   11.206 2.97550e-01
  158    18.65000   -97.38535 36.64087    1331.800    1639.778  829.671  285.653  100.000    2.800   10.953 4.42812e-01
  159    18.66667   -97.38398 36.64325    1467.941    1775.934  816.381  284.961  100.000    1.752   10.635 6.58447e-01
  160    18.68333   -97.38204 36.64539    1550.237    1858.338  808.450  284.418  100.000    0.890   10.360 6.44574e-01
  161    18.70000   -97.37970 36.64753    1582.935    1890.719  805.349  283.969  100.000   -0.125   10.091 4.55798e-01
  162    18.71667   -97.37684 36.64985    1543.588    1849.333  809.431  284.089  100.000   -1.578   10.123 3.02620e-01
  163    18.73333   -97.37415 36.65289    1446.089    1748.498  819.192  284.624  100.000   -1.845   10.365 1.19110e-01
  164    18.75000   -97.37247 36.65668    1374.647    1675.182  826.342  285.130   97.606   -0.765   10.350 3.33047e-04
  165    18.76667   -97.37088 36.66040    1371.238    1671.344  826.707  285.183   97.658    0.238   10.387 7.16636e-02
  166    18.78333   -97.36931 36.66408    1399.355    1699.269  823.928  284.909   98.104    0.423   10.282 4.53227e-02
  167    18.80000   -97.36800 36.66764    1423.298    1722.782  821.611  284.678   98.456    0.106   10.190 0.00000e+00
  168    18.81667   -97.36684 36.67101    1437.974    1737.055  820.206  284.570   98.698   -0.115   10.159 5.52836e-03
  169    18.83333   -97.36548 36.67429    1435.957    1735.733  820.359  284.615   98.250   -0.115   10.141 7.96152e-03
  170    18.85000   -97.36399 36.67758    1409.436    1710.074  822.885  284.824   97.388   -0.425   10.162 0.00000e+00
  171    18.86667   -97.36256 36.68083    1368.719    1669.942  826.859  285.245   94.801   -0.546   10.123 0.00000e+00
  172    18.88333   -97.36118 36.68403    1336.786    1638.183  829.944  285.555   93.242   -0.287   10.125 0.00000e+00
  173    18.90000   -97.35983 36.68715    1321.476    1623.110  831.479  285.717   92.232   -0.017   10.104 0.00000e+00
  174    18.91667   -97.35855 36.69022    1324.216    1626.551  831.102  285.664   92.380    0.216   10.090 0.00000e+00
  175    18.93333   -97.35739 36.69328    1347.796    1651.334  828.649  285.435   93.069    0.538   10.042 0.00000e+00
  176    18.95000   -97.35619 36.69633    1386.386    1691.458  824.662  285.044   94.919    0.698   10.028 0.00000e+00
  177    18.96667   -97.35474 36.69942    1419.686    1727.351  821.141  284.706   96.551    0.455   10.017 0.00000e+00
  178    18.98333   -97.35299 36.70253    1435.396    1746.141  819.295  284.512   97.676    0.209   10.026 0.00000e+00
