    0    16.01667   -97.59561 36.27659     101.374     442.750  954.588  292.813   85.049    0.756   12.799 0.00000e+00
    1    16.03333   -97.59442 36.27998     122.994     464.967  952.167  292.573   86.026    0.817   12.785 0.00000e+00
    2    16.05000   -97.59347 36.28347     130.214     473.254  951.247  292.481   86.466    0.610   12.789 0.00000e+00
    3    16.06667   -97.59275 36.28704     130.003     474.105  951.196  292.486   86.627    0.457   12.818 0.00000e+00
    4    16.08333   -97.59209 36.29068     130.836     476.223  950.925  292.474   86.833    0.305   12.842 0.00000e+00
    5    16.10000   -97.59134 36.29446     134.410     481.388  950.334  292.461   86.977    0.359   12.860 0.00000e+00
    6    16.11667   -97.59053 36.29842     142.211     490.930  949.295  292.405   87.229    0.465   12.867 0.00000e+00
    7    16.13333   -97.58962 36.30252     154.206     504.723  947.767  292.299   87.681    0.534   12.868 0.00000e+00
    8    16.15000   -97.58865 36.30676     170.091     522.695  945.829  292.170   88.210    0.586   12.868 0.00000e+00
    9    16.16667   -97.58762 36.31114     184.622     539.505  943.905  292.031   88.798    0.569   12.867 0.00000e+00
   10    16.18333   -97.58662 36.31563     197.191     554.598  942.220  291.905   89.330    0.472   12.865 0.00000e+00
   11    16.20000   -97.58559 36.32018     205.467     565.898  940.963  291.792   89.734    0.124   12.848 0.00000e+00
   12    16.21667   -97.58456 36.32478     208.681     571.542  940.369  291.727   89.645   -0.159   12.791 0.00000e+00
   13    16.23333   -97.58350 36.32944     208.277     573.088  940.287  291.723   89.224   -0.100   12.729 0.00000e+00
   14    16.25000   -97.58231 36.33409     221.197     582.107  939.443  291.663   89.162    0.298   12.683 0.00000e+00
   15    16.26667   -97.58097 36.33864     254.159     609.297  936.534  291.414   90.031    0.653   12.646 0.00000e+00
   16    16.28333   -97.57928 36.34318     291.085     643.500  932.741  291.079   91.545    0.433   12.641 0.00000e+00
   17    16.30000   -97.57742 36.34773     305.145     654.620  931.650  290.995   91.910    0.014   12.638 0.00000e+00
   18    16.31667   -97.57553 36.35225     302.065     644.441  932.820  291.101   91.338   -0.314   12.628 0.00000e+00
   19    16.33333   -97.57363 36.35680     282.209     617.902  935.564  291.360   90.058   -0.605   12.620 0.00000e+00
   20    16.35000   -97.57182 36.36138     253.989     586.156  938.949  291.664   88.601   -0.617   12.611 0.00000e+00
   21    16.36667   -97.57008 36.36590     231.744     564.590  941.223  291.870   87.689   -0.577   12.614 0.00000e+00
   22    16.38333   -97.56824 36.37031     215.046     550.274  942.827  292.013   87.165   -0.468   12.630 0.00000e+00
   23    16.40000   -97.56638 36.37460     208.788     544.935  943.402  292.066   86.946   -0.244   12.633 0.00000e+00
   24    16.41667   -97.56445 36.37880     211.815     548.988  942.962  292.016   87.163   -0.045   12.631 0.00000e+00
   25    16.43333   -97.56245 36.38291     217.821     556.625  942.100  291.941   87.581   -0.203   12.643 0.00000e+00
   26    16.45000   -97.56063 36.38696     215.061     554.894  942.358  291.974   87.455   -0.464   12.648 0.00000e+00
   27    16.46667   -97.55917 36.39098     205.239     545.258  943.400  292.071   86.986   -0.338   12.643 0.00000e+00
   28    16.48333   -97.55812 36.39494     199.662     540.478  943.829  292.109   86.793   -0.111   12.639 0.00000e+00
   29    16.50000   -97.55745 36.39878     202.432     544.609  943.405  292.071   86.938    0.172   12.636 0.00000e+00
   30    16.51667   -97.55704 36.40248     212.847     556.486  942.085  291.958   87.420    0.286   12.634 0.00000e+00
   31    16.53333   -97.55685 36.40615     219.094     564.092  941.228  291.885   87.798    0.280   12.642 0.00000e+00
   32    16.55000   -97.55672 36.40987     217.282     563.393  941.310  291.909   87.655    0.115   12.639 0.00000e+00
   33    16.56667   -97.55640 36.41356     214.025     561.246  941.580  291.958   87.499    0.075   12.652 0.00000e+00
   34    16.58333   -97.55569 36.41734     215.245     563.543  941.308  291.949   87.604    0.228   12.663 0.00000e+00
   35    16.60000   -97.55458 36.42117     213.551     563.064  941.377  291.963   87.725   -0.090   12.691 0.00000e+00
   36    16.61667   -97.55326 36.42498     194.729     545.447  943.312  292.145   87.050   -0.545   12.713 0.00000e+00
   37    16.63333   -97.55205 36.42868     165.031     516.764  946.411  292.448   85.783   -0.795   12.727 0.00000e+00
   38    16.65000   -97.55105 36.43220     134.647     487.575  949.595  292.714   84.451   -0.931   12.697 0.00000e+00
   39    16.66667   -97.55029 36.43553     115.113     469.384  951.622  292.921   83.593   -0.612   12.705 0.00000e+00
   40    16.68333   -97.54968 36.43858     116.057     471.164  951.527  293.048   83.410   -0.229   12.780 0.00000e+00
   41    16.70000   -97.54906 36.44154     137.337     488.669  949.648  292.984   83.917    0.209   12.831 0.00000e+00
   42    16.71667   -97.54823 36.44440     180.488     528.098  945.315  292.639   85.544    0.582   12.859 0.00000e+00
   43    16.73333   -97.54705 36.44735     217.645     561.735  941.627  292.375   86.864    0.379   12.894 0.00000e+00
   44    16.75000   -97.54573 36.45045     230.941     571.444  940.619  292.256   87.324   -0.107   12.879 0.00000e+00
   45    16.76667   -97.54446 36.45369     231.220     567.198  941.080  292.269   87.141   -0.319   12.856 0.00000e+00
   46    16.78333   -97.54341 36.45712     224.732     557.800  942.063  292.336   86.671   -0.231   12.827 0.00000e+00
   47    16.80000   -97.54263 36.46069     226.820     558.006  942.022  292.329   86.648    0.129   12.819 0.00000e+00
   48    16.81667   -97.54205 36.46436     239.918     569.202  940.788  292.205   87.108    0.446   12.804 0.00000e+00
   49    16.83333   -97.54154 36.46810     264.641     592.357  938.266  291.987   88.069    0.578   12.803 0.00000e+00
   50    16.85000   -97.54100 36.47167     294.292     620.420  935.241  291.721   89.135    0.517   12.784 0.00000e+00
   51    16.86667   -97.54030 36.47510     329.078     653.387  931.696  291.406   90.468    0.625   12.768 0.00000e+00
   52    16.88333   -97.53926 36.47838     367.957     690.215  927.730  291.056   92.025    0.729   12.757 0.00000e+00
   53    16.90000   -97.53777 36.48166     402.752     723.749  923.996  290.743   93.547    0.567   12.765 0.00000e+00
   54    16.91667   -97.53596 36.48509     421.619     742.676  921.983  290.586   94.347    0.282   12.773 0.00000e+00
   55    16.93333   -97.53413 36.48866     424.574     745.110  921.799  290.586   94.262   -0.110   12.765 0.00000e+00
   56    16.95000   -97.53238 36.49230     416.485     735.548  922.745  290.671   93.785   -0.280   12.756 0.00000e+00
   57    16.96667   -97.53080 36.49604     406.341     725.303  923.796  290.771   93.224   -0.067   12.746 0.00000e+00
   58    16.98333   -97.52954 36.49979     401.743     720.990  924.258  290.800   92.879   -0.021   12.716 0.00000e+00
   59    17.00000   -97.52864 36.50333     402.419     721.968  924.189  290.807   92.864   -0.124   12.721 0.00000e+00
   60    17.01667   -97.52800 36.50655     396.943     714.855  925.115  290.890   92.622   -0.111   12.742 0.00000e+00
   61    17.03333   -97.52757 36.50945     381.644     696.134  927.151  291.069   91.647   -0.277   12.723 0.00000e+00
   62    17.05000   -97.52722 36.51226     352.463     663.499  930.703  291.407   89.664   -0.470   12.669 0.00000e+00
   63    17.06667   -97.52688 36.51504     322.464     630.912  934.186  291.755   87.626   -0.387   12.609 0.00000e+00
   64    17.08333   -97.52650 36.51777     299.768     606.266  936.846  291.982   86.596   -0.326   12.604 0.00000e+00
   65    17.10000   -97.52605 36.52049     279.765     584.324  939.206  292.208   85.441   -0.321   12.583 0.00000e+00
   66    17.11667   -97.52548 36.52319     260.972     565.898  941.071  292.379   84.723   -0.340   12.587 0.00000e+00
   67    17.13333   -97.52483 36.52592     239.013     546.107  943.255  292.584   83.893   -0.362   12.596 0.00000e+00
   68    17.15000   -97.52422 36.52865     213.873     522.968  945.784  292.826   82.823   -0.355   12.591 0.00000e+00
   69    17.16667   -97.52373 36.53145     190.303     500.950  948.290  293.056   81.857   -0.261   12.591 0.00000e+00
   70    17.18333   -97.52337 36.53425     177.553     489.419  949.539  293.175   81.392   -0.085   12.596 0.00000e+00
   71    17.20000   -97.52313 36.53702     179.326     492.494  949.177  293.155   81.625    0.161   12.622 0.00000e+00
   72    17.21667   -97.52303 36.53970     197.345     511.580  947.132  292.997   82.483    0.482   12.656 0.00000e+00
   73    17.23333   -97.52305 36.54228     235.202     550.251  942.876  292.647   84.141    0.904   12.688 0.00000e+00
   74    17.25000   -97.52322 36.54477     291.307     607.256  936.701  292.125   86.597    1.313   12.721 0.00000e+00
   75    17.26667   -97.52351 36.54716     367.621     684.503  928.355  291.396   89.835    1.549   12.717 0.00000e+00
   76    17.28333   -97.52385 36.54945     456.536     774.239  918.693  290.541   93.882    1.451   12.720 0.00000e+00
   77    17.30000   -97.52402 36.55167     532.607     851.007  910.502  289.864   96.736    1.176   12.666 0.00000e+00
   78    17.31667   -97.52368 36.55393     599.768     918.372  903.402  289.296   99.051    0.593   12.604 2.91779e-03
   79    17.33333   -97.52302 36.55641     626.848     944.740  900.640  289.267   96.373   -0.023   12.278 8.23731e-03
   80    17.35000   -97.52203 36.55889     634.892     951.534  899.862  289.237   95.141   -0.151   12.108 0.00000e+00
   81    17.36667   -97.52100 36.56115     641.589     957.338  899.153  289.163   95.369    0.130   12.089 0.00000e+00
   82    17.38333   -97.51997 36.56326     655.350     970.704  897.653  289.013   95.942    0.142   12.066 0.00000e+00
   83    17.40000   -97.51894 36.56533     664.513     980.640  896.578  288.949   95.959    0.134   12.032 0.00000e+00
   84    17.41667   -97.51794 36.56742     655.549     972.878  897.412  289.099   94.830    0.048   11.995 0.00000e+00
   85    17.43333   -97.51694 36.56958     629.134     947.756  900.095  289.403   93.228   -0.405   11.989 0.00000e+00
   86    17.45000   -97.51585 36.57180     581.943     901.862  904.948  289.862   91.291   -0.980   12.025 0.00000e+00
   87    17.46667   -97.51471 36.57401     519.313     840.061  911.540  290.460   88.703   -1.157   12.051 0.00000e+00
   88    17.48333   -97.51364 36.57624     457.017     778.213  918.166  291.039   86.211   -0.952   12.064 0.00000e+00
   89    17.50000   -97.51264 36.57848     401.489     722.807  924.148  291.539   84.299   -0.782   12.097 0.00000e+00
   90    17.51667   -97.51172 36.58075     349.039     670.422  929.758  292.009   82.298   -0.542   12.091 0.00000e+00
   91    17.53333   -97.51085 36.58308     300.362     622.145  934.970  292.457   80.551   -0.560   12.105 0.00000e+00
   92    17.55000   -97.51008 36.58543     257.720     579.924  939.586  292.858   79.116   -0.445   12.132 0.00000e+00
   93    17.56667   -97.50942 36.58777     221.844     544.300  943.524  293.213   77.815   -0.442   12.149 0.00000e+00
   94    17.58333   -97.50887 36.59008     194.428     516.173  946.634  293.476   76.800   -0.368   12.149 0.00000e+00
   95    17.60000   -97.50848 36.59237     175.371     496.092  948.819  293.695   76.442   -0.148   12.230 0.00000e+00
   96    17.61667   -97.50821 36.59468     170.891     490.596  949.448  293.877   76.358    0.226   12.348 0.00000e+00
   97    17.63333   -97.50800 36.59715     183.570     502.227  948.139  293.953   76.568    0.625   12.458 0.00000e+00
   98    17.65000   -97.50775 36.59988     203.148     520.787  946.145  293.895   77.324    0.473   12.562 0.00000e+00
   99    17.66667   -97.50724 36.60288     210.848     527.183  945.448  293.859   77.698    0.095   12.604 0.00000e+00
  100    17.68333   -97.50625 36.60585     220.049     534.811  944.560  293.756   77.873    0.539   12.564 0.00000e+00
  101    17.70000   -97.50525 36.60882     246.435     559.883  941.813  293.503   78.497    0.520   12.503 0.00000e+00
  102    17.71667   -97.50459 36.61182     268.178     580.503  939.576  293.306   79.318    0.264   12.509 0.00000e+00
  103    17.73333   -97.50412 36.61479     269.035     580.715  939.533  293.355   78.938    0.342   12.488 0.00000e+00
  104    17.75000   -97.50362 36.61771     258.758     570.374  940.641  293.451   78.240    0.165   12.437 0.00000e+00
  105    17.76667   -97.50297 36.62054     240.799     552.476  942.602  293.593   77.322    0.055   12.374 0.00000e+00
  106    17.78333   -97.50221 36.62323     228.191     539.422  944.059  293.685   76.835    0.011   12.348 0.00000e+00
  107    17.80000   -97.50143 36.62577     220.994     531.486  944.916  293.723   76.618    0.090   12.331 0.00000e+00
  108    17.81667   -97.50066 36.62817     216.737     526.675  945.416  293.732   76.444   -0.005   12.303 0.00000e+00
  109    17.83333   -97.49994 36.63046     215.891     525.263  945.564  293.734   76.331   -0.051   12.284 0.00000e+00
  110    17.85000   -97.49930 36.63270     215.023     523.089  945.800  293.807   75.931   -0.022   12.273 0.00000e+00
  111    17.86667   -97.49876 36.63501     214.736     521.553  945.888  293.837   75.862   -0.306   12.284 0.00000e+00
  112    17.88333   -97.49821 36.63749     198.319     503.915  947.833  294.036   75.162   -0.525   12.296 0.00000e+00
  113    17.90000   -97.49737 36.64003     163.417     468.489  951.686  294.401   73.822   -0.906   12.303 0.00000e+00
  114    17.91667   -97.49560 36.64256     120.333     425.219  956.476  294.725   72.397   -0.370   12.248 0.00000e+00
  115    17.93333   -97.49310 36.64477     144.559     448.981  953.861  294.757   72.578    0.611   12.337 0.00000e+00
  116    17.95000   -97.49091 36.64650     176.369     480.435  950.410  294.472   73.621    0.334   12.340 0.00000e+00
  117    17.96667   -97.48949 36.64806     184.945     488.939  949.457  294.382   73.982    0.033   12.344 0.00000e+00
  118    17.98333   -97.48829 36.64966     180.684     484.686  949.900  294.412   73.939   -0.266   12.355 0.00000e+00
  119    18.00000   -97.48704 36.65127     180.608     484.607  949.955  294.414   74.103    0.057   12.383 0.00000e+00
  120    18.01667   -97.48581 36.65286     196.356     500.258  948.244  294.267   74.754    0.481   12.400 0.00000e+00
  121    18.03333   -97.48486 36.65441     240.330     544.019  943.483  293.854   76.475    0.867   12.427 0.00000e+00
  122    18.05000   -97.48441 36.65591     303.105     606.494  936.732  293.284   79.016    1.108   12.482 0.00000e+00
  123    18.06667   -97.48436 36.65760     372.711     675.774  929.229  292.615   81.884    1.039   12.506 0.00000e+00
  124    18.08333   -97.48465 36.65952     428.177     730.915  923.305  292.041   84.383    0.568   12.510 0.00000e+00
  125    18.10000   -97.48527 36.66169     445.010     747.353  921.495  291.866   85.143   -0.067   12.510 0.00000e+00
  126    18.11667   -97.48617 36.66391     422.117     724.284  923.949  292.093   83.977   -0.676   12.483 0.00000e+00
  127    18.13333   -97.48704 36.66614     372.326     675.110  929.191  292.577   81.833   -0.753   12.468 0.00000e+00
  128    18.15000   -97.48771 36.66837     333.337     636.665  933.394  292.960   80.217   -0.286   12.463 0.00000e+00
  129    18.16667   -97.48827 36.67071     323.314     627.129  934.418  293.076   79.771    0.177   12.470 0.00000e+00
  130    18.18333   -97.48892 36.67323     325.277     629.582  934.151  293.109   78.877    0.090   12.359 0.00000e+00
  131    18.20000   -97.48938 36.67576     331.282     636.076  933.428  293.095   78.451    0.262   12.291 0.00000e+00
  132    18.21667   -97.48956 36.67836     350.786     656.068  931.230  292.876   79.247    0.219   12.276 0.00000e+00
  133    18.23333   -97.48962 36.68105     378.300     684.276  928.206  292.605   80.237    0.452   12.260 0.00000e+00
  134    18.25000   -97.48972 36.68378     408.634     715.655  924.807  292.312   81.366    0.353   12.250 0.00000e+00
  135    18.26667   -97.48990 36.68656     419.120     727.142  923.572  292.187   82.037   -0.275   12.272 0.00000e+00
  136    18.28333   -97.49001 36.68917     401.414     710.359  925.385  292.356   81.396   -0.537   12.281 0.00000e+00
  137    18.30000   -97.48981 36.69149     383.537     693.336  927.260  292.533   80.602   -0.135   12.273 0.00000e+00
  138    18.31667   -97.48936 36.69364     398.391     709.017  925.561  292.503   80.825    0.357   12.306 0.00000e+00
  139    18.33333   -97.48861 36.69591     417.404     728.888  923.424  292.384   81.366   -0.095   12.325 0.00000e+00
  140    18.35000   -97.48787 36.69837     396.561     708.610  925.588  292.551   80.803   -0.326   12.340 0.00000e+00
  141    18.36667   -97.48768 36.70082     368.756     681.164  928.530  292.810   79.646   -0.242   12.323 0.00000e+00
  142    18.38333   -97.48810 36.70322     348.436     661.161  930.730  293.009   78.714    0.022   12.302 0.00000e+00
  143    18.40000   -97.48890 36.70552     337.798     651.084  931.771  293.074   78.377    0.046   12.285 0.00000e+00
  144    18.41667   -97.48987 36.70766     327.862     642.298  932.691  293.165   78.004    0.031   12.285 0.00000e+00
  145    18.43333   -97.49092 36.70965     317.705     633.166  933.708  293.290   77.381   -0.159   12.269 0.00000e+00
  146    18.45000   -97.49169 36.71154     306.352     622.748  934.811  293.420   76.813   -0.503   12.263 0.00000e+00
  147    18.46667   -97.49210 36.71337     303.433     620.707  935.009  293.490   76.607   -0.230   12.281 0.00000e+00
  148    18.48333   -97.49213 36.71519     320.200     638.178  933.127  293.333   77.123    0.276   12.269 0.00000e+00
  149    18.50000   -97.49188 36.71694     351.663     670.281  929.720  293.034   78.134    0.581   12.244 0.00000e+00
  150    18.51667   -97.49147 36.71858     379.415     698.584  926.641  292.750   79.074    0.514   12.213 0.00000e+00
  151    18.53333   -97.49101 36.72006     392.742     712.335  925.199  292.620   79.349    0.116   12.175 0.00000e+00
  152    18.55000   -97.49068 36.72134     382.515     702.461  926.179  292.723   78.844   -0.420   12.163 0.00000e+00
  153    18.56667   -97.49074 36.72264     352.573     673.086  929.388  293.026   77.544   -0.579   12.150 0.00000e+00
  154    18.58333   -97.49121 36.72419     330.119     651.547  931.729  293.243   76.676   -0.306   12.147 0.00000e+00
  155    18.60000   -97.49181 36.72590     325.741     648.236  932.084  293.280   76.515   -0.014   12.145 0.00000e+00
  156    18.61667   -97.49239 36.72762     330.356     653.992  931.479  293.234   76.697    0.101   12.147 0.00000e+00
  157    18.63333   -97.49294 36.72938     336.374     661.202  930.697  293.165   77.005    0.057   12.153 0.00000e+00
  158    18.65000   -97.49348 36.73108     334.333     660.503  930.786  293.165   76.967   -0.017   12.146 0.00000e+00
  159    18.66667   -97.49406 36.73273     325.686     653.260  931.566  293.225   76.684   -0.177   12.137 0.00000e+00
  160    18.68333   -97.49464 36.73433     305.444     634.365  933.592  293.403   75.866   -0.354   12.115 0.00000e+00
  161    18.70000   -97.49527 36.73595     274.906     605.054  936.731  293.682   74.943   -0.447   12.136 0.00000e+00
  162    18.71667   -97.49603 36.73772     250.625     581.915  939.208  293.912   74.027   -0.172   12.129 0.00000e+00
  163    18.73333   -97.49689 36.73963     250.738     583.114  939.033  293.987   73.743    0.601   12.141 0.00000e+00
  164    18.75000   -97.49760 36.74159     281.425     615.037  935.546  293.749   74.815    0.813   12.182 0.00000e+00
  165    18.76667   -97.49801 36.74360     316.509     651.466  931.649  293.463   75.911    0.724   12.193 0.00000e+00
  166    18.78333   -97.49828 36.74555     341.246     677.552  928.853  293.099   77.273    0.265   12.169 0.00000e+00
  167    18.80000   -97.49864 36.74725     365.011     702.199  926.234  293.073   76.979    0.326   12.138 0.00000e+00
  168    18.81667   -97.49866 36.74886     385.099     722.780  924.011  292.965   77.411   -0.201   12.154 0.00000e+00
  169    18.83333   -97.49840 36.75056     354.192     692.429  927.248  293.276   76.352   -1.331   12.180 0.00000e+00
  170    18.85000   -97.49870 36.75236     280.394     619.106  935.128  293.932   73.686   -1.024   12.141 0.00000e+00
  171    18.86667   -97.49997 36.75400     259.856     598.906  937.350  294.115   72.846    0.452   12.111 0.00000e+00
  172    18.88333   -97.50127 36.75543     331.473     670.294  929.703  293.513   75.141    1.979   12.133 0.00000e+00
  173    18.90000   -97.50207 36.75661     465.927     803.901  915.473  292.255   80.011    2.397   12.127 0.00000e+00
  174    18.91667   -97.50230 36.75764     608.419     945.607  900.515  290.904   85.646    2.332   12.117 0.00000e+00
  175    18.93333   -97.50208 36.75872     730.936    1067.352  887.790  289.728   90.757    1.780   12.083 0.00000e+00
  176    18.95000   -97.50160 36.75983     822.707    1158.306  878.390  288.845   95.098    1.358   12.091 0.00000e+00
  177    18.96667   -97.50089 36.76096     888.338    1223.136  871.754  288.316   96.130    0.932   11.902 0.00000e+00
  178    18.98333   -97.50005 36.76215     931.138    1265.060  867.435  287.919   97.842    0.613   11.865 0.00000e+00
