    0    16.01667   -97.53729 36.20557      92.217     419.215  957.205  293.038   84.111    0.356   12.802 0.00000e+00
    1    16.03333   -97.53569 36.20905     108.144     437.118  955.193  292.839   84.946    0.356   12.796 0.00000e+00
    2    16.05000   -97.53416 36.21259     117.866     448.892  953.948  292.704   85.438    0.130   12.778 0.00000e+00
    3    16.06667   -97.53287 36.21621     113.931     446.381  954.245  292.726   85.210   -0.147   12.758 0.00000e+00
    4    16.08333   -97.53183 36.21984     100.448     433.994  955.652  292.861   84.512   -0.264   12.742 0.00000e+00
    5    16.10000   -97.53098 36.22336      85.671     420.051  957.186  293.009   83.845   -0.228   12.738 0.00000e+00
    6    16.11667   -97.53021 36.22680      75.814     411.083  958.182  293.111   83.466   -0.156   12.748 0.00000e+00
    7    16.13333   -97.52956 36.23016      69.500     405.832  958.737  293.199   83.205   -0.080   12.772 0.00000e+00
    8    16.15000   -97.52899 36.23344      67.512     404.671  958.853  293.313   83.103    0.019   12.846 0.00000e+00
    9    16.16667   -97.52847 36.23670      66.701     404.582  958.808  293.394   83.048    0.035   12.903 0.00000e+00
   10    16.18333   -97.52792 36.23988      62.105     401.332  959.147  293.477   82.822   -0.072   12.930 0.00000e+00
   11    16.20000   -97.52737 36.24290      54.134     394.856  959.850  293.572   82.443   -0.106   12.937 0.00000e+00
   12    16.21667   -97.52681 36.24577      48.389     390.543  960.349  293.664   82.077   -0.095   12.947 0.00000e+00
   13    16.23333   -97.52624 36.24845      41.763     386.239  960.759  293.755   81.723   -0.096   12.959 0.00000e+00
   14    16.25000   -97.52560 36.25095      36.589     383.801  961.065  293.811   81.490   -0.074   12.964 0.00000e+00
   15    16.26667   -97.52494 36.25332      34.216     384.026  960.987  293.855   81.364   -0.025   12.980 0.00000e+00
   16    16.28333   -97.52425 36.25557      33.276     385.463  960.828  293.903   81.298    0.006   13.010 0.00000e+00
   17    16.30000   -97.52354 36.25774      33.731     387.740  960.661  293.960   81.193    0.060   13.042 0.00000e+00
   18    16.31667   -97.52278 36.25991      36.768     392.338  960.200  293.951   81.320    0.101   13.061 0.00000e+00
   19    16.33333   -97.52193 36.26206      41.154     397.944  959.600  293.919   81.501    0.139   13.072 0.00000e+00
   20    16.35000   -97.52100 36.26416      46.389     404.601  958.751  293.836   81.818    0.083   13.067 0.00000e+00
   21    16.36667   -97.51994 36.26628      51.115     412.022  957.860  293.693   82.252   -0.080   13.032 0.00000e+00
   22    16.38333   -97.51888 36.26841      59.630     423.577  956.566  293.504   82.847    0.172   12.991 0.00000e+00
   23    16.40000   -97.51810 36.27076      77.826     444.851  954.335  293.336   83.529    0.694   12.991 0.00000e+00
   24    16.41667   -97.51759 36.27333     108.881     476.187  950.995  292.962   84.710    0.952   12.916 0.00000e+00
   25    16.43333   -97.51738 36.27604     149.716     515.787  946.590  292.513   86.317    0.859   12.856 0.00000e+00
   26    16.45000   -97.51742 36.27880     185.775     550.613  942.828  292.169   87.777    0.332   12.845 0.00000e+00
   27    16.46667   -97.51754 36.28157     200.739     564.129  941.313  292.025   88.104   -0.110   12.797 0.00000e+00
   28    16.48333   -97.51733 36.28421     206.992     568.906  940.834  292.021   87.867    0.151   12.766 0.00000e+00
   29    16.50000   -97.51682 36.28675     221.539     582.119  939.390  291.911   88.257    0.348   12.754 0.00000e+00
   30    16.51667   -97.51604 36.28926     245.770     605.234  936.852  291.713   89.121    0.783   12.753 0.00000e+00
   31    16.53333   -97.51503 36.29185     284.344     642.695  932.800  291.368   90.619    1.080   12.743 0.00000e+00
   32    16.55000   -97.51377 36.29455     333.994     690.833  927.619  290.913   92.634    1.242   12.727 0.00000e+00
   33    16.56667   -97.51231 36.29741     392.284     746.616  921.758  290.388   94.995    1.316   12.703 0.00000e+00
   34    16.58333   -97.51067 36.30036     452.254     801.890  915.813  289.853   97.400    1.194   12.670 0.00000e+00
   35    16.60000   -97.50885 36.30345     502.295     847.194  910.915  289.428   99.258    0.865   12.632 1.19246e-03
   36    16.61667   -97.50689 36.30674     530.590     872.592  908.160  289.228   99.955    0.357   12.597 1.27598e-02
   37    16.63333   -97.50477 36.31019     535.769     875.675  907.875  289.204  100.000    0.034   12.592 1.02281e-02
   38    16.65000   -97.50256 36.31365     528.961     866.074  908.820  289.282   99.687   -0.191   12.597 7.39898e-04
   39    16.66667   -97.50031 36.31698     523.778     859.414  909.578  289.397   98.733   -0.296   12.559 2.36823e-06
   40    16.68333   -97.49805 36.32013     532.222     864.680  909.083  289.453   97.670   -0.135   12.475 0.00000e+00
   41    16.70000   -97.49580 36.32323     552.099     881.437  907.145  289.390   97.180    0.072   12.389 5.09962e-08
   42    16.71667   -97.49346 36.32632     572.361     902.005  904.931  289.212   97.976    0.075   12.379 6.99691e-06
   43    16.73333   -97.49120 36.32942     590.673     919.042  903.250  289.038   99.051   -0.013   12.398 3.36366e-06
   44    16.75000   -97.48901 36.33258     602.203     929.898  902.088  288.941   99.726    0.092   12.421 6.46214e-03
   45    16.76667   -97.48680 36.33587     609.331     937.251  901.228  288.898  100.000    0.220   12.450 3.22949e-02
   46    16.78333   -97.48449 36.33932     602.217     931.450  901.780  288.941  100.000   -0.455   12.475 1.99643e-02
   47    16.80000   -97.48222 36.34283     559.034     891.159  906.062  289.320   98.258   -1.093   12.485 0.00000e+00
   48    16.81667   -97.48041 36.34631     499.797     834.687  912.194  289.924   94.954   -1.110   12.457 0.00000e+00
   49    16.83333   -97.47893 36.34970     450.644     783.580  917.758  290.466   92.051   -0.877   12.425 0.00000e+00
   50    16.85000   -97.47756 36.35289     409.064     739.281  922.453  290.912   89.669   -0.717   12.388 0.00000e+00
   51    16.86667   -97.47643 36.35583     370.227     697.984  926.953  291.316   87.847   -0.691   12.391 0.00000e+00
   52    16.88333   -97.47577 36.35852     329.144     653.833  931.748  291.759   85.969   -0.834   12.406 0.00000e+00
   53    16.90000   -97.47551 36.36102     278.601     600.541  937.525  292.302   83.874   -1.091   12.448 0.00000e+00
   54    16.91667   -97.47531 36.36343     215.049     534.613  944.633  292.938   81.463   -1.258   12.487 0.00000e+00
   55    16.93333   -97.47476 36.36581     142.905     463.465  952.357  293.583   79.063   -1.084   12.514 0.00000e+00
   56    16.95000   -97.47388 36.36807      91.255     413.072  957.895  294.103   77.491   -0.851   12.595 0.00000e+00
   57    16.96667   -97.47278 36.37014      67.296     390.508  960.361  294.292   76.882   -0.103   12.611 0.00000e+00
   58    16.98333   -97.47157 36.37200      73.883     398.571  959.483  294.346   77.200    0.432   12.717 0.00000e+00
   59    17.00000   -97.47044 36.37373     103.430     429.134  956.105  294.057   78.553    0.677   12.755 0.00000e+00
   60    17.01667   -97.46951 36.37542     153.567     480.119  950.445  293.533   80.840    1.058   12.781 0.00000e+00
   61    17.03333   -97.46880 36.37699     228.305     555.652  942.185  292.807   83.924    1.484   12.793 0.00000e+00
   62    17.05000   -97.46806 36.37856     324.284     652.585  931.617  291.919   88.050    1.529   12.837 0.00000e+00
   63    17.06667   -97.46708 36.38024     415.087     744.760  921.686  291.029   92.078    1.415   12.827 0.00000e+00
   64    17.08333   -97.46579 36.38203     484.806     816.034  914.131  290.343   94.971    1.295   12.770 0.00000e+00
   65    17.10000   -97.46411 36.38406     530.484     862.779  909.163  289.927   96.311    0.706   12.680 0.00000e+00
   66    17.11667   -97.46209 36.38639     561.478     893.894  905.888  289.659   97.153    0.434   12.619 0.00000e+00
   67    17.13333   -97.45985 36.38892     580.685     913.931  903.642  289.511   96.833    0.114   12.490 0.00000e+00
   68    17.15000   -97.45758 36.39154     582.704     918.572  903.164  289.506   96.151   -0.129   12.404 0.00000e+00
   69    17.16667   -97.45541 36.39417     574.181     912.223  903.853  289.600   95.159   -0.263   12.341 0.00000e+00
   70    17.18333   -97.45349 36.39679     558.820     898.535  905.336  289.751   94.165   -0.220   12.310 0.00000e+00
   71    17.20000   -97.45189 36.39939     545.453     885.608  906.802  289.885   93.449   -0.018   12.303 0.00000e+00
   72    17.21667   -97.45060 36.40200     540.311     879.561  907.548  289.949   93.200    0.164   12.310 0.00000e+00
   73    17.23333   -97.44950 36.40466     542.690     879.973  907.548  289.951   93.159    0.176   12.306 0.00000e+00
   74    17.25000   -97.44846 36.40734     549.814     883.642  907.209  289.936   93.082    0.165   12.289 0.00000e+00
   75    17.26667   -97.44724 36.41000     559.799     889.792  906.566  289.899   93.075    0.188   12.267 0.00000e+00
   76    17.28333   -97.44575 36.41265     565.658     891.457  906.365  289.893   92.960   -0.020   12.251 0.00000e+00
   77    17.30000   -97.44401 36.41534     556.735     879.428  907.525  289.992   92.704   -0.353   12.278 0.00000e+00
   78    17.31667   -97.44218 36.41807     529.073     849.658  910.689  290.253   91.969   -0.608   12.342 0.00000e+00
   79    17.33333   -97.44045 36.42087     486.993     805.484  915.430  290.652   90.534   -0.800   12.398 0.00000e+00
   80    17.35000   -97.43891 36.42377     436.687     753.561  920.946  291.130   88.638   -0.894   12.437 0.00000e+00
   81    17.36667   -97.43761 36.42677     389.335     704.804  926.178  291.591   86.835   -0.808   12.474 0.00000e+00
   82    17.38333   -97.43649 36.42983     352.167     666.462  930.237  291.952   85.486   -0.653   12.508 0.00000e+00
   83    17.40000   -97.43557 36.43289     321.113     635.285  933.570  292.246   84.320   -0.515   12.523 0.00000e+00
   84    17.41667   -97.43488 36.43592     295.016     609.406  936.348  292.478   83.884   -0.363   12.604 0.00000e+00
   85    17.43333   -97.43433 36.43887     275.443     589.987  938.475  292.667   83.395   -0.290   12.651 0.00000e+00
   86    17.45000   -97.43388 36.44183     254.960     569.280  940.722  292.926   82.460   -0.224   12.683 0.00000e+00
   87    17.46667   -97.43343 36.44479     239.872     554.011  942.390  293.170   81.717   -0.103   12.740 0.00000e+00
   88    17.48333   -97.43298 36.44768     228.103     541.909  943.751  293.306   81.181   -0.096   12.746 0.00000e+00
   89    17.50000   -97.43253 36.45058     213.319     526.345  945.424  293.428   80.458   -0.215   12.706 0.00000e+00
   90    17.51667   -97.43211 36.45347     196.847     509.027  947.307  293.578   79.773   -0.262   12.690 0.00000e+00
   91    17.53333   -97.43169 36.45634     180.662     491.733  949.312  293.756   78.961   -0.305   12.675 0.00000e+00
   92    17.55000   -97.43127 36.45918     155.903     465.221  952.272  294.016   77.793   -0.431   12.651 0.00000e+00
   93    17.56667   -97.43073 36.46201     126.626     433.689  955.863  294.323   76.585   -0.338   12.646 0.00000e+00
   94    17.58333   -97.42995 36.46475     103.002     408.446  958.499  294.582   75.525   -0.305   12.638 0.00000e+00
   95    17.60000   -97.42897 36.46745      86.689     391.769  960.322  294.880   74.549   -0.140   12.682 0.00000e+00
   96    17.61667   -97.42780 36.47005      75.282     380.081  961.584  295.138   73.684   -0.141   12.719 0.00000e+00
   97    17.63333   -97.42659 36.47263      58.438     362.913  963.467  295.302   72.986   -0.408   12.702 0.00000e+00
   98    17.65000   -97.42533 36.47522      39.066     343.111  965.702  295.633   71.952   -0.283   12.749 0.00000e+00
   99    17.66667   -97.42384 36.47774      29.586     332.615  966.875  295.998   70.881   -0.071   12.828 0.00000e+00
  100    17.68333   -97.42213 36.47992      28.893     330.223  967.190  296.271   70.067    0.113   12.891 0.00000e+00
  101    17.70000   -97.42039 36.48191      33.895     332.402  966.946  296.301   69.858    0.142   12.879 0.00000e+00
  102    17.71667   -97.41875 36.48363      42.243     339.027  966.118  296.270   69.873    0.082   12.868 0.00000e+00
  103    17.73333   -97.41721 36.48516      58.648     354.455  964.429  296.161   70.096    0.451   12.847 0.00000e+00
  104    17.75000   -97.41611 36.48668     119.444     414.359  957.803  295.495   72.052    1.700   12.765 0.00000e+00
  105    17.76667   -97.41554 36.48839     271.432     565.568  941.177  294.002   77.616    3.365   12.761 0.00000e+00
  106    17.78333   -97.41478 36.49041     467.057     761.439  920.003  292.025   85.223    3.602   12.668 0.00000e+00
  107    17.80000   -97.41315 36.49252     640.651     935.545  901.490  290.310   92.502    3.233   12.588 0.00000e+00
  108    17.81667   -97.41058 36.49461     783.042    1078.329  886.585  288.987   96.994    2.196   12.331 0.00000e+00
  109    17.83333   -97.40728 36.49693     890.851    1186.090  875.402  288.151   99.251    1.302   12.107 5.95937e-02
  110    17.85000   -97.40374 36.49949     948.749    1243.827  869.512  287.792   99.265    0.550   11.910 1.12404e-01
  111    17.86667   -97.40044 36.50220     967.133    1262.253  867.607  287.587   99.065   -0.126   11.755 5.04660e-02
  112    17.88333   -97.39752 36.50513     955.578    1250.973  868.784  287.743   96.918   -0.587   11.602 4.83274e-02
  113    17.90000   -97.39503 36.50821     928.111    1224.003  871.494  287.947   95.230   -0.813   11.515 4.31419e-05
  114    17.91667   -97.39285 36.51133     895.510    1193.706  874.499  288.255   93.418   -0.669   11.484 0.00000e+00
  115    17.93333   -97.39087 36.51443     864.479    1166.087  877.400  288.539   92.064   -0.556   11.490 0.00000e+00
  116    17.95000   -97.38886 36.51746     834.674    1139.494  880.101  288.806   90.992   -0.575   11.517 0.00000e+00
  117    17.96667   -97.38676 36.52038     801.016    1108.364  883.455  289.173   88.591   -0.668   11.438 0.00000e+00
  118    17.98333   -97.38453 36.52322     765.773    1075.074  886.884  289.537   86.157   -0.611   11.343 0.00000e+00
  119    18.00000   -97.38228 36.52612     736.504    1047.860  889.723  289.763   85.353   -0.309   11.365 0.00000e+00
  120    18.01667   -97.38019 36.52900     719.563    1032.779  891.325  289.825   85.892    0.042   11.461 0.00000e+00
  121    18.03333   -97.37833 36.53178     708.411    1023.137  892.416  289.848   86.638    0.163   11.564 0.00000e+00
  122    18.05000   -97.37680 36.53445     693.706    1008.956  893.960  289.972   86.484   -0.021   11.615 0.00000e+00
  123    18.06667   -97.37556 36.53717     670.334     985.630  896.420  290.204   85.028   -0.356   11.558 0.00000e+00
  124    18.08333   -97.37467 36.54008     632.032     946.948  900.543  290.574   83.767   -0.745   11.605 0.00000e+00
  125    18.10000   -97.37407 36.54313     573.896     888.393  906.689  291.133   82.097   -1.070   11.704 0.00000e+00
  126    18.11667   -97.37354 36.54635     492.007     806.303  915.366  291.896   79.351   -1.509   11.760 0.00000e+00
  127    18.13333   -97.37292 36.54956     389.604     704.878  926.163  292.842   76.208   -1.908   11.845 0.00000e+00
  128    18.15000   -97.37205 36.55280     279.735     595.870  937.950  293.894   72.275   -1.646   11.845 0.00000e+00
  129    18.16667   -97.37115 36.55606     189.601     506.782  947.561  294.752   69.178   -1.535   11.834 0.00000e+00
  130    18.18333   -97.37041 36.55932     119.579     438.730  954.951  295.401   67.095   -1.087   11.854 0.00000e+00
  131    18.20000   -97.36959 36.56256      75.696     397.159  959.488  295.740   65.929   -0.621   11.836 0.00000e+00
  132    18.21667   -97.36873 36.56580      50.817     374.956  961.882  296.069   65.182   -0.362   11.911 0.00000e+00
  133    18.23333   -97.36791 36.56908      32.318     359.546  963.559  296.427   64.441   -0.284   12.015 0.00000e+00
  134    18.25000   -97.36723 36.57209      18.347     348.348  964.843  296.903   63.581   -0.199   12.187 0.00000e+00
  135    18.26667   -97.36672 36.57463      10.810     342.019  965.541  297.232   63.056   -0.094   12.323 0.00000e+00
  136    18.28333   -97.36614 36.57696       6.591     338.843  965.821  297.334   62.942   -0.069   12.373 0.00000e+00
  137    18.30000   -97.36550 36.57924       4.031     337.253  965.952  297.411   62.916   -0.037   12.425 0.00000e+00
  138    18.31667   -97.36488 36.58138       2.781     335.993  966.129  297.739   62.796   -0.016   12.648 0.00000e+00
  139    18.33333   -97.36438 36.58340       2.564     335.344  966.139  297.850   62.745   -0.021   12.723 0.00000e+00
  140    18.35000   -97.36404 36.58526       2.503     334.938  966.152  297.886   62.901   -0.001   12.781 0.00000e+00
  141    18.36667   -97.36392 36.58686       4.740     336.854  965.962  297.951   62.995    0.054   12.854 0.00000e+00
  142    18.38333   -97.36388 36.58832      11.968     343.666  965.383  297.671   64.039    0.242   12.855 0.00000e+00
  143    18.40000   -97.36378 36.58986      32.247     362.971  963.241  297.114   64.975    0.598   12.637 0.00000e+00
  144    18.41667   -97.36353 36.59178      81.652     411.045  957.977  296.399   66.711    1.210   12.490 0.00000e+00
  145    18.43333   -97.36312 36.59394     161.398     489.266  949.416  295.558   69.477    1.588   12.467 0.00000e+00
  146    18.45000   -97.36248 36.59637     237.327     563.448  941.373  294.830   72.083    1.052   12.473 0.00000e+00
  147    18.46667   -97.36205 36.59901     276.097     600.240  937.363  294.434   73.448    0.468   12.455 0.00000e+00
  148    18.48333   -97.36209 36.60175     301.772     623.799  934.852  294.153   74.290    0.669   12.414 0.00000e+00
  149    18.50000   -97.36243 36.60455     360.579     680.618  928.741  293.568   76.415    1.351   12.394 0.00000e+00
  150    18.51667   -97.36259 36.60724     466.275     784.965  917.576  292.540   80.654    2.178   12.417 0.00000e+00
  151    18.53333   -97.36221 36.60957     606.049     923.430  902.942  291.187   86.518    2.517   12.429 0.00000e+00
  152    18.55000   -97.36146 36.61148     735.062    1051.166  889.565  289.933   92.004    2.049   12.387 0.00000e+00
  153    18.56667   -97.36041 36.61300     830.782    1145.758  879.785  289.028   96.304    1.626   12.371 0.00000e+00
  154    18.58333   -97.35925 36.61433     902.105    1216.058  872.497  288.326   99.116    0.962   12.270 0.00000e+00
  155    18.60000   -97.35798 36.61567     969.282    1282.215  865.714  287.939   99.379    1.384   12.091 1.09010e-01
  156    18.61667   -97.35635 36.61675    1051.448    1363.472  857.428  287.302   99.014    2.239   11.670 1.16708e-01
  157    18.63333   -97.35453 36.61786    1177.013    1488.156  844.876  286.547  100.000    3.025   11.400 2.67537e-01
  158    18.65000   -97.35231 36.61951    1345.180    1654.452  828.465  285.615  100.000    3.477   10.940 4.99743e-01
  159    18.66667   -97.34972 36.62132    1558.369    1864.048  808.003  284.453  100.000    4.303   10.388 7.55257e-01
  160    18.68333   -97.34712 36.62321    1797.906    2100.643  785.403  283.281  100.000    4.074    9.882 1.16035e+00
  161    18.70000   -97.34438 36.62534    1944.481    2244.938  771.883  282.427  100.000    2.262    9.494 1.28253e+00
  162    18.71667   -97.34061 36.62824    1998.349    2297.616  767.023  282.296  100.000    0.131    9.471 1.38735e+00
  163    18.73333   -97.33584 36.63189    1979.822    2276.989  768.857  282.112  100.000   -0.919    9.337 1.02285e+00
  164    18.75000   -97.33088 36.63589    1916.681    2213.275  774.768  282.123  100.000   -1.116    9.268 6.52037e-01
  165    18.76667   -97.32619 36.64008    1826.452    2122.652  783.289  282.438   92.369   -0.828    8.630 0.00000e+00
  166    18.78333   -97.32153 36.64406    1764.214    2060.902  789.122  282.975   91.734    0.177    8.821 0.00000e+00
  167    18.80000   -97.31730 36.64827    1741.655    2037.777  791.356  283.276   88.801    0.130    8.689 0.00000e+00
  168    18.81667   -97.31332 36.65298    1752.799    2047.336  790.430  283.637   79.941    0.415    8.024 0.00000e+00
  169    18.83333   -97.30943 36.65773    1810.519    2105.275  784.838  283.483   74.104    0.852    7.414 0.00000e+00
  170    18.85000   -97.30545 36.66236    1876.603    2172.871  778.457  282.773   77.409    0.928    7.444 0.00000e+00
  171    18.86667   -97.30138 36.66702    1912.814    2212.201  774.806  282.341   80.305    0.298    7.535 0.00000e+00
  172    18.88333   -97.29735 36.67174    1898.851    2201.589  775.782  282.241   83.712   -0.555    7.792 0.00000e+00
  173    18.90000   -97.29358 36.67662    1844.244    2151.283  780.514  282.565   83.998   -1.012    7.944 0.00000e+00
  174    18.91667   -97.29002 36.68165    1779.734    2088.935  786.434  283.211   80.526   -1.065    7.894 0.00000e+00
  175    18.93333   -97.28648 36.68659    1713.604    2023.207  792.697  284.129   73.642   -1.011    7.617 0.00000e+00
  176    18.95000   -97.28291 36.69126    1658.399    1968.685  797.878  284.612   72.668   -0.364    7.712 0.00000e+00
  177    18.96667   -97.27922 36.69572    1645.285    1956.197  799.094  284.557   74.835    0.533    7.901 0.00000e+00
  178    18.98333   -97.27560 36.70006    1675.623    1987.313  796.138  284.074   78.703    1.061    8.075 0.00000e+00
