    0    16.01667   -97.52783 36.28617     111.765     470.269  951.612  292.289   88.432    0.688   12.918 0.00000e+00
    1    16.03333   -97.52801 36.28857     159.938     517.709  946.444  291.824   90.518    0.894   12.911 0.00000e+00
    2    16.05000   -97.52785 36.29100     220.355     577.044  939.909  291.222   93.292    1.091   12.899 0.00000e+00
    3    16.06667   -97.52730 36.29362     285.788     641.446  932.869  290.568   96.394    1.297   12.883 0.00000e+00
    4    16.08333   -97.52616 36.29643     353.055     707.852  925.683  289.918   99.583    1.070   12.867 4.90033e-03
    5    16.10000   -97.52452 36.29944     395.806     750.267  921.127  289.665  100.000    0.554   12.793 7.15489e-02
    6    16.11667   -97.52269 36.30251     400.228     754.296  920.705  289.613  100.000   -0.098   12.757 5.80615e-02
    7    16.13333   -97.52119 36.30567     379.638     733.034  923.005  289.713   99.816   -0.774   12.767 9.70429e-03
    8    16.15000   -97.52022 36.30892     352.009     704.200  926.162  290.051   97.661   -0.795   12.720 0.00000e+00
    9    16.16667   -97.51967 36.31213     327.078     678.148  928.980  290.354   95.802   -0.478   12.684 0.00000e+00
   10    16.18333   -97.51934 36.31533     309.341     656.978  931.403  290.638   94.076   -0.393   12.649 0.00000e+00
   11    16.20000   -97.51901 36.31850     295.190     638.222  933.385  290.863   92.789   -0.389   12.629 0.00000e+00
   12    16.21667   -97.51859 36.32162     282.027     620.994  935.132  291.023   92.012   -0.241   12.628 0.00000e+00
   13    16.23333   -97.51804 36.32480     265.829     604.128  937.004  291.186   91.276   -0.222   12.631 0.00000e+00
   14    16.25000   -97.51745 36.32805     243.434     580.932  939.616  291.423   90.129   -0.354   12.625 0.00000e+00
   15    16.26667   -97.51689 36.33134     209.200     547.143  943.170  291.757   88.564   -0.416   12.623 0.00000e+00
   16    16.28333   -97.51641 36.33459     166.603     507.645  947.500  292.142   86.850   -0.461   12.625 0.00000e+00
   17    16.30000   -97.51623 36.33790     125.739     470.020  951.731  292.509   85.326   -0.346   12.636 0.00000e+00
   18    16.31667   -97.51649 36.34122      96.837     441.271  954.917  292.774   84.361   -0.258   12.660 0.00000e+00
   19    16.33333   -97.51709 36.34452      80.844     424.904  956.686  292.929   83.819   -0.067   12.677 0.00000e+00
   20    16.35000   -97.51803 36.34774      80.524     423.285  956.954  292.972   83.794    0.163   12.704 0.00000e+00
   21    16.36667   -97.51894 36.35078      89.479     429.454  956.261  292.914   84.128    0.119   12.718 0.00000e+00
   22    16.38333   -97.51966 36.35372      99.989     437.440  955.407  292.861   84.510    0.137   12.745 0.00000e+00
   23    16.40000   -97.52018 36.35657     121.326     456.835  953.262  292.824   85.190    0.567   12.846 0.00000e+00
   24    16.41667   -97.52042 36.35926     154.090     487.688  949.858  292.543   86.462    0.706   12.857 0.00000e+00
   25    16.43333   -97.52045 36.36176     189.910     521.564  946.136  292.198   87.861    0.742   12.835 0.00000e+00
   26    16.45000   -97.52029 36.36406     224.958     554.832  942.475  291.864   89.381    0.577   12.835 0.00000e+00
   27    16.46667   -97.51999 36.36629     246.055     574.383  940.337  291.669   90.272    0.301   12.834 0.00000e+00
   28    16.48333   -97.51964 36.36864     248.074     574.867  940.264  291.667   90.310   -0.291   12.838 0.00000e+00
   29    16.50000   -97.51946 36.37112     234.675     559.966  941.730  291.793   89.586   -0.657   12.818 0.00000e+00
   30    16.51667   -97.51962 36.37358     210.940     537.652  944.150  292.017   88.389   -0.555   12.793 0.00000e+00
   31    16.53333   -97.51996 36.37601     189.247     518.311  946.277  292.220   87.383   -0.351   12.781 0.00000e+00
   32    16.55000   -97.52035 36.37851     175.438     506.885  947.521  292.350   86.708   -0.255   12.770 0.00000e+00
   33    16.56667   -97.52070 36.38111     171.646     505.214  947.661  292.392   86.397   -0.120   12.755 0.00000e+00
   34    16.58333   -97.52090 36.38383     169.122     504.385  947.817  292.426   86.166   -0.115   12.747 0.00000e+00
   35    16.60000   -97.52110 36.38671     163.912     501.021  948.201  292.472   85.890   -0.072   12.737 0.00000e+00
   36    16.61667   -97.52135 36.38975     162.098     501.131  948.207  292.484   85.763    0.050   12.728 0.00000e+00
   37    16.63333   -97.52148 36.39287     167.796     508.717  947.388  292.421   85.966    0.093   12.719 0.00000e+00
   38    16.65000   -97.52153 36.39597     176.220     519.006  946.248  292.338   86.269    0.087   12.712 0.00000e+00
   39    16.66667   -97.52148 36.39900     181.497     525.361  945.557  292.300   86.293   -0.010   12.696 0.00000e+00
   40    16.68333   -97.52151 36.40195     181.160     525.852  945.498  292.336   85.965    0.013   12.676 0.00000e+00
   41    16.70000   -97.52165 36.40485     187.833     533.291  944.669  292.354   86.076    0.355   12.718 0.00000e+00
   42    16.71667   -97.52173 36.40768     216.482     562.463  941.467  292.133   87.232    0.836   12.755 0.00000e+00
   43    16.73333   -97.52151 36.41035     265.535     612.018  936.075  291.703   89.211    1.072   12.769 0.00000e+00
   44    16.75000   -97.52095 36.41279     317.232     664.141  930.448  291.207   91.459    1.116   12.763 0.00000e+00
   45    16.76667   -97.52010 36.41522     364.925     710.895  925.469  290.793   93.500    1.435   12.778 0.00000e+00
   46    16.78333   -97.51912 36.41764     415.194     759.307  920.326  290.299   95.861    1.007   12.767 0.00000e+00
   47    16.80000   -97.51799 36.41997     445.537     787.354  917.303  290.012   97.245    0.196   12.758 0.00000e+00
   48    16.81667   -97.51651 36.42242     468.125     807.005  915.251  289.891   97.127   -0.423   12.673 0.00000e+00
   49    16.83333   -97.51494 36.42495     491.478     827.403  913.013  289.844   95.919   -0.072   12.508 0.00000e+00
   50    16.85000   -97.51346 36.42756     519.374     852.479  910.317  289.618   96.838    0.769   12.484 0.00000e+00
   51    16.86667   -97.51185 36.43022     560.665     891.314  906.071  289.224   98.875    1.021   12.486 0.00000e+00
   52    16.88333   -97.50994 36.43294     590.403     921.072  902.893  288.990   99.760    0.622   12.454 1.66739e-02
   53    16.90000   -97.50801 36.43577     592.225     922.702  902.797  289.006   99.420    0.044   12.425 1.00416e-02
   54    16.91667   -97.50629 36.43870     564.723     894.480  905.850  289.286   97.847   -0.412   12.409 2.61115e-05
   55    16.93333   -97.50478 36.44164     515.095     843.738  911.221  289.803   95.048   -0.745   12.386 0.00000e+00
   56    16.95000   -97.50345 36.44458     448.316     776.336  918.432  290.479   91.662   -1.015   12.374 0.00000e+00
   57    16.96667   -97.50231 36.44757     374.026     701.402  926.541  291.232   88.102   -0.989   12.367 0.00000e+00
   58    16.98333   -97.50147 36.45058     310.164     636.139  933.619  291.877   85.258   -0.732   12.371 0.00000e+00
   59    17.00000   -97.50082 36.45354     268.312     593.044  938.303  292.296   83.530   -0.455   12.382 0.00000e+00
   60    17.01667   -97.50012 36.45641     246.530     569.688  940.854  292.523   82.611   -0.327   12.387 0.00000e+00
   61    17.03333   -97.49931 36.45925     234.836     555.831  942.390  292.668   81.982   -0.226   12.385 0.00000e+00
   62    17.05000   -97.49846 36.46209     231.709     550.286  943.044  292.730   81.757   -0.029   12.391 0.00000e+00
   63    17.06667   -97.49761 36.46492     237.811     555.109  942.413  292.674   82.059    0.163   12.401 0.00000e+00
   64    17.08333   -97.49688 36.46767     247.126     564.245  941.464  292.584   82.659    0.148   12.434 0.00000e+00
   65    17.10000   -97.49648 36.47041     243.202     560.378  941.851  292.644   82.905   -0.229   12.513 0.00000e+00
   66    17.11667   -97.49651 36.47309     221.972     539.182  944.187  292.848   82.548   -0.395   12.588 0.00000e+00
   67    17.13333   -97.49698 36.47570     197.814     514.951  946.802  293.074   81.922   -0.309   12.635 0.00000e+00
   68    17.15000   -97.49770 36.47829     189.709     506.754  947.663  293.131   82.035    0.264   12.687 0.00000e+00
   69    17.16667   -97.49837 36.48098     206.128     522.556  945.908  292.940   83.225    0.671   12.742 0.00000e+00
   70    17.18333   -97.49888 36.48405     233.490     548.310  943.054  292.640   84.714    0.932   12.766 0.00000e+00
   71    17.20000   -97.49928 36.48764     255.305     567.939  940.857  292.427   85.278    0.382   12.710 0.00000e+00
   72    17.21667   -97.49976 36.49152     260.731     571.098  940.568  292.419   85.110   -0.102   12.683 0.00000e+00
   73    17.23333   -97.50032 36.49543     261.441     569.678  940.694  292.450   84.922   -0.096   12.678 0.00000e+00
   74    17.25000   -97.50093 36.49931     253.533     560.712  941.679  292.558   84.391   -0.174   12.671 0.00000e+00
   75    17.26667   -97.50153 36.50293     241.215     548.277  943.123  292.711   83.676   -0.112   12.665 0.00000e+00
   76    17.28333   -97.50200 36.50627     236.190     542.717  943.779  292.782   83.352   -0.122   12.664 0.00000e+00
   77    17.30000   -97.50234 36.50936     235.505     540.123  944.111  292.830   83.114   -0.282   12.661 0.00000e+00
   78    17.31667   -97.50227 36.51231     231.160     533.759  944.690  292.923   82.414   -0.367   12.620 0.00000e+00
   79    17.33333   -97.50183 36.51527     221.741     524.119  945.701  293.045   81.760   -0.353   12.602 0.00000e+00
   80    17.35000   -97.50121 36.51833     203.716     506.946  947.579  293.260   81.099   -0.564   12.644 0.00000e+00
   81    17.36667   -97.50056 36.52148     178.123     482.362  950.220  293.550   80.209   -0.451   12.699 0.00000e+00
   82    17.38333   -97.50018 36.52467     153.109     458.863  952.818  293.777   79.364   -0.553   12.709 0.00000e+00
   83    17.40000   -97.50012 36.52780     132.059     439.307  955.039  293.999   78.628   -0.440   12.736 0.00000e+00
   84    17.41667   -97.50040 36.53075     123.207     431.851  955.854  294.109   78.618   -0.051   12.811 0.00000e+00
   85    17.43333   -97.50096 36.53349     130.343     440.114  954.934  294.047   79.276    0.168   12.880 0.00000e+00
   86    17.45000   -97.50162 36.53598     145.823     456.640  953.092  293.867   80.237    0.443   12.917 0.00000e+00
   87    17.46667   -97.50208 36.53837     186.137     497.924  948.562  293.467   81.909    1.041   12.923 0.00000e+00
   88    17.48333   -97.50229 36.54092     246.716     559.226  941.794  292.851   84.510    0.998   12.922 0.00000e+00
   89    17.50000   -97.50201 36.54351     284.757     597.982  937.569  292.472   86.154    0.377   12.923 0.00000e+00
   90    17.51667   -97.50159 36.54598     279.184     593.132  938.104  292.514   85.679   -0.242   12.879 0.00000e+00
   91    17.53333   -97.50150 36.54832     247.505     562.557  941.411  292.791   84.042   -0.564   12.808 0.00000e+00
   92    17.55000   -97.50174 36.55068     208.227     524.497  945.545  293.164   82.003   -0.663   12.736 0.00000e+00
   93    17.56667   -97.50217 36.55305     180.152     497.513  948.509  293.445   80.667   -0.262   12.711 0.00000e+00
   94    17.58333   -97.50259 36.55539     186.363     504.640  947.723  293.398   81.071    0.425   12.748 0.00000e+00
   95    17.60000   -97.50272 36.55791     222.353     541.198  943.662  293.101   82.618    0.635   12.807 0.00000e+00
   96    17.61667   -97.50272 36.56073     242.729     562.244  941.372  292.901   83.472    0.116   12.810 0.00000e+00
   97    17.63333   -97.50314 36.56353     244.127     564.159  941.164  292.884   83.533   -0.029   12.808 0.00000e+00
   98    17.65000   -97.50394 36.56604     241.718     562.369  941.367  292.856   83.598   -0.148   12.793 0.00000e+00
   99    17.66667   -97.50489 36.56819     227.274     548.448  942.907  292.976   83.053   -0.495   12.785 0.00000e+00
  100    17.68333   -97.50597 36.57032     199.387     521.124  945.890  293.302   81.347   -0.562   12.739 0.00000e+00
  101    17.70000   -97.50713 36.57263     189.193     511.207  947.054  293.417   80.870   -0.094   12.740 0.00000e+00
  102    17.71667   -97.50793 36.57491     199.665     521.480  945.912  293.303   81.506   -0.075   12.765 0.00000e+00
  103    17.73333   -97.50845 36.57710     213.288     534.974  944.419  293.138   82.311   -0.046   12.779 0.00000e+00
  104    17.75000   -97.50869 36.57917     227.808     549.433  942.853  293.011   82.941    0.030   12.796 0.00000e+00
  105    17.76667   -97.50870 36.58113     227.518     549.241  942.885  293.020   82.933   -0.248   12.801 0.00000e+00
  106    17.78333   -97.50860 36.58298     206.586     528.483  945.142  293.226   82.054   -0.528   12.800 0.00000e+00
  107    17.80000   -97.50862 36.58476     169.121     491.168  949.226  293.591   80.518   -0.780   12.793 0.00000e+00
  108    17.81667   -97.50900 36.58652     124.964     447.213  954.043  294.034   78.720   -0.769   12.792 0.00000e+00
  109    17.83333   -97.50979 36.58827      91.760     414.297  957.705  294.385   77.342   -0.484   12.795 0.00000e+00
  110    17.85000   -97.51089 36.58996      72.119     394.453  959.893  294.631   76.472   -0.237   12.816 0.00000e+00
  111    17.86667   -97.51213 36.59164      59.551     381.836  961.267  294.801   75.854   -0.126   12.828 0.00000e+00
  112    17.88333   -97.51363 36.59333      51.473     374.390  962.173  294.979   75.267    0.026   12.858 0.00000e+00
  113    17.90000   -97.51517 36.59500      57.929     382.043  961.337  294.971   75.342    0.436   12.876 0.00000e+00
  114    17.91667   -97.51647 36.59655      95.576     421.100  957.063  294.721   76.219    1.079   12.883 0.00000e+00
  115    17.93333   -97.51768 36.59797     155.215     481.823  950.409  294.071   78.485    0.871   12.833 0.00000e+00
  116    17.95000   -97.51875 36.59919     193.921     521.363  946.083  293.693   79.452    0.112   12.747 0.00000e+00
  117    17.96667   -97.51969 36.60021     214.641     542.542  943.723  293.629   79.635    0.398   12.758 0.00000e+00
  118    17.98333   -97.52068 36.60127     251.985     579.933  939.541  293.316   80.869    0.467   12.762 0.00000e+00
  119    18.00000   -97.52190 36.60249     294.261     621.870  934.982  292.946   82.262    0.524   12.747 0.00000e+00
  120    18.01667   -97.52337 36.60390     332.784     659.812  930.895  292.600   83.458    0.373   12.711 0.00000e+00
  121    18.03333   -97.52455 36.60557     367.483     693.376  927.325  292.332   84.338    0.310   12.679 0.00000e+00
  122    18.05000   -97.52547 36.60712     375.095     699.492  926.647  292.364   83.845   -0.297   12.640 0.00000e+00
  123    18.06667   -97.52611 36.60858     350.119     673.187  929.513  292.616   82.693   -0.526   12.626 0.00000e+00
  124    18.08333   -97.52661 36.60994     317.964     639.834  933.129  292.931   81.154   -0.609   12.589 0.00000e+00
  125    18.10000   -97.52711 36.61113     282.098     602.932  937.113  293.300   79.585   -0.699   12.579 0.00000e+00
  126    18.11667   -97.52767 36.61225     246.579     566.461  941.035  293.676   77.824   -0.753   12.540 0.00000e+00
  127    18.13333   -97.52832 36.61350     205.468     524.285  945.615  294.083   76.256   -0.763   12.541 0.00000e+00
  128    18.15000   -97.52902 36.61506     162.036     479.661  950.476  294.510   74.603   -0.844   12.533 0.00000e+00
  129    18.16667   -97.52972 36.61684     122.872     439.222  954.873  294.917   72.871   -0.835   12.497 0.00000e+00
  130    18.18333   -97.53041 36.61877      88.224     403.322  958.842  295.341   71.223   -0.639   12.485 0.00000e+00
  131    18.20000   -97.53128 36.62082      67.605     381.518  961.252  295.625   70.355   -0.238   12.519 0.00000e+00
  132    18.21667   -97.53210 36.62294      70.933     384.057  960.930  295.935   69.475    0.508   12.604 0.00000e+00
  133    18.23333   -97.53264 36.62511     101.075     413.536  957.610  295.698   69.728    0.754   12.511 0.00000e+00
  134    18.25000   -97.53294 36.62735     122.819     434.526  955.364  295.393   70.179    0.308   12.387 0.00000e+00
  135    18.26667   -97.53321 36.62972     122.493     433.366  955.509  295.398   69.883   -0.135   12.336 0.00000e+00
  136    18.28333   -97.53353 36.63227     103.913     414.402  957.527  295.557   69.071   -0.298   12.287 0.00000e+00
  137    18.30000   -97.53377 36.63489      79.720     390.022  960.228  295.801   67.894   -0.334   12.225 0.00000e+00
  138    18.31667   -97.53372 36.63738      62.317     372.448  962.196  296.043   66.895   -0.179   12.200 0.00000e+00
  139    18.33333   -97.53312 36.63971      49.982     359.320  963.635  296.277   66.164   -0.210   12.223 0.00000e+00
  140    18.35000   -97.53209 36.64173      32.000     340.277  965.739  296.593   65.253   -0.295   12.262 0.00000e+00
  141    18.36667   -97.53104 36.64333      18.668     326.143  967.313  296.984   64.366   -0.167   12.367 0.00000e+00
  142    18.38333   -97.53023 36.64463      16.263     323.158  967.604  297.328   63.622   -0.007   12.479 0.00000e+00
  143    18.40000   -97.52983 36.64598      21.715     328.145  967.055  297.470   63.698    0.182   12.610 0.00000e+00
  144    18.41667   -97.52996 36.64738      38.754     344.996  965.194  297.266   64.641    0.486   12.663 0.00000e+00
  145    18.43333   -97.53052 36.64887      83.722     390.025  960.237  296.613   66.823    1.136   12.646 0.00000e+00
  146    18.45000   -97.53098 36.65054     200.999     507.360  947.370  295.324   70.846    2.865   12.558 0.00000e+00
  147    18.46667   -97.53162 36.65224     410.222     716.659  924.728  293.109   78.789    3.343   12.472 0.00000e+00
  148    18.48333   -97.53211 36.65414     615.323     921.821  902.974  291.031   87.687    2.932   12.472 0.00000e+00
  149    18.50000   -97.53211 36.65640     797.796    1103.974  883.915  289.212   96.033    2.684   12.424 0.00000e+00
  150    18.51667   -97.53191 36.65899     953.812    1259.365  867.911  287.946   99.877    3.046   12.126 8.02955e-02
  151    18.53333   -97.53157 36.66184    1128.506    1433.411  850.181  286.947  100.000    3.868   11.633 3.21392e-01
  152    18.55000   -97.53082 36.66481    1318.801    1623.454  831.226  286.104  100.000    4.357   11.261 7.04522e-01
  153    18.56667   -97.52994 36.66767    1509.503    1814.268  812.552  285.124  100.000    4.180   10.800 1.01702e+00
  154    18.58333   -97.52878 36.67007    1621.605    1926.504  801.709  284.592  100.000    2.562   10.568 1.16439e+00
  155    18.60000   -97.52708 36.67243    1662.510    1967.961  797.739  284.109  100.000   -0.150   10.292 9.05486e-01
  156    18.61667   -97.52492 36.67517    1651.910    1958.080  798.681  283.711  100.000   -1.156   10.005 4.81686e-01
  157    18.63333   -97.52330 36.67822    1584.906    1890.955  805.178  283.999   98.797   -1.365    9.972 2.62064e-01
  158    18.65000   -97.52164 36.68132    1512.811    1818.610  812.169  284.174   99.820   -1.669   10.106 6.34941e-02
  159    18.66667   -97.51987 36.68439    1434.727    1740.901  819.720  284.753   96.169   -1.869   10.026 1.98454e-02
  160    18.68333   -97.51844 36.68750    1360.244    1667.017  826.984  285.437   91.821   -1.633    9.928 0.00000e+00
  161    18.70000   -97.51744 36.69050    1303.089    1611.171  832.483  286.008   88.034   -0.871    9.819 0.00000e+00
  162    18.71667   -97.51666 36.69339    1265.671    1575.298  836.010  286.376   85.872   -0.300    9.772 0.00000e+00
  163    18.73333   -97.51596 36.69622    1245.437    1556.618  837.912  286.556   84.875    0.156    9.750 0.00000e+00
  164    18.75000   -97.51535 36.69905    1240.779    1553.271  838.234  286.516   85.690    0.282    9.815 0.00000e+00
  165    18.76667   -97.51476 36.70186    1237.230    1550.928  838.477  286.488   86.376    0.296    9.872 0.00000e+00
  166    18.78333   -97.51418 36.70467    1235.640    1550.493  838.516  286.429   87.192    0.206    9.926 0.00000e+00
  167    18.80000   -97.51357 36.70747    1238.131    1553.930  838.177  286.344   88.074    0.230    9.975 0.00000e+00
  168    18.81667   -97.51299 36.71027    1251.188    1567.946  836.812  286.205   88.737    0.315    9.975 0.00000e+00
  169    18.83333   -97.51240 36.71307    1273.238    1591.013  834.489  285.967   89.859    0.522    9.972 0.00000e+00
  170    18.85000   -97.51170 36.71589    1302.777    1621.925  831.416  285.666   91.265    0.592    9.965 0.00000e+00
  171    18.86667   -97.51083 36.71878    1335.051    1655.639  828.128  285.340   92.913    0.572    9.969 0.00000e+00
  172    18.88333   -97.50985 36.72173    1365.574    1687.613  824.961  285.035   94.375    0.516    9.961 0.00000e+00
  173    18.90000   -97.50873 36.72473    1389.334    1713.150  822.468  284.788   95.656    0.354    9.962 0.00000e+00
  174    18.91667   -97.50754 36.72779    1402.090    1727.737  821.045  284.647   96.376    0.106    9.961 0.00000e+00
  175    18.93333   -97.50629 36.73082    1401.977    1729.302  820.869  284.638   96.280   -0.116    9.947 0.00000e+00
  176    18.95000   -97.50503 36.73380    1390.998    1719.463  821.866  284.753   95.454   -0.288    9.925 0.00000e+00
  177    18.96667   -97.50381 36.73669    1366.431    1695.898  824.205  284.990   94.134   -0.525    9.915 0.00000e+00
  178    18.98333   -97.50269 36.73949    1329.935    1660.833  827.601  285.338   92.281   -0.829    9.906 0.00000e+00
