    0    16.01667   -97.55627 36.21740      14.288     353.646  964.381  294.374   80.621    0.211   13.235 0.00000e+00
    1    16.03333   -97.55586 36.21841      33.901     373.947  962.154  294.195   81.368    0.490   13.241 0.00000e+00
    2    16.05000   -97.55537 36.22003      55.080     396.145  959.718  293.817   82.487    0.354   13.145 0.00000e+00
    3    16.06667   -97.55479 36.22190      65.181     407.118  958.569  293.649   82.969   -0.010   13.100 0.00000e+00
    4    16.08333   -97.55405 36.22385      71.411     413.294  957.903  293.508   83.206   -0.064   13.032 0.00000e+00
    5    16.10000   -97.55312 36.22597      72.894     414.761  957.736  293.462   83.324    0.061   13.015 0.00000e+00
    6    16.11667   -97.55212 36.22819      72.632     414.638  957.707  293.433   83.437    0.028   13.010 0.00000e+00
    7    16.13333   -97.55106 36.23045      66.474     408.838  958.316  293.471   83.279   -0.065   13.007 0.00000e+00
    8    16.15000   -97.54993 36.23252      65.872     408.858  958.337  293.461   83.395    0.104   13.017 0.00000e+00
    9    16.16667   -97.54879 36.23445      72.213     415.703  957.598  293.390   83.483    0.174   12.984 0.00000e+00
   10    16.18333   -97.54755 36.23645      84.238     428.148  956.216  293.262   83.671    0.088   12.928 0.00000e+00
   11    16.20000   -97.54616 36.23862      92.169     436.578  955.247  293.123   83.529   -0.247   12.807 0.00000e+00
   12    16.21667   -97.54486 36.24094      91.326     436.963  955.217  293.087   83.336   -0.173   12.749 0.00000e+00
   13    16.23333   -97.54376 36.24346      86.856     433.814  955.525  293.102   83.121   -0.019   12.724 0.00000e+00
   14    16.25000   -97.54288 36.24609      84.709     433.240  955.591  293.105   83.018    0.115   12.710 0.00000e+00
   15    16.26667   -97.54215 36.24874      89.578     438.581  954.978  293.061   83.221    0.336   12.715 0.00000e+00
   16    16.28333   -97.54150 36.25140     100.121     449.361  953.803  292.966   83.552    0.469   12.705 0.00000e+00
   17    16.30000   -97.54085 36.25412     113.930     463.603  952.219  292.828   84.199    0.537   12.714 0.00000e+00
   18    16.31667   -97.54013 36.25690     123.703     474.477  951.043  292.736   84.661    0.466   12.726 0.00000e+00
   19    16.33333   -97.53929 36.25978     132.777     484.896  949.883  292.651   85.136    0.483   12.745 0.00000e+00
   20    16.35000   -97.53836 36.26285     149.153     502.596  947.912  292.497   85.805    0.640   12.749 0.00000e+00
   21    16.36667   -97.53730 36.26594     185.723     540.747  943.753  292.171   87.311    1.058   12.765 0.00000e+00
   22    16.38333   -97.53606 36.26900     240.822     597.329  937.566  291.655   89.761    1.399   12.788 0.00000e+00
   23    16.40000   -97.53455 36.27201     299.727     657.711  931.027  291.078   92.479    1.112   12.792 0.00000e+00
   24    16.41667   -97.53276 36.27496     350.184     708.758  925.509  290.584   94.876    0.898   12.794 0.00000e+00
   25    16.43333   -97.53085 36.27786     381.760     740.813  922.083  290.297   96.105    0.502   12.773 0.00000e+00
   26    16.45000   -97.52878 36.28067     400.753     760.207  920.025  290.194   95.930    0.051   12.695 0.00000e+00
   27    16.46667   -97.52651 36.28337     407.975     767.676  919.242  290.231   94.933   -0.153   12.603 0.00000e+00
   28    16.48333   -97.52419 36.28604     408.096     767.495  919.274  290.254   94.663    0.049   12.585 0.00000e+00
   29    16.50000   -97.52185 36.28871     407.223     765.871  919.448  290.246   94.829    0.160   12.598 0.00000e+00
   30    16.51667   -97.51947 36.29143     411.933     770.176  919.010  290.226   94.737    0.002   12.577 0.00000e+00
   31    16.53333   -97.51707 36.29423     418.746     776.095  918.411  290.201   94.650    0.046   12.553 0.00000e+00
   32    16.55000   -97.51473 36.29716     432.463     787.806  917.244  290.103   95.085    0.320   12.548 0.00000e+00
   33    16.56667   -97.51237 36.30019     455.522     806.227  915.354  289.924   96.021    0.509   12.554 0.00000e+00
   34    16.58333   -97.50994 36.30328     485.711     831.008  912.660  289.676   97.309    0.517   12.558 0.00000e+00
   35    16.60000   -97.50745 36.30635     515.523     857.758  909.683  289.415   98.527    0.541   12.546 1.09491e-04
   36    16.61667   -97.50482 36.30940     545.020     885.302  906.809  289.165   99.738    0.589   12.537 1.07681e-03
   37    16.63333   -97.50188 36.31241     565.449     903.116  904.833  289.052   99.936    0.410   12.499 2.44226e-02
   38    16.65000   -97.49869 36.31535     569.295     905.474  904.649  289.033  100.000    0.150   12.498 2.50501e-02
   39    16.66667   -97.49535 36.31824     562.744     895.278  905.762  289.096   99.810    0.040   12.505 1.06451e-02
   40    16.68333   -97.49208 36.32121     551.088     882.347  906.951  289.201   99.228   -0.079   12.500 5.93510e-04
   41    16.70000   -97.48888 36.32418     535.224     867.048  908.730  289.399   97.962   -0.324   12.474 0.00000e+00
   42    16.71667   -97.48581 36.32715     505.444     834.506  912.191  289.730   96.198   -0.808   12.464 0.00000e+00
   43    16.73333   -97.48318 36.33006     461.919     789.984  916.835  290.158   94.094   -0.937   12.467 0.00000e+00
   44    16.75000   -97.48098 36.33280     439.545     768.627  919.170  290.420   92.384   -0.262   12.415 0.00000e+00
   45    16.76667   -97.47896 36.33541     450.264     778.343  918.285  290.390   92.690    0.391   12.444 0.00000e+00
   46    16.78333   -97.47689 36.33802     485.588     810.640  914.772  290.106   94.319    0.693   12.483 0.00000e+00
   47    16.80000   -97.47475 36.34074     520.257     846.049  910.899  289.766   96.423    0.667   12.540 0.00000e+00
   48    16.81667   -97.47253 36.34365     547.973     875.237  907.836  289.477   98.482    0.554   12.616 0.00000e+00
   49    16.83333   -97.47031 36.34671     563.407     891.701  906.152  289.311   99.881    0.351   12.683 1.26090e-03
   50    16.85000   -97.46811 36.34985     566.382     893.378  906.030  289.319  100.000    0.081   12.717 2.09652e-02
   51    16.86667   -97.46595 36.35305     556.068     881.649  907.238  289.405  100.000   -0.203   12.768 2.00504e-02
   52    16.88333   -97.46384 36.35622     532.071     855.244  910.100  289.653   98.207   -0.571   12.692 0.00000e+00
   53    16.90000   -97.46176 36.35931     497.821     817.397  914.138  290.109   94.901   -0.759   12.572 0.00000e+00
   54    16.91667   -97.45975 36.36232     458.590     775.521  918.513  290.540   92.458   -0.773   12.529 0.00000e+00
   55    16.93333   -97.45796 36.36523     417.069     736.187  922.604  290.934   90.357   -0.765   12.499 0.00000e+00
   56    16.95000   -97.45638 36.36809     380.924     703.561  926.152  291.281   88.566   -0.536   12.476 0.00000e+00
   57    16.96667   -97.45498 36.37088     359.108     684.698  928.234  291.489   87.421   -0.182   12.449 0.00000e+00
   58    16.98333   -97.45385 36.37366     351.799     680.023  928.688  291.538   87.035    0.204   12.427 0.00000e+00
   59    17.00000   -97.45287 36.37639     365.519     696.528  926.932  291.380   87.726    0.604   12.424 0.00000e+00
   60    17.01667   -97.45190 36.37906     410.606     744.165  921.855  290.909   90.323    1.017   12.484 0.00000e+00
   61    17.03333   -97.45087 36.38184     474.313     809.288  914.889  290.236   94.015    1.134   12.545 0.00000e+00
   62    17.05000   -97.44965 36.38480     539.609     876.103  907.699  289.575   97.515    1.070   12.573 0.00000e+00
   63    17.06667   -97.44815 36.38799     603.130     941.976  900.675  289.009  100.000    0.954   12.546 2.58094e-02
   64    17.08333   -97.44632 36.39129     652.142     993.304  895.276  288.781  100.000    0.600   12.439 1.25151e-01
   65    17.10000   -97.44423 36.39462     674.915    1018.607  892.628  288.652  100.000    0.057   12.373 1.64893e-01
   66    17.11667   -97.44215 36.39798     673.206    1016.364  893.103  288.642  100.000   -0.293   12.359 1.10044e-01
   67    17.13333   -97.44031 36.40124     652.934     991.116  895.791  288.748   99.931   -0.653   12.380 1.32887e-02
   68    17.15000   -97.43876 36.40435     615.718     949.069  900.204  289.140   97.813   -0.856   12.366 0.00000e+00
   69    17.16667   -97.43744 36.40733     564.779     894.201  906.056  289.692   94.871   -1.064   12.346 0.00000e+00
   70    17.18333   -97.43629 36.41026     500.569     826.281  913.278  290.358   91.576   -1.239   12.337 0.00000e+00
   71    17.20000   -97.43526 36.41314     430.601     752.604  921.121  291.069   88.337   -1.266   12.345 0.00000e+00
   72    17.21667   -97.43434 36.41596     361.054     680.939  928.815  291.762   85.228   -1.052   12.341 0.00000e+00
   73    17.23333   -97.43347 36.41867     301.264     619.494  935.414  292.322   83.403   -0.879   12.422 0.00000e+00
   74    17.25000   -97.43268 36.42132     243.533     560.323  941.862  292.909   81.189   -0.858   12.459 0.00000e+00
   75    17.26667   -97.43213 36.42396     185.011     501.511  948.210  293.477   78.768   -0.684   12.440 0.00000e+00
   76    17.28333   -97.43181 36.42661     143.774     460.375  952.724  293.871   77.473   -0.360   12.480 0.00000e+00
   77    17.30000   -97.43161 36.42931     121.525     438.315  955.066  294.080   76.766   -0.055   12.496 0.00000e+00
   78    17.31667   -97.43153 36.43210     113.772     430.684  955.903  294.166   76.455    0.175   12.502 0.00000e+00
   79    17.33333   -97.43150 36.43493     117.600     434.576  955.474  294.155   76.444    0.330   12.497 0.00000e+00
   80    17.35000   -97.43138 36.43774     135.090     452.214  953.536  293.999   76.977    0.449   12.488 0.00000e+00
   81    17.36667   -97.43114 36.44046     166.589     483.586  950.075  293.705   78.183    0.653   12.500 0.00000e+00
   82    17.38333   -97.43086 36.44307     217.605     534.438  944.539  293.213   80.190    1.020   12.506 0.00000e+00
   83    17.40000   -97.43066 36.44559     281.223     597.843  937.599  292.597   82.617    1.038   12.490 0.00000e+00
   84    17.41667   -97.43060 36.44804     331.796     647.695  932.264  292.125   84.662    0.686   12.496 0.00000e+00
   85    17.43333   -97.43047 36.45056     352.112     667.020  930.182  291.964   85.206    0.168   12.478 0.00000e+00
   86    17.45000   -97.42997 36.45316     351.051     665.242  930.349  292.067   83.994   -0.015   12.378 0.00000e+00
   87    17.46667   -97.42926 36.45584     344.010     657.075  931.372  292.221   82.843   -0.122   12.313 0.00000e+00
   88    17.48333   -97.42853 36.45856     331.224     641.473  933.056  292.423   81.670   -0.245   12.272 0.00000e+00
   89    17.50000   -97.42772 36.46127     324.500     631.506  934.171  292.567   81.045   -0.101   12.274 0.00000e+00
   90    17.51667   -97.42684 36.46388     330.843     635.400  933.602  292.513   81.567    0.078   12.319 0.00000e+00
   91    17.53333   -97.42588 36.46644     348.505     653.125  931.713  292.337   82.507    0.319   12.349 0.00000e+00
   92    17.55000   -97.42470 36.46906     378.574     682.683  928.572  292.027   84.168    0.639   12.396 0.00000e+00
   93    17.56667   -97.42323 36.47169     405.956     708.726  925.806  291.773   85.572    0.464   12.440 0.00000e+00
   94    17.58333   -97.42151 36.47424     413.234     714.768  925.157  291.740   85.699    0.074   12.441 0.00000e+00
   95    17.60000   -97.41966 36.47666     397.655     697.768  926.904  291.929   84.585   -0.320   12.404 0.00000e+00
   96    17.61667   -97.41782 36.47904     362.092     661.247  930.843  292.304   82.698   -0.675   12.364 0.00000e+00
   97    17.63333   -97.41602 36.48140     312.748     610.565  936.362  292.852   79.796   -0.944   12.274 0.00000e+00
   98    17.65000   -97.41438 36.48378     255.111     551.513  942.824  293.461   77.073   -0.966   12.230 0.00000e+00
   99    17.66667   -97.41289 36.48624     200.195     495.273  948.901  294.020   74.762   -0.906   12.204 0.00000e+00
  100    17.68333   -97.41147 36.48873     155.555     449.621  953.873  294.502   73.168   -0.593   12.242 0.00000e+00
  101    17.70000   -97.40994 36.49118     123.322     417.576  957.429  294.808   72.009   -0.412   12.233 0.00000e+00
  102    17.71667   -97.40831 36.49364      88.919     383.329  961.185  295.105   70.871   -0.612   12.214 0.00000e+00
  103    17.73333   -97.40659 36.49592      64.908     359.531  963.780  295.355   70.212   -0.294   12.255 0.00000e+00
  104    17.75000   -97.40498 36.49812      67.875     362.973  963.443  295.630   70.304    0.205   12.485 0.00000e+00
  105    17.76667   -97.40355 36.50060      83.769     379.110  961.650  295.508   70.735    0.238   12.491 0.00000e+00
  106    17.78333   -97.40220 36.50341      90.860     386.404  960.843  295.418   70.813   -0.127   12.446 0.00000e+00
  107    17.80000   -97.40091 36.50640      78.706     374.888  962.068  295.586   70.239   -0.112   12.457 0.00000e+00
  108    17.81667   -97.39976 36.50948      75.559     372.567  962.342  295.721   69.957    0.044   12.507 0.00000e+00
  109    17.83333   -97.39869 36.51249      81.270     378.979  961.616  295.683   69.856    0.098   12.469 0.00000e+00
  110    17.85000   -97.39765 36.51545      85.046     383.817  961.040  295.657   69.801    0.070   12.447 0.00000e+00
  111    17.86667   -97.39655 36.51845      78.941     379.343  961.498  295.714   69.663   -0.102   12.461 0.00000e+00
  112    17.88333   -97.39525 36.52141      66.404     369.037  962.559  295.780   69.533   -0.199   12.474 0.00000e+00
  113    17.90000   -97.39381 36.52420      59.531     365.622  962.917  295.922   69.453   -0.146   12.564 0.00000e+00
  114    17.91667   -97.39230 36.52679      70.045     379.259  961.464  295.985   69.633    0.258   12.665 0.00000e+00
  115    17.93333   -97.39108 36.52935     109.204     421.041  956.855  295.717   70.830    0.773   12.734 0.00000e+00
  116    17.95000   -97.39008 36.53209     160.244     473.827  951.105  295.252   72.226    1.289   12.695 0.00000e+00
  117    17.96667   -97.38921 36.53487     236.587     551.916  942.537  294.477   74.506    2.039   12.598 0.00000e+00
  118    17.98333   -97.38835 36.53772     355.209     672.617  929.466  293.309   78.969    3.207   12.593 0.00000e+00
  119    18.00000   -97.38756 36.54044     512.510     830.169  912.695  291.776   85.424    4.159   12.601 0.00000e+00
  120    18.01667   -97.38662 36.54282     663.035     980.275  896.850  290.225   92.262    3.663   12.552 0.00000e+00
  121    18.03333   -97.38541 36.54533     796.640    1113.282  882.938  288.866   98.642    3.282   12.494 1.58024e-04
  122    18.05000   -97.38380 36.54829     929.833    1247.365  869.075  288.016  100.000    3.164   12.200 1.71006e-01
  123    18.06667   -97.38187 36.55164    1070.565    1390.596  854.500  287.299  100.000    3.928   11.843 4.36900e-01
  124    18.08333   -97.37951 36.55523    1220.537    1543.275  839.199  286.579  100.000    4.699   11.506 7.39432e-01
  125    18.10000   -97.37666 36.55884    1405.891    1729.311  820.910  285.597  100.000    5.143   11.028 1.04208e+00
  126    18.11667   -97.37352 36.56257    1614.964    1938.343  800.587  284.584  100.000    5.531   10.575 1.42960e+00
  127    18.13333   -97.37024 36.56671    1768.960    2093.830  785.785  283.658  100.000    2.890   10.132 1.43457e+00
  128    18.15000   -97.36670 36.57128    1800.045    2129.669  782.364  282.844   99.867   -0.564    9.601 7.95755e-01
  129    18.16667   -97.36317 36.57598    1735.923    2068.546  788.173  283.034   89.721   -2.100    8.672 1.22473e-01
  130    18.18333   -97.35981 36.58064    1665.716    1998.524  794.953  283.715   82.867   -1.602    8.313 0.00000e+00
  131    18.20000   -97.35654 36.58537    1614.842    1947.489  799.684  284.532   74.735   -1.252    7.871 0.00000e+00
  132    18.21667   -97.35310 36.59010    1564.979    1899.523  804.419  285.199   70.600   -0.671    7.727 0.00000e+00
  133    18.23333   -97.34916 36.59465    1547.348    1876.167  806.697  285.295   70.784    0.361    7.774 0.00000e+00
  134    18.25000   -97.34494 36.59910    1586.094    1904.430  804.114  284.765   74.735    1.232    7.950 0.00000e+00
  135    18.26667   -97.34082 36.60360    1654.633    1964.211  798.256  284.135   77.341    1.229    7.947 0.00000e+00
  136    18.28333   -97.33674 36.60823    1709.386    2014.214  793.477  283.652   79.119    0.514    7.919 0.00000e+00
  137    18.30000   -97.33259 36.61299    1726.049    2025.981  792.300  283.812   75.043   -0.248    7.603 0.00000e+00
  138    18.31667   -97.32838 36.61776    1716.203    2013.345  793.485  284.283   68.606   -0.263    7.163 0.00000e+00
  139    18.33333   -97.32423 36.62244    1715.182    2010.736  793.717  284.244   68.989    0.257    7.182 0.00000e+00
  140    18.35000   -97.32031 36.62720    1730.825    2025.909  792.246  283.971   71.165    0.331    7.288 0.00000e+00
  141    18.36667   -97.31680 36.63211    1735.464    2030.712  791.825  283.895   71.613   -0.331    7.301 0.00000e+00
  142    18.38333   -97.31339 36.63692    1706.457    2002.286  794.510  284.319   67.991   -0.651    7.106 0.00000e+00
  143    18.40000   -97.30986 36.64158    1678.654    1974.525  797.169  284.646   65.806   -0.216    7.006 0.00000e+00
  144    18.41667   -97.30634 36.64621    1678.691    1975.983  796.999  284.589   66.221    0.197    7.025 0.00000e+00
  145    18.43333   -97.30284 36.65083    1699.842    1997.245  795.046  284.431   66.503    0.338    6.998 0.00000e+00
  146    18.45000   -97.29936 36.65552    1727.604    2023.699  792.495  284.582   60.860    0.394    6.490 0.00000e+00
  147    18.46667   -97.29585 36.66024    1758.363    2055.497  789.505  284.363   59.622    0.677    6.290 0.00000e+00
  148    18.48333   -97.29224 36.66503    1792.766    2092.737  785.892  283.760   64.396    0.651    6.555 0.00000e+00
  149    18.50000   -97.28860 36.66982    1820.956    2124.043  783.012  283.252   69.406    0.354    6.853 0.00000e+00
  150    18.51667   -97.28485 36.67455    1826.448    2131.867  782.269  283.162   70.216   -0.240    6.898 0.00000e+00
  151    18.53333   -97.28113 36.67914    1798.939    2106.019  784.745  283.587   66.310   -0.760    6.682 0.00000e+00
  152    18.55000   -97.27744 36.68356    1753.331    2061.147  788.995  284.246   61.290   -0.812    6.420 0.00000e+00
  153    18.56667   -97.27372 36.68798    1720.053    2028.934  792.046  284.619   59.499   -0.163    6.364 0.00000e+00
  154    18.58333   -97.26996 36.69254    1723.797    2033.694  791.601  284.278   63.946    0.638    6.690 0.00000e+00
  155    18.60000   -97.26619 36.69724    1765.791    2074.281  787.828  283.600   69.511    0.968    6.983 0.00000e+00
  156    18.61667   -97.26241 36.70210    1819.640    2124.407  783.119  283.053   72.356    0.702    7.048 0.00000e+00
  157    18.63333   -97.25870 36.70706    1838.195    2139.423  781.693  282.893   73.325   -0.304    7.079 0.00000e+00
  158    18.65000   -97.25504 36.71193    1804.350    2104.756  784.884  283.712   63.498   -1.177    6.451 0.00000e+00
  159    18.66667   -97.25140 36.71665    1757.069    2060.497  789.048  284.604   54.687   -0.498    5.866 0.00000e+00
  160    18.68333   -97.24772 36.72142    1740.613    2046.761  790.385  284.096   63.531    0.186    6.576 0.00000e+00
  161    18.70000   -97.24397 36.72619    1744.252    2048.772  790.246  283.383   75.072    0.271    7.409 0.00000e+00
  162    18.71667   -97.24039 36.73094    1750.769    2052.729  789.842  283.041   81.380    0.013    7.853 0.00000e+00
  163    18.73333   -97.23718 36.73571    1744.900    2045.858  790.479  283.015   82.546   -0.285    7.945 0.00000e+00
  164    18.75000   -97.23418 36.74039    1728.795    2029.421  792.040  283.234   80.376   -0.392    7.836 0.00000e+00
  165    18.76667   -97.23129 36.74500    1717.595    2018.154  793.127  283.530   76.650   -0.266    7.612 0.00000e+00
  166    18.78333   -97.22836 36.74959    1717.293    2018.276  793.130  283.645   74.687    0.002    7.475 0.00000e+00
  167    18.80000   -97.22536 36.75414    1728.789    2029.787  792.052  283.523   75.510    0.364    7.506 0.00000e+00
  168    18.81667   -97.22224 36.75859    1744.278    2045.998  790.479  283.221   79.374    0.401    7.747 0.00000e+00
  169    18.83333   -97.21900 36.76293    1751.283    2054.402  789.626  283.042   81.353    0.097    7.853 0.00000e+00
  170    18.85000   -97.21578 36.76718    1748.996    2053.840  789.699  282.727   87.133   -0.038    8.234 0.00000e+00
  171    18.86667   -97.21268 36.77143    1743.003    2049.539  790.054  282.668   90.071   -0.077    8.473 0.00000e+00
  172    18.88333   -97.20973 36.77567    1734.523    2045.124  790.504  282.723   90.396   -0.225    8.531 0.00000e+00
  173    18.90000   -97.20685 36.77994    1720.510    2036.164  791.310  282.904   87.687   -0.469    8.368 0.00000e+00
  174    18.91667   -97.20406 36.78421    1701.521    2023.445  792.564  283.171   84.176   -0.589    8.166 0.00000e+00
  175    18.93333   -97.20132 36.78843    1684.324    2010.542  793.894  283.435   81.375   -0.431    8.022 0.00000e+00
  176    18.95000   -97.19857 36.79256    1675.493    2002.874  794.693  283.577   80.188   -0.109    7.973 0.00000e+00
  177    18.96667   -97.19567 36.79664    1673.533    2001.195  794.857  283.576   81.248    0.136    8.076 0.00000e+00
  178    18.98333   -97.19261 36.80073    1678.411    2004.338  794.605  283.472   83.793    0.275    8.274 0.00000e+00
