    0    16.01667   -97.48825 36.25259      79.297     451.050  953.856  292.579   85.699    0.160   12.719 0.00000e+00
    1    16.03333   -97.48785 36.25683      91.873     460.735  952.858  292.533   85.933    0.146   12.730 0.00000e+00
    2    16.05000   -97.48716 36.26097     101.558     466.972  952.235  292.489   86.352    0.185   12.765 0.00000e+00
    3    16.06667   -97.48632 36.26509     103.440     466.893  952.153  292.489   86.536    0.116   12.793 0.00000e+00
    4    16.08333   -97.48535 36.26914     102.790     466.379  952.284  292.475   86.663    0.090   12.799 0.00000e+00
    5    16.10000   -97.48434 36.27309     106.765     469.718  951.934  292.409   87.017   -0.002   12.803 0.00000e+00
    6    16.11667   -97.48342 36.27707     104.999     466.980  952.196  292.461   87.104   -0.179   12.854 0.00000e+00
    7    16.13333   -97.48273 36.28104     106.501     467.798  952.107  292.475   87.244    0.060   12.887 0.00000e+00
    8    16.15000   -97.48244 36.28509     116.168     476.627  951.065  292.392   87.670    0.331   12.897 0.00000e+00
    9    16.16667   -97.48247 36.28906     143.762     503.382  948.103  292.128   88.969    0.751   12.912 0.00000e+00
   10    16.18333   -97.48249 36.29268     186.273     543.084  943.684  291.721   90.869    0.753   12.915 0.00000e+00
   11    16.20000   -97.48232 36.29599     228.988     583.358  939.227  291.309   92.785    0.754   12.909 0.00000e+00
   12    16.21667   -97.48195 36.29908     262.319     615.350  935.696  290.976   94.295    0.466   12.894 0.00000e+00
   13    16.23333   -97.48154 36.30191     275.679     627.669  934.385  290.848   94.823    0.315   12.880 0.00000e+00
   14    16.25000   -97.48118 36.30449     277.981     628.967  934.262  290.842   94.830    0.361   12.877 0.00000e+00
   15    16.26667   -97.48074 36.30689     274.354     624.119  934.793  290.884   94.480    0.074   12.856 0.00000e+00
   16    16.28333   -97.48045 36.30922     256.149     604.567  936.867  291.072   93.472   -0.445   12.843 0.00000e+00
   17    16.30000   -97.48046 36.31149     224.345     571.235  940.533  291.397   91.788   -0.767   12.824 0.00000e+00
   18    16.31667   -97.48063 36.31371     194.138     539.334  944.049  291.709   90.270   -0.693   12.815 0.00000e+00
   19    16.33333   -97.48084 36.31593     174.517     517.835  946.381  291.912   89.287   -0.453   12.807 0.00000e+00
   20    16.35000   -97.48109 36.31816     166.487     507.971  947.577  292.017   88.776   -0.315   12.802 0.00000e+00
   21    16.36667   -97.48133 36.32039     161.570     501.308  948.313  292.084   88.487   -0.254   12.805 0.00000e+00
   22    16.38333   -97.48166 36.32268     153.636     491.243  949.435  292.197   88.052   -0.185   12.817 0.00000e+00
   23    16.40000   -97.48217 36.32504     142.798     477.486  950.890  292.340   87.466   -0.202   12.828 0.00000e+00
   24    16.41667   -97.48280 36.32750     129.158     460.427  952.756  292.522   86.676   -0.187   12.832 0.00000e+00
   25    16.43333   -97.48351 36.32999     116.411     444.136  954.470  292.691   85.933   -0.161   12.835 0.00000e+00
   26    16.45000   -97.48418 36.33245     104.693     431.640  955.861  292.819   85.388   -0.117   12.838 0.00000e+00
   27    16.46667   -97.48481 36.33493      96.998     424.234  956.716  292.895   85.069   -0.102   12.839 0.00000e+00
   28    16.48333   -97.48537 36.33736      91.273     419.390  957.305  292.961   84.790   -0.105   12.842 0.00000e+00
   29    16.50000   -97.48591 36.33974      82.683     413.112  957.990  293.028   84.508   -0.167   12.843 0.00000e+00
   30    16.51667   -97.48640 36.34204      75.019     408.477  958.463  293.098   84.232   -0.135   12.851 0.00000e+00
   31    16.53333   -97.48699 36.34427      67.533     403.874  958.927  293.182   83.935   -0.108   12.868 0.00000e+00
   32    16.55000   -97.48770 36.34641      60.798     399.649  959.452  293.283   83.580   -0.126   12.886 0.00000e+00
   33    16.56667   -97.48855 36.34843      58.186     397.160  959.748  293.384   83.269    0.025   12.916 0.00000e+00
   34    16.58333   -97.48951 36.35038      62.933     401.075  959.290  293.439   83.198    0.228   12.956 0.00000e+00
   35    16.60000   -97.49038 36.35234      78.860     415.849  957.667  293.314   83.731    0.368   12.960 0.00000e+00
   36    16.61667   -97.49107 36.35442      98.942     434.455  955.660  293.164   84.385    0.400   12.967 0.00000e+00
   37    16.63333   -97.49165 36.35672     112.967     446.580  954.328  293.024   84.670    0.194   12.915 0.00000e+00
   38    16.65000   -97.49217 36.35919     122.628     454.435  953.464  292.947   84.941    0.282   12.906 0.00000e+00
   39    16.66667   -97.49260 36.36175     138.432     468.663  951.965  292.819   85.288    0.300   12.876 0.00000e+00
   40    16.68333   -97.49284 36.36441     143.869     472.521  951.530  292.779   85.340    0.019   12.857 0.00000e+00
   41    16.70000   -97.49309 36.36707     134.497     461.367  952.792  292.885   84.819   -0.203   12.846 0.00000e+00
   42    16.71667   -97.49348 36.36972     121.535     446.653  954.350  293.031   84.098   -0.164   12.833 0.00000e+00
   43    16.73333   -97.49406 36.37240     117.562     441.772  954.764  293.082   83.801    0.031   12.823 0.00000e+00
   44    16.75000   -97.49457 36.37509     119.998     445.660  954.327  293.059   83.836    0.090   12.816 0.00000e+00
   45    16.76667   -97.49493 36.37778     119.926     447.025  954.189  293.068   83.688   -0.064   12.802 0.00000e+00
   46    16.78333   -97.49522 36.38044     107.291     435.999  955.310  293.184   83.110   -0.344   12.791 0.00000e+00
   47    16.80000   -97.49567 36.38311      84.694     415.864  957.566  293.415   82.014   -0.340   12.775 0.00000e+00
   48    16.81667   -97.49632 36.38580      68.431     401.940  959.078  293.583   81.247   -0.212   12.769 0.00000e+00
   49    16.83333   -97.49709 36.38857      55.059     390.532  960.315  293.746   80.614   -0.100   12.782 0.00000e+00
   50    16.85000   -97.49805 36.39154      56.584     393.065  960.064  293.883   80.164    0.431   12.823 0.00000e+00
   51    16.86667   -97.49895 36.39442      97.222     434.743  955.494  293.635   81.564    1.186   12.909 0.00000e+00
   52    16.88333   -97.49968 36.39701     173.174     511.721  946.978  292.921   84.744    1.501   12.943 0.00000e+00
   53    16.90000   -97.50004 36.39938     252.881     592.591  938.224  292.110   88.163    1.342   12.917 0.00000e+00
   54    16.91667   -97.49991 36.40171     322.136     663.006  930.590  291.421   91.326    1.095   12.917 0.00000e+00
   55    16.93333   -97.49944 36.40414     369.632     711.561  925.415  290.958   93.323    0.650   12.889 0.00000e+00
   56    16.95000   -97.49867 36.40682     406.476     747.349  921.598  290.625   94.081    0.600   12.775 0.00000e+00
   57    16.96667   -97.49773 36.40974     447.808     786.473  917.412  290.321   94.341    0.962   12.622 0.00000e+00
   58    16.98333   -97.49648 36.41288     508.592     844.761  911.203  289.798   96.549    1.301   12.578 0.00000e+00
   59    17.00000   -97.49474 36.41619     586.042     918.701  903.324  289.143   99.400    1.389   12.525 6.00138e-03
   60    17.01667   -97.49250 36.41954     652.094     980.811  896.768  288.779  100.000    0.887   12.416 8.16967e-02
   61    17.03333   -97.49007 36.42287     686.217    1011.425  893.499  288.620  100.000    0.140   12.335 1.15072e-01
   62    17.05000   -97.48758 36.42614     678.603    1000.337  894.705  288.651   99.901   -0.919   12.314 2.84562e-02
   63    17.06667   -97.48524 36.42930     623.816     942.473  900.684  289.237   95.950   -1.682   12.200 0.00000e+00
   64    17.08333   -97.48325 36.43231     539.580     858.407  909.630  290.093   91.233   -1.793   12.133 0.00000e+00
   65    17.10000   -97.48155 36.43510     460.430     778.915  918.212  290.834   88.089   -1.550   12.166 0.00000e+00
   66    17.11667   -97.47994 36.43770     396.561     713.589  925.296  291.430   85.877   -1.205   12.223 0.00000e+00
   67    17.13333   -97.47831 36.44017     348.406     663.635  930.542  291.904   83.815   -0.868   12.223 0.00000e+00
   68    17.15000   -97.47672 36.44258     313.296     627.684  934.475  292.254   82.402   -0.474   12.233 0.00000e+00
   69    17.16667   -97.47529 36.44495     294.796     608.383  936.591  292.444   81.692   -0.143   12.245 0.00000e+00
   70    17.18333   -97.47408 36.44734     289.525     601.778  937.357  292.503   81.546    0.227   12.258 0.00000e+00
   71    17.20000   -97.47291 36.44974     291.957     602.533  937.262  292.480   81.780    0.501   12.277 0.00000e+00
   72    17.21667   -97.47173 36.45213     298.319     607.296  936.761  292.426   81.926    0.605   12.264 0.00000e+00
   73    17.23333   -97.47073 36.45449     309.541     617.027  935.616  292.306   82.117    0.543   12.215 0.00000e+00
   74    17.25000   -97.46986 36.45689     324.304     631.613  934.021  292.235   83.083    0.543   12.325 0.00000e+00
   75    17.26667   -97.46910 36.45942     332.980     640.744  933.023  292.348   84.004    0.401   12.564 0.00000e+00
   76    17.28333   -97.46860 36.46207     340.107     648.265  932.260  292.372   84.964    0.361   12.737 0.00000e+00
   77    17.30000   -97.46806 36.46459     339.746     647.941  932.300  292.352   84.744    0.315   12.688 0.00000e+00
   78    17.31667   -97.46738 36.46722     345.563     653.396  931.693  292.260   84.460    0.651   12.580 0.00000e+00
   79    17.33333   -97.46646 36.46983     386.819     694.216  927.303  291.766   86.482    1.064   12.546 0.00000e+00
   80    17.35000   -97.46537 36.47242     428.777     735.566  922.842  291.315   88.577    0.987   12.550 0.00000e+00
   81    17.36667   -97.46429 36.47509     470.132     776.289  918.443  290.916   90.915    1.156   12.619 0.00000e+00
   82    17.38333   -97.46309 36.47795     529.382     835.171  912.123  290.302   94.389    1.421   12.687 0.00000e+00
   83    17.40000   -97.46169 36.48087     594.087     899.325  905.364  289.678   97.719    1.267   12.715 0.00000e+00
   84    17.41667   -97.46011 36.48392     654.263     957.331  899.270  289.202  100.000    1.040   12.722 2.95172e-02
   85    17.43333   -97.45841 36.48714     707.644    1008.414  893.883  288.959  100.000    0.856   12.602 9.34261e-02
   86    17.45000   -97.45660 36.49044     745.968    1045.579  889.958  288.754  100.000    0.807   12.492 1.27880e-01
   87    17.46667   -97.45454 36.49367     765.148    1064.003  888.071  288.592  100.000    0.634   12.379 1.11402e-01
   88    17.48333   -97.45221 36.49684     769.550    1067.377  887.704  288.546  100.000    0.261   12.358 8.72500e-02
   89    17.50000   -97.44962 36.50009     752.778    1050.547  889.416  288.654   99.770   -0.335   12.373 4.31906e-02
   90    17.51667   -97.44691 36.50354     731.504    1030.807  891.398  288.891   97.108   -0.435   12.201 8.96261e-03
   91    17.53333   -97.44424 36.50702     725.254    1027.472  891.753  289.056   94.559   -0.139   12.004 0.00000e+00
   92    17.55000   -97.44172 36.51036     743.234    1048.002  889.637  288.954   93.744    0.260   11.851 0.00000e+00
   93    17.56667   -97.43932 36.51352     784.022    1091.375  885.083  288.535   95.832    0.843   11.853 7.82674e-04
   94    17.58333   -97.43694 36.51658     828.886    1138.935  880.133  288.078   98.236    0.602   11.862 3.12126e-03
   95    17.60000   -97.43462 36.51957     849.724    1162.156  877.763  287.865   99.107   -0.060   11.834 2.31878e-04
   96    17.61667   -97.43235 36.52251     836.427    1150.722  879.003  287.994   98.501   -0.544   11.844 0.00000e+00
   97    17.63333   -97.43027 36.52552     793.326    1108.912  883.330  288.407   96.355   -0.942   11.842 0.00000e+00
   98    17.65000   -97.42847 36.52869     725.065    1042.254  890.345  289.007   93.935   -1.190   11.906 0.00000e+00
   99    17.66667   -97.42686 36.53206     653.428     969.947  898.041  289.641   91.877   -1.121   12.025 0.00000e+00
  100    17.68333   -97.42535 36.53555     593.203     907.560  904.605  290.196   89.876   -1.001   12.099 0.00000e+00
  101    17.70000   -97.42379 36.53903     545.111     857.322  909.895  290.654   87.962   -0.757   12.121 0.00000e+00
  102    17.71667   -97.42222 36.54238     513.804     823.744  913.466  290.976   86.436   -0.471   12.110 0.00000e+00
  103    17.73333   -97.42066 36.54564     489.984     798.415  916.109  291.225   85.168   -0.265   12.087 0.00000e+00
  104    17.75000   -97.41921 36.54887     467.899     777.939  918.211  291.436   83.884   -0.153   12.037 0.00000e+00
  105    17.76667   -97.41781 36.55206     445.877     758.598  920.302  291.603   83.406   -0.224   12.068 0.00000e+00
  106    17.78333   -97.41646 36.55516     422.670     737.447  922.647  291.792   82.650   -0.470   12.071 0.00000e+00
  107    17.80000   -97.41521 36.55819     397.570     712.509  925.320  292.029   81.780   -0.689   12.089 0.00000e+00
  108    17.81667   -97.41420 36.56117     370.172     684.975  928.367  292.343   80.350   -0.667   12.075 0.00000e+00
  109    17.83333   -97.41351 36.56405     344.018     658.791  931.128  292.624   79.000   -0.450   12.047 0.00000e+00
  110    17.85000   -97.41309 36.56680     325.377     640.759  932.974  292.805   78.248   -0.281   12.044 0.00000e+00
  111    17.86667   -97.41280 36.56943     313.996     630.168  934.130  292.915   78.028   -0.277   12.079 0.00000e+00
  112    17.88333   -97.41247 36.57181     301.042     618.053  935.432  293.052   77.646   -0.339   12.106 0.00000e+00
  113    17.90000   -97.41202 36.57403     283.340     601.181  937.259  293.212   77.020   -0.400   12.105 0.00000e+00
  114    17.91667   -97.41151 36.57611     259.447     578.066  939.729  293.429   76.113   -0.566   12.094 0.00000e+00
  115    17.93333   -97.41090 36.57811     228.177     547.607  943.062  293.721   75.043   -0.644   12.100 0.00000e+00
  116    17.95000   -97.41016 36.58002     192.398     512.608  946.906  294.061   73.755   -0.694   12.096 0.00000e+00
  117    17.96667   -97.40932 36.58189     153.854     474.607  951.020  294.412   72.676   -0.615   12.129 0.00000e+00
  118    17.98333   -97.40836 36.58363     113.964     435.261  955.347  294.803   71.456   -0.581   12.162 0.00000e+00
  119    18.00000   -97.40721 36.58522      82.590     404.496  958.735  295.114   70.460   -0.495   12.181 0.00000e+00
  120    18.01667   -97.40591 36.58670      59.414     382.028  961.225  295.347   69.684   -0.421   12.189 0.00000e+00
  121    18.03333   -97.40440 36.58809      39.979     363.402  963.295  295.507   69.155   -0.383   12.190 0.00000e+00
  122    18.05000   -97.40273 36.58936      23.710     348.033  964.982  295.822   68.373   -0.149   12.266 0.00000e+00
  123    18.06667   -97.40118 36.59038      23.379     348.508  964.907  296.091   68.358    0.132   12.468 0.00000e+00
  124    18.08333   -97.39987 36.59132      36.010     361.836  963.395  296.122   68.932    0.322   12.617 0.00000e+00
  125    18.10000   -97.39868 36.59233      56.682     383.174  961.110  295.911   69.716    0.400   12.627 0.00000e+00
  126    18.11667   -97.39787 36.59345      96.777     423.830  956.576  295.511   71.342    1.054   12.668 0.00000e+00
  127    18.13333   -97.39742 36.59467     198.100     525.615  945.407  294.456   75.072    2.543   12.638 0.00000e+00
  128    18.15000   -97.39678 36.59581     364.266     692.297  927.385  292.723   81.584    2.786   12.570 0.00000e+00
  129    18.16667   -97.39565 36.59691     518.790     847.438  910.830  291.224   88.122    1.979   12.579 0.00000e+00
  130    18.18333   -97.39401 36.59809     606.881     936.221  901.458  290.357   92.667    0.976   12.648 0.00000e+00
  131    18.20000   -97.39204 36.59951     626.671     956.839  899.271  290.167   91.965   -0.088   12.431 0.00000e+00
  132    18.21667   -97.39010 36.60125     591.384     922.612  902.905  290.480   89.971   -0.921   12.357 0.00000e+00
  133    18.23333   -97.38855 36.60316     521.976     854.364  910.076  291.115   86.771   -1.535   12.310 0.00000e+00
  134    18.25000   -97.38760 36.60519     424.348     757.614  920.417  292.090   81.815   -1.846   12.206 0.00000e+00
  135    18.26667   -97.38740 36.60735     318.881     651.736  931.766  293.141   77.093   -1.760   12.135 0.00000e+00
  136    18.28333   -97.38772 36.60963     229.511     561.574  941.501  294.021   73.627   -1.253   12.115 0.00000e+00
  137    18.30000   -97.38828 36.61197     170.349     501.407  948.064  294.612   71.464   -0.763   12.113 0.00000e+00
  138    18.31667   -97.38895 36.61433     140.504     469.516  951.607  294.911   70.663   -0.345   12.156 0.00000e+00
  139    18.33333   -97.38957 36.61661     132.519     458.491  952.840  295.040   69.953    0.077   12.114 0.00000e+00
  140    18.35000   -97.38999 36.61887     147.410     470.666  951.502  294.935   70.231    0.431   12.100 0.00000e+00
  141    18.36667   -97.39036 36.62106     192.975     513.717  946.826  294.706   71.421    1.415   12.193 0.00000e+00
  142    18.38333   -97.39085 36.62319     293.854     612.821  936.060  293.909   74.674    1.918   12.274 0.00000e+00
  143    18.40000   -97.39137 36.62545     399.862     717.414  924.753  292.909   78.581    1.366   12.284 0.00000e+00
  144    18.41667   -97.39175 36.62798     443.075     759.194  920.340  292.545   80.014   -0.214   12.285 0.00000e+00
  145    18.43333   -97.39149 36.63078     412.037     726.448  923.853  292.888   78.351   -0.833   12.244 0.00000e+00
  146    18.45000   -97.39056 36.63354     374.318     686.751  928.110  293.217   76.759   -0.529   12.188 0.00000e+00
  147    18.46667   -97.38950 36.63609     356.532     667.049  930.268  293.460   75.237    0.230   12.101 0.00000e+00
  148    18.48333   -97.38852 36.63852     377.139     685.963  928.171  293.288   75.614    0.660   12.059 0.00000e+00
  149    18.50000   -97.38775 36.64094     430.830     738.788  922.515  292.805   77.392    1.210   12.049 0.00000e+00
  150    18.51667   -97.38716 36.64337     482.690     789.943  917.040  292.234   79.741    0.817   12.050 0.00000e+00
  151    18.53333   -97.38669 36.64584     524.531     831.025  912.672  291.817   81.505    0.663   12.054 0.00000e+00
  152    18.55000   -97.38619 36.64830     554.945     860.410  909.534  291.539   82.540    0.472   12.036 0.00000e+00
  153    18.56667   -97.38564 36.65078     574.784     878.981  907.570  291.365   83.088    0.326   12.009 0.00000e+00
  154    18.58333   -97.38512 36.65320     589.230     892.183  906.209  291.263   83.060    0.323   11.946 0.00000e+00
  155    18.60000   -97.38461 36.65550     608.210     910.148  904.286  291.135   82.868    0.712   11.847 0.00000e+00
  156    18.61667   -97.38422 36.65766     644.800     946.402  900.497  290.938   84.295    1.182   11.952 0.00000e+00
  157    18.63333   -97.38403 36.65976     687.504     988.781  896.019  290.589   86.405    0.958   12.043 0.00000e+00
  158    18.65000   -97.38380 36.66165     707.532    1008.496  893.992  290.404   87.101    0.394   12.025 0.00000e+00
  159    18.66667   -97.38332 36.66346     705.186    1005.863  894.249  290.398   86.402   -0.232   11.920 0.00000e+00
  160    18.68333   -97.38264 36.66512     677.857     978.412  897.130  290.677   84.271   -1.041   11.796 0.00000e+00
  161    18.70000   -97.38165 36.66680     623.864     924.306  902.782  291.221   81.685   -1.510   11.762 0.00000e+00
  162    18.71667   -97.38039 36.66861     559.658     859.946  909.579  291.859   79.285   -1.522   11.797 0.00000e+00
  163    18.73333   -97.37893 36.67050     495.485     795.602  916.401  292.491   76.870   -1.173   11.813 0.00000e+00
  164    18.75000   -97.37756 36.67245     441.781     741.746  922.123  293.008   74.808   -0.845   11.801 0.00000e+00
  165    18.76667   -97.37624 36.67440     394.451     694.444  927.201  293.437   73.155   -0.974   11.789 0.00000e+00
  166    18.78333   -97.37496 36.67648     339.995     640.256  932.972  293.974   71.392   -1.151   11.821 0.00000e+00
  167    18.80000   -97.37387 36.67883     290.651     591.423  938.240  294.482   69.431   -0.735   11.798 0.00000e+00
  168    18.81667   -97.37316 36.68137     253.590     554.727  942.215  294.907   67.976   -0.543   11.808 0.00000e+00
  169    18.83333   -97.37324 36.68380     251.157     552.231  942.481  294.911   68.091    0.606   11.828 0.00000e+00
  170    18.85000   -97.37362 36.68595     330.741     631.755  933.930  294.249   70.260    2.206   11.823 0.00000e+00
  171    18.86667   -97.37376 36.68806     473.843     774.850  918.583  292.898   74.985    2.602   11.793 0.00000e+00
  172    18.88333   -97.37348 36.69018     612.043     913.159  903.943  291.579   79.881    2.278   11.751 0.00000e+00
  173    18.90000   -97.37280 36.69254     730.453    1031.764  891.501  290.424   84.288    1.888   11.684 0.00000e+00
  174    18.91667   -97.37176 36.69513     841.204    1142.804  879.992  289.349   89.162    1.832   11.689 0.00000e+00
  175    18.93333   -97.37039 36.69786     945.832    1248.103  869.113  288.330   93.933    1.681   11.676 0.00000e+00
  176    18.95000   -97.36862 36.70047    1041.141    1344.795  859.240  287.410   98.722    1.396   11.693 0.00000e+00
  177    18.96667   -97.36635 36.70271    1096.286    1401.524  853.544  287.036  100.000    0.460   11.656 5.85502e-02
  178    18.98333   -97.36391 36.70490    1094.615    1401.580  853.516  287.034   98.921   -0.646   11.510 2.30916e-02
