    0    16.01667   -97.53786 36.25212     106.314     458.445  952.870  292.524   86.497    0.692   12.806 0.00000e+00
    1    16.03333   -97.53825 36.25526     133.660     485.878  949.763  292.207   87.763    0.712   12.779 0.00000e+00
    2    16.05000   -97.53858 36.25845     144.078     496.534  948.605  292.097   88.206    0.181   12.770 0.00000e+00
    3    16.06667   -97.53881 36.26167     137.299     490.165  949.317  292.158   87.911   -0.125   12.767 0.00000e+00
    4    16.08333   -97.53888 36.26482     126.314     479.967  950.428  292.317   87.330   -0.138   12.795 0.00000e+00
    5    16.10000   -97.53875 36.26796     114.294     469.124  951.659  292.542   86.589   -0.238   12.851 0.00000e+00
    6    16.11667   -97.53858 36.27124     103.061     459.072  952.791  292.695   85.961   -0.153   12.865 0.00000e+00
    7    16.13333   -97.53872 36.27453     116.889     472.877  951.291  292.590   86.384    0.601   12.864 0.00000e+00
    8    16.15000   -97.53893 36.27757     171.604     527.399  945.292  292.120   88.585    1.318   12.890 0.00000e+00
    9    16.16667   -97.53893 36.28036     242.925     598.434  937.561  291.451   91.880    1.443   12.922 0.00000e+00
   10    16.18333   -97.53834 36.28326     303.431     657.636  931.152  290.866   94.925    0.938   12.953 0.00000e+00
   11    16.20000   -97.53712 36.28630     328.827     681.721  928.550  290.645   95.561   -0.828   12.894 0.00000e+00
   12    16.21667   -97.53544 36.28934     294.726     646.890  932.276  291.007   93.049   -1.708   12.796 0.00000e+00
   13    16.23333   -97.53397 36.29224     237.070     588.878  938.565  291.563   90.008   -1.224   12.735 0.00000e+00
   14    16.25000   -97.53299 36.29479     203.230     554.538  942.309  291.873   88.414   -0.608   12.706 0.00000e+00
   15    16.26667   -97.53207 36.29707     192.194     543.229  943.515  292.008   88.087   -0.332   12.750 0.00000e+00
   16    16.28333   -97.53104 36.29947     192.394     543.764  943.481  292.032   88.177   -0.258   12.784 0.00000e+00
   17    16.30000   -97.52996 36.30220     183.098     534.669  944.483  292.154   87.756   -0.185   12.807 0.00000e+00
   18    16.31667   -97.52914 36.30511     167.294     518.550  946.343  292.335   87.008   -0.031   12.818 0.00000e+00
   19    16.33333   -97.52867 36.30813     165.160     513.804  946.877  292.394   86.679    0.318   12.810 0.00000e+00
   20    16.35000   -97.52826 36.31127     185.366     530.913  944.998  292.224   87.442    0.637   12.810 0.00000e+00
   21    16.36667   -97.52772 36.31454     214.502     557.411  941.978  291.947   88.685    0.555   12.809 0.00000e+00
   22    16.38333   -97.52718 36.31789     237.356     578.987  939.695  291.736   89.692    0.408   12.814 0.00000e+00
   23    16.40000   -97.52670 36.32132     254.783     594.701  937.990  291.584   90.360    0.295   12.810 0.00000e+00
   24    16.41667   -97.52628 36.32485     274.331     615.409  935.750  291.371   91.336    0.207   12.806 0.00000e+00
   25    16.43333   -97.52573 36.32841     301.637     644.041  932.663  291.092   92.538    0.322   12.790 0.00000e+00
   26    16.45000   -97.52500 36.33186     335.131     678.264  928.944  290.750   94.267    0.544   12.799 0.00000e+00
   27    16.46667   -97.52423 36.33513     362.126     706.182  925.856  290.462   95.654    0.353   12.794 0.00000e+00
   28    16.48333   -97.52338 36.33823     374.631     720.056  924.347  290.336   96.214   -0.067   12.787 0.00000e+00
   29    16.50000   -97.52261 36.34118     380.387     726.437  923.725  290.298   96.281   -0.250   12.774 0.00000e+00
   30    16.51667   -97.52205 36.34416     387.026     733.151  923.056  290.266   96.287    0.184   12.758 0.00000e+00
   31    16.53333   -97.52173 36.34715     393.695     739.267  922.518  290.215   96.698    0.608   12.778 0.00000e+00
   32    16.55000   -97.52147 36.35013     410.584     753.210  921.005  290.058   97.428    0.289   12.768 0.00000e+00
   33    16.56667   -97.52113 36.35303     419.772     759.369  920.333  289.998   97.640    0.089   12.756 0.00000e+00
   34    16.58333   -97.52090 36.35593     419.958     756.679  920.575  290.047   97.410   -0.099   12.762 0.00000e+00
   35    16.60000   -97.52072 36.35870     413.708     747.996  921.527  290.151   96.869   -0.251   12.762 0.00000e+00
   36    16.61667   -97.52063 36.36130     407.055     739.182  922.456  290.234   96.390   -0.165   12.754 0.00000e+00
   37    16.63333   -97.52054 36.36375     397.166     727.344  923.690  290.344   95.794   -0.261   12.747 0.00000e+00
   38    16.65000   -97.52025 36.36618     375.163     703.641  926.230  290.583   94.526   -0.390   12.736 0.00000e+00
   39    16.66667   -97.51988 36.36869     345.069     671.874  929.672  290.911   92.861   -0.684   12.728 0.00000e+00
   40    16.68333   -97.51956 36.37131     315.670     640.953  932.929  291.224   91.280   -1.035   12.717 0.00000e+00
   41    16.70000   -97.51920 36.37407     273.463     600.635  937.241  291.613   89.460   -1.280   12.716 0.00000e+00
   42    16.71667   -97.51880 36.37688     212.402     542.296  943.600  292.173   86.959   -1.175   12.718 0.00000e+00
   43    16.73333   -97.51852 36.37956     157.355     489.863  949.378  292.687   84.766   -0.799   12.726 0.00000e+00
   44    16.75000   -97.51833 36.38211     122.332     456.506  953.122  293.043   83.311   -0.543   12.739 0.00000e+00
   45    16.76667   -97.51811 36.38457     103.562     439.086  955.094  293.254   82.492   -0.196   12.755 0.00000e+00
   46    16.78333   -97.51781 36.38693      97.168     433.940  955.614  293.374   82.092    0.099   12.781 0.00000e+00
   47    16.80000   -97.51762 36.38924      99.775     437.835  955.142  293.371   82.084    0.462   12.784 0.00000e+00
   48    16.81667   -97.51752 36.39159     118.608     458.135  952.915  293.233   82.697    0.858   12.799 0.00000e+00
   49    16.83333   -97.51758 36.39400     163.174     504.225  947.872  292.862   84.325    1.483   12.819 0.00000e+00
   50    16.85000   -97.51775 36.39636     224.786     567.322  940.932  292.297   86.773    1.364   12.826 0.00000e+00
   51    16.86667   -97.51787 36.39864     273.263     616.845  935.526  291.837   88.891    1.119   12.839 0.00000e+00
   52    16.88333   -97.51785 36.40108     306.124     650.708  931.868  291.531   90.204    0.760   12.829 0.00000e+00
   53    16.90000   -97.51765 36.40395     328.892     674.696  929.222  291.314   91.144    0.820   12.823 0.00000e+00
   54    16.91667   -97.51721 36.40736     337.334     683.581  928.327  291.232   91.412    0.356   12.806 0.00000e+00
   55    16.93333   -97.51646 36.41116     325.523     671.516  929.646  291.345   90.826   -0.254   12.797 0.00000e+00
   56    16.95000   -97.51554 36.41491     300.868     645.104  932.585  291.585   89.639   -0.487   12.783 0.00000e+00
   57    16.96667   -97.51449 36.41845     277.963     618.556  935.557  291.848   88.288   -0.515   12.760 0.00000e+00
   58    16.98333   -97.51344 36.42180     259.260     596.035  937.960  292.066   87.120   -0.378   12.733 0.00000e+00
   59    17.00000   -97.51242 36.42499     248.871     582.766  939.423  292.190   86.334   -0.109   12.696 0.00000e+00
   60    17.01667   -97.51139 36.42806     249.810     581.164  939.629  292.203   86.169    0.113   12.680 0.00000e+00
   61    17.03333   -97.51038 36.43109     256.677     586.765  938.906  292.155   86.223    0.211   12.660 0.00000e+00
   62    17.05000   -97.50938 36.43408     264.630     595.433  937.946  292.075   86.446    0.179   12.641 0.00000e+00
   63    17.06667   -97.50848 36.43711     261.607     592.855  938.300  292.113   86.250    0.060   12.639 0.00000e+00
   64    17.08333   -97.50775 36.44019     249.111     579.971  939.717  292.286   85.450   -0.104   12.639 0.00000e+00
   65    17.10000   -97.50725 36.44331     233.344     563.612  941.492  292.472   84.699   -0.117   12.651 0.00000e+00
   66    17.11667   -97.50696 36.44639     223.960     553.855  942.567  292.602   84.256    0.081   12.673 0.00000e+00
   67    17.13333   -97.50681 36.44934     222.331     550.638  942.894  292.622   84.335    0.220   12.697 0.00000e+00
   68    17.15000   -97.50679 36.45217     221.522     548.183  943.163  292.631   84.499    0.142   12.725 0.00000e+00
   69    17.16667   -97.50691 36.45498     215.969     541.063  943.907  292.686   84.390    0.003   12.743 0.00000e+00
   70    17.18333   -97.50716 36.45783     206.380     530.542  945.045  292.785   84.044   -0.098   12.754 0.00000e+00
   71    17.20000   -97.50745 36.46074     195.008     518.375  946.354  292.907   83.506   -0.256   12.752 0.00000e+00
   72    17.21667   -97.50774 36.46372     178.891     501.500  948.273  293.098   82.529   -0.481   12.728 0.00000e+00
   73    17.23333   -97.50807 36.46677     156.914     478.658  950.740  293.336   81.426   -0.502   12.713 0.00000e+00
   74    17.25000   -97.50848 36.46987     135.583     456.256  953.164  293.569   80.391   -0.412   12.703 0.00000e+00
   75    17.26667   -97.50908 36.47303     112.692     431.960  955.777  293.815   79.331   -0.272   12.694 0.00000e+00
   76    17.28333   -97.50996 36.47630      91.492     409.230  958.297  294.069   78.330   -0.150   12.699 0.00000e+00
   77    17.30000   -97.51108 36.47952      78.223     394.542  959.927  294.278   77.612   -0.002   12.726 0.00000e+00
   78    17.31667   -97.51226 36.48257      71.078     385.710  960.978  294.462   76.893   -0.075   12.738 0.00000e+00
   79    17.33333   -97.51352 36.48543      61.312     374.511  962.204  294.628   76.227   -0.276   12.742 0.00000e+00
   80    17.35000   -97.51494 36.48813      52.535     364.636  963.254  294.788   75.643   -0.108   12.755 0.00000e+00
   81    17.36667   -97.51638 36.49076      56.958     369.701  962.718  295.065   75.125    0.382   12.895 0.00000e+00
   82    17.38333   -97.51768 36.49332      85.658     399.549  959.402  295.074   75.583    0.759   13.025 0.00000e+00
   83    17.40000   -97.51862 36.49615     134.560     449.775  953.912  294.569   77.436    1.122   13.010 0.00000e+00
   84    17.41667   -97.51920 36.49929     201.052     517.066  946.472  293.763   80.278    1.329   12.930 0.00000e+00
   85    17.43333   -97.51940 36.50251     273.178     589.692  938.533  292.939   83.382    1.281   12.866 0.00000e+00
   86    17.45000   -97.51939 36.50556     333.246     649.368  932.179  292.299   85.943    1.087   12.826 0.00000e+00
   87    17.46667   -97.51910 36.50834     376.995     689.699  927.825  291.855   87.830    0.737   12.806 0.00000e+00
   88    17.48333   -97.51862 36.51088     395.544     704.980  926.238  291.682   88.505    0.420   12.786 0.00000e+00
   89    17.50000   -97.51796 36.51320     396.133     702.650  926.406  291.657   88.398   -0.030   12.748 0.00000e+00
   90    17.51667   -97.51702 36.51548     381.037     686.079  928.134  291.802   87.636   -0.435   12.731 0.00000e+00
   91    17.53333   -97.51586 36.51778     343.855     647.880  932.227  292.189   85.773   -0.911   12.712 0.00000e+00
   92    17.55000   -97.51485 36.52002     284.471     587.802  938.716  292.778   83.109   -1.186   12.693 0.00000e+00
   93    17.56667   -97.51433 36.52208     223.703     527.004  945.258  293.370   80.554   -1.103   12.677 0.00000e+00
   94    17.58333   -97.51430 36.52405     186.835     491.421  949.124  293.723   79.149   -0.509   12.681 0.00000e+00
   95    17.60000   -97.51447 36.52604     172.392     478.314  950.538  293.854   78.530    0.175   12.666 0.00000e+00
   96    17.61667   -97.51450 36.52818     171.268     478.636  950.595  293.865   78.411    0.244   12.654 0.00000e+00
   97    17.63333   -97.51432 36.53048     167.842     476.596  950.825  293.895   78.235    0.026   12.647 0.00000e+00
   98    17.65000   -97.51393 36.53289     153.120     462.581  952.392  294.043   77.610   -0.276   12.641 0.00000e+00
   99    17.66667   -97.51331 36.53537     123.748     433.758  955.560  294.338   76.383   -0.628   12.629 0.00000e+00
  100    17.68333   -97.51248 36.53785      84.505     394.789  959.899  294.731   74.744   -0.947   12.604 0.00000e+00
  101    17.70000   -97.51159 36.54021      45.297     355.882  964.129  295.159   72.803   -0.688   12.550 0.00000e+00
  102    17.71667   -97.51056 36.54220      21.526     332.626  966.684  295.643   71.101   -0.243   12.593 0.00000e+00
  103    17.73333   -97.50923 36.54350      14.323     326.043  967.370  295.859   70.476   -0.007   12.641 0.00000e+00
  104    17.75000   -97.50783 36.54436      16.400     328.670  967.077  295.949   70.453    0.091   12.710 0.00000e+00
  105    17.76667   -97.50700 36.54526      29.184     341.864  965.578  296.019   70.317    0.389   12.760 0.00000e+00
  106    17.78333   -97.50669 36.54661      66.951     380.058  961.327  295.532   71.473    1.099   12.644 0.00000e+00
  107    17.80000   -97.50700 36.54846     132.547     446.423  953.992  294.717   74.124    0.658   12.567 0.00000e+00
  108    17.81667   -97.50790 36.55037     120.337     434.916  955.205  294.813   73.583   -1.100   12.533 0.00000e+00
  109    17.83333   -97.50814 36.55135      67.189     382.182  961.079  295.296   71.642   -0.651   12.495 0.00000e+00
  110    17.85000   -97.50774 36.55163      41.810     357.030  963.855  295.553   70.681   -0.194   12.487 0.00000e+00
  111    17.86667   -97.50694 36.55173      37.598     353.064  964.312  295.684   70.452    0.026   12.541 0.00000e+00
  112    17.88333   -97.50616 36.55222      45.421     361.306  963.438  295.812   70.403    0.339   12.643 0.00000e+00
  113    17.90000   -97.50548 36.55343      55.172     371.810  962.261  295.620   70.454   -0.011   12.519 0.00000e+00
  114    17.91667   -97.50475 36.55494      57.717     375.210  961.896  295.623   70.410    0.020   12.518 0.00000e+00
  115    17.93333   -97.50393 36.55651      62.271     380.383  961.316  295.621   70.399    0.131   12.523 0.00000e+00
  116    17.95000   -97.50308 36.55817      77.832     396.585  959.492  295.428   70.925    0.294   12.491 0.00000e+00
  117    17.96667   -97.50211 36.55993     102.959     422.549  956.633  295.226   71.692    0.553   12.508 0.00000e+00
  118    17.98333   -97.50095 36.56178     142.970     463.561  952.119  294.856   72.983    0.845   12.505 0.00000e+00
  119    18.00000   -97.49983 36.56367     196.772     518.404  946.076  294.288   74.812    0.891   12.455 0.00000e+00
  120    18.01667   -97.49895 36.56556     246.610     569.327  940.560  293.793   76.503    0.669   12.424 0.00000e+00
  121    18.03333   -97.49807 36.56736     274.823     598.616  937.365  293.492   77.468    0.419   12.389 0.00000e+00
  122    18.05000   -97.49700 36.56911     293.517     618.447  935.237  293.316   78.004    0.322   12.367 0.00000e+00
  123    18.06667   -97.49584 36.57077     308.584     634.679  933.541  293.186   78.490    0.313   12.366 0.00000e+00
  124    18.08333   -97.49463 36.57235     327.957     654.771  931.358  293.004   79.239    0.465   12.372 0.00000e+00
  125    18.10000   -97.49339 36.57390     355.753     682.602  928.415  292.745   80.251    0.536   12.367 0.00000e+00
  126    18.11667   -97.49213 36.57546     383.913     710.644  925.411  292.471   81.416    0.425   12.373 0.00000e+00
  127    18.13333   -97.49087 36.57706     405.656     732.148  923.127  292.268   82.310    0.208   12.381 0.00000e+00
  128    18.15000   -97.48959 36.57880     420.424     746.531  921.607  292.147   82.837    0.005   12.387 0.00000e+00
  129    18.16667   -97.48833 36.58077     426.755     751.791  921.075  292.132   82.869   -0.234   12.387 0.00000e+00
  130    18.18333   -97.48714 36.58293     422.451     745.079  921.868  292.233   82.442   -0.455   12.391 0.00000e+00
  131    18.20000   -97.48605 36.58522     399.865     719.456  924.617  292.481   81.385   -0.914   12.387 0.00000e+00
  132    18.21667   -97.48488 36.58752     348.853     665.266  930.368  293.001   79.194   -1.216   12.375 0.00000e+00
  133    18.23333   -97.48348 36.58971     281.875     596.521  937.792  293.698   76.383   -1.202   12.368 0.00000e+00
  134    18.25000   -97.48187 36.59167     222.146     535.521  944.410  294.325   73.885   -0.933   12.351 0.00000e+00
  135    18.26667   -97.48006 36.59345     183.110     494.880  948.810  294.679   72.412   -0.790   12.315 0.00000e+00
  136    18.28333   -97.47820 36.59507     158.583     468.636  951.667  294.941   71.032   -0.427   12.241 0.00000e+00
  137    18.30000   -97.47643 36.59659     143.139     452.170  953.435  295.044   70.330   -0.382   12.175 0.00000e+00
  138    18.31667   -97.47490 36.59810     142.692     451.125  953.559  295.181   69.962    0.073   12.212 0.00000e+00
  139    18.33333   -97.47369 36.59964     161.053     468.815  951.661  295.086   70.314    0.151   12.226 0.00000e+00
  140    18.35000   -97.47285 36.60102     178.321     485.446  949.798  295.024   70.600    0.213   12.253 0.00000e+00
  141    18.36667   -97.47246 36.60217     210.533     517.134  946.350  294.875   71.290    0.717   12.305 0.00000e+00
  142    18.38333   -97.47266 36.60321     262.546     568.702  940.728  294.450   72.958    0.883   12.340 0.00000e+00
  143    18.40000   -97.47360 36.60437     330.540     636.299  933.420  293.868   75.333    0.957   12.386 0.00000e+00
  144    18.41667   -97.47483 36.60580     386.443     691.943  927.377  293.455   77.053    1.187   12.428 0.00000e+00
  145    18.43333   -97.47568 36.60746     417.427     722.762  924.054  293.100   78.232    0.342   12.386 0.00000e+00
  146    18.45000   -97.47591 36.60947     415.358     720.424  924.329  293.055   77.978   -0.170   12.307 0.00000e+00
  147    18.46667   -97.47560 36.61157     411.502     716.197  924.807  293.072   77.486   -0.025   12.236 0.00000e+00
  148    18.48333   -97.47520 36.61373     418.299     722.637  924.073  293.018   77.563   -0.065   12.218 0.00000e+00
  149    18.50000   -97.47487 36.61601     435.389     739.648  922.297  292.840   77.599    0.204   12.111 0.00000e+00
  150    18.51667   -97.47470 36.61836     463.878     768.093  919.289  292.558   78.567    0.446   12.087 0.00000e+00
  151    18.53333   -97.47453 36.62072     500.076     804.250  915.420  292.190   79.924    0.621   12.065 0.00000e+00
  152    18.55000   -97.47431 36.62309     532.887     837.009  911.943  291.859   81.344    0.554   12.072 0.00000e+00
  153    18.56667   -97.47412 36.62548     557.395     861.472  909.361  291.613   82.297    0.439   12.060 0.00000e+00
  154    18.58333   -97.47398 36.62785     577.287     881.328  907.274  291.420   83.072    0.548   12.053 0.00000e+00
  155    18.60000   -97.47382 36.63020     600.921     904.887  904.804  291.175   84.144    0.584   12.054 0.00000e+00
  156    18.61667   -97.47358 36.63249     613.888     917.555  903.468  291.058   84.666    0.115   12.057 0.00000e+00
  157    18.63333   -97.47323 36.63465     624.213     927.598  902.390  290.971   84.981    0.048   12.049 0.00000e+00
  158    18.65000   -97.47272 36.63661     642.901     946.057  900.451  290.808   85.529    0.130   12.028 0.00000e+00
  159    18.66667   -97.47208 36.63845     660.242     963.241  898.653  290.685   85.597    0.056   11.968 0.00000e+00
  160    18.68333   -97.47144 36.64028     668.836     971.702  897.732  290.623   85.675   -0.071   11.944 0.00000e+00
  161    18.70000   -97.47085 36.64217     670.778     973.451  897.563  290.654   85.408   -0.212   11.933 0.00000e+00
  162    18.71667   -97.47026 36.64413     676.063     978.490  897.022  290.653   85.231   -0.167   11.914 0.00000e+00
  163    18.73333   -97.46962 36.64611     682.980     985.194  896.329  290.602   85.501   -0.033   11.923 0.00000e+00
  164    18.75000   -97.46878 36.64809     685.113     987.454  896.044  290.624   85.488   -0.171   11.941 0.00000e+00
  165    18.76667   -97.46768 36.65009     681.774     984.454  896.393  290.692   85.227   -0.259   11.951 0.00000e+00
  166    18.78333   -97.46646 36.65188     675.974     978.886  896.983  290.766   84.882   -0.113   11.952 0.00000e+00
  167    18.80000   -97.46514 36.65338     672.412     975.424  897.333  290.820   84.615   -0.155   11.950 0.00000e+00
  168    18.81667   -97.46381 36.65462     660.838     963.875  898.516  290.952   83.950   -0.348   11.940 0.00000e+00
  169    18.83333   -97.46259 36.65572     635.714     938.954  901.149  291.210   82.849   -0.531   11.943 0.00000e+00
  170    18.85000   -97.46156 36.65688     605.259     908.909  904.289  291.509   81.632   -0.565   11.951 0.00000e+00
  171    18.86667   -97.46078 36.65819     570.228     874.282  907.948  291.846   80.153   -0.555   11.938 0.00000e+00
  172    18.88333   -97.46018 36.65962     533.080     837.511  911.830  292.205   78.561   -0.556   11.917 0.00000e+00
  173    18.90000   -97.45982 36.66107     487.407     792.207  916.665  292.654   76.521   -0.800   11.877 0.00000e+00
  174    18.91667   -97.45978 36.66245     433.794     739.014  922.368  293.188   74.281   -0.816   11.848 0.00000e+00
  175    18.93333   -97.45999 36.66378     376.949     682.385  928.416  293.741   72.005   -0.884   11.810 0.00000e+00
  176    18.95000   -97.46033 36.66512     319.003     624.283  934.685  294.319   69.804   -0.980   11.787 0.00000e+00
  177    18.96667   -97.46074 36.66652     251.904     556.983  941.975  294.985   67.587   -1.265   11.800 0.00000e+00
  178    18.98333   -97.46137 36.66801     173.494     478.323  950.484  295.747   65.039   -1.299   11.794 0.00000e+00
