    0    16.01667   -97.42911 36.21350     106.674     477.657  950.972  292.480   86.947    0.616   12.863 0.00000e+00
    1    16.03333   -97.42822 36.21701     143.168     514.228  946.915  292.135   88.558    0.639   12.875 0.00000e+00
    2    16.05000   -97.42725 36.22070     178.664     550.151  942.943  291.767   90.115    0.633   12.856 0.00000e+00
    3    16.06667   -97.42628 36.22454     213.818     586.776  938.950  291.378   91.702    0.550   12.819 0.00000e+00
    4    16.08333   -97.42534 36.22847     246.616     621.225  935.209  291.026   93.199    0.370   12.792 0.00000e+00
    5    16.10000   -97.42447 36.23248     269.193     644.375  932.743  290.822   94.168    0.027   12.792 0.00000e+00
    6    16.11667   -97.42374 36.23650     275.385     650.631  932.089  290.790   94.305   -0.227   12.794 0.00000e+00
    7    16.13333   -97.42316 36.24047     265.357     639.078  933.327  290.908   93.566   -0.268   12.772 0.00000e+00
    8    16.15000   -97.42259 36.24427     246.278     617.421  935.648  291.125   92.502   -0.349   12.770 0.00000e+00
    9    16.16667   -97.42206 36.24792     219.156     588.387  938.817  291.373   91.295   -0.417   12.759 0.00000e+00
   10    16.18333   -97.42151 36.25137     194.010     561.858  941.725  291.594   90.268   -0.246   12.754 0.00000e+00
   11    16.20000   -97.42098 36.25464     174.992     541.333  944.091  291.770   89.484   -0.118   12.752 0.00000e+00
   12    16.21667   -97.42046 36.25783     165.758     526.819  945.775  291.917   88.644   -0.076   12.727 0.00000e+00
   13    16.23333   -97.41991 36.26096     157.530     512.866  947.308  292.040   88.034   -0.027   12.717 0.00000e+00
   14    16.25000   -97.41935 36.26402     150.187     501.068  948.413  292.161   87.322   -0.177   12.696 0.00000e+00
   15    16.26667   -97.41881 36.26709     138.519     488.659  949.827  292.300   86.621   -0.180   12.686 0.00000e+00
   16    16.28333   -97.41824 36.27015     129.314     478.375  951.027  292.413   86.025   -0.212   12.672 0.00000e+00
   17    16.30000   -97.41763 36.27319     120.577     468.901  951.988  292.510   85.553   -0.224   12.667 0.00000e+00
   18    16.31667   -97.41696 36.27625     111.568     459.898  953.006  292.597   85.089   -0.283   12.653 0.00000e+00
   19    16.33333   -97.41631 36.27932      98.480     446.911  954.443  292.727   84.484   -0.304   12.647 0.00000e+00
   20    16.35000   -97.41563 36.28235      84.339     431.931  956.168  292.881   83.753   -0.307   12.636 0.00000e+00
   21    16.36667   -97.41505 36.28534      67.715     413.883  958.227  293.078   82.942   -0.220   12.642 0.00000e+00
   22    16.38333   -97.41460 36.28835      54.701     399.141  959.907  293.259   82.292   -0.155   12.663 0.00000e+00
   23    16.40000   -97.41426 36.29142      44.819     386.564  961.307  293.440   81.677   -0.138   12.693 0.00000e+00
   24    16.41667   -97.41413 36.29451      36.173     375.493  962.490  293.614   81.099   -0.159   12.725 0.00000e+00
   25    16.43333   -97.41423 36.29758      27.560     363.780  963.870  293.866   80.321   -0.142   12.784 0.00000e+00
   26    16.45000   -97.41452 36.30042      21.220     352.373  965.069  294.120   79.611   -0.093   12.856 0.00000e+00
   27    16.46667   -97.41492 36.30305      17.587     343.896  966.008  294.317   78.877   -0.047   12.882 0.00000e+00
   28    16.48333   -97.41528 36.30550      15.274     337.734  966.465  294.418   78.685   -0.018   12.925 0.00000e+00
   29    16.50000   -97.41559 36.30788      14.333     336.339  966.633  294.515   78.486   -0.017   12.968 0.00000e+00
   30    16.51667   -97.41592 36.31001      13.580     335.273  966.755  294.565   78.406    0.001   12.993 0.00000e+00
   31    16.53333   -97.41640 36.31192      13.506     334.950  966.760  294.604   78.369    0.029   13.018 0.00000e+00
   32    16.55000   -97.41685 36.31377      15.240     336.960  966.478  294.635   78.326    0.071   13.040 0.00000e+00
   33    16.56667   -97.41724 36.31567      20.349     343.817  965.716  294.587   78.499    0.111   13.040 0.00000e+00
   34    16.58333   -97.41759 36.31782      26.754     352.261  964.787  294.460   78.802    0.140   13.001 0.00000e+00
   35    16.60000   -97.41789 36.32027      36.355     364.234  963.439  294.289   79.317    0.227   12.965 0.00000e+00
   36    16.61667   -97.41827 36.32285      55.604     384.472  961.406  294.068   80.087    0.489   12.941 0.00000e+00
   37    16.63333   -97.41865 36.32564      82.583     410.271  958.464  293.631   81.395    0.335   12.839 0.00000e+00
   38    16.65000   -97.41898 36.32855     111.649     438.112  955.380  293.326   82.625    0.552   12.828 0.00000e+00
   39    16.66667   -97.41911 36.33142     162.355     486.850  950.088  292.928   84.400    1.030   12.854 0.00000e+00
   40    16.68333   -97.41908 36.33426     225.452     547.220  943.411  292.340   86.864    1.267   12.841 0.00000e+00
   41    16.70000   -97.41884 36.33713     288.605     607.581  936.825  291.745   89.329    1.277   12.809 0.00000e+00
   42    16.71667   -97.41829 36.33976     337.072     653.419  931.829  291.283   91.441    0.742   12.803 0.00000e+00
   43    16.73333   -97.41722 36.34230     351.201     664.844  930.614  291.189   91.800   -0.335   12.794 0.00000e+00
   44    16.75000   -97.41583 36.34507     327.658     638.290  933.496  291.480   89.941   -1.044   12.729 0.00000e+00
   45    16.76667   -97.41454 36.34803     286.371     595.895  937.899  291.897   87.576   -1.246   12.665 0.00000e+00
   46    16.78333   -97.41328 36.35112     237.003     548.714  942.962  292.379   85.185   -1.389   12.630 0.00000e+00
   47    16.80000   -97.41216 36.35449     177.403     492.338  949.078  292.993   82.650   -1.199   12.652 0.00000e+00
   48    16.81667   -97.41153 36.35815     131.631     451.197  953.601  293.410   81.020   -0.576   12.669 0.00000e+00
   49    16.83333   -97.41141 36.36191     120.196     444.399  954.366  293.469   80.814    0.147   12.674 0.00000e+00
   50    16.85000   -97.41152 36.36564     130.132     456.300  953.154  293.470   81.082    0.259   12.733 0.00000e+00
   51    16.86667   -97.41170 36.36921     135.909     462.494  952.473  293.444   81.300   -0.042   12.756 0.00000e+00
   52    16.88333   -97.41188 36.37263     134.325     461.548  952.606  293.458   81.285   -0.107   12.763 0.00000e+00
   53    16.90000   -97.41196 36.37591     132.490     460.919  952.702  293.462   81.331   -0.115   12.772 0.00000e+00
   54    16.91667   -97.41209 36.37904     127.770     457.390  953.132  293.496   81.241   -0.118   12.779 0.00000e+00
   55    16.93333   -97.41231 36.38199     122.434     451.785  953.833  293.556   81.012   -0.067   12.782 0.00000e+00
   56    16.95000   -97.41276 36.38478     118.538     447.250  954.344  293.605   80.804   -0.048   12.780 0.00000e+00
   57    16.96667   -97.41337 36.38743     118.124     446.757  954.443  293.614   80.735   -0.041   12.775 0.00000e+00
   58    16.98333   -97.41399 36.39000     121.707     449.769  954.178  293.582   80.847    0.023   12.771 0.00000e+00
   59    17.00000   -97.41454 36.39251     125.270     452.094  953.898  293.549   80.975    0.030   12.769 0.00000e+00
   60    17.01667   -97.41508 36.39499     131.540     457.017  953.358  293.509   81.138    0.133   12.770 0.00000e+00
   61    17.03333   -97.41556 36.39745     148.651     472.695  951.606  293.338   81.839    0.317   12.768 0.00000e+00
   62    17.05000   -97.41585 36.39986     173.360     495.862  949.048  293.093   82.848    0.448   12.763 0.00000e+00
   63    17.06667   -97.41592 36.40228     201.696     522.474  946.137  292.827   84.024    0.456   12.769 0.00000e+00
   64    17.08333   -97.41583 36.40474     226.592     545.538  943.585  292.599   84.994    0.335   12.769 0.00000e+00
   65    17.10000   -97.41564 36.40718     241.685     558.979  942.113  292.472   85.497    0.083   12.762 0.00000e+00
   66    17.11667   -97.41539 36.40959     241.691     557.412  942.279  292.491   85.388   -0.144   12.759 0.00000e+00
   67    17.13333   -97.41515 36.41193     227.681     541.913  943.948  292.644   84.728   -0.345   12.759 0.00000e+00
   68    17.15000   -97.41499 36.41419     205.431     518.505  946.495  292.923   83.500   -0.415   12.762 0.00000e+00
   69    17.16667   -97.41494 36.41642     184.277     496.637  948.898  293.205   82.341   -0.415   12.776 0.00000e+00
   70    17.18333   -97.41496 36.41873     165.711     477.382  950.994  293.455   81.234   -0.388   12.774 0.00000e+00
   71    17.20000   -97.41497 36.42108     147.078     458.022  953.120  293.691   80.266   -0.357   12.780 0.00000e+00
   72    17.21667   -97.41478 36.42344     130.614     441.852  954.870  293.923   79.328   -0.191   12.791 0.00000e+00
   73    17.23333   -97.41444 36.42580     117.889     429.737  956.175  294.094   78.706   -0.087   12.809 0.00000e+00
   74    17.25000   -97.41395 36.42815     103.001     415.305  957.756  294.243   78.086   -0.231   12.804 0.00000e+00
   75    17.26667   -97.41330 36.43047      82.181     394.852  960.030  294.445   77.234   -0.356   12.794 0.00000e+00
   76    17.28333   -97.41245 36.43258      58.074     371.202  962.639  294.663   76.242   -0.349   12.766 0.00000e+00
   77    17.30000   -97.41135 36.43441      37.688     350.835  964.904  294.909   75.228   -0.327   12.759 0.00000e+00
   78    17.31667   -97.41000 36.43593      26.787     339.508  966.155  295.259   74.244   -0.096   12.851 0.00000e+00
   79    17.33333   -97.40888 36.43718      31.823     344.044  965.675  295.395   74.008    0.225   12.924 0.00000e+00
   80    17.35000   -97.40833 36.43854      49.392     361.583  963.726  295.346   74.292    0.443   12.961 0.00000e+00
   81    17.36667   -97.40831 36.44016      80.171     392.939  960.229  294.958   75.432    0.600   12.896 0.00000e+00
   82    17.38333   -97.40871 36.44218     115.022     428.866  956.268  294.529   76.847    0.634   12.847 0.00000e+00
   83    17.40000   -97.40939 36.44456     140.158     455.309  953.345  294.244   77.766    0.198   12.812 0.00000e+00
   84    17.41667   -97.40994 36.44697     139.338     455.744  953.269  294.203   77.747   -0.245   12.777 0.00000e+00
   85    17.43333   -97.41025 36.44919     124.773     442.991  954.655  294.304   77.236   -0.303   12.754 0.00000e+00
   86    17.45000   -97.41040 36.45118     112.862     432.617  955.787  294.406   76.786   -0.210   12.745 0.00000e+00
   87    17.46667   -97.41048 36.45301     105.299     426.440  956.458  294.465   76.527   -0.133   12.740 0.00000e+00
   88    17.48333   -97.41054 36.45480     100.413     422.674  957.024  294.514   76.320   -0.103   12.737 0.00000e+00
   89    17.50000   -97.41053 36.45657      96.621     416.870  957.759  294.581   76.056   -0.063   12.735 0.00000e+00
   90    17.51667   -97.41047 36.45831      93.015     410.424  958.463  294.648   75.791   -0.002   12.735 0.00000e+00
   91    17.53333   -97.41022 36.45999      90.957     405.593  958.993  294.711   75.551    0.124   12.737 0.00000e+00
   92    17.55000   -97.40969 36.46161      93.986     405.689  958.994  294.715   75.578    0.073   12.744 0.00000e+00
   93    17.56667   -97.40886 36.46319      93.234     401.827  959.322  294.775   75.402    0.080   12.757 0.00000e+00
   94    17.58333   -97.40771 36.46471      87.436     393.820  960.205  294.922   74.916   -0.037   12.779 0.00000e+00
   95    17.60000   -97.40635 36.46616      77.155     381.241  961.620  295.103   74.272   -0.213   12.792 0.00000e+00
   96    17.61667   -97.40506 36.46759      55.193     356.745  964.325  295.420   73.136   -0.427   12.809 0.00000e+00
   97    17.63333   -97.40383 36.46901      31.348     330.229  967.272  295.845   71.669   -0.319   12.845 0.00000e+00
   98    17.65000   -97.40234 36.47020      20.869     317.361  968.590  296.421   69.878   -0.035   12.956 0.00000e+00
   99    17.66667   -97.40083 36.47126      30.103     324.916  967.686  296.624   69.314    0.535   13.023 0.00000e+00
  100    17.68333   -97.40025 36.47318      88.778     382.721  961.289  295.823   71.530    1.475   12.883 0.00000e+00
  101    17.70000   -97.39996 36.47578     211.575     505.268  947.822  294.482   76.181    2.665   12.813 0.00000e+00
  102    17.71667   -97.39951 36.47853     367.999     661.206  930.917  292.987   82.074    2.999   12.807 0.00000e+00
  103    17.73333   -97.39867 36.48085     507.701     799.939  916.106  291.610   87.501    3.620   12.725 0.00000e+00
  104    17.75000   -97.39735 36.48296     664.312     955.490  899.541  289.927   94.807    3.603   12.617 0.00000e+00
  105    17.76667   -97.39557 36.48517     825.363    1115.894  882.744  288.528  100.000    3.128   12.410 5.01016e-02
  106    17.78333   -97.39349 36.48750     975.388    1266.163  867.224  287.805  100.000    3.037   12.059 3.19549e-01
  107    17.80000   -97.39119 36.49016    1131.548    1423.454  851.214  287.289  100.000    3.450   11.883 6.71723e-01
  108    17.81667   -97.38851 36.49356    1297.305    1591.550  834.319  286.449  100.000    3.516   11.478 9.64755e-01
  109    17.83333   -97.38530 36.49784    1435.782    1733.211  820.373  285.564  100.000    1.945   11.014 1.08195e+00
  110    17.85000   -97.38211 36.50240    1480.175    1779.571  815.836  285.188  100.000    0.380   10.803 9.92594e-01
  111    17.86667   -97.37926 36.50679    1422.704    1724.637  821.222  284.861   98.013   -1.127   10.273 2.45865e-01
  112    17.88333   -97.37645 36.51099    1337.813    1642.209  829.427  285.245   93.335   -0.763    9.935 1.02636e-04
  113    17.90000   -97.37361 36.51522    1312.560    1618.698  831.749  285.643   87.666    0.214    9.554 0.00000e+00
  114    17.91667   -97.37054 36.51952    1339.958    1646.704  829.003  285.318   89.324    0.511    9.559 0.00000e+00
  115    17.93333   -97.36719 36.52386    1364.509    1670.875  826.652  285.073   90.453    0.228    9.551 0.00000e+00
  116    17.95000   -97.36368 36.52821    1370.764    1675.573  826.183  285.070   90.653    0.007    9.576 0.00000e+00
  117    17.96667   -97.36009 36.53257    1370.004    1672.663  826.406  285.076   91.519   -0.219    9.669 0.00000e+00
  118    17.98333   -97.35635 36.53682    1375.708    1678.372  825.822  285.057   91.802   -0.349    9.693 0.00000e+00
  119    18.00000   -97.35249 36.54089    1393.437    1697.557  823.890  284.933   91.882    0.091    9.645 0.00000e+00
  120    18.01667   -97.34875 36.54473    1414.872    1721.682  821.543  284.700   93.224    0.477    9.663 0.00000e+00
  121    18.03333   -97.34515 36.54847    1425.657    1734.909  820.281  284.549   93.374    0.217    9.597 0.00000e+00
  122    18.05000   -97.34171 36.55215    1410.176    1720.240  821.779  284.554   94.810   -0.488    9.729 0.00000e+00
  123    18.06667   -97.33830 36.55594    1356.955    1668.170  826.876  284.982   94.078   -0.911    9.872 0.00000e+00
  124    18.08333   -97.33493 36.55982    1300.877    1613.353  832.243  285.497   91.900   -0.482    9.913 0.00000e+00
  125    18.10000   -97.33154 36.56373    1278.771    1592.672  834.386  285.715   90.232    0.088    9.849 0.00000e+00
  126    18.11667   -97.32817 36.56773    1297.749    1610.812  832.496  285.622   89.212    0.639    9.700 0.00000e+00
  127    18.13333   -97.32486 36.57182    1347.057    1662.349  827.391  285.217   90.008    1.086    9.587 0.00000e+00
  128    18.15000   -97.32161 36.57597    1415.793    1730.390  820.826  284.592   92.894    1.349    9.568 0.00000e+00
  129    18.16667   -97.31837 36.58016    1481.389    1791.967  814.787  283.987   96.196    1.025    9.587 0.00000e+00
  130    18.18333   -97.31512 36.58435    1508.763    1818.086  812.227  283.740   97.364    0.213    9.575 0.00000e+00
  131    18.20000   -97.31186 36.58856    1478.286    1787.004  815.247  284.051   95.542   -0.884    9.557 0.00000e+00
  132    18.21667   -97.30858 36.59290    1389.302    1698.726  823.870  284.834   92.566   -1.842    9.653 0.00000e+00
  133    18.23333   -97.30522 36.59740    1278.455    1586.787  834.967  285.788   89.141   -1.876    9.770 0.00000e+00
  134    18.25000   -97.30184 36.60189    1211.088    1515.189  842.214  286.477   85.920   -0.549    9.769 0.00000e+00
  135    18.26667   -97.29860 36.60626    1225.007    1523.754  841.285  286.438   85.510    1.187    9.708 0.00000e+00
  136    18.28333   -97.29552 36.61055    1304.219    1599.817  833.731  285.648   89.949    2.037    9.783 0.00000e+00
  137    18.30000   -97.29248 36.61481    1392.985    1686.755  825.098  284.746   95.130    1.415    9.848 0.00000e+00
  138    18.31667   -97.28952 36.61897    1439.778    1733.577  820.522  284.264   97.936    0.242    9.873 0.00000e+00
  139    18.33333   -97.28665 36.62300    1436.373    1730.512  820.824  284.408   95.839   -0.639    9.751 0.00000e+00
  140    18.35000   -97.28380 36.62685    1395.891    1690.395  824.763  284.888   92.547   -1.083    9.676 0.00000e+00
  141    18.36667   -97.28088 36.63050    1336.756    1631.650  830.633  285.516   89.041   -1.135    9.636 0.00000e+00
  142    18.38333   -97.27782 36.63401    1279.984    1574.019  836.330  286.101   86.048   -0.871    9.612 0.00000e+00
  143    18.40000   -97.27464 36.63738    1242.119    1535.607  840.097  286.475   84.219   -0.348    9.599 0.00000e+00
  144    18.41667   -97.27138 36.64055    1237.893    1531.741  840.492  286.473   84.773    0.389    9.656 0.00000e+00
  145    18.43333   -97.26801 36.64355    1271.874    1565.995  837.077  286.117   86.757    1.034    9.693 0.00000e+00
  146    18.45000   -97.26451 36.64644    1342.649    1637.290  829.988  285.387   90.668    1.559    9.736 0.00000e+00
  147    18.46667   -97.26093 36.64935    1431.835    1728.056  821.052  284.433   96.143    1.646    9.796 0.00000e+00
  148    18.48333   -97.25732 36.65229    1507.949    1804.672  813.592  283.714   99.950    1.082    9.795 3.00838e-02
  149    18.50000   -97.25372 36.65530    1555.461    1851.724  809.039  283.480  100.000    0.628    9.721 1.04708e-01
  150    18.51667   -97.25019 36.65846    1572.847    1869.042  807.384  283.399  100.000   -0.037    9.684 9.12906e-02
  151    18.53333   -97.24683 36.66181    1546.831    1842.975  809.944  283.526   99.206   -1.054    9.644 3.48876e-03
  152    18.55000   -97.24366 36.66539    1475.016    1770.383  817.031  284.272   94.566   -1.485    9.580 0.00000e+00
  153    18.56667   -97.24076 36.66920    1384.840    1679.487  825.887  285.201   89.500   -1.472    9.540 0.00000e+00
  154    18.58333   -97.23817 36.67316    1301.403    1596.179  834.148  286.089   84.803   -1.217    9.490 0.00000e+00
  155    18.60000   -97.23592 36.67722    1250.215    1545.279  839.264  286.641   82.099   -0.612    9.469 0.00000e+00
  156    18.61667   -97.23393 36.68144    1246.926    1542.163  839.488  286.733   80.914    0.320    9.387 0.00000e+00
  157    18.63333   -97.23177 36.68581    1282.256    1577.423  836.020  286.436   81.538    0.458    9.315 0.00000e+00
  158    18.65000   -97.22934 36.69022    1318.379    1613.596  832.439  285.920   84.909    0.063    9.417 0.00000e+00
  159    18.66667   -97.22662 36.69462    1335.345    1631.173  830.641  285.523   89.272   -0.015    9.665 0.00000e+00
  160    18.68333   -97.22377 36.69885    1343.044    1639.302  829.867  285.274   93.012   -0.029    9.915 0.00000e+00
  161    18.70000   -97.22097 36.70286    1340.641    1637.373  830.077  285.209   95.375   -0.112   10.120 0.00000e+00
  162    18.71667   -97.21820 36.70667    1326.294    1623.624  831.446  285.313   95.253   -0.151   10.160 0.00000e+00
  163    18.73333   -97.21548 36.71031    1306.059    1603.874  833.417  285.517   94.252   -0.207   10.166 0.00000e+00
  164    18.75000   -97.21294 36.71377    1290.311    1588.424  834.948  285.680   93.589   -0.060   10.185 0.00000e+00
  165    18.76667   -97.21045 36.71715    1291.826    1591.596  834.555  285.643   93.945    0.300   10.204 0.00000e+00
  166    18.78333   -97.20791 36.72055    1317.094    1619.334  831.784  285.300   96.514    0.815   10.282 0.00000e+00
  167    18.80000   -97.20525 36.72398    1364.351    1667.940  827.101  284.862   99.860    1.139   10.392 3.26257e-02
  168    18.81667   -97.20264 36.72740    1424.602    1728.396  821.146  284.701  100.000    1.353   10.387 2.22701e-01
  169    18.83333   -97.19969 36.73100    1497.587    1802.365  813.904  284.356   99.700    0.877   10.195 2.73190e-01
  170    18.85000   -97.19662 36.73478    1547.671    1852.744  809.059  283.988   99.645   -0.633   10.002 2.15354e-01
  171    18.86667   -97.19406 36.73846    1559.306    1863.640  807.945  283.798   99.868   -1.613    9.912 1.69295e-01
  172    18.88333   -97.19207 36.74189    1541.354    1846.671  809.511  283.846   97.337   -1.135    9.672 9.00385e-02
  173    18.90000   -97.19080 36.74488    1495.275    1801.735  813.907  284.162   97.080   -0.485    9.800 3.47484e-02
  174    18.91667   -97.18979 36.74755    1456.813    1764.149  817.646  284.362   98.077   -0.330    9.988 0.00000e+00
  175    18.93333   -97.18869 36.75029    1437.786    1745.079  819.565  284.464   98.596   -0.690   10.085 1.68654e-02
  176    18.95000   -97.18744 36.75308    1420.604    1727.340  821.310  284.625   98.969   -0.721   10.211 2.45379e-02
  177    18.96667   -97.18596 36.75587    1392.885    1699.442  823.972  284.831   98.546   -0.602   10.273 5.08966e-03
  178    18.98333   -97.18442 36.75864    1347.859    1655.589  828.299  285.194   96.050   -0.889   10.204 0.00000e+00
