    0    16.01667   -97.46557 36.25227      42.727     406.001  959.033  292.809   85.820    0.065   12.851 0.00000e+00
    1    16.03333   -97.46764 36.25466      42.089     405.834  959.053  292.841   85.623    0.006   12.847 0.00000e+00
    2    16.05000   -97.46964 36.25671      63.951     427.549  956.556  292.646   86.445    0.724   12.847 0.00000e+00
    3    16.06667   -97.47098 36.25886     112.305     473.398  951.418  292.224   88.442    0.712   12.869 0.00000e+00
    4    16.08333   -97.47180 36.26125     139.255     497.408  948.754  291.944   89.579    0.089   12.842 0.00000e+00
    5    16.10000   -97.47255 36.26379     139.122     494.437  949.029  291.960   89.419   -0.050   12.829 0.00000e+00
    6    16.11667   -97.47331 36.26640     134.782     488.028  949.763  292.034   88.956   -0.020   12.812 0.00000e+00
    7    16.13333   -97.47392 36.26916     142.691     494.240  949.123  292.020   89.202    0.334   12.845 0.00000e+00
    8    16.15000   -97.47403 36.27204     166.917     517.137  946.583  291.847   90.092    0.531   12.867 0.00000e+00
    9    16.16667   -97.47368 36.27506     196.080     546.397  943.396  291.599   91.029    0.523   12.842 0.00000e+00
   10    16.18333   -97.47299 36.27819     228.191     578.414  939.899  291.319   92.002    0.439   12.800 0.00000e+00
   11    16.20000   -97.47212 36.28146     257.800     608.626  936.488  291.051   92.950    0.319   12.760 0.00000e+00
   12    16.21667   -97.47130 36.28481     271.955     624.832  934.724  290.912   93.404    0.107   12.734 0.00000e+00
   13    16.23333   -97.47066 36.28822     270.797     625.901  934.623  290.905   93.379   -0.112   12.726 0.00000e+00
   14    16.25000   -97.47039 36.29151     256.146     611.063  936.334  291.054   92.591   -0.316   12.715 0.00000e+00
   15    16.26667   -97.47049 36.29460     236.206     590.828  938.535  291.233   91.784   -0.325   12.719 0.00000e+00
   16    16.28333   -97.47073 36.29763     220.059     574.719  940.268  291.381   91.114   -0.319   12.721 0.00000e+00
   17    16.30000   -97.47102 36.30065     205.145     560.266  941.791  291.511   90.531   -0.170   12.723 0.00000e+00
   18    16.31667   -97.47134 36.30369     199.257     554.631  942.386  291.557   90.326   -0.064   12.723 0.00000e+00
   19    16.33333   -97.47166 36.30675     202.169     555.834  942.353  291.556   90.332    0.047   12.723 0.00000e+00
   20    16.35000   -97.47191 36.30976     210.305     561.001  941.880  291.514   90.552    0.065   12.727 0.00000e+00
   21    16.36667   -97.47209 36.31273     217.371     565.276  941.377  291.484   90.699   -0.080   12.731 0.00000e+00
   22    16.38333   -97.47221 36.31568     214.832     559.738  942.009  291.563   90.329   -0.275   12.733 0.00000e+00
   23    16.40000   -97.47237 36.31865     198.124     539.961  944.184  291.780   89.299   -0.451   12.732 0.00000e+00
   24    16.41667   -97.47269 36.32166     169.344     508.109  947.697  292.116   87.797   -0.558   12.739 0.00000e+00
   25    16.43333   -97.47320 36.32476     135.100     470.704  951.829  292.518   86.094   -0.434   12.756 0.00000e+00
   26    16.45000   -97.47386 36.32787     114.687     447.425  954.418  292.773   85.035   -0.168   12.767 0.00000e+00
   27    16.46667   -97.47458 36.33100     112.063     442.303  954.973  292.841   84.767    0.161   12.773 0.00000e+00
   28    16.48333   -97.47529 36.33405     122.432     450.295  954.052  292.793   85.025    0.413   12.787 0.00000e+00
   29    16.50000   -97.47600 36.33706     140.441     465.784  952.326  292.678   85.563    0.475   12.798 0.00000e+00
   30    16.51667   -97.47675 36.33997     159.173     485.207  949.976  292.476   86.452    0.323   12.800 0.00000e+00
   31    16.53333   -97.47752 36.34285     175.301     504.857  947.855  292.288   87.270    0.274   12.798 0.00000e+00
   32    16.55000   -97.47839 36.34560     191.855     524.919  945.661  292.091   88.108    0.366   12.792 0.00000e+00
   33    16.56667   -97.47931 36.34823     210.860     544.901  943.595  291.895   88.986    0.275   12.789 0.00000e+00
   34    16.58333   -97.48019 36.35075     221.659     555.060  942.517  291.803   89.308    0.014   12.775 0.00000e+00
   35    16.60000   -97.48106 36.35327     220.510     553.597  942.668  291.825   89.135    0.023   12.766 0.00000e+00
   36    16.61667   -97.48196 36.35573     223.492     555.957  942.482  291.818   89.115    0.133   12.760 0.00000e+00
   37    16.63333   -97.48267 36.35820     234.615     564.848  941.502  291.753   89.286    0.181   12.745 0.00000e+00
   38    16.65000   -97.48316 36.36067     252.647     580.305  939.860  291.619   89.850    0.305   12.740 0.00000e+00
   39    16.66667   -97.48337 36.36325     271.465     596.293  937.994  291.485   90.387    0.289   12.734 0.00000e+00
   40    16.68333   -97.48344 36.36596     281.591     605.485  936.983  291.430   90.617    0.154   12.736 0.00000e+00
   41    16.70000   -97.48345 36.36880     281.831     604.960  936.989  291.463   90.516   -0.067   12.748 0.00000e+00
   42    16.71667   -97.48346 36.37173     274.348     596.884  937.725  291.544   90.217   -0.180   12.761 0.00000e+00
   43    16.73333   -97.48355 36.37466     266.495     591.895  938.180  291.595   90.036   -0.047   12.770 0.00000e+00
   44    16.75000   -97.48359 36.37754     267.443     595.825  937.747  291.569   90.154    0.022   12.772 0.00000e+00
   45    16.76667   -97.48360 36.38039     267.615     598.693  937.484  291.559   90.166   -0.074   12.769 0.00000e+00
   46    16.78333   -97.48364 36.38328     263.141     595.257  937.825  291.602   89.869   -0.158   12.757 0.00000e+00
   47    16.80000   -97.48377 36.38619     256.567     589.629  938.424  291.666   89.486   -0.146   12.746 0.00000e+00
   48    16.81667   -97.48392 36.38905     247.160     581.311  939.262  291.754   89.075   -0.316   12.747 0.00000e+00
   49    16.83333   -97.48412 36.39192     222.712     558.500  941.807  292.018   87.892   -0.634   12.754 0.00000e+00
   50    16.85000   -97.48451 36.39486     180.426     517.876  946.263  292.459   86.059   -0.857   12.779 0.00000e+00
   51    16.86667   -97.48515 36.39795     132.884     470.931  951.547  292.944   83.981   -0.760   12.783 0.00000e+00
   52    16.88333   -97.48615 36.40114      98.990     436.004  955.440  293.324   82.437   -0.436   12.797 0.00000e+00
   53    16.90000   -97.48738 36.40441      85.178     421.797  957.073  293.500   81.706    0.074   12.802 0.00000e+00
   54    16.91667   -97.48866 36.40767      90.896     426.214  956.624  293.536   81.673    0.425   12.831 0.00000e+00
   55    16.93333   -97.49004 36.41088      98.147     432.035  955.973  293.501   81.904    0.149   12.848 0.00000e+00
   56    16.95000   -97.49153 36.41399      93.055     425.688  956.685  293.569   81.658   -0.256   12.855 0.00000e+00
   57    16.96667   -97.49308 36.41687      74.321     405.516  958.962  293.743   80.933   -0.472   12.848 0.00000e+00
   58    16.98333   -97.49459 36.41941      52.768     382.689  961.463  293.932   80.141   -0.424   12.840 0.00000e+00
   59    17.00000   -97.49615 36.42171      34.586     363.586  963.514  294.073   79.581   -0.387   12.834 0.00000e+00
   60    17.01667   -97.49770 36.42374      24.183     353.163  964.672  294.428   78.566   -0.165   12.937 0.00000e+00
   61    17.03333   -97.49915 36.42551      21.863     350.667  964.932  294.686   77.944   -0.022   13.038 0.00000e+00
   62    17.05000   -97.50058 36.42718      23.435     351.811  964.781  294.871   77.537    0.055   13.121 0.00000e+00
   63    17.06667   -97.50193 36.42884      29.907     357.536  964.171  294.990   77.195    0.164   13.168 0.00000e+00
   64    17.08333   -97.50323 36.43056      47.514     374.662  962.181  294.892   77.459    0.411   13.161 0.00000e+00
   65    17.10000   -97.50427 36.43233      88.217     415.835  957.656  294.472   78.871    0.944   13.120 0.00000e+00
   66    17.11667   -97.50507 36.43404     162.365     490.594  949.400  293.731   81.530    1.297   13.065 0.00000e+00
   67    17.13333   -97.50539 36.43570     242.109     570.766  940.675  292.941   84.615    0.879   13.028 0.00000e+00
   68    17.15000   -97.50494 36.43736     320.202     648.738  932.241  292.048   87.345    1.358   12.830 0.00000e+00
   69    17.16667   -97.50369 36.43943     438.000     765.685  919.562  290.887   92.112    2.509   12.746 0.00000e+00
   70    17.18333   -97.50185 36.44189     577.970     904.840  904.663  289.502   98.819    3.216   12.724 1.90935e-04
   71    17.20000   -97.49962 36.44456     725.464    1051.589  889.260  288.702  100.000    3.411   12.459 2.46999e-01
   72    17.21667   -97.49693 36.44723     862.300    1187.249  875.180  288.058  100.000    3.045   12.145 5.21167e-01
   73    17.23333   -97.49403 36.45000     982.129    1304.894  863.142  287.421  100.000    2.508   11.817 7.05123e-01
   74    17.25000   -97.49102 36.45293    1081.041    1400.723  853.469  286.950  100.000    1.975   11.591 8.21369e-01
   75    17.26667   -97.48787 36.45604    1150.785    1466.447  846.875  286.642  100.000    1.691   11.449 8.75013e-01
   76    17.28333   -97.48470 36.45936    1197.713    1509.058  842.607  286.404  100.000    1.388   11.330 8.78648e-01
   77    17.30000   -97.48156 36.46304    1229.296    1536.672  839.800  286.241  100.000    1.134   11.247 8.47590e-01
   78    17.31667   -97.47838 36.46710    1243.681    1548.630  838.501  286.132  100.000    0.672   11.185 7.48937e-01
   79    17.33333   -97.47507 36.47130    1251.668    1556.758  837.645  285.929  100.000    0.463   11.048 5.63467e-01
   80    17.35000   -97.47153 36.47535    1277.234    1582.103  835.180  285.642  100.000    0.745   10.872 4.10524e-01
   81    17.36667   -97.46791 36.47905    1320.688    1624.701  830.983  285.259  100.000    0.982   10.655 3.13913e-01
   82    17.38333   -97.46438 36.48244    1360.157    1663.538  827.184  284.810  100.000    0.793   10.389 1.89494e-01
   83    17.40000   -97.46110 36.48559    1378.363    1680.313  825.617  284.543   99.913    0.174   10.198 8.42676e-02
   84    17.41667   -97.45810 36.48852    1357.664    1657.677  827.814  284.661   98.272   -0.768   10.082 1.64578e-02
   85    17.43333   -97.45528 36.49127    1291.582    1590.984  834.400  285.270   94.657   -1.368   10.032 0.00000e+00
   86    17.45000   -97.45218 36.49413    1197.974    1496.436  843.861  286.102   91.439   -1.708   10.123 5.86672e-04
   87    17.46667   -97.44832 36.49742    1121.490    1418.562  851.550  286.737   91.117   -1.280   10.421 0.00000e+00
   88    17.48333   -97.44408 36.50116    1151.735    1450.407  848.295  286.544   90.241    1.223   10.231 1.57190e-05
   89    17.50000   -97.44060 36.50461    1286.516    1587.689  834.640  285.180   96.519    2.133   10.166 2.37429e-04
   90    17.51667   -97.43771 36.50771    1394.722    1698.422  823.725  284.415  100.000    0.673   10.164 2.00478e-01
   91    17.53333   -97.43492 36.51085    1428.689    1734.868  820.167  284.294  100.000   -0.851   10.126 3.11622e-01
   92    17.55000   -97.43233 36.51418    1397.962    1706.109  822.963  284.463  100.000   -1.959   10.206 2.52043e-01
   93    17.56667   -97.42986 36.51763    1324.054    1634.751  829.995  284.875   99.190   -2.398   10.295 5.79931e-02
   94    17.58333   -97.42734 36.52117    1220.246    1533.563  840.072  285.731   95.275   -2.154   10.339 0.00000e+00
   95    17.60000   -97.42461 36.52473    1120.169    1433.682  850.155  286.613   91.524   -1.519   10.400 0.00000e+00
   96    17.61667   -97.42159 36.52830    1054.947    1366.783  856.996  287.169   89.464   -0.566   10.459 0.00000e+00
   97    17.63333   -97.41830 36.53188    1049.988    1358.705  857.820  287.231   89.182    0.634   10.458 0.00000e+00
   98    17.65000   -97.41499 36.53552    1115.151    1421.313  851.452  286.666   91.313    1.814   10.397 0.00000e+00
   99    17.66667   -97.41193 36.53916    1224.851    1529.604  840.486  285.595   96.408    2.019   10.364 3.81801e-05
  100    17.68333   -97.40918 36.54272    1316.527    1623.102  831.154  284.771  100.000    1.374   10.309 4.36333e-02
  101    17.70000   -97.40661 36.54618    1362.859    1671.250  826.438  284.517  100.000    0.515   10.198 1.25431e-01
  102    17.71667   -97.40413 36.54955    1358.985    1668.963  826.631  284.504  100.000   -0.496   10.187 1.03654e-01
  103    17.73333   -97.40182 36.55281    1301.383    1613.264  832.106  284.835   99.033   -1.465   10.225 6.77353e-03
  104    17.75000   -97.39964 36.55603    1197.798    1512.069  842.200  285.796   93.606   -2.174   10.176 0.00000e+00
  105    17.76667   -97.39752 36.55920    1071.190    1387.316  854.798  287.016   87.802   -2.163   10.189 0.00000e+00
  106    17.78333   -97.39546 36.56242     958.067    1275.623  866.163  288.037   84.240   -1.656   10.310 0.00000e+00
  107    17.80000   -97.39339 36.56581     866.298    1186.353  875.285  288.768   82.542   -1.314   10.480 0.00000e+00
  108    17.81667   -97.39119 36.56936     792.738    1114.731  882.742  289.385   80.692   -0.973   10.570 0.00000e+00
  109    17.83333   -97.38896 36.57301     742.435    1065.669  887.812  289.734   80.328   -0.438   10.699 0.00000e+00
  110    17.85000   -97.38677 36.57669     724.844    1051.012  889.302  289.784   80.827    0.077   10.782 0.00000e+00
  111    17.86667   -97.38465 36.58036     735.502    1064.865  887.919  289.554   82.774    0.379   10.897 0.00000e+00
  112    17.88333   -97.38263 36.58392     765.746    1095.837  884.731  289.145   85.650    0.414   11.022 0.00000e+00
  113    17.90000   -97.38068 36.58736     798.739    1129.694  881.206  288.710   88.815    0.370   11.158 0.00000e+00
  114    17.91667   -97.37878 36.59068     824.667    1155.934  878.575  288.454   90.245    0.276   11.186 0.00000e+00
  115    17.93333   -97.37690 36.59387     838.579    1168.728  877.327  288.385   89.945   -0.004   11.115 0.00000e+00
  116    17.95000   -97.37510 36.59697     844.691    1173.072  876.871  288.353   90.501    0.112   11.166 0.00000e+00
  117    17.96667   -97.37331 36.60007     850.735    1178.243  876.328  288.318   90.561    0.197   11.155 0.00000e+00
  118    17.98333   -97.37139 36.60325     854.659    1180.576  876.141  288.286   90.804    0.072   11.164 0.00000e+00
  119    18.00000   -97.36925 36.60649     845.640    1168.757  877.369  288.382   90.495   -0.195   11.180 0.00000e+00
  120    18.01667   -97.36691 36.60974     821.000    1141.099  880.174  288.625   89.484   -0.354   11.194 0.00000e+00
  121    18.03333   -97.36450 36.61299     790.433    1107.531  883.731  288.932   88.313   -0.204   11.223 0.00000e+00
  122    18.05000   -97.36222 36.61631     777.996    1091.790  885.335  289.113   87.228    0.315   11.195 0.00000e+00
  123    18.06667   -97.36006 36.61981     799.704    1110.641  883.387  288.859   89.342    0.975   11.305 0.00000e+00
  124    18.08333   -97.35757 36.62326     851.709    1160.861  878.079  288.345   92.082    0.756   11.340 0.00000e+00
  125    18.10000   -97.35472 36.62632     909.692    1218.153  872.130  287.889   92.976    0.986   11.193 0.00000e+00
  126    18.11667   -97.35166 36.62892     965.903    1272.901  866.605  287.408   94.852    0.290   11.137 0.00000e+00
  127    18.13333   -97.34898 36.63087     960.436    1265.236  867.384  287.461   94.475   -1.103   11.122 0.00000e+00
  128    18.15000   -97.34700 36.63201     898.450    1201.846  873.837  288.036   92.967   -1.896   11.277 0.00000e+00
  129    18.16667   -97.34535 36.63313     783.535    1085.856  885.815  289.102   89.104   -2.958   11.421 0.00000e+00
  130    18.18333   -97.34396 36.63483     647.948     949.734  900.088  290.317   85.077   -2.568   11.600 0.00000e+00
  131    18.20000   -97.34270 36.63694     528.793     830.335  912.744  291.474   80.059   -1.979   11.585 0.00000e+00
  132    18.21667   -97.34176 36.63928     431.324     732.239  923.255  292.424   76.453   -1.473   11.612 0.00000e+00
  133    18.23333   -97.34167 36.64183     348.546     648.431  932.230  293.139   75.048   -1.277   11.806 0.00000e+00
  134    18.25000   -97.34257 36.64439     285.157     584.182  939.192  293.667   74.149   -0.574   11.965 0.00000e+00
  135    18.26667   -97.34375 36.64685     263.579     561.666  941.593  293.835   74.147   -0.117   12.060 0.00000e+00
  136    18.28333   -97.34492 36.64920     255.861     554.056  942.458  293.885   74.529   -0.086   12.148 0.00000e+00
  137    18.30000   -97.34605 36.65144     241.171     539.535  944.045  294.020   74.244   -0.249   12.183 0.00000e+00
  138    18.31667   -97.34727 36.65358     216.608     514.878  946.742  294.245   73.666   -0.415   12.223 0.00000e+00
  139    18.33333   -97.34860 36.65562     184.760     482.768  950.186  294.516   72.844   -0.575   12.247 0.00000e+00
  140    18.35000   -97.35008 36.65755     157.594     455.594  953.149  294.803   71.994   -0.290   12.282 0.00000e+00
  141    18.36667   -97.35172 36.65940     151.790     449.785  953.765  294.994   71.696    0.271   12.368 0.00000e+00
  142    18.38333   -97.35345 36.66111     166.796     464.907  952.104  294.841   72.125    0.494   12.347 0.00000e+00
  143    18.40000   -97.35515 36.66273     188.199     486.699  949.794  294.577   72.646    0.362   12.264 0.00000e+00
  144    18.41667   -97.35670 36.66437     208.259     507.169  947.499  294.422   73.151    0.308   12.262 0.00000e+00
  145    18.43333   -97.35824 36.66591     227.792     526.975  945.357  294.290   74.070    0.290   12.343 0.00000e+00
  146    18.45000   -97.35978 36.66739     245.130     544.465  943.461  294.115   74.723    0.158   12.342 0.00000e+00
  147    18.46667   -97.36138 36.66870     260.515     559.856  941.741  294.014   75.358    0.136   12.392 0.00000e+00
  148    18.48333   -97.36290 36.67004     288.464     587.659  938.727  293.758   76.644    0.218   12.444 0.00000e+00
  149    18.50000   -97.36420 36.67144     339.632     638.717  933.195  293.321   78.161    0.715   12.423 0.00000e+00
  150    18.51667   -97.36519 36.67285     404.773     704.096  926.147  292.715   80.373    0.719   12.393 0.00000e+00
  151    18.53333   -97.36581 36.67423     471.233     771.005  918.972  292.078   82.568    0.962   12.328 0.00000e+00
  152    18.55000   -97.36604 36.67562     530.019     830.228  912.712  291.517   84.764    0.776   12.300 0.00000e+00
  153    18.56667   -97.36600 36.67695     568.344     868.962  908.565  291.121   86.454    0.515   12.291 0.00000e+00
  154    18.58333   -97.36602 36.67818     584.009     885.009  906.884  290.964   87.237    0.159   12.302 0.00000e+00
  155    18.60000   -97.36608 36.67934     579.021     880.385  907.362  291.017   87.055   -0.203   12.311 0.00000e+00
  156    18.61667   -97.36615 36.68050     554.402     855.962  909.991  291.265   85.916   -0.578   12.307 0.00000e+00
  157    18.63333   -97.36629 36.68178     514.916     816.479  914.171  291.651   84.300   -0.808   12.317 0.00000e+00
  158    18.65000   -97.36666 36.68325     463.367     764.899  919.653  292.147   82.188   -1.175   12.316 0.00000e+00
  159    18.66667   -97.36717 36.68488     400.768     702.236  926.366  292.765   79.685   -1.253   12.323 0.00000e+00
  160    18.68333   -97.36772 36.68668     333.227     634.564  933.623  293.413   77.046   -1.127   12.310 0.00000e+00
  161    18.70000   -97.36841 36.68841     265.069     566.261  940.982  294.087   74.576   -0.949   12.329 0.00000e+00
  162    18.71667   -97.36935 36.69007     208.835     510.099  947.074  294.668   72.513   -0.673   12.347 0.00000e+00
  163    18.73333   -97.37033 36.69168     173.498     474.866  950.926  295.035   71.226   -0.394   12.355 0.00000e+00
  164    18.75000   -97.37132 36.69325     151.723     453.185  953.291  295.278   70.406   -0.312   12.367 0.00000e+00
  165    18.76667   -97.37229 36.69476     138.061     439.583  954.801  295.441   69.873   -0.278   12.377 0.00000e+00
  166    18.78333   -97.37328 36.69614     133.284     434.811  955.288  295.561   69.564    0.063   12.407 0.00000e+00
  167    18.80000   -97.37432 36.69745     151.767     453.273  953.260  295.438   69.925    0.497   12.404 0.00000e+00
  168    18.81667   -97.37488 36.69895     188.286     489.789  949.280  295.109   70.909    0.527   12.379 0.00000e+00
  169    18.83333   -97.37470 36.70056     206.370     508.022  947.258  294.931   71.535   -0.043   12.378 0.00000e+00
  170    18.85000   -97.37424 36.70182     202.234     504.168  947.621  295.145   70.760   -0.159   12.401 0.00000e+00
  171    18.86667   -97.37384 36.70293     172.503     474.736  950.825  295.391   69.745   -0.818   12.368 0.00000e+00
  172    18.88333   -97.37396 36.70391     117.153     419.432  956.900  295.916   67.911   -0.771   12.358 0.00000e+00
  173    18.90000   -97.37465 36.70454      67.682     369.638  962.370  296.489   65.994   -0.898   12.367 0.00000e+00
  174    18.91667   -97.37561 36.70538      43.856     345.317  965.063  296.740   65.202   -0.289   12.372 0.00000e+00
  175    18.93333   -97.37643 36.70639      43.036     344.141  965.204  297.043   64.645    0.018   12.493 0.00000e+00
  176    18.95000   -97.37715 36.70758      51.214     352.212  964.312  297.160   64.576    0.240   12.580 0.00000e+00
  177    18.96667   -97.37816 36.70914      68.147     369.316  962.437  297.079   64.935    0.548   12.613 0.00000e+00
  178    18.98333   -97.37932 36.71107      81.750     383.619  960.917  296.888   65.429    0.259   12.582 0.00000e+00
