    0    16.01667   -97.55142 36.29488     122.667     475.485  951.094  292.556   86.567    0.533   12.866 0.00000e+00
    1    16.03333   -97.55109 36.29771     171.038     524.553  945.645  292.075   88.406    0.724   12.822 0.00000e+00
    2    16.05000   -97.55060 36.30069     236.249     591.476  938.255  291.415   91.130    0.929   12.778 0.00000e+00
    3    16.06667   -97.54944 36.30389     293.843     650.788  931.830  290.842   93.930    0.371   12.788 0.00000e+00
    4    16.08333   -97.54767 36.30730     330.357     687.689  927.885  290.508   94.968    0.264   12.712 0.00000e+00
    5    16.10000   -97.54556 36.31076     346.525     703.990  926.169  290.393   94.824    0.052   12.624 0.00000e+00
    6    16.11667   -97.54359 36.31416     351.356     707.404  925.966  290.488   93.351   -0.241   12.506 0.00000e+00
    7    16.13333   -97.54199 36.31759     359.919     711.129  925.491  290.495   93.021   -0.412   12.474 0.00000e+00
    8    16.15000   -97.54086 36.32085     370.682     718.472  924.613  290.336   94.531    0.419   12.560 0.00000e+00
    9    16.16667   -97.53963 36.32364     399.069     746.830  921.433  289.926   97.839    0.972   12.707 0.00000e+00
   10    16.18333   -97.53786 36.32590     450.784     799.503  915.795  289.469  100.000    0.781   12.699 3.07817e-02
   11    16.20000   -97.53638 36.32822     488.603     838.339  911.666  289.278  100.000    0.321   12.596 6.71889e-02
   12    16.21667   -97.53551 36.33097     516.188     866.607  908.715  289.136  100.000    0.571   12.534 7.85139e-02
   13    16.23333   -97.53487 36.33400     559.464     909.441  904.178  288.934  100.000    1.417   12.437 1.55702e-01
   14    16.25000   -97.53426 36.33709     613.963     963.483  898.508  288.707  100.000    1.589   12.335 2.91146e-01
   15    16.26667   -97.53319 36.34050     662.726    1012.620  893.240  288.470  100.000    0.874   12.220 3.74082e-01
   16    16.28333   -97.53172 36.34420     703.210    1054.547  888.806  288.274  100.000    0.604   12.127 4.47179e-01
   17    16.30000   -97.52972 36.34765     740.585    1092.250  885.027  288.116  100.000    0.390   12.055 4.92468e-01
   18    16.31667   -97.52693 36.35083     780.099    1127.995  881.376  287.723   99.950   -0.155   11.777 2.03309e-01
   19    16.33333   -97.52348 36.35378     807.329    1149.016  879.174  287.579   98.716   -0.454   11.552 1.55551e-02
   20    16.35000   -97.51951 36.35653     830.879    1165.857  877.283  287.646   95.899   -0.357   11.296 0.00000e+00
   21    16.36667   -97.51534 36.35931     826.672    1158.299  878.078  287.819   94.659   -0.328   11.266 0.00000e+00
   22    16.38333   -97.51152 36.36213     809.860    1138.037  880.138  287.954   94.300   -0.061   11.295 6.74081e-05
   23    16.40000   -97.50809 36.36494     797.055    1124.312  881.542  287.884   95.990    0.290   11.427 0.00000e+00
   24    16.41667   -97.50507 36.36777     797.540    1123.891  881.654  287.770   98.147    0.522   11.596 4.14758e-02
   25    16.43333   -97.50208 36.37070     808.552    1133.240  880.678  287.651   99.294    0.630   11.654 3.65479e-02
   26    16.45000   -97.49892 36.37376     815.487    1140.978  879.790  287.558  100.000    0.665   11.691 3.72818e-02
   27    16.46667   -97.49554 36.37694     818.421    1145.204  879.398  287.554  100.000    0.635   11.692 4.77758e-02
   28    16.48333   -97.49196 36.38019     828.980    1157.745  878.025  287.488  100.000    0.827   11.663 6.50776e-02
   29    16.50000   -97.48821 36.38341     854.170    1185.066  875.229  287.329   99.982    1.009   11.564 7.80431e-02
   30    16.51667   -97.48436 36.38653     889.578    1222.357  871.342  287.094  100.000    1.080   11.459 9.95635e-02
   31    16.53333   -97.48048 36.38961     920.867    1257.648  867.718  286.881  100.000    0.945   11.348 1.14361e-01
   32    16.55000   -97.47655 36.39266     933.860    1272.911  866.271  286.780  100.000    0.624   11.287 9.40200e-02
   33    16.56667   -97.47256 36.39575     930.256    1268.486  866.789  286.774  100.000    0.331   11.281 4.41683e-02
   34    16.58333   -97.46858 36.39882     914.705    1251.073  868.509  286.899   99.561    0.040   11.283 2.94386e-03
   35    16.60000   -97.46461 36.40186     894.998    1232.535  870.318  287.079   98.560   -0.023   11.278 0.00000e+00
   36    16.61667   -97.46062 36.40488     884.534    1225.233  871.202  287.173   98.066    0.044   11.279 0.00000e+00
   37    16.63333   -97.45660 36.40793     889.005    1227.714  871.055  287.193   97.768    0.001   11.262 0.00000e+00
   38    16.65000   -97.45246 36.41104     889.552    1223.309  871.599  287.273   97.125   -0.376   11.239 0.00000e+00
   39    16.66667   -97.44829 36.41425     869.723    1196.509  874.367  287.563   95.415   -0.814   11.216 0.00000e+00
   40    16.68333   -97.44409 36.41758     832.581    1153.966  878.664  288.000   92.957   -0.904   11.186 0.00000e+00
   41    16.70000   -97.43996 36.42095     802.779    1121.106  882.068  288.331   91.257   -0.385   11.177 0.00000e+00
   42    16.71667   -97.43579 36.42435     802.750    1118.886  882.223  288.354   91.088    0.233   11.170 0.00000e+00
   43    16.73333   -97.43152 36.42770     826.099    1142.846  879.651  288.068   92.804    0.586   11.205 0.00000e+00
   44    16.75000   -97.42725 36.43099     856.530    1175.497  876.349  287.700   95.081    0.586   11.251 0.00000e+00
   45    16.76667   -97.42301 36.43426     874.015    1193.842  874.390  287.473   96.578    0.084   11.286 0.00000e+00
   46    16.78333   -97.41872 36.43755     859.501    1181.063  875.855  287.605   95.955   -0.498   11.291 0.00000e+00
   47    16.80000   -97.41438 36.44082     832.387    1150.706  879.028  287.931   94.092   -0.521   11.268 0.00000e+00
   48    16.81667   -97.40990 36.44410     818.011    1133.378  880.743  288.148   92.563   -0.133   11.220 0.00000e+00
   49    16.83333   -97.40533 36.44744     827.416    1141.422  879.891  288.073   92.901    0.379   11.217 0.00000e+00
   50    16.85000   -97.40085 36.45089     856.589    1170.954  876.803  287.753   94.765    0.545   11.246 0.00000e+00
   51    16.86667   -97.39655 36.45442     881.751    1195.755  874.425  287.498   96.436    0.309   11.288 0.00000e+00
   52    16.88333   -97.39236 36.45798     885.628    1195.952  874.391  287.481   96.659   -0.171   11.302 0.00000e+00
   53    16.90000   -97.38821 36.46156     865.750    1172.064  876.906  287.689   95.818   -0.399   11.323 0.00000e+00
   54    16.91667   -97.38403 36.46513     845.887    1148.372  879.308  287.911   94.671   -0.196   11.319 0.00000e+00
   55    16.93333   -97.37976 36.46870     844.740    1143.412  879.828  287.958   94.403    0.223   11.315 0.00000e+00
   56    16.95000   -97.37560 36.47230     870.318    1164.358  877.662  287.771   95.193    0.561   11.300 0.00000e+00
   57    16.96667   -97.37149 36.47590     908.867    1200.073  873.947  287.443   96.691    0.600   11.283 0.00000e+00
   58    16.98333   -97.36748 36.47953     935.518    1224.777  871.318  287.232   97.468    0.035   11.252 0.00000e+00
   59    17.00000   -97.36355 36.48318     915.676    1206.293  873.184  287.478   95.610   -0.894   11.192 0.00000e+00
   60    17.01667   -97.35992 36.48678     860.681    1152.727  878.763  288.023   92.701   -1.038   11.171 0.00000e+00
   61    17.03333   -97.35646 36.49030     811.304    1104.227  883.834  288.475   90.689   -0.582   11.189 0.00000e+00
   62    17.05000   -97.35290 36.49377     784.491    1078.249  886.555  288.699   89.874   -0.190   11.215 0.00000e+00
   63    17.06667   -97.34919 36.49724     781.037    1073.863  887.069  288.723   89.982    0.218   11.239 0.00000e+00
   64    17.08333   -97.34546 36.50073     804.082    1095.110  884.860  288.510   91.046    0.545   11.245 0.00000e+00
   65    17.10000   -97.34177 36.50420     840.855    1132.646  880.826  288.135   92.870    0.732   11.246 0.00000e+00
   66    17.11667   -97.33810 36.50757     885.586    1180.107  875.850  287.653   95.423    0.863   11.264 0.00000e+00
   67    17.13333   -97.33442 36.51084     927.377    1223.950  871.407  287.214   97.878    0.677   11.285 0.00000e+00
   68    17.15000   -97.33072 36.51405     949.662    1247.188  869.029  286.973   99.335    0.282   11.305 0.00000e+00
   69    17.16667   -97.32701 36.51730     945.771    1244.679  869.300  286.981   99.416   -0.265   11.317 2.12505e-04
   70    17.18333   -97.32330 36.52056     916.535    1215.748  872.328  287.272   97.825   -0.699   11.310 0.00000e+00
   71    17.20000   -97.31960 36.52379     877.114    1176.482  876.256  287.652   95.795   -0.759   11.301 0.00000e+00
   72    17.21667   -97.31581 36.52702     844.685    1147.153  879.336  287.992   94.091   -0.290   11.308 0.00000e+00
   73    17.23333   -97.31193 36.53036     833.697    1137.735  880.268  288.083   93.276    0.157   11.265 0.00000e+00
   74    17.25000   -97.30798 36.53378     849.661    1157.874  878.184  287.864   94.290    0.596   11.253 0.00000e+00
   75    17.26667   -97.30403 36.53725     886.542    1197.282  874.152  287.446   96.537    0.672   11.265 0.00000e+00
   76    17.28333   -97.30027 36.54073     913.476    1228.416  870.923  287.136   98.276    0.209   11.280 0.00000e+00
   77    17.30000   -97.29675 36.54421     925.904    1244.129  869.381  286.990   99.095    0.171   11.285 2.08063e-04
   78    17.31667   -97.29326 36.54770     940.936    1260.253  867.751  286.884   99.407    0.238   11.264 1.22914e-02
   79    17.33333   -97.28942 36.55116     949.204    1268.826  866.869  286.899   99.674    0.015   11.317 1.08905e-01
   80    17.35000   -97.28532 36.55471     918.382    1236.816  870.130  287.213   99.169   -1.039   11.450 8.68668e-02
   81    17.36667   -97.28155 36.55832     838.567    1156.351  878.425  287.828   96.375   -1.368   11.472 5.19085e-05
   82    17.38333   -97.27847 36.56179     770.783    1089.087  885.497  288.446   93.228   -0.671   11.458 0.00000e+00
   83    17.40000   -97.27585 36.56514     743.216    1059.685  888.706  288.727   91.755    0.186   11.442 0.00000e+00
   84    17.41667   -97.27348 36.56836     752.576    1065.106  888.226  288.618   92.616    0.786   11.475 0.00000e+00
   85    17.43333   -97.27123 36.57149     783.716    1091.556  885.414  288.279   94.813    0.963   11.529 0.00000e+00
   86    17.45000   -97.26903 36.57453     820.509    1125.338  881.843  287.873   97.451    0.918   11.589 0.00000e+00
   87    17.46667   -97.26686 36.57750     849.716    1152.846  878.968  287.559   99.521    0.713   11.634 0.00000e+00
   88    17.48333   -97.26477 36.58038     863.272    1164.483  877.810  287.483   99.769    0.417   11.620 1.38015e-02
   89    17.50000   -97.26275 36.58314     861.407    1159.967  878.290  287.551   99.321    0.132   11.613 1.89990e-02
   90    17.51667   -97.26069 36.58597     857.540    1153.895  878.880  287.646   98.450   -0.115   11.575 1.90558e-02
   91    17.53333   -97.25839 36.58906     851.898    1146.765  879.570  287.821   97.367   -0.653   11.570 3.31474e-02
   92    17.55000   -97.25584 36.59216     824.166    1117.741  882.569  288.070   96.144   -1.083   11.571 0.00000e+00
   93    17.56667   -97.25336 36.59504     779.588    1071.948  887.323  288.504   94.100   -1.038   11.585 0.00000e+00
   94    17.58333   -97.25116 36.59783     724.834    1016.925  893.035  288.964   92.264   -1.105   11.627 0.00000e+00
   95    17.60000   -97.24905 36.60053     673.636     965.880  898.388  289.375   91.183   -0.965   11.727 0.00000e+00
   96    17.61667   -97.24702 36.60321     630.276     922.501  902.954  289.760   89.857   -0.846   11.786 0.00000e+00
   97    17.63333   -97.24531 36.60603     594.734     886.703  906.787  290.060   89.146   -0.596   11.868 0.00000e+00
   98    17.65000   -97.24400 36.60897     574.690     866.261  908.965  290.239   88.571   -0.237   11.899 0.00000e+00
   99    17.66667   -97.24294 36.61188     571.314     862.646  909.373  290.266   88.531   -0.016   11.908 0.00000e+00
  100    17.68333   -97.24195 36.61458     577.688     869.203  908.647  290.173   89.100    0.133   11.924 0.00000e+00
  101    17.70000   -97.24093 36.61707     586.775     878.712  907.635  290.064   89.681    0.262   11.931 0.00000e+00
  102    17.71667   -97.23982 36.61943     593.951     886.144  906.866  289.975   90.212    0.336   11.944 0.00000e+00
  103    17.73333   -97.23875 36.62185     597.318     889.618  906.522  289.944   90.528    0.332   11.967 0.00000e+00
  104    17.75000   -97.23778 36.62445     597.991     890.261  906.460  289.942   90.544    0.325   11.968 0.00000e+00
  105    17.76667   -97.23696 36.62738     600.820     893.026  906.130  289.908   90.778    0.141   11.977 0.00000e+00
  106    17.78333   -97.23620 36.63054     595.247     887.506  906.669  289.962   90.418   -0.265   11.964 0.00000e+00
  107    17.80000   -97.23525 36.63373     570.328     863.340  909.250  290.197   89.240   -0.635   11.953 0.00000e+00
  108    17.81667   -97.23409 36.63678     528.042     821.761  913.706  290.612   87.455   -0.879   11.968 0.00000e+00
  109    17.83333   -97.23280 36.63968     482.152     776.463  918.556  291.038   85.811   -0.610   12.002 0.00000e+00
  110    17.85000   -97.23146 36.64239     467.029     761.994  920.108  291.151   85.710   -0.080   12.053 0.00000e+00
  111    17.86667   -97.23002 36.64497     481.165     776.759  918.519  290.983   86.931    0.151   12.116 0.00000e+00
  112    17.88333   -97.22856 36.64750     493.413     789.328  917.215  290.839   88.164   -0.035   12.194 0.00000e+00
  113    17.90000   -97.22727 36.64994     485.005     780.549  918.124  290.909   88.097   -0.447   12.227 0.00000e+00
  114    17.91667   -97.22615 36.65215     454.260     749.593  921.451  291.206   86.991   -0.783   12.258 0.00000e+00
  115    17.93333   -97.22513 36.65417     403.351     698.688  926.878  291.725   85.003   -1.084   12.305 0.00000e+00
  116    17.95000   -97.22438 36.65617     336.350     631.822  934.145  292.399   82.361   -1.289   12.343 0.00000e+00
  117    17.96667   -97.22402 36.65834     267.789     563.429  941.526  293.058   79.959   -1.075   12.390 0.00000e+00
  118    17.98333   -97.22401 36.66069     214.950     510.712  947.236  293.568   77.902   -0.851   12.386 0.00000e+00
  119    18.00000   -97.22420 36.66317     185.165     481.003  950.535  293.869   76.751   -0.350   12.391 0.00000e+00
  120    18.01667   -97.22449 36.66566     179.908     476.290  951.061  293.932   76.530   -0.054   12.396 0.00000e+00
  121    18.03333   -97.22473 36.66810     187.548     484.586  950.113  293.883   76.697    0.083   12.398 0.00000e+00
  122    18.05000   -97.22501 36.67047     205.182     502.861  948.143  293.757   77.351    0.402   12.432 0.00000e+00
  123    18.06667   -97.22530 36.67281     234.977     532.944  944.856  293.506   78.467    0.719   12.460 0.00000e+00
  124    18.08333   -97.22542 36.67508     266.741     564.626  941.360  293.198   79.590    0.595   12.443 0.00000e+00
  125    18.10000   -97.22540 36.67736     300.787     598.659  937.595  292.899   80.866    0.829   12.459 0.00000e+00
  126    18.11667   -97.22539 36.67960     357.683     655.534  931.489  292.375   83.099    1.320   12.470 0.00000e+00
  127    18.13333   -97.22540 36.68171     447.320     744.719  921.926  291.536   86.715    2.003   12.471 0.00000e+00
  128    18.15000   -97.22539 36.68348     565.940     862.878  909.344  290.511   91.611    2.278   12.517 0.00000e+00
  129    18.16667   -97.22504 36.68491     685.378     982.081  896.743  289.502   96.687    2.531   12.560 0.00000e+00
  130    18.18333   -97.22449 36.68622     808.859    1105.387  883.881  288.602  100.000    2.814   12.456 1.00479e-01
  131    18.20000   -97.22380 36.68745     940.208    1236.526  870.319  287.978  100.000    2.341   12.151 3.55405e-01
  132    18.21667   -97.22266 36.68889    1059.401    1355.667  858.158  287.357  100.000    2.086   11.837 5.27121e-01
  133    18.23333   -97.22102 36.69064    1160.456    1456.934  847.938  286.708  100.000    1.684   11.485 5.43657e-01
  134    18.25000   -97.21902 36.69275    1249.885    1546.548  838.972  286.058  100.000    1.594   11.125 5.29805e-01
  135    18.26667   -97.21689 36.69507    1326.410    1623.324  831.349  285.531  100.000    1.439   10.842 4.62801e-01
  136    18.28333   -97.21463 36.69744    1379.020    1676.251  826.094  285.082  100.000    0.919   10.593 3.70620e-01
  137    18.30000   -97.21196 36.70020    1426.099    1723.974  821.436  284.633   99.931    0.835   10.314 2.66615e-01
  138    18.31667   -97.20903 36.70324    1463.798    1762.284  817.679  284.329   99.958    0.617   10.156 2.21300e-01
  139    18.33333   -97.20601 36.70644    1477.149    1776.635  816.248  284.164   99.948    0.091   10.061 1.37696e-01
  140    18.35000   -97.20309 36.70975    1475.738    1776.825  816.233  284.142   99.822   -0.165   10.034 8.61536e-02
  141    18.36667   -97.20028 36.71309    1478.064    1780.965  815.841  284.115   99.805   -0.279   10.019 3.69880e-02
  142    18.38333   -97.19746 36.71641    1483.002    1787.358  815.245  284.103   99.269   -0.212    9.965 1.10417e-03
  143    18.40000   -97.19453 36.71972    1481.427    1786.568  815.322  284.158   97.802   -0.244    9.853 5.27267e-03
  144    18.41667   -97.19156 36.72298    1467.793    1774.670  816.448  284.233   96.507   -0.330    9.758 0.00000e+00
  145    18.43333   -97.18859 36.72618    1456.307    1765.430  817.361  284.271   95.969   -0.022    9.717 0.00000e+00
  146    18.45000   -97.18580 36.72932    1461.835    1772.700  816.740  284.149   96.337    0.318    9.683 0.00000e+00
  147    18.46667   -97.18315 36.73244    1483.188    1793.633  814.712  283.882   97.674    0.437    9.667 0.00000e+00
  148    18.48333   -97.18053 36.73557    1502.802    1812.753  812.857  283.651   99.117    0.198    9.681 9.86269e-04
  149    18.50000   -97.17795 36.73872    1501.365    1811.663  812.855  283.579   99.978   -0.271    9.719 1.00771e-03
  150    18.51667   -97.17538 36.74185    1475.571    1788.724  815.075  283.760   99.365   -0.636    9.750 0.00000e+00
  151    18.53333   -97.17284 36.74494    1439.948    1755.345  818.385  284.082   97.912   -0.720    9.777 0.00000e+00
  152    18.55000   -97.17036 36.74805    1407.609    1724.785  821.337  284.395   96.261   -0.598    9.779 0.00000e+00
  153    18.56667   -97.16798 36.75124    1382.883    1702.599  823.511  284.614   95.357   -0.368    9.804 0.00000e+00
  154    18.58333   -97.16564 36.75451    1367.207    1689.415  824.867  284.732   94.635   -0.205    9.790 0.00000e+00
  155    18.60000   -97.16321 36.75780    1342.070    1665.149  827.272  284.911   93.565   -0.397    9.767 0.00000e+00
  156    18.61667   -97.16064 36.76111    1306.217    1629.396  830.935  285.219   92.313   -0.628    9.791 0.00000e+00
  157    18.63333   -97.15802 36.76429    1267.997    1589.473  834.911  285.614   90.380   -0.721    9.794 0.00000e+00
  158    18.65000   -97.15549 36.76726    1232.876    1553.263  838.437  285.970   89.003   -0.658    9.832 0.00000e+00
  159    18.66667   -97.15311 36.77011    1212.827    1533.501  840.420  286.163   88.505   -0.313    9.878 0.00000e+00
  160    18.68333   -97.15080 36.77291    1214.796    1535.936  840.157  286.142   88.713    0.048    9.891 0.00000e+00
  161    18.70000   -97.14847 36.77568    1233.838    1555.469  838.223  285.951   89.767    0.294    9.906 0.00000e+00
  162    18.71667   -97.14608 36.77847    1257.030    1578.966  835.931  285.745   90.661    0.290    9.897 0.00000e+00
  163    18.73333   -97.14364 36.78133    1270.554    1592.644  834.594  285.627   91.169    0.054    9.891 0.00000e+00
  164    18.75000   -97.14114 36.78421    1262.355    1584.728  835.353  285.698   90.964   -0.248    9.906 0.00000e+00
  165    18.76667   -97.13853 36.78704    1235.368    1558.192  837.986  285.933   90.342   -0.421    9.961 0.00000e+00
  166    18.78333   -97.13580 36.78983    1197.959    1521.700  841.618  286.309   88.668   -0.691    9.978 0.00000e+00
  167    18.80000   -97.13340 36.79265    1138.044    1462.912  847.535  286.756   87.616   -1.303   10.082 0.00000e+00
  168    18.81667   -97.13175 36.79555    1067.859    1393.443  854.537  287.355   86.178   -1.123   10.227 0.00000e+00
  169    18.83333   -97.13055 36.79834    1023.345    1349.282  859.047  287.794   84.153   -0.328   10.223 0.00000e+00
  170    18.85000   -97.12951 36.80109    1016.763    1342.837  859.705  287.861   83.727    0.371   10.207 0.00000e+00
  171    18.86667   -97.12840 36.80383    1042.631    1368.791  857.043  287.642   84.177    0.824   10.149 0.00000e+00
  172    18.88333   -97.12712 36.80658    1089.973    1416.853  852.111  287.241   85.006    0.976   10.042 0.00000e+00
  173    18.90000   -97.12550 36.80935    1143.676    1472.021  846.589  286.759   86.580    0.951    9.976 0.00000e+00
  174    18.91667   -97.12369 36.81217    1192.336    1522.181  841.615  286.293   88.562    0.809    9.955 0.00000e+00
  175    18.93333   -97.12173 36.81506    1227.221    1558.140  838.051  285.963   90.039    0.604    9.946 0.00000e+00
  176    18.95000   -97.11977 36.81801    1248.361    1578.976  836.081  285.790   90.829    0.287    9.943 0.00000e+00
  177    18.96667   -97.11782 36.82100    1257.771    1586.072  835.409  285.725   91.218    0.058    9.951 0.00000e+00
  178    18.98333   -97.11590 36.82401    1267.000    1593.304  834.642  285.666   91.489   -0.070    9.951 0.00000e+00
