    0    16.01667   -97.57966 36.20708      69.524     395.711  959.948  293.183   84.620   -0.010   12.959 0.00000e+00
    1    16.03333   -97.58065 36.20912      67.473     394.991  960.016  293.201   84.425   -0.053   12.943 0.00000e+00
    2    16.05000   -97.58170 36.21114      68.741     397.628  959.743  293.184   84.420    0.113   12.932 0.00000e+00
    3    16.06667   -97.58264 36.21313      77.801     407.815  958.594  293.079   84.777    0.085   12.917 0.00000e+00
    4    16.08333   -97.58318 36.21502      83.483     414.696  957.823  293.014   85.007   -0.023   12.910 0.00000e+00
    5    16.10000   -97.58348 36.21677      80.057     412.233  958.094  293.036   84.880   -0.126   12.905 0.00000e+00
    6    16.11667   -97.58347 36.21849      69.809     402.561  959.182  293.138   84.405   -0.199   12.901 0.00000e+00
    7    16.13333   -97.58310 36.22024      56.948     389.964  960.589  293.284   83.812   -0.276   12.908 0.00000e+00
    8    16.15000   -97.58257 36.22203      46.278     379.106  961.811  293.490   83.072   -0.169   12.943 0.00000e+00
    9    16.16667   -97.58186 36.22372      39.944     371.948  962.610  293.635   82.523   -0.072   12.964 0.00000e+00
   10    16.18333   -97.58128 36.22532      38.871     370.179  962.763  293.705   82.273    0.044   12.978 0.00000e+00
   11    16.20000   -97.58092 36.22688      43.757     374.679  962.262  293.725   82.292    0.188   13.005 0.00000e+00
   12    16.21667   -97.58080 36.22854      57.988     388.729  960.690  293.633   82.753    0.316   13.024 0.00000e+00
   13    16.23333   -97.58076 36.23041      71.732     402.350  959.200  293.486   83.315    0.093   13.013 0.00000e+00
   14    16.25000   -97.58080 36.23236      69.079     399.486  959.523  293.515   83.023   -0.299   12.987 0.00000e+00
   15    16.26667   -97.58094 36.23429      52.773     382.996  961.290  293.699   82.073   -0.371   12.962 0.00000e+00
   16    16.28333   -97.58125 36.23627      36.103     366.186  963.139  293.919   81.168   -0.207   12.971 0.00000e+00
   17    16.30000   -97.58183 36.23827      27.490     357.527  964.095  294.192   80.325   -0.066   13.043 0.00000e+00
   18    16.31667   -97.58249 36.24036      24.553     355.194  964.274  294.358   79.937    0.022   13.112 0.00000e+00
   19    16.33333   -97.58301 36.24250      25.536     356.830  964.151  294.418   79.872    0.045   13.151 0.00000e+00
   20    16.35000   -97.58340 36.24465      29.846     361.688  963.524  294.456   79.836    0.101   13.185 0.00000e+00
   21    16.36667   -97.58356 36.24678      40.482     372.876  962.275  294.314   80.235    0.243   13.152 0.00000e+00
   22    16.38333   -97.58344 36.24899      62.471     395.729  959.698  293.930   81.381    0.513   13.061 0.00000e+00
   23    16.40000   -97.58307 36.25130     108.878     443.141  954.471  293.422   83.260    1.160   13.018 0.00000e+00
   24    16.41667   -97.58235 36.25361     180.817     516.179  946.451  292.607   86.277    1.083   12.928 0.00000e+00
   25    16.43333   -97.58141 36.25581     248.329     584.672  938.975  291.948   89.112    0.926   12.913 0.00000e+00
   26    16.45000   -97.58035 36.25783     293.045     630.003  934.022  291.509   91.099    0.750   12.909 0.00000e+00
   27    16.46667   -97.57931 36.25985     313.198     650.643  931.827  291.315   91.941    0.519   12.900 0.00000e+00
   28    16.48333   -97.57837 36.26207     325.666     663.490  930.387  291.197   92.296    0.238   12.873 0.00000e+00
   29    16.50000   -97.57756 36.26446     334.918     673.182  929.358  291.126   92.267    0.325   12.825 0.00000e+00
   30    16.51667   -97.57686 36.26695     343.883     682.797  928.315  291.052   92.429    0.237   12.802 0.00000e+00
   31    16.53333   -97.57616 36.26944     357.863     697.480  926.737  290.928   92.927    0.223   12.792 0.00000e+00
   32    16.55000   -97.57538 36.27187     372.518     712.899  925.054  290.782   93.604    0.124   12.789 0.00000e+00
   33    16.56667   -97.57450 36.27416     385.068     726.370  923.584  290.663   94.129   -0.042   12.785 0.00000e+00
   34    16.58333   -97.57354 36.27632     395.654     737.845  922.361  290.561   94.647   -0.086   12.789 0.00000e+00
   35    16.60000   -97.57253 36.27837     405.600     748.652  921.222  290.459   95.202   -0.104   12.796 0.00000e+00
   36    16.61667   -97.57148 36.28043     412.888     756.826  920.327  290.383   95.754   -0.065   12.821 0.00000e+00
   37    16.63333   -97.57037 36.28255     413.860     758.932  920.065  290.369   95.788   -0.203   12.818 0.00000e+00
   38    16.65000   -97.56928 36.28481     407.427     753.822  920.641  290.432   95.443   -0.417   12.815 0.00000e+00
   39    16.66667   -97.56827 36.28727     390.323     738.033  922.332  290.626   94.224   -0.224   12.784 0.00000e+00
   40    16.68333   -97.56730 36.28986     366.057     714.800  924.840  290.875   92.793   -0.253   12.757 0.00000e+00
   41    16.70000   -97.56629 36.29245     333.496     683.273  928.263  291.194   91.180   -0.644   12.744 0.00000e+00
   42    16.71667   -97.56532 36.29494     284.747     635.658  933.428  291.666   88.917   -1.016   12.733 0.00000e+00
   43    16.73333   -97.56450 36.29728     223.251     575.504  939.923  292.253   86.183   -1.135   12.718 0.00000e+00
   44    16.75000   -97.56385 36.29939     166.810     520.709  945.912  292.783   83.892   -0.867   12.717 0.00000e+00
   45    16.76667   -97.56329 36.30131     125.835     481.149  950.243  293.170   82.266   -0.556   12.718 0.00000e+00
   46    16.78333   -97.56277 36.30307     101.449     458.015  952.826  293.395   81.439   -0.284   12.734 0.00000e+00
   47    16.80000   -97.56212 36.30474      85.520     443.206  954.495  293.560   80.797   -0.207   12.742 0.00000e+00
   48    16.81667   -97.56128 36.30633      71.212     429.253  956.070  293.706   80.317   -0.196   12.761 0.00000e+00
   49    16.83333   -97.56015 36.30785      57.959     416.049  957.532  293.864   79.747   -0.116   12.775 0.00000e+00
   50    16.85000   -97.55881 36.30937      49.879     408.022  958.420  293.988   79.363   -0.129   12.800 0.00000e+00
   51    16.86667   -97.55737 36.31094      44.372     402.510  959.036  294.167   78.918   -0.073   12.863 0.00000e+00
   52    16.88333   -97.55583 36.31232      44.036     402.152  959.080  294.296   78.657    0.007   12.922 0.00000e+00
   53    16.90000   -97.55432 36.31348      47.497     405.312  958.787  294.292   78.653    0.081   12.923 0.00000e+00
   54    16.91667   -97.55313 36.31459      60.287     417.284  957.468  294.226   79.040    0.354   12.951 0.00000e+00
   55    16.93333   -97.55248 36.31580      94.844     450.752  953.800  293.872   80.466    0.864   12.948 0.00000e+00
   56    16.95000   -97.55231 36.31720     157.315     511.987  947.072  293.256   83.007    1.214   12.945 0.00000e+00
   57    16.96667   -97.55233 36.31876     231.057     584.377  939.188  292.554   85.999    1.330   12.943 0.00000e+00
   58    16.98333   -97.55241 36.32041     309.185     661.049  930.841  291.808   89.279    1.406   12.937 0.00000e+00
   59    17.00000   -97.55244 36.32211     380.028     731.127  923.203  291.125   92.455    1.078   12.937 0.00000e+00
   60    17.01667   -97.55228 36.32394     407.559     759.352  920.158  290.861   93.595   -0.027   12.922 0.00000e+00
   61    17.03333   -97.55190 36.32588     383.603     736.156  922.656  291.122   91.868   -1.099   12.860 0.00000e+00
   62    17.05000   -97.55147 36.32776     326.566     679.807  928.714  291.761   87.758   -1.459   12.708 0.00000e+00
   63    17.06667   -97.55099 36.32949     257.271     611.050  936.137  292.427   84.749   -1.287   12.696 0.00000e+00
   64    17.08333   -97.55049 36.33109     191.596     545.173  943.365  293.087   81.797   -0.966   12.673 0.00000e+00
   65    17.10000   -97.55000 36.33265     141.562     494.662  948.878  293.533   80.334   -0.625   12.723 0.00000e+00
   66    17.11667   -97.54947 36.33424     105.238     458.024  952.883  293.881   78.949   -0.431   12.723 0.00000e+00
   67    17.13333   -97.54897 36.33588      79.870     432.503  955.672  294.127   78.175   -0.288   12.755 0.00000e+00
   68    17.15000   -97.54843 36.33758      65.241     417.894  957.274  294.318   77.561   -0.227   12.784 0.00000e+00
   69    17.16667   -97.54788 36.33936      57.372     409.907  958.139  294.454   77.057   -0.129   12.797 0.00000e+00
   70    17.18333   -97.54732 36.34120      53.475     405.740  958.581  294.617   76.445   -0.010   12.818 0.00000e+00
   71    17.20000   -97.54667 36.34310      54.014     406.182  958.536  294.685   75.911   -0.005   12.783 0.00000e+00
   72    17.21667   -97.54596 36.34509      50.876     403.154  958.854  294.785   75.414    0.009   12.774 0.00000e+00
   73    17.23333   -97.54521 36.34710      47.010     399.091  959.408  294.905   74.496   -0.068   12.705 0.00000e+00
   74    17.25000   -97.54452 36.34909      41.767     392.392  960.167  295.058   73.799   -0.086   12.695 0.00000e+00
   75    17.26667   -97.54391 36.35104      34.245     383.072  961.206  295.235   73.063   -0.145   12.693 0.00000e+00
   76    17.28333   -97.54351 36.35286      25.919     372.983  962.347  295.534   72.131   -0.161   12.749 0.00000e+00
   77    17.30000   -97.54335 36.35445      18.958     364.405  963.297  295.793   71.276   -0.128   12.787 0.00000e+00
   78    17.31667   -97.54351 36.35583      13.194     356.924  964.159  296.074   70.452   -0.060   12.847 0.00000e+00
   79    17.33333   -97.54385 36.35705      11.484     353.459  964.540  296.159   70.166   -0.017   12.856 0.00000e+00
   80    17.35000   -97.54419 36.35818      11.943     352.303  964.642  296.298   69.850    0.026   12.906 0.00000e+00
   81    17.36667   -97.54437 36.35926      16.122     354.934  964.385  296.365   69.745    0.107   12.944 0.00000e+00
   82    17.38333   -97.54436 36.36046      25.977     363.046  963.482  296.264   70.042    0.266   12.931 0.00000e+00
   83    17.40000   -97.54426 36.36198      42.789     377.613  961.895  295.919   70.723    0.441   12.805 0.00000e+00
   84    17.41667   -97.54414 36.36387      69.749     402.150  959.127  295.515   71.860    0.545   12.729 0.00000e+00
   85    17.43333   -97.54402 36.36602     102.912     433.473  955.648  295.033   73.416    0.651   12.670 0.00000e+00
   86    17.45000   -97.54390 36.36834     144.613     473.217  951.258  294.596   75.121    0.753   12.678 0.00000e+00
   87    17.46667   -97.54378 36.37081     191.116     517.638  946.336  294.076   76.877    0.808   12.628 0.00000e+00
   88    17.48333   -97.54373 36.37347     247.445     574.880  939.992  293.486   79.101    0.952   12.610 0.00000e+00
   89    17.50000   -97.54361 36.37625     312.291     642.408  932.619  292.844   81.815    1.020   12.629 0.00000e+00
   90    17.51667   -97.54329 36.37914     369.729     702.577  926.136  292.284   84.159    0.708   12.631 0.00000e+00
   91    17.53333   -97.54285 36.38198     406.895     741.503  922.056  291.930   85.509    0.342   12.606 0.00000e+00
   92    17.55000   -97.54233 36.38457     431.626     767.348  919.302  291.667   86.657    0.278   12.603 0.00000e+00
   93    17.56667   -97.54179 36.38699     453.253     789.880  916.933  291.436   87.668    0.301   12.598 0.00000e+00
   94    17.58333   -97.54122 36.38928     476.096     813.358  914.425  291.193   88.768    0.376   12.596 0.00000e+00
   95    17.60000   -97.54064 36.39149     497.940     835.656  912.076  290.970   89.767    0.399   12.590 0.00000e+00
   96    17.61667   -97.54011 36.39359     517.441     855.597  909.947  290.770   90.649    0.346   12.583 0.00000e+00
   97    17.63333   -97.53963 36.39563     536.719     875.315  907.841  290.577   91.563    0.356   12.585 0.00000e+00
   98    17.65000   -97.53922 36.39758     554.247     893.475  905.939  290.410   92.314    0.351   12.580 0.00000e+00
   99    17.66667   -97.53889 36.39949     566.991     907.133  904.477  290.281   92.917    0.185   12.579 0.00000e+00
  100    17.68333   -97.53868 36.40128     569.178     910.269  904.085  290.253   93.106   -0.099   12.587 0.00000e+00
  101    17.70000   -97.53841 36.40294     554.722     896.711  905.540  290.402   92.420   -0.457   12.593 0.00000e+00
  102    17.71667   -97.53788 36.40459     517.450     860.327  909.371  290.772   90.829   -0.783   12.618 0.00000e+00
  103    17.73333   -97.53712 36.40620     474.280     817.793  913.869  291.194   88.824   -1.029   12.612 0.00000e+00
  104    17.75000   -97.53618 36.40779     427.634     771.662  918.779  291.660   86.361   -1.108   12.561 0.00000e+00
  105    17.76667   -97.53497 36.40931     370.521     715.210  924.830  292.230   83.413   -1.305   12.494 0.00000e+00
  106    17.78333   -97.53359 36.41082     296.737     642.144  932.682  292.987   79.709   -1.509   12.414 0.00000e+00
  107    17.80000   -97.53219 36.41235     223.707     569.834  940.487  293.733   76.495   -1.192   12.378 0.00000e+00
  108    17.81667   -97.53086 36.41386     167.617     514.448  946.521  294.281   74.293   -0.810   12.357 0.00000e+00
  109    17.83333   -97.52960 36.41534     125.654     473.185  951.054  294.696   72.352   -0.620   12.289 0.00000e+00
  110    17.85000   -97.52844 36.41681      91.834     439.982  954.741  295.023   70.955   -0.558   12.250 0.00000e+00
  111    17.86667   -97.52739 36.41827      65.272     413.658  957.660  295.302   70.160   -0.363   12.285 0.00000e+00
  112    17.88333   -97.52644 36.41973      48.320     396.495  959.657  295.669   69.333   -0.162   12.391 0.00000e+00
  113    17.90000   -97.52547 36.42118      41.031     388.592  960.526  295.977   68.733   -0.046   12.507 0.00000e+00
  114    17.91667   -97.52444 36.42257      39.532     385.900  960.880  296.266   68.226    0.072   12.632 0.00000e+00
  115    17.93333   -97.52340 36.42388      41.827     386.557  960.833  296.324   68.004    0.061   12.636 0.00000e+00
  116    17.95000   -97.52224 36.42512      41.858     384.651  961.046  296.377   67.743   -0.029   12.626 0.00000e+00
  117    17.96667   -97.52092 36.42620      37.278     377.753  961.800  296.437   67.414   -0.114   12.601 0.00000e+00
  118    17.98333   -97.51936 36.42694      33.343     371.468  962.418  296.352   67.278   -0.076   12.502 0.00000e+00
  119    18.00000   -97.51776 36.42732      33.051     369.541  962.607  296.301   67.277   -0.040   12.460 0.00000e+00
  120    18.01667   -97.51653 36.42762      41.329     376.723  961.835  296.445   67.281    0.243   12.581 0.00000e+00
  121    18.03333   -97.51572 36.42811      72.802     407.266  958.482  296.269   68.297    0.871   12.679 0.00000e+00
  122    18.05000   -97.51511 36.42900     146.739     480.107  950.452  295.491   71.065    2.013   12.685 0.00000e+00
  123    18.06667   -97.51457 36.43029     263.018     595.586  937.803  294.155   75.192    2.028   12.526 0.00000e+00
  124    18.08333   -97.51406 36.43177     368.147     700.816  926.448  293.069   79.304    1.726   12.499 0.00000e+00
  125    18.10000   -97.51360 36.43322     458.628     791.594  916.753  292.203   82.997    1.347   12.520 0.00000e+00
  126    18.11667   -97.51312 36.43462     524.429     857.698  909.788  291.566   85.735    0.980   12.520 0.00000e+00
  127    18.13333   -97.51263 36.43605     566.825     900.440  905.210  291.172   86.795    0.639   12.425 0.00000e+00
  128    18.15000   -97.51220 36.43762     598.031     932.109  901.884  290.876   87.468    0.468   12.334 0.00000e+00
  129    18.16667   -97.51187 36.43935     620.695     954.710  899.590  290.673   87.952    0.077   12.275 0.00000e+00
  130    18.18333   -97.51177 36.44108     623.731     957.253  899.328  290.664   88.170   -0.445   12.301 0.00000e+00
  131    18.20000   -97.51192 36.44290     606.156     939.307  901.157  290.868   87.665   -0.725   12.366 0.00000e+00
  132    18.21667   -97.51212 36.44491     568.360     901.108  905.119  291.254   86.141   -0.766   12.397 0.00000e+00
  133    18.23333   -97.51216 36.44702     525.485     857.468  909.791  291.684   84.301   -0.762   12.403 0.00000e+00
  134    18.25000   -97.51197 36.44919     483.743     813.953  914.429  292.118   82.488   -0.636   12.410 0.00000e+00
  135    18.26667   -97.51144 36.45123     457.301     785.658  917.452  292.376   81.253   -0.183   12.383 0.00000e+00
  136    18.28333   -97.51077 36.45302     461.071     787.717  917.182  292.382   80.867    0.692   12.332 0.00000e+00
  137    18.30000   -97.51010 36.45478     491.693     816.943  913.999  292.069   82.173    0.732   12.330 0.00000e+00
  138    18.31667   -97.50944 36.45636     527.039     851.744  910.319  291.743   83.487    0.704   12.321 0.00000e+00
  139    18.33333   -97.50865 36.45775     571.244     895.604  905.722  291.390   84.112    0.861   12.202 0.00000e+00
  140    18.35000   -97.50771 36.45891     629.050     952.986  899.697  290.941   85.410    1.135   12.123 0.00000e+00
  141    18.36667   -97.50655 36.45999     708.869    1032.257  891.423  290.210   88.729    1.214   12.134 0.00000e+00
  142    18.38333   -97.50520 36.46115     781.911    1104.564  883.917  289.522   91.887    0.933   12.127 0.00000e+00
  143    18.40000   -97.50362 36.46229     817.854    1139.544  880.317  289.242   92.932    0.141   12.096 0.00000e+00
  144    18.41667   -97.50192 36.46348     791.738    1112.125  883.110  289.517   91.592   -0.713   12.095 0.00000e+00
  145    18.43333   -97.50043 36.46500     735.369    1054.708  889.108  290.091   88.644   -1.310   12.062 0.00000e+00
  146    18.45000   -97.49911 36.46688     667.716     986.350  896.221  290.795   84.749   -1.428   11.965 0.00000e+00
  147    18.46667   -97.49797 36.46900     595.544     913.611  903.888  291.524   81.211   -1.362   11.906 0.00000e+00
  148    18.48333   -97.49707 36.47124     524.020     841.703  911.466  292.217   78.569   -1.325   11.933 0.00000e+00
  149    18.50000   -97.49644 36.47358     458.901     776.009  918.396  292.837   76.154   -1.127   11.934 0.00000e+00
  150    18.51667   -97.49604 36.47599     402.211     718.886  924.526  293.388   74.158   -0.899   11.949 0.00000e+00
  151    18.53333   -97.49571 36.47842     359.659     676.056  929.087  293.794   72.776   -0.633   11.967 0.00000e+00
  152    18.55000   -97.49551 36.48085     329.249     645.302  932.356  294.087   71.822   -0.449   11.985 0.00000e+00
  153    18.56667   -97.49545 36.48328     306.097     621.642  934.911  294.318   70.992   -0.310   11.984 0.00000e+00
  154    18.58333   -97.49550 36.48573     287.369     602.412  936.963  294.507   70.206   -0.258   11.965 0.00000e+00
  155    18.60000   -97.49570 36.48817     274.043     588.443  938.498  294.647   69.724   -0.179   11.966 0.00000e+00
  156    18.61667   -97.49598 36.49055     264.500     577.295  939.650  294.766   69.296   -0.084   11.966 0.00000e+00
  157    18.63333   -97.49629 36.49279     266.367     577.535  939.660  294.717   69.692    0.141   11.998 0.00000e+00
  158    18.65000   -97.49655 36.49500     289.566     599.201  937.308  294.561   70.644    0.544   12.075 0.00000e+00
  159    18.66667   -97.49669 36.49723     326.524     634.719  933.518  294.336   71.760    0.789   12.146 0.00000e+00
  160    18.68333   -97.49678 36.49934     364.923     671.845  929.520  294.049   73.108    0.858   12.208 0.00000e+00
  161    18.70000   -97.49681 36.50129     403.228     708.998  925.580  293.710   74.550    0.866   12.241 0.00000e+00
  162    18.71667   -97.49668 36.50309     442.996     747.627  921.481  293.355   75.863    0.781   12.239 0.00000e+00
  163    18.73333   -97.49632 36.50477     473.559     776.977  918.325  293.043   76.712    0.438   12.178 0.00000e+00
  164    18.75000   -97.49583 36.50634     483.945     786.506  917.300  292.920   76.940    0.017   12.135 0.00000e+00
  165    18.76667   -97.49531 36.50785     466.568     768.590  919.167  293.082   75.974   -0.497   12.080 0.00000e+00
  166    18.78333   -97.49486 36.50945     427.600     729.225  923.335  293.500   73.429   -0.872   11.929 0.00000e+00
  167    18.80000   -97.49444 36.51108     377.734     679.036  928.692  294.011   71.041   -0.993   11.845 0.00000e+00
  168    18.81667   -97.49394 36.51269     332.110     633.187  933.585  294.487   68.915   -0.879   11.773 0.00000e+00
  169    18.83333   -97.49340 36.51414     297.066     598.428  937.268  294.859   67.283   -0.541   11.715 0.00000e+00
  170    18.85000   -97.49291 36.51540     280.311     582.283  939.032  295.028   66.687   -0.141   11.711 0.00000e+00
  171    18.86667   -97.49249 36.51653     278.152     580.673  939.186  295.069   66.419    0.163   11.692 0.00000e+00
  172    18.88333   -97.49200 36.51755     290.646     593.653  937.785  295.032   66.806    0.441   11.750 0.00000e+00
  173    18.90000   -97.49133 36.51862     323.703     627.222  934.199  294.812   68.154    0.727   11.871 0.00000e+00
  174    18.91667   -97.49060 36.51982     389.741     693.838  926.992  294.241   70.663    1.491   11.974 0.00000e+00
  175    18.93333   -97.48998 36.52106     490.694     795.386  916.210  293.356   74.532    2.326   12.095 0.00000e+00
  176    18.95000   -97.48975 36.52216     633.854     938.920  901.058  291.932   79.907    2.734   12.059 0.00000e+00
  177    18.96667   -97.49010 36.52320     760.995    1066.265  887.829  290.710   85.119    0.927   12.067 0.00000e+00
  178    18.98333   -97.49081 36.52451     751.964    1057.483  888.725  290.793   83.802   -2.480   11.930 0.00000e+00
