    0    16.01667   -97.56064 36.23013       6.209     340.923  965.741  294.761   78.777   -0.011   13.228 0.00000e+00
    1    16.03333   -97.56027 36.23155       5.699     340.718  965.812  294.782   78.516   -0.021   13.200 0.00000e+00
    2    16.05000   -97.55949 36.23270       4.686     340.466  965.749  294.729   78.255   -0.005   13.114 0.00000e+00
    3    16.06667   -97.55840 36.23343       4.931     341.650  965.608  294.672   78.237    0.039   13.067 0.00000e+00
    4    16.08333   -97.55739 36.23385      10.968     348.507  964.969  294.495   78.814    0.202   13.028 0.00000e+00
    5    16.10000   -97.55670 36.23447      35.555     373.664  962.195  294.160   79.742    0.735   12.948 0.00000e+00
    6    16.11667   -97.55618 36.23602      91.579     430.182  955.930  293.509   81.983    1.389   12.868 0.00000e+00
    7    16.13333   -97.55593 36.23833     168.032     506.960  947.445  292.664   85.521    1.257   12.847 0.00000e+00
    8    16.15000   -97.55588 36.24128     206.992     546.645  943.143  292.271   87.261   -0.069   12.847 0.00000e+00
    9    16.16667   -97.55565 36.24460     176.269     516.751  946.455  292.558   86.025   -1.057   12.850 0.00000e+00
   10    16.18333   -97.55482 36.24803     136.787     477.959  950.731  292.896   84.440   -0.484   12.826 0.00000e+00
   11    16.20000   -97.55386 36.25155     115.844     458.373  952.829  293.091   83.598   -0.377   12.825 0.00000e+00
   12    16.21667   -97.55298 36.25506      89.075     433.164  955.630  293.332   82.457   -0.601   12.804 0.00000e+00
   13    16.23333   -97.55174 36.25850      64.447     409.992  958.198  293.560   81.535   -0.333   12.808 0.00000e+00
   14    16.25000   -97.55013 36.26179      57.534     404.656  958.729  293.632   81.334   -0.085   12.826 0.00000e+00
   15    16.26667   -97.54861 36.26479      68.163     416.820  957.430  293.533   82.150    0.150   12.893 0.00000e+00
   16    16.28333   -97.54744 36.26760      90.231     440.587  954.748  293.254   83.412    0.317   12.902 0.00000e+00
   17    16.30000   -97.54639 36.27051     117.043     469.388  951.527  292.923   84.797    0.523   12.891 0.00000e+00
   18    16.31667   -97.54525 36.27351     145.946     499.811  948.191  292.626   86.067    0.561   12.888 0.00000e+00
   19    16.33333   -97.54401 36.27655     169.174     523.885  945.636  292.411   86.967    0.302   12.883 0.00000e+00
   20    16.35000   -97.54298 36.27951     176.939     532.096  944.739  292.299   87.518    0.049   12.886 0.00000e+00
   21    16.36667   -97.54236 36.28243     176.868     530.998  944.900  292.274   87.761    0.064   12.899 0.00000e+00
   22    16.38333   -97.54211 36.28537     176.897     529.640  945.056  292.304   87.703    0.156   12.913 0.00000e+00
   23    16.40000   -97.54209 36.28849     187.325     538.608  944.015  292.207   88.139    0.358   12.912 0.00000e+00
   24    16.41667   -97.54214 36.29199     217.874     568.040  940.816  291.893   89.410    1.320   12.886 0.00000e+00
   25    16.43333   -97.54166 36.29569     285.352     634.282  933.618  291.232   92.393    1.654   12.870 0.00000e+00
   26    16.45000   -97.54039 36.29937     348.849     698.434  926.625  290.628   95.371    0.992   12.882 0.00000e+00
   27    16.46667   -97.53860 36.30296     384.642     734.326  922.845  290.353   96.908    0.173   12.915 0.00000e+00
   28    16.48333   -97.53667 36.30621     391.672     740.355  922.183  290.329   96.991   -0.438   12.915 0.00000e+00
   29    16.50000   -97.53483 36.30921     369.129     717.419  924.695  290.590   95.510   -1.037   12.896 0.00000e+00
   30    16.51667   -97.53333 36.31206     323.440     670.698  929.835  291.067   92.963   -1.256   12.867 0.00000e+00
   31    16.53333   -97.53226 36.31469     274.951     620.556  935.293  291.562   90.443   -1.126   12.841 0.00000e+00
   32    16.55000   -97.53160 36.31717     231.443     575.688  940.176  292.004   88.257   -0.816   12.818 0.00000e+00
   33    16.56667   -97.53135 36.31963     194.901     538.075  944.250  292.369   86.569   -0.479   12.809 0.00000e+00
   34    16.58333   -97.53146 36.32208     173.174     515.996  946.574  292.592   85.405   -0.179   12.783 0.00000e+00
   35    16.60000   -97.53187 36.32452     170.158     514.643  946.708  292.619   85.136    0.304   12.763 0.00000e+00
   36    16.61667   -97.53231 36.32695     196.211     542.475  943.650  292.356   86.223    0.924   12.755 0.00000e+00
   37    16.63333   -97.53247 36.32944     254.164     602.030  937.191  291.791   88.615    1.342   12.739 0.00000e+00
   38    16.65000   -97.53223 36.33206     328.683     676.744  929.153  291.073   91.927    1.331   12.737 0.00000e+00
   39    16.66667   -97.53165 36.33487     401.548     749.184  921.369  290.372   95.344    1.125   12.742 0.00000e+00
   40    16.68333   -97.53091 36.33793     464.254     811.382  914.623  289.761   98.418    1.069   12.743 1.36086e-04
   41    16.70000   -97.53014 36.34124     495.817     844.423  911.025  289.466   99.874   -0.098   12.740 1.08501e-02
   42    16.71667   -97.52927 36.34454     468.194     818.863  913.756  289.825   96.971   -1.112   12.619 0.00000e+00
   43    16.73333   -97.52820 36.34758     413.880     765.125  919.673  290.458   93.028   -1.070   12.525 0.00000e+00
   44    16.75000   -97.52707 36.35035     368.501     716.888  924.934  290.943   90.666   -0.845   12.517 0.00000e+00
   45    16.76667   -97.52596 36.35289     337.152     682.438  928.651  291.262   89.312   -0.608   12.531 0.00000e+00
   46    16.78333   -97.52499 36.35526     322.784     664.876  930.618  291.414   88.764   -0.339   12.549 0.00000e+00
   47    16.80000   -97.52428 36.35741     319.996     658.887  931.230  291.470   88.037   -0.131   12.481 0.00000e+00
   48    16.81667   -97.52379 36.35931     341.238     677.602  929.139  291.299   89.305    0.484   12.553 0.00000e+00
   49    16.83333   -97.52350 36.36123     406.153     740.247  922.322  290.788   91.589    1.827   12.556 0.00000e+00
   50    16.85000   -97.52252 36.36320     517.017     848.579  910.735  289.771   97.249    2.488   12.655 0.00000e+00
   51    16.86667   -97.52085 36.36546     622.137     951.273  899.822  289.070  100.000    2.238   12.607 1.21792e-01
   52    16.88333   -97.51869 36.36784     698.942    1025.981  891.962  288.815  100.000    1.578   12.512 3.14273e-01
   53    16.90000   -97.51612 36.37043     757.813    1082.645  886.018  288.583  100.000    1.079   12.411 4.18027e-01
   54    16.91667   -97.51352 36.37317     793.780    1118.919  882.099  288.404  100.000    0.536   12.324 4.37509e-01
   55    16.93333   -97.51092 36.37594     807.598    1135.701  880.350  288.224  100.000    0.265   12.205 3.79734e-01
   56    16.95000   -97.50833 36.37878     809.716    1140.974  879.839  288.070  100.000    0.171   12.091 2.78238e-01
   57    16.96667   -97.50571 36.38173     808.040    1140.850  879.945  287.992  100.000   -0.056   12.028 2.06855e-01
   58    16.98333   -97.50288 36.38475     800.470    1133.622  880.669  287.939  100.000   -0.122   11.977 9.80853e-02
   59    17.00000   -97.49985 36.38770     785.921    1120.328  882.025  287.968  100.000   -0.225   11.966 2.46001e-02
   60    17.01667   -97.49681 36.39056     759.657    1096.008  884.601  288.105   99.702   -0.480   11.999 2.73194e-02
   61    17.03333   -97.49391 36.39339     731.837    1069.443  887.387  288.384   96.744   -0.829   11.817 4.50127e-03
   62    17.05000   -97.49117 36.39630     706.404    1044.755  889.970  288.900   91.295   -0.494   11.497 0.00000e+00
   63    17.06667   -97.48862 36.39926     692.019    1029.936  891.543  289.004   91.386    0.099   11.565 0.00000e+00
   64    17.08333   -97.48615 36.40224     692.691    1029.427  891.596  288.841   93.872    0.295   11.755 0.00000e+00
   65    17.10000   -97.48360 36.40531     705.393    1040.840  890.461  288.692   95.086    0.198   11.808 0.00000e+00
   66    17.11667   -97.48102 36.40849     720.908    1053.781  889.117  288.577   95.627    0.211   11.805 0.00000e+00
   67    17.13333   -97.47838 36.41173     736.700    1066.963  887.710  288.406   96.687    0.115   11.824 0.00000e+00
   68    17.15000   -97.47564 36.41490     749.102    1078.881  886.333  288.250   97.504   -0.075   11.822 0.00000e+00
   69    17.16667   -97.47284 36.41801     756.577    1087.942  885.382  288.160   98.331   -0.025   11.866 2.15780e-03
   70    17.18333   -97.46988 36.42119     760.858    1095.285  884.763  288.105   99.449    0.160   11.966 2.34512e-02
   71    17.20000   -97.46677 36.42443     754.547    1085.434  885.859  288.258   99.683   -0.154   12.098 7.27234e-02
   72    17.21667   -97.46362 36.42763     720.867    1047.603  889.806  288.553   98.817   -0.671   12.170 2.32998e-02
   73    17.23333   -97.46061 36.43076     667.906     990.901  895.811  289.106   95.847   -0.863   12.151 0.00000e+00
   74    17.25000   -97.45778 36.43383     615.515     934.822  901.670  289.691   92.493   -0.689   12.095 0.00000e+00
   75    17.26667   -97.45511 36.43686     576.539     892.979  906.087  290.092   90.780   -0.435   12.120 0.00000e+00
   76    17.28333   -97.45255 36.43983     549.526     864.190  909.076  290.357   89.505   -0.318   12.113 0.00000e+00
   77    17.30000   -97.45017 36.44282     529.700     843.156  911.390  290.575   88.235   -0.309   12.078 0.00000e+00
   78    17.31667   -97.44797 36.44589     516.045     828.333  912.955  290.743   86.996   -0.368   12.015 0.00000e+00
   79    17.33333   -97.44592 36.44907     509.607     821.414  913.692  290.805   86.715   -0.153   12.014 0.00000e+00
   80    17.35000   -97.44395 36.45229     507.812     819.864  913.861  290.786   86.981   -0.056   12.034 0.00000e+00
   81    17.36667   -97.44201 36.45554     504.400     815.847  914.381  290.827   86.769   -0.156   12.029 0.00000e+00
   82    17.38333   -97.44001 36.45882     492.450     803.169  915.627  290.927   86.377   -0.403   12.035 0.00000e+00
   83    17.40000   -97.43803 36.46217     470.377     780.784  918.018  291.131   85.476   -0.512   12.033 0.00000e+00
   84    17.41667   -97.43616 36.46562     448.184     757.759  920.514  291.347   84.627   -0.394   12.045 0.00000e+00
   85    17.43333   -97.43438 36.46914     435.158     743.413  922.058  291.483   84.187   -0.149   12.065 0.00000e+00
   86    17.45000   -97.43267 36.47266     433.694     740.615  922.325  291.480   84.573    0.174   12.115 0.00000e+00
   87    17.46667   -97.43103 36.47610     445.467     751.245  921.142  291.366   85.600    0.307   12.190 0.00000e+00
   88    17.48333   -97.42952 36.47955     459.507     765.617  919.619  291.228   86.347    0.334   12.209 0.00000e+00
   89    17.50000   -97.42803 36.48304     473.482     776.648  918.608  291.128   87.039    0.074   12.243 0.00000e+00
   90    17.51667   -97.42655 36.48655     464.471     762.974  920.062  291.274   86.914   -0.379   12.320 0.00000e+00
   91    17.53333   -97.42525 36.49001     428.572     724.383  924.038  291.636   85.631   -0.785   12.365 0.00000e+00
   92    17.55000   -97.42419 36.49337     364.456     659.711  931.000  292.251   83.135   -1.365   12.386 0.00000e+00
   93    17.56667   -97.42327 36.49645     277.775     572.854  940.351  293.083   79.952   -1.687   12.424 0.00000e+00
   94    17.58333   -97.42236 36.49929     186.070     483.662  950.094  293.933   76.627   -1.636   12.426 0.00000e+00
   95    17.60000   -97.42146 36.50204     114.492     414.746  957.630  294.562   74.177   -1.451   12.408 0.00000e+00
   96    17.61667   -97.42060 36.50480      79.139     381.995  961.286  294.849   73.047   -0.951   12.390 0.00000e+00
   97    17.63333   -97.41972 36.50750      71.908     376.445  961.887  295.097   72.569   -0.235   12.491 0.00000e+00
   98    17.65000   -97.41882 36.51021      81.541     387.778  960.593  295.243   72.493    0.330   12.608 0.00000e+00
   99    17.66667   -97.41785 36.51299      94.307     402.280  959.028  295.131   72.806    0.173   12.596 0.00000e+00
  100    17.68333   -97.41701 36.51578      93.442     401.987  959.109  295.175   72.705   -0.138   12.612 0.00000e+00
  101    17.70000   -97.41654 36.51854      76.386     384.998  960.988  295.327   72.049   -0.314   12.590 0.00000e+00
  102    17.71667   -97.41660 36.52114      61.012     369.795  962.758  295.423   71.511   -0.144   12.548 0.00000e+00
  103    17.73333   -97.41696 36.52343      69.890     378.692  961.750  295.447   71.751    0.433   12.621 0.00000e+00
  104    17.75000   -97.41724 36.52551     112.324     421.003  957.097  295.056   73.098    1.146   12.614 0.00000e+00
  105    17.76667   -97.41734 36.52741     199.099     507.575  947.574  294.183   76.238    1.878   12.590 0.00000e+00
  106    17.78333   -97.41718 36.52927     311.357     619.413  935.426  293.064   80.545    1.863   12.568 0.00000e+00
  107    17.80000   -97.41660 36.53135     408.641     716.036  924.973  292.112   84.532    1.494   12.566 0.00000e+00
  108    17.81667   -97.41551 36.53339     481.935     788.450  917.236  291.405   87.580    1.045   12.556 0.00000e+00
  109    17.83333   -97.41407 36.53532     511.531     817.060  914.172  291.133   88.851    0.339   12.562 0.00000e+00
  110    17.85000   -97.41245 36.53726     486.449     791.021  916.907  291.365   87.395   -1.050   12.503 0.00000e+00
  111    17.86667   -97.41113 36.53924     397.796     702.466  926.311  292.235   82.921   -2.071   12.404 0.00000e+00
  112    17.88333   -97.41042 36.54142     259.494     565.188  941.148  293.585   77.214   -2.744   12.370 0.00000e+00
  113    17.90000   -97.41006 36.54372     120.642     427.462  956.255  294.931   72.126   -1.949   12.361 0.00000e+00
  114    17.91667   -97.40947 36.54607      43.304     351.252  964.647  295.634   69.439   -0.711   12.318 0.00000e+00
  115    17.93333   -97.40825 36.54836      19.784     328.992  967.081  296.132   68.263   -0.112   12.454 0.00000e+00
  116    17.95000   -97.40639 36.55036      14.461     324.728  967.565  296.506   67.672   -0.047   12.626 0.00000e+00
  117    17.96667   -97.40434 36.55199      15.076     326.013  967.370  296.790   67.137    0.108   12.747 0.00000e+00
  118    17.98333   -97.40265 36.55342      29.955     341.671  965.625  296.768   67.214    0.476   12.768 0.00000e+00
  119    18.00000   -97.40155 36.55499      72.750     385.569  960.745  296.150   69.017    1.091   12.690 0.00000e+00
  120    18.01667   -97.40100 36.55687     161.349     475.074  950.862  295.046   72.570    2.024   12.598 0.00000e+00
  121    18.03333   -97.40077 36.55905     286.992     601.494  937.144  293.692   77.553    2.329   12.561 0.00000e+00
  122    18.05000   -97.40058 36.56119     422.728     737.950  922.463  292.323   82.987    2.309   12.536 0.00000e+00
  123    18.06667   -97.40038 36.56326     550.917     866.870  908.740  291.070   88.507    1.848   12.539 0.00000e+00
  124    18.08333   -97.40002 36.56517     648.070     965.208  898.359  290.117   92.812    1.164   12.519 0.00000e+00
  125    18.10000   -97.39937 36.56697     720.246    1038.705  890.664  289.421   95.449    1.212   12.420 0.00000e+00
  126    18.11667   -97.39844 36.56884     790.976    1110.888  883.150  288.758   98.726    1.466   12.415 0.00000e+00
  127    18.13333   -97.39735 36.57103     864.592    1186.221  875.349  288.286  100.000    1.703   12.319 6.89032e-02
  128    18.15000   -97.39645 36.57376     952.115    1275.368  866.242  287.789  100.000    2.095   12.058 1.62660e-01
  129    18.16667   -97.39587 36.57691    1062.070    1386.949  854.869  287.134  100.000    1.957   11.712 2.49435e-01
  130    18.18333   -97.39507 36.58019    1177.097    1503.771  843.205  286.621  100.000    1.450   11.485 4.73781e-01
  131    18.20000   -97.39352 36.58348    1266.349    1593.617  834.223  285.990  100.000    1.133   11.139 5.10984e-01
  132    18.21667   -97.39141 36.58656    1340.365    1668.140  826.835  285.396  100.000    1.435   10.806 4.81469e-01
  133    18.23333   -97.38913 36.58935    1430.147    1758.691  817.902  284.696  100.000    2.275   10.429 4.79188e-01
  134    18.25000   -97.38699 36.59202    1557.157    1886.866  805.504  283.922  100.000    2.947   10.057 6.11825e-01
  135    18.26667   -97.38488 36.59509    1686.858    2017.439  793.028  283.243  100.000    1.578    9.763 8.30095e-01
  136    18.28333   -97.38247 36.59859    1744.753    2075.972  787.481  282.882  100.000    0.102    9.596 8.70118e-01
  137    18.30000   -97.37984 36.60239    1742.660    2074.948  787.595  282.974  100.000   -0.776    9.655 6.99260e-01
  138    18.31667   -97.37704 36.60621    1728.825    2060.164  789.168  282.721   90.401   -0.644    8.544 4.66166e-02
  139    18.33333   -97.37393 36.60997    1720.609    2046.577  790.441  283.252   81.151   -0.207    7.937 1.53577e-02
  140    18.35000   -97.37059 36.61366    1707.462    2028.170  792.170  283.160   83.933   -0.247    8.140 0.00000e+00
  141    18.36667   -97.36745 36.61740    1694.947    2011.218  793.769  283.078   88.298   -0.448    8.500 0.00000e+00
  142    18.38333   -97.36450 36.62118    1669.255    1981.495  796.627  283.171   91.595   -0.722    8.840 0.00000e+00
  143    18.40000   -97.36174 36.62501    1620.077    1929.202  801.602  283.543   91.340   -0.973    8.982 0.00000e+00
  144    18.41667   -97.35925 36.62887    1560.834    1868.419  807.408  284.015   90.680   -0.848    9.138 0.00000e+00
  145    18.43333   -97.35690 36.63272    1515.054    1822.301  811.822  284.413   89.104   -0.595    9.170 0.00000e+00
  146    18.45000   -97.35443 36.63649    1491.198    1799.300  814.069  284.644   87.885   -0.337    9.159 0.00000e+00
  147    18.46667   -97.35181 36.64020    1492.888    1799.796  814.190  284.684   87.388    0.023    9.131 0.00000e+00
  148    18.48333   -97.34903 36.64388    1515.514    1818.021  812.387  284.545   87.393    0.318    9.067 0.00000e+00
  149    18.50000   -97.34618 36.64754    1542.937    1841.756  810.029  284.322   87.915    0.319    9.013 0.00000e+00
  150    18.51667   -97.34340 36.65123    1560.074    1858.072  808.403  284.243   86.979   -0.009    8.888 0.00000e+00
  151    18.53333   -97.34065 36.65502    1557.806    1855.818  808.614  284.369   83.957   -0.389    8.650 0.00000e+00
  152    18.55000   -97.33779 36.65916    1521.373    1819.782  812.093  284.232   88.427   -1.546    8.988 0.00000e+00
  153    18.56667   -97.33512 36.66368    1452.234    1751.309  818.771  284.465   92.630   -1.480    9.485 0.00000e+00
  154    18.58333   -97.33258 36.66814    1375.337    1673.699  826.424  284.891   96.871   -1.680   10.109 0.00000e+00
  155    18.60000   -97.33006 36.67240    1297.902    1595.148  834.190  285.687   92.906   -1.664   10.125 1.44998e-04
  156    18.61667   -97.32768 36.67644    1229.039    1526.177  840.986  286.346   89.951   -1.088   10.154 0.00000e+00
  157    18.63333   -97.32548 36.68027    1180.907    1479.623  845.620  286.729   88.509   -0.335   10.190 0.00000e+00
  158    18.65000   -97.32326 36.68395    1160.207    1463.121  847.183  286.858   87.954    0.186   10.193 0.00000e+00
  159    18.66667   -97.32090 36.68758    1167.785    1475.263  846.016  286.723   88.568    0.561   10.188 0.00000e+00
  160    18.68333   -97.31844 36.69123    1190.512    1500.214  843.582  286.461   89.944    0.608   10.199 0.00000e+00
  161    18.70000   -97.31586 36.69490    1209.873    1520.915  841.513  286.243   91.037    0.163   10.202 0.00000e+00
  162    18.71667   -97.31320 36.69852    1206.073    1518.720  841.733  286.294   90.645   -0.502   10.189 0.00000e+00
  163    18.73333   -97.31065 36.70201    1182.496    1496.207  844.002  286.572   88.666   -0.588   10.123 0.00000e+00
  164    18.75000   -97.30832 36.70536    1159.555    1473.702  846.368  286.869   86.957   -0.168   10.094 0.00000e+00
  165    18.76667   -97.30617 36.70873    1149.872    1462.236  847.596  286.906   87.741    0.160   10.195 0.00000e+00
  166    18.78333   -97.30421 36.71216    1151.988    1461.478  847.678  286.811   89.279    0.302   10.308 0.00000e+00
  167    18.80000   -97.30249 36.71564    1162.513    1469.093  846.907  286.666   90.665    0.301   10.379 0.00000e+00
  168    18.81667   -97.30096 36.71905    1179.441    1483.881  845.484  286.508   91.661    0.332   10.402 0.00000e+00
  169    18.83333   -97.29944 36.72238    1200.535    1503.506  843.428  286.328   92.347    0.336   10.383 0.00000e+00
  170    18.85000   -97.29788 36.72564    1223.548    1526.260  841.141  286.135   93.063    0.349   10.359 0.00000e+00
  171    18.86667   -97.29638 36.72892    1244.803    1547.115  839.093  285.954   93.805    0.275   10.343 0.00000e+00
  172    18.88333   -97.29475 36.73232    1251.010    1553.590  838.401  285.900   93.782   -0.054   10.312 0.00000e+00
  173    18.90000   -97.29275 36.73576    1245.030    1548.330  838.882  285.919   94.104   -0.268   10.355 0.00000e+00
  174    18.91667   -97.29039 36.73887    1239.235    1543.417  839.355  285.969   93.717   -0.294   10.341 0.00000e+00
  175    18.93333   -97.28783 36.74157    1229.658    1534.806  840.204  286.095   92.587   -0.291   10.291 0.00000e+00
  176    18.95000   -97.28533 36.74396    1219.679    1525.887  841.056  286.203   91.741   -0.203   10.259 0.00000e+00
  177    18.96667   -97.28308 36.74627    1208.384    1516.316  842.012  286.301   91.190   -0.224   10.251 0.00000e+00
  178    18.98333   -97.28107 36.74875    1191.465    1501.267  843.581  286.433   90.758   -0.263   10.272 0.00000e+00
