    0    16.01667   -97.54857 36.26373      18.693     366.908  962.976  293.680   83.352    0.191   13.126 0.00000e+00
    1    16.03333   -97.54838 36.26589      32.077     381.285  961.368  293.441   83.843    0.295   13.030 0.00000e+00
    2    16.05000   -97.54836 36.26833      53.166     403.458  958.880  293.163   84.642    0.447   12.961 0.00000e+00
    3    16.06667   -97.54852 36.27097      84.995     436.355  955.203  292.835   85.982    0.746   12.949 0.00000e+00
    4    16.08333   -97.54888 36.27370     134.236     486.059  949.780  292.342   87.977    0.893   12.919 0.00000e+00
    5    16.10000   -97.54919 36.27637     178.953     531.095  944.830  291.892   89.581    1.040   12.855 0.00000e+00
    6    16.11667   -97.54936 36.27895     215.412     567.962  940.760  291.543   91.140    1.039   12.849 0.00000e+00
    7    16.13333   -97.54987 36.28162     248.883     601.217  937.215  291.233   92.601    0.388   12.850 0.00000e+00
    8    16.15000   -97.55067 36.28440     265.112     617.022  935.503  291.094   92.670   -0.275   12.770 0.00000e+00
    9    16.16667   -97.55109 36.28729     270.599     622.390  934.904  290.969   93.328   -0.133   12.767 0.00000e+00
   10    16.18333   -97.55104 36.29010     279.081     631.076  934.031  290.907   93.558    0.221   12.760 0.00000e+00
   11    16.20000   -97.55088 36.29292     285.270     637.569  933.296  290.838   93.832    0.352   12.752 0.00000e+00
   12    16.21667   -97.55074 36.29571     278.908     631.436  933.982  290.885   93.485    0.450   12.733 0.00000e+00
   13    16.23333   -97.55084 36.29842     273.653     627.511  934.335  290.906   93.372    0.560   12.730 0.00000e+00
   14    16.25000   -97.55104 36.30111     286.121     641.851  932.763  290.766   94.105    0.696   12.738 0.00000e+00
   15    16.26667   -97.55118 36.30392     313.789     671.460  929.532  290.481   95.467    0.766   12.734 0.00000e+00
   16    16.28333   -97.55127 36.30698     345.337     703.650  926.119  290.196   96.766    0.566   12.722 0.00000e+00
   17    16.30000   -97.55128 36.31022     367.289     725.444  923.742  290.018   97.467    0.201   12.702 0.00000e+00
   18    16.31667   -97.55129 36.31343     373.249     731.045  923.238  289.998   97.460   -0.117   12.692 7.97407e-10
   19    16.33333   -97.55145 36.31651     368.887     724.043  923.989  290.105   96.752   -0.366   12.675 0.00000e+00
   20    16.35000   -97.55196 36.31940     350.301     702.966  926.298  290.332   95.546   -0.290   12.668 0.00000e+00
   21    16.36667   -97.55263 36.32228     343.738     694.913  927.053  290.427   94.976   -0.130   12.659 0.00000e+00
   22    16.38333   -97.55288 36.32497     339.075     691.595  927.412  290.479   94.633   -0.092   12.650 0.00000e+00
   23    16.40000   -97.55293 36.32769     334.269     688.091  927.829  290.569   94.066   -0.219   12.641 0.00000e+00
   24    16.41667   -97.55303 36.33060     303.020     657.690  931.251  290.934   92.259   -0.847   12.643 0.00000e+00
   25    16.43333   -97.55334 36.33378     233.437     586.638  938.910  291.645   89.032   -1.704   12.658 0.00000e+00
   26    16.45000   -97.55383 36.33709     147.426     498.902  948.477  292.517   85.346   -1.736   12.689 0.00000e+00
   27    16.46667   -97.55447 36.34040      94.505     444.008  954.533  293.037   83.250   -0.456   12.706 0.00000e+00
   28    16.48333   -97.55520 36.34369      89.348     436.960  955.337  293.214   82.936    0.495   12.788 0.00000e+00
   29    16.50000   -97.55593 36.34703     109.292     454.973  953.358  293.120   83.408    0.707   12.812 0.00000e+00
   30    16.51667   -97.55656 36.35040     130.764     473.277  951.306  292.943   84.096    0.469   12.803 0.00000e+00
   31    16.53333   -97.55717 36.35366     145.043     483.923  950.109  292.853   84.493    0.419   12.807 0.00000e+00
   32    16.55000   -97.55774 36.35683     153.929     489.040  949.575  292.740   84.873    0.213   12.781 0.00000e+00
   33    16.56667   -97.55840 36.35990     157.596     489.234  949.541  292.734   84.881    0.194   12.778 0.00000e+00
   34    16.58333   -97.55906 36.36284     159.263     487.824  949.676  292.711   84.970   -0.003   12.772 0.00000e+00
   35    16.60000   -97.55975 36.36571     154.992     483.862  950.001  292.743   84.819    0.049   12.770 0.00000e+00
   36    16.61667   -97.56046 36.36850     150.675     480.842  950.399  292.777   84.675    0.126   12.770 0.00000e+00
   37    16.63333   -97.56122 36.37124     144.448     476.289  950.906  292.813   84.538   -0.038   12.771 0.00000e+00
   38    16.65000   -97.56216 36.37399     129.415     463.209  952.383  292.945   84.009   -0.258   12.777 0.00000e+00
   39    16.66667   -97.56334 36.37678     118.146     453.967  953.355  293.050   83.572    0.048   12.781 0.00000e+00
   40    16.68333   -97.56447 36.37963     137.932     475.516  950.970  292.875   84.307    0.628   12.785 0.00000e+00
   41    16.70000   -97.56534 36.38253     179.585     519.177  946.227  292.513   85.915    0.755   12.801 0.00000e+00
   42    16.71667   -97.56604 36.38546     209.081     550.929  942.729  292.288   86.915    0.457   12.816 0.00000e+00
   43    16.73333   -97.56683 36.38838     211.046     555.219  942.296  292.307   86.841   -0.056   12.826 0.00000e+00
   44    16.75000   -97.56761 36.39130     191.003     536.332  944.391  292.529   85.799   -0.409   12.821 0.00000e+00
   45    16.76667   -97.56841 36.39422     168.365     514.857  946.756  292.761   84.721   -0.273   12.814 0.00000e+00
   46    16.78333   -97.56921 36.39715     168.174     515.666  946.722  292.780   84.626    0.514   12.815 0.00000e+00
   47    16.80000   -97.56995 36.40006     201.505     548.752  943.035  292.561   85.624    1.018   12.840 0.00000e+00
   48    16.81667   -97.57021 36.40305     234.574     581.280  939.489  292.342   86.627    0.862   12.861 0.00000e+00
   49    16.83333   -97.57030 36.40603     257.312     603.942  936.948  292.164   87.440    0.581   12.873 0.00000e+00
   50    16.85000   -97.57027 36.40900     274.439     622.046  934.945  292.009   88.127    0.663   12.875 0.00000e+00
   51    16.86667   -97.57005 36.41190     292.018     640.539  932.961  291.816   88.893    0.805   12.857 0.00000e+00
   52    16.88333   -97.56956 36.41469     322.145     671.396  929.633  291.504   90.188    0.950   12.836 0.00000e+00
   53    16.90000   -97.56883 36.41733     361.882     711.534  925.307  291.096   91.927    1.080   12.810 0.00000e+00
   54    16.91667   -97.56770 36.41981     415.167     765.015  919.574  290.599   94.171    1.172   12.794 0.00000e+00
   55    16.93333   -97.56601 36.42218     470.858     820.755  913.554  290.085   96.627    0.706   12.789 0.00000e+00
   56    16.95000   -97.56393 36.42448     493.897     844.071  911.050  289.881   97.683   -0.209   12.796 0.00000e+00
   57    16.96667   -97.56195 36.42679     467.767     818.399  913.786  290.117   96.137   -0.963   12.746 0.00000e+00
   58    16.98333   -97.56036 36.42930     416.570     768.236  919.158  290.621   93.336   -1.277   12.704 0.00000e+00
   59    17.00000   -97.55930 36.43207     371.095     723.204  924.016  291.067   91.104   -0.996   12.689 0.00000e+00
   60    17.01667   -97.55870 36.43504     354.896     707.271  925.716  291.248   89.937   -0.083   12.649 0.00000e+00
   61    17.03333   -97.55845 36.43795     376.588     729.206  923.446  291.054   90.837    0.738   12.650 0.00000e+00
   62    17.05000   -97.55816 36.44063     422.871     773.388  918.784  290.634   92.892    0.991   12.659 0.00000e+00
   63    17.06667   -97.55757 36.44296     460.164     808.275  915.073  290.299   94.420    0.500   12.648 0.00000e+00
   64    17.08333   -97.55659 36.44496     457.730     803.435  915.568  290.342   94.271   -0.437   12.655 0.00000e+00
   65    17.10000   -97.55535 36.44692     414.690     757.799  920.466  290.868   90.479   -1.592   12.493 0.00000e+00
   66    17.11667   -97.55418 36.44924     331.068     672.260  929.658  291.797   84.981   -2.380   12.321 0.00000e+00
   67    17.13333   -97.55306 36.45203     232.474     571.461  940.567  292.780   80.995   -2.338   12.347 0.00000e+00
   68    17.15000   -97.55225 36.45486     142.756     479.674  950.586  293.651   77.613   -1.770   12.360 0.00000e+00
   69    17.16667   -97.55165 36.45759      70.500     406.816  958.641  294.378   75.521   -1.138   12.476 0.00000e+00
   70    17.18333   -97.55070 36.46021      31.612     367.124  963.048  294.822   74.568   -0.549   12.604 0.00000e+00
   71    17.20000   -97.54939 36.46240      21.724     355.913  964.291  295.206   73.394    0.003   12.687 0.00000e+00
   72    17.21667   -97.54803 36.46431      29.879     362.302  963.591  295.417   73.100    0.222   12.810 0.00000e+00
   73    17.23333   -97.54671 36.46645      39.186     369.606  962.780  295.508   73.351    0.290   12.937 0.00000e+00
   74    17.25000   -97.54558 36.46887      58.113     386.769  960.859  295.402   74.186    0.596   13.026 0.00000e+00
   75    17.26667   -97.54466 36.47132     103.424     430.684  955.987  294.838   76.214    1.219   12.991 0.00000e+00
   76    17.28333   -97.54395 36.47372     200.724     526.805  945.418  293.709   80.316    2.344   12.908 0.00000e+00
   77    17.30000   -97.54320 36.47610     346.460     671.346  929.758  292.112   86.513    2.452   12.794 0.00000e+00
   78    17.31667   -97.54214 36.47857     488.366     811.777  914.678  290.710   92.874    2.453   12.776 0.00000e+00
   79    17.33333   -97.54066 36.48114     613.738     935.949  901.419  289.488   99.024    2.193   12.785 9.25614e-06
   80    17.35000   -97.53870 36.48364     702.461    1024.222  892.118  288.969  100.000    1.643   12.635 1.40974e-01
   81    17.36667   -97.53618 36.48619     741.791    1063.162  888.037  288.768  100.000    1.106   12.531 2.16383e-01
   82    17.38333   -97.53333 36.48893     740.114    1060.178  888.419  288.771  100.000    0.717   12.527 1.87420e-01
   83    17.40000   -97.53030 36.49175     716.050    1034.759  890.982  288.688   99.999    0.147   12.407 3.10903e-02
   84    17.41667   -97.52718 36.49447     688.957    1007.762  893.859  288.890   98.408   -0.090   12.330 1.30595e-05
   85    17.43333   -97.52410 36.49704     655.616     973.759  897.459  289.242   96.150   -0.549   12.273 0.00000e+00
   86    17.45000   -97.52116 36.49950     609.289     926.298  902.435  289.731   93.224   -0.736   12.211 0.00000e+00
   87    17.46667   -97.51829 36.50186     576.604     892.311  906.073  290.066   91.603   -0.095   12.209 0.00000e+00
   88    17.48333   -97.51542 36.50417     578.609     892.524  906.069  290.082   91.761    0.530   12.243 0.00000e+00
   89    17.50000   -97.51269 36.50653     600.523     911.033  904.194  289.954   93.022    0.437   12.337 0.00000e+00
   90    17.51667   -97.51029 36.50886     621.174     928.241  902.310  289.830   93.472    0.318   12.324 0.00000e+00
   91    17.53333   -97.50826 36.51117     645.325     949.867  900.073  289.659   93.896    0.376   12.276 0.00000e+00
   92    17.55000   -97.50642 36.51353     674.167     976.699  897.178  289.402   94.628    0.364   12.208 0.00000e+00
   93    17.56667   -97.50471 36.51596     702.839    1005.540  894.179  289.175   94.880    0.346   12.104 0.00000e+00
   94    17.58333   -97.50297 36.51847     723.263    1026.486  891.903  288.989   95.065    0.152   12.014 0.00000e+00
   95    17.60000   -97.50114 36.52100     730.733    1034.745  891.050  288.939   94.820   -0.033   11.956 0.00000e+00
   96    17.61667   -97.49926 36.52351     722.272    1027.511  891.796  289.012   94.187   -0.307   11.922 0.00000e+00
   97    17.63333   -97.49738 36.52592     699.541    1005.724  894.088  289.225   92.970   -0.440   11.899 0.00000e+00
   98    17.65000   -97.49562 36.52820     668.490     975.207  897.319  289.516   91.429   -0.462   11.880 0.00000e+00
   99    17.66667   -97.49409 36.53037     643.541     950.610  899.868  289.741   90.788   -0.204   11.934 0.00000e+00
  100    17.68333   -97.49273 36.53257     637.493     945.240  900.406  289.749   91.735    0.165   12.058 0.00000e+00
  101    17.70000   -97.49149 36.53494     647.407     956.018  899.281  289.610   93.176    0.434   12.154 0.00000e+00
  102    17.71667   -97.49020 36.53749     663.529     973.151  897.469  289.419   94.980    0.402   12.263 0.00000e+00
  103    17.73333   -97.48878 36.54017     676.434     987.361  895.947  289.282   95.976    0.078   12.304 0.00000e+00
  104    17.75000   -97.48717 36.54292     670.477     982.714  896.442  289.334   95.755   -0.430   12.310 0.00000e+00
  105    17.76667   -97.48552 36.54565     635.533     949.199  899.930  289.678   93.776   -0.912   12.277 0.00000e+00
  106    17.78333   -97.48398 36.54814     580.919     896.457  905.513  290.181   91.500   -1.205   12.293 0.00000e+00
  107    17.80000   -97.48251 36.55022     514.989     832.237  912.309  290.846   88.076   -1.897   12.253 0.00000e+00
  108    17.81667   -97.48115 36.55231     430.709     749.567  921.165  291.717   84.773   -1.541   12.343 0.00000e+00
  109    17.83333   -97.48005 36.55453     373.273     693.705  927.155  292.272   82.503   -0.924   12.359 0.00000e+00
  110    17.85000   -97.47898 36.55670     328.809     650.747  931.873  292.700   80.574   -1.049   12.336 0.00000e+00
  111    17.86667   -97.47797 36.55873     293.021     616.200  935.610  293.142   79.664   -0.777   12.489 0.00000e+00
  112    17.88333   -97.47691 36.56077     271.388     595.441  937.852  293.419   78.870   -0.768   12.549 0.00000e+00
  113    17.90000   -97.47598 36.56314     229.221     553.849  942.455  293.796   77.436   -0.903   12.552 0.00000e+00
  114    17.91667   -97.47574 36.56588     180.522     503.593  947.982  294.242   75.178   -0.203   12.455 0.00000e+00
  115    17.93333   -97.47597 36.56860     175.839     497.346  948.662  294.362   74.248    0.355   12.384 0.00000e+00
  116    17.95000   -97.47614 36.57107     201.031     521.109  946.073  294.132   75.077    0.436   12.379 0.00000e+00
  117    17.96667   -97.47617 36.57336     240.564     559.610  941.885  293.770   76.607    0.647   12.405 0.00000e+00
  118    17.98333   -97.47606 36.57557     301.982     620.103  935.317  293.201   79.046    1.051   12.441 0.00000e+00
  119    18.00000   -97.47582 36.57771     387.567     704.668  926.189  292.392   82.442    1.404   12.456 0.00000e+00
  120    18.01667   -97.47543 36.57980     494.642     810.606  914.859  291.388   86.852    1.779   12.471 0.00000e+00
  121    18.03333   -97.47493 36.58193     620.140     934.947  901.641  290.221   92.462    2.312   12.509 0.00000e+00
  122    18.05000   -97.47427 36.58426     751.209    1064.917  887.948  288.978   98.639    2.430   12.513 2.39643e-08
  123    18.06667   -97.47328 36.58691     872.425    1185.151  875.537  288.265  100.000    2.488   12.305 1.80904e-01
  124    18.08333   -97.47214 36.58986     987.021    1298.739  863.892  287.781  100.000    2.601   12.087 4.19039e-01
  125    18.10000   -97.47070 36.59300    1091.145    1401.562  853.465  287.000  100.000    2.259   11.629 4.05609e-01
  126    18.11667   -97.46915 36.59650    1192.165    1500.958  843.472  286.343  100.000    2.375   11.271 4.49685e-01
  127    18.13333   -97.46758 36.60041    1294.412    1600.978  833.495  285.844  100.000    2.916   11.040 6.51274e-01
  128    18.15000   -97.46582 36.60466    1393.218    1697.888  823.883  285.418  100.000    2.721   10.860 9.13427e-01
  129    18.16667   -97.46384 36.60930    1488.546    1792.184  814.665  285.028  100.000    2.039   10.704 1.09320e+00
  130    18.18333   -97.46176 36.61421    1569.238    1872.260  806.860  284.626  100.000    1.319   10.524 1.19013e+00
  131    18.20000   -97.45956 36.61909    1615.628    1919.110  802.325  284.332  100.000    0.457   10.380 1.12650e+00
  132    18.21667   -97.45717 36.62386    1643.705    1947.569  799.598  284.002  100.000    0.188   10.189 9.64787e-01
  133    18.23333   -97.45457 36.62840    1668.511    1972.477  797.243  283.777  100.000    0.236   10.066 8.83805e-01
  134    18.25000   -97.45187 36.63269    1684.230    1988.362  795.737  283.535  100.000    0.212    9.923 7.35413e-01
  135    18.26667   -97.44923 36.63683    1681.240    1985.690  796.011  283.413  100.000   -0.111    9.839 5.36040e-01
  136    18.28333   -97.44669 36.64101    1645.968    1950.238  799.434  283.565  100.000   -0.892    9.896 3.21013e-01
  137    18.30000   -97.44429 36.64531    1588.123    1891.509  805.120  283.771   95.550   -1.359    9.499 2.87541e-02
  138    18.31667   -97.44197 36.64973    1541.759    1844.147  809.659  284.437   86.378   -0.788    8.928 0.00000e+00
  139    18.33333   -97.43960 36.65427    1542.936    1844.671  809.589  284.578   82.901    0.336    8.650 0.00000e+00
  140    18.35000   -97.43707 36.65878    1589.039    1889.683  805.284  284.241   82.798    0.971    8.493 0.00000e+00
  141    18.36667   -97.43437 36.66319    1647.014    1946.560  799.775  283.703   84.102    0.879    8.379 0.00000e+00
  142    18.38333   -97.43158 36.66760    1684.736    1985.530  796.053  283.250   86.712    0.434    8.420 0.00000e+00
  143    18.40000   -97.42889 36.67210    1696.737    1997.949  794.875  283.076   88.472    0.025    8.503 0.00000e+00
  144    18.41667   -97.42644 36.67670    1697.805    1999.967  794.650  283.058   89.049    0.128    8.551 0.00000e+00
  145    18.43333   -97.42414 36.68130    1701.557    2004.709  794.213  283.040   87.963    0.105    8.441 0.00000e+00
  146    18.45000   -97.42196 36.68582    1693.087    1997.836  794.905  283.149   86.733   -0.186    8.377 0.00000e+00
  147    18.46667   -97.41989 36.69034    1677.483    1984.212  796.144  283.314   85.962   -0.162    8.382 0.00000e+00
  148    18.48333   -97.41797 36.69490    1675.901    1986.151  795.972  283.247   87.539    0.235    8.499 0.00000e+00
  149    18.50000   -97.41602 36.69941    1688.179    2000.718  794.643  283.056   89.845    0.151    8.626 0.00000e+00
  150    18.51667   -97.41397 36.70382    1680.810    1994.690  795.229  283.176   88.041   -0.466    8.515 0.00000e+00
  151    18.53333   -97.41190 36.70818    1642.097    1957.991  798.735  283.622   84.245   -0.838    8.359 0.00000e+00
  152    18.55000   -97.40997 36.71258    1605.913    1924.003  801.998  284.019   81.455   -0.352    8.266 0.00000e+00
  153    18.56667   -97.40815 36.71703    1613.479    1932.993  801.145  283.940   81.853    0.628    8.271 0.00000e+00
  154    18.58333   -97.40620 36.72145    1657.992    1979.240  796.709  283.435   85.323    0.807    8.381 0.00000e+00
  155    18.60000   -97.40399 36.72588    1693.023    2015.724  793.223  283.071   87.339    0.355    8.409 0.00000e+00
  156    18.61667   -97.40166 36.73037    1707.135    2030.161  791.970  282.926   88.364    0.216    8.438 0.00000e+00
  157    18.63333   -97.39929 36.73479    1721.823    2039.552  791.132  282.816   89.253    0.380    8.469 0.00000e+00
  158    18.65000   -97.39682 36.73899    1733.516    2045.586  790.534  282.703   90.568    0.087    8.535 0.00000e+00
  159    18.66667   -97.39436 36.74298    1722.552    2030.166  791.969  282.898   89.101   -0.414    8.492 0.00000e+00
  160    18.68333   -97.39199 36.74695    1688.555    1993.450  795.373  283.344   85.931   -0.658    8.404 0.00000e+00
  161    18.70000   -97.38976 36.75104    1658.682    1965.396  798.062  283.641   84.157   -0.223    8.368 0.00000e+00
  162    18.71667   -97.38757 36.75525    1667.527    1975.954  796.995  283.586   83.709    0.467    8.304 0.00000e+00
  163    18.73333   -97.38539 36.75941    1701.108    2012.527  793.442  283.256   84.811    0.548    8.266 0.00000e+00
  164    18.75000   -97.38321 36.76347    1727.535    2042.403  790.681  282.983   85.985    0.270    8.256 0.00000e+00
  165    18.76667   -97.38106 36.76757    1736.609    2053.186  789.703  282.845   87.344   -0.046    8.319 0.00000e+00
  166    18.78333   -97.37892 36.77173    1736.487    2053.537  789.657  282.846   87.633   -0.096    8.348 0.00000e+00
  167    18.80000   -97.37671 36.77594    1728.762    2046.945  790.259  282.927   86.874   -0.186    8.314 0.00000e+00
  168    18.81667   -97.37439 36.78022    1712.706    2032.455  791.616  283.104   85.561   -0.383    8.273 0.00000e+00
  169    18.83333   -97.37198 36.78456    1694.755    2016.177  793.201  283.349   83.344   -0.292    8.176 0.00000e+00
  170    18.85000   -97.36952 36.78891    1689.801    2012.858  793.529  283.338   84.288    0.217    8.259 0.00000e+00
  171    18.86667   -97.36691 36.79315    1706.860    2031.148  791.844  282.983   88.695    0.558    8.504 0.00000e+00
  172    18.88333   -97.36419 36.79718    1732.494    2057.572  789.350  282.628   91.938    0.458    8.633 0.00000e+00
  173    18.90000   -97.36134 36.80099    1746.562    2072.012  788.007  282.478   92.814    0.042    8.643 0.00000e+00
  174    18.91667   -97.35837 36.80465    1743.831    2068.761  788.324  282.585   90.910   -0.265    8.523 0.00000e+00
  175    18.93333   -97.35545 36.80825    1724.206    2049.136  790.160  282.871   88.040   -0.456    8.395 0.00000e+00
  176    18.95000   -97.35270 36.81182    1697.379    2022.811  792.622  283.122   86.743   -0.340    8.387 0.00000e+00
  177    18.96667   -97.35014 36.81541    1679.953    2006.104  794.250  283.217   86.790    0.021    8.428 0.00000e+00
  178    18.98333   -97.34770 36.81913    1679.155    2005.903  794.247  283.118   88.165    0.368    8.505 0.00000e+00
