    0    16.01667   -97.51694 36.20876     121.264     458.641  952.851  292.757   85.968    0.646   12.915 0.00000e+00
    1    16.03333   -97.51666 36.21185     148.683     489.393  949.450  292.397   87.453    0.307   12.891 0.00000e+00
    2    16.05000   -97.51627 36.21486     156.899     499.102  948.446  292.320   87.727    0.087   12.883 0.00000e+00
    3    16.06667   -97.51580 36.21782     143.650     485.658  949.887  292.483   86.854   -0.253   12.866 0.00000e+00
    4    16.08333   -97.51515 36.22078     127.152     469.560  951.591  292.656   85.935   -0.137   12.846 0.00000e+00
    5    16.10000   -97.51423 36.22367     111.796     455.343  953.202  292.781   85.186    0.099   12.813 0.00000e+00
    6    16.11667   -97.51315 36.22642     121.456     465.471  952.157  292.705   85.408    0.504   12.799 0.00000e+00
    7    16.13333   -97.51215 36.22909     151.145     494.633  948.905  292.427   86.544    0.728   12.789 0.00000e+00
    8    16.15000   -97.51147 36.23193     191.698     536.646  944.120  292.019   88.356    0.890   12.790 0.00000e+00
    9    16.16667   -97.51097 36.23495     241.572     589.531  938.378  291.511   90.610    0.731   12.781 0.00000e+00
   10    16.18333   -97.51039 36.23820     285.169     636.065  933.372  291.086   92.528    0.936   12.773 0.00000e+00
   11    16.20000   -97.50948 36.24157     340.454     694.827  926.960  290.522   94.863    0.943   12.722 0.00000e+00
   12    16.21667   -97.50820 36.24508     395.823     754.871  920.402  289.943   97.555    0.977   12.699 0.00000e+00
   13    16.23333   -97.50664 36.24867     441.638     804.276  915.128  289.460  100.000    0.670   12.694 4.86613e-04
   14    16.25000   -97.50501 36.25233     467.645     832.560  912.101  289.311  100.000    0.194   12.630 3.22463e-02
   15    16.26667   -97.50346 36.25605     485.850     853.035  910.011  289.222  100.000    0.267   12.588 6.12486e-02
   16    16.28333   -97.50194 36.25980     511.067     878.581  907.320  289.116  100.000    0.579   12.540 1.09354e-01
   17    16.30000   -97.50027 36.26363     540.861     907.988  904.253  288.981  100.000    0.571   12.474 1.44269e-01
   18    16.31667   -97.49845 36.26748     560.696     926.712  902.255  288.900  100.000    0.285   12.437 1.61776e-01
   19    16.33333   -97.49651 36.27131     561.285     926.915  902.237  288.889  100.000   -0.194   12.429 1.30270e-01
   20    16.35000   -97.49446 36.27507     540.344     904.115  904.745  288.980  100.000   -0.666   12.467 5.58694e-02
   21    16.36667   -97.49237 36.27879     498.623     860.626  909.266  289.271   98.948   -1.115   12.489 1.49484e-03
   22    16.38333   -97.49024 36.28242     441.804     803.312  915.371  289.827   96.016   -1.127   12.474 0.00000e+00
   23    16.40000   -97.48808 36.28608     371.939     733.361  922.847  290.470   93.127   -1.318   12.504 0.00000e+00
   24    16.41667   -97.48613 36.28978     292.220     651.876  931.908  291.207   90.038   -1.246   12.545 0.00000e+00
   25    16.43333   -97.48480 36.29344     228.114     583.417  939.278  291.859   87.635   -0.998   12.624 0.00000e+00
   26    16.45000   -97.48401 36.29697     173.125     525.301  945.524  292.427   85.532   -0.950   12.685 0.00000e+00
   27    16.46667   -97.48338 36.30033     112.643     463.844  952.292  293.031   83.100   -1.075   12.708 0.00000e+00
   28    16.48333   -97.48238 36.30350      63.778     414.345  957.780  293.496   81.339   -0.584   12.731 0.00000e+00
   29    16.50000   -97.48084 36.30648      38.931     388.904  960.589  293.793   80.247   -0.186   12.757 0.00000e+00
   30    16.51667   -97.47895 36.30917      32.908     382.657  961.277  293.977   79.661    0.069   12.801 0.00000e+00
   31    16.53333   -97.47726 36.31152      45.992     395.070  960.017  293.986   79.739    0.422   12.838 0.00000e+00
   32    16.55000   -97.47621 36.31389      80.093     427.394  956.501  293.710   80.910    0.861   12.852 0.00000e+00
   33    16.56667   -97.47552 36.31643     129.992     474.648  951.308  293.206   82.900    1.132   12.830 0.00000e+00
   34    16.58333   -97.47509 36.31913     187.807     529.693  945.263  292.610   85.295    1.045   12.799 0.00000e+00
   35    16.60000   -97.47494 36.32203     226.269     565.242  941.409  292.211   86.891    0.466   12.768 0.00000e+00
   36    16.61667   -97.47481 36.32498     227.973     564.104  941.496  292.188   86.720   -0.238   12.723 0.00000e+00
   37    16.63333   -97.47463 36.32771     209.978     543.399  943.816  292.395   85.558   -0.426   12.686 0.00000e+00
   38    16.65000   -97.47433 36.33022     195.150     525.939  945.733  292.562   84.728   -0.272   12.669 0.00000e+00
   39    16.66667   -97.47396 36.33253     190.862     519.226  946.442  292.627   84.441   -0.119   12.669 0.00000e+00
   40    16.68333   -97.47357 36.33476     202.204     528.299  945.424  292.543   84.942    0.249   12.691 0.00000e+00
   41    16.70000   -97.47324 36.33695     235.793     559.741  941.947  292.243   86.320    0.809   12.703 0.00000e+00
   42    16.71667   -97.47304 36.33918     286.689     610.067  936.278  291.753   88.479    1.127   12.701 0.00000e+00
   43    16.73333   -97.47298 36.34150     339.398     664.917  930.348  291.237   90.821    1.052   12.700 0.00000e+00
   44    16.75000   -97.47285 36.34389     381.332     709.020  925.592  290.842   92.643    0.681   12.699 0.00000e+00
   45    16.76667   -97.47260 36.34634     419.379     749.063  921.387  290.502   94.238    0.561   12.699 0.00000e+00
   46    16.78333   -97.47215 36.34881     455.461     784.712  917.602  290.191   95.748    0.335   12.702 0.00000e+00
   47    16.80000   -97.47166 36.35110     489.115     817.527  914.044  289.897   96.993    0.270   12.677 0.00000e+00
   48    16.81667   -97.47107 36.35321     521.657     849.374  910.629  289.576   98.379    0.454   12.644 9.40244e-05
   49    16.83333   -97.47028 36.35524     563.039     889.897  906.386  289.234   99.741    1.131   12.600 8.80027e-03
   50    16.85000   -97.46909 36.35733     613.048     937.332  901.394  288.985  100.000    1.228   12.517 9.37756e-02
   51    16.86667   -97.46726 36.35978     661.630     982.698  896.599  288.780  100.000    1.016   12.419 1.77751e-01
   52    16.88333   -97.46503 36.36256     692.867    1010.448  893.609  288.645  100.000    0.557   12.354 2.12369e-01
   53    16.90000   -97.46267 36.36560     693.813    1013.132  893.177  288.630  100.000   -0.005   12.348 1.94465e-01
   54    16.91667   -97.46051 36.36880     675.144     998.911  894.683  288.692  100.000   -0.214   12.377 1.37167e-01
   55    16.93333   -97.45859 36.37209     652.322     979.934  896.726  288.769  100.000   -0.274   12.403 5.95654e-02
   56    16.95000   -97.45686 36.37543     635.496     965.619  898.183  288.824   99.961   -0.143   12.411 1.41330e-02
   57    16.96667   -97.45517 36.37880     621.895     955.222  899.290  288.889   99.718   -0.114   12.417 1.07970e-04
   58    16.98333   -97.45348 36.38220     608.007     943.568  900.600  289.015   98.964   -0.207   12.406 0.00000e+00
   59    17.00000   -97.45179 36.38561     583.610     920.649  902.992  289.254   97.547   -0.549   12.385 0.00000e+00
   60    17.01667   -97.45010 36.38903     542.805     881.740  907.087  289.663   95.283   -0.870   12.363 0.00000e+00
   61    17.03333   -97.44849 36.39244     499.328     840.169  911.464  290.092   92.967   -0.666   12.339 0.00000e+00
   62    17.05000   -97.44695 36.39578     470.795     813.973  914.284  290.347   91.810   -0.274   12.347 0.00000e+00
   63    17.06667   -97.44543 36.39901     461.325     802.858  915.691  290.466   91.283   -0.073   12.350 0.00000e+00
   64    17.08333   -97.44394 36.40209     461.265     798.462  916.215  290.508   91.049   -0.064   12.344 0.00000e+00
   65    17.10000   -97.44249 36.40508     459.098     791.880  916.910  290.565   90.834   -0.113   12.350 0.00000e+00
   66    17.11667   -97.44117 36.40796     451.829     781.114  918.099  290.666   90.474   -0.174   12.365 0.00000e+00
   67    17.13333   -97.44003 36.41079     440.556     766.406  919.656  290.808   89.839   -0.205   12.368 0.00000e+00
   68    17.15000   -97.43909 36.41364     426.865     749.447  921.442  290.980   88.938   -0.242   12.354 0.00000e+00
   69    17.16667   -97.43838 36.41648     416.487     737.115  922.757  291.092   89.575    0.085   12.514 0.00000e+00
   70    17.18333   -97.43765 36.41934     413.860     732.601  923.326  291.157   90.399    0.481   12.673 0.00000e+00
   71    17.20000   -97.43658 36.42218     432.233     749.157  921.455  290.990   91.746    0.973   12.753 0.00000e+00
   72    17.21667   -97.43501 36.42501     465.316     781.337  917.976  290.671   93.220    0.751   12.746 0.00000e+00
   73    17.23333   -97.43318 36.42788     490.306     806.379  915.174  290.419   94.476    0.378   12.751 0.00000e+00
   74    17.25000   -97.43127 36.43089     503.944     820.988  913.555  290.263   94.989    0.210   12.716 0.00000e+00
   75    17.26667   -97.42935 36.43407     508.663     827.172  912.890  290.196   95.299    0.052   12.712 0.00000e+00
   76    17.28333   -97.42741 36.43737     505.549     825.582  913.095  290.228   94.945   -0.046   12.688 0.00000e+00
   77    17.30000   -97.42548 36.44065     499.069     819.781  913.773  290.305   94.364   -0.014   12.663 0.00000e+00
   78    17.31667   -97.42371 36.44381     496.812     818.025  913.943  290.324   94.128    0.192   12.644 0.00000e+00
   79    17.33333   -97.42212 36.44684     510.899     832.547  912.511  290.282   93.862    0.794   12.595 0.00000e+00
   80    17.35000   -97.42047 36.44983     551.453     871.531  908.420  290.021   95.514    1.073   12.662 0.00000e+00
   81    17.36667   -97.41859 36.45290     582.091     900.346  905.237  289.783   95.697    0.150   12.538 0.00000e+00
   82    17.38333   -97.41673 36.45593     568.862     886.286  906.765  289.976   93.783   -0.698   12.419 0.00000e+00
   83    17.40000   -97.41517 36.45879     531.201     846.155  911.045  290.380   91.476   -1.028   12.372 0.00000e+00
   84    17.41667   -97.41380 36.46152     485.829     797.790  916.249  290.842   89.473   -1.095   12.391 0.00000e+00
   85    17.43333   -97.41249 36.46423     441.499     750.775  921.222  291.289   87.441   -0.954   12.390 0.00000e+00
   86    17.45000   -97.41110 36.46694     403.311     711.266  925.580  291.688   85.392   -0.708   12.350 0.00000e+00
   87    17.46667   -97.40963 36.46965     375.153     680.236  929.034  292.007   83.754   -0.581   12.313 0.00000e+00
   88    17.48333   -97.40807 36.47235     346.195     647.562  932.479  292.338   82.811   -0.734   12.385 0.00000e+00
   89    17.50000   -97.40658 36.47517     304.842     603.382  937.242  292.767   81.212   -0.877   12.414 0.00000e+00
   90    17.51667   -97.40531 36.47819     268.401     565.309  941.279  293.117   79.786   -0.420   12.412 0.00000e+00
   91    17.53333   -97.40416 36.48132     260.121     555.703  942.400  293.237   79.297    0.188   12.414 0.00000e+00
   92    17.55000   -97.40296 36.48438     274.845     568.217  941.030  293.165   79.683    0.461   12.437 0.00000e+00
   93    17.56667   -97.40171 36.48724     297.934     589.415  938.681  292.987   80.454    0.501   12.449 0.00000e+00
   94    17.58333   -97.40047 36.48986     318.030     609.557  936.413  292.793   81.137    0.397   12.434 0.00000e+00
   95    17.60000   -97.39919 36.49232     334.157     626.578  934.557  292.634   81.425    0.338   12.378 0.00000e+00
   96    17.61667   -97.39782 36.49467     351.027     644.297  932.623  292.458   82.005    0.334   12.355 0.00000e+00
   97    17.63333   -97.39636 36.49696     363.154     657.147  931.261  292.345   82.483    0.113   12.357 0.00000e+00
   98    17.65000   -97.39486 36.49923     361.789     656.145  931.386  292.362   82.420   -0.294   12.360 0.00000e+00
   99    17.66667   -97.39346 36.50150     341.305     636.443  933.422  292.587   80.909   -0.531   12.279 0.00000e+00
  100    17.68333   -97.39218 36.50381     307.741     603.977  936.918  292.924   79.189   -0.610   12.228 0.00000e+00
  101    17.70000   -97.39098 36.50623     268.431     566.166  941.021  293.293   77.570   -0.540   12.204 0.00000e+00
  102    17.71667   -97.38986 36.50872     231.929     531.693  944.728  293.636   76.108   -0.403   12.185 0.00000e+00
  103    17.73333   -97.38878 36.51129     201.951     504.086  947.713  293.916   74.967   -0.249   12.175 0.00000e+00
  104    17.75000   -97.38773 36.51392     179.485     484.170  949.954  294.137   74.092   -0.225   12.170 0.00000e+00
  105    17.76667   -97.38663 36.51657     161.815     468.214  951.790  294.306   73.573   -0.181   12.189 0.00000e+00
  106    17.78333   -97.38556 36.51920     149.610     457.124  953.005  294.463   73.070   -0.034   12.208 0.00000e+00
  107    17.80000   -97.38445 36.52176     135.775     444.323  954.382  294.502   72.371   -0.514   12.102 0.00000e+00
  108    17.81667   -97.38324 36.52452     110.172     420.473  956.972  294.761   71.471   -0.705   12.112 0.00000e+00
  109    17.83333   -97.38211 36.52778      85.875     398.162  959.416  295.121   70.542   -0.331   12.192 0.00000e+00
  110    17.85000   -97.38158 36.53156      79.631     394.089  959.838  295.343   70.193    0.318   12.293 0.00000e+00
  111    17.86667   -97.38161 36.53517     122.326     438.896  954.930  295.040   71.381    0.912   12.333 0.00000e+00
  112    17.88333   -97.38170 36.53825     189.187     507.425  947.527  294.416   73.561    1.062   12.326 0.00000e+00
  113    17.90000   -97.38174 36.54089     259.466     577.506  939.903  293.720   76.062    0.997   12.305 0.00000e+00
  114    17.91667   -97.38166 36.54331     315.634     633.290  933.844  293.159   78.129    0.655   12.284 0.00000e+00
  115    17.93333   -97.38148 36.54563     350.560     667.868  930.058  292.804   79.562    0.343   12.285 0.00000e+00
  116    17.95000   -97.38129 36.54797     366.361     684.296  928.268  292.634   80.285    0.058   12.289 0.00000e+00
  117    17.96667   -97.38119 36.55043     365.213     684.674  928.213  292.633   80.204   -0.139   12.276 0.00000e+00
  118    17.98333   -97.38127 36.55303     351.394     672.402  929.509  292.781   79.502   -0.378   12.265 0.00000e+00
  119    18.00000   -97.38134 36.55568     327.028     649.448  931.978  293.019   78.547   -0.601   12.267 0.00000e+00
  120    18.01667   -97.38126 36.55832     298.607     622.004  934.974  293.284   77.409   -0.673   12.252 0.00000e+00
  121    18.03333   -97.38099 36.56098     270.472     594.890  937.872  293.545   76.327   -0.686   12.240 0.00000e+00
  122    18.05000   -97.38065 36.56364     240.276     565.558  941.103  293.845   75.171   -0.683   12.240 0.00000e+00
  123    18.06667   -97.38020 36.56630     210.171     535.199  944.439  294.145   74.244   -0.642   12.273 0.00000e+00
  124    18.08333   -97.37965 36.56902     178.980     503.763  947.862  294.452   73.526   -0.578   12.343 0.00000e+00
  125    18.10000   -97.37908 36.57184     144.968     469.742  951.484  294.780   72.473   -0.550   12.368 0.00000e+00
  126    18.11667   -97.37860 36.57473     115.614     442.598  954.461  295.045   71.525   -0.320   12.368 0.00000e+00
  127    18.13333   -97.37820 36.57757     104.013     433.172  955.449  295.145   70.981   -0.027   12.337 0.00000e+00
  128    18.15000   -97.37779 36.58030     107.059     438.082  955.048  295.123   70.764    0.239   12.288 0.00000e+00
  129    18.16667   -97.37732 36.58297     120.462     451.827  953.588  295.022   70.950    0.423   12.263 0.00000e+00
  130    18.18333   -97.37682 36.58560     140.124     471.642  951.469  294.847   71.541    0.508   12.260 0.00000e+00
  131    18.20000   -97.37650 36.58825     159.924     491.399  949.317  294.654   72.226    0.362   12.258 0.00000e+00
  132    18.21667   -97.37619 36.59087     169.858     500.508  948.331  294.599   72.551    0.087   12.285 0.00000e+00
  133    18.23333   -97.37578 36.59351     162.381     492.034  949.284  294.714   72.392   -0.314   12.333 0.00000e+00
  134    18.25000   -97.37521 36.59616     140.597     469.122  951.750  295.007   71.806   -0.364   12.424 0.00000e+00
  135    18.26667   -97.37453 36.59861     127.705     455.951  953.228  295.146   71.373   -0.342   12.436 0.00000e+00
  136    18.28333   -97.37381 36.60081     130.113     458.109  952.960  295.265   71.213    0.161   12.502 0.00000e+00
  137    18.30000   -97.37303 36.60270     137.392     464.883  952.223  295.251   71.317   -0.005   12.520 0.00000e+00
  138    18.31667   -97.37225 36.60445     125.587     452.382  953.613  295.341   70.918   -0.474   12.501 0.00000e+00
  139    18.33333   -97.37173 36.60624      94.577     420.225  957.185  295.673   69.785   -0.497   12.507 0.00000e+00
  140    18.35000   -97.37156 36.60794      70.335     394.911  959.950  295.947   68.867   -0.408   12.516 0.00000e+00
  141    18.36667   -97.37164 36.60950      52.145     376.011  962.028  296.150   68.185   -0.265   12.520 0.00000e+00
  142    18.38333   -97.37168 36.61088      45.234     368.461  962.840  296.330   67.695   -0.019   12.557 0.00000e+00
  143    18.40000   -97.37149 36.61211      52.557     374.966  962.147  296.432   67.372    0.323   12.584 0.00000e+00
  144    18.41667   -97.37121 36.61343      80.456     401.870  959.166  296.197   67.988    0.755   12.557 0.00000e+00
  145    18.43333   -97.37109 36.61486     139.648     460.101  952.789  295.563   69.769    1.428   12.478 0.00000e+00
  146    18.45000   -97.37123 36.61640     232.260     551.879  942.743  294.598   72.927    1.670   12.421 0.00000e+00
  147    18.46667   -97.37125 36.61803     334.431     653.058  931.814  293.578   76.466    1.801   12.369 0.00000e+00
  148    18.48333   -97.37111 36.61972     443.060     760.502  920.277  292.520   80.531    2.073   12.346 0.00000e+00
  149    18.50000   -97.37085 36.62148     558.678     874.866  908.120  291.412   85.250    2.378   12.352 0.00000e+00
  150    18.51667   -97.37066 36.62340     684.679    1000.077  894.940  290.189   90.779    2.414   12.348 0.00000e+00
  151    18.53333   -97.37057 36.62567     802.129    1116.910  882.772  289.052   96.183    2.007   12.332 0.00000e+00
  152    18.55000   -97.37055 36.62831     890.880    1204.985  873.708  288.260  100.000    1.416   12.320 2.40621e-02
  153    18.56667   -97.37052 36.63119     953.990    1266.703  867.414  287.975  100.000    0.955   12.191 1.27072e-01
  154    18.58333   -97.37044 36.63419     995.181    1305.364  863.471  287.788  100.000    0.623   12.099 1.91137e-01
  155    18.60000   -97.37018 36.63729    1017.610    1325.071  861.455  287.681  100.000    0.401   12.045 2.18839e-01
  156    18.61667   -97.36971 36.64038    1020.463    1325.929  861.296  287.618   99.799    0.036   11.954 1.73183e-01
  157    18.63333   -97.36900 36.64347    1002.194    1306.232  863.291  287.631   99.212   -0.399   11.866 4.68658e-02
  158    18.65000   -97.36837 36.64654     986.830    1289.570  864.961  287.725   98.395   -0.156   11.817 4.16997e-03
  159    18.66667   -97.36763 36.64949     988.003    1289.590  864.946  287.801   95.020    0.190   11.468 0.00000e+00
  160    18.68333   -97.36676 36.65238    1003.498    1303.997  863.502  287.740   93.709    0.395   11.284 0.00000e+00
  161    18.70000   -97.36575 36.65528    1031.898    1331.487  860.674  287.555   93.350    0.551   11.143 0.00000e+00
  162    18.71667   -97.36462 36.65822    1067.670    1367.297  857.044  287.265   94.169    0.569   11.077 0.00000e+00
  163    18.73333   -97.36341 36.66125    1101.274    1401.086  853.622  286.963   95.378    0.495   11.045 0.00000e+00
  164    18.75000   -97.36220 36.66434    1125.514    1425.404  851.180  286.754   96.152    0.236   11.015 0.00000e+00
  165    18.76667   -97.36101 36.66747    1134.119    1433.579  850.392  286.700   96.135   -0.112   10.984 0.00000e+00
  166    18.78333   -97.35973 36.67055    1124.930    1424.014  851.321  286.814   95.040   -0.369   10.928 0.00000e+00
  167    18.80000   -97.35828 36.67350    1102.304    1401.499  853.612  287.033   93.713   -0.542   10.902 0.00000e+00
  168    18.81667   -97.35664 36.67630    1070.994    1370.175  856.782  287.343   92.096   -0.612   10.892 0.00000e+00
  169    18.83333   -97.35486 36.67899    1035.180    1333.884  860.486  287.711   90.079   -0.640   10.865 0.00000e+00
  170    18.85000   -97.35297 36.68157    1000.552    1299.136  863.960  288.059   88.192   -0.526   10.837 0.00000e+00
  171    18.86667   -97.35107 36.68408     975.716    1275.055  866.434  288.300   86.799   -0.314   10.802 0.00000e+00
  172    18.88333   -97.34921 36.68649     969.591    1269.561  867.017  288.359   86.441    0.100   10.792 0.00000e+00
  173    18.90000   -97.34732 36.68878     988.969    1289.585  864.924  288.164   87.194    0.541   10.775 0.00000e+00
  174    18.91667   -97.34526 36.69100    1032.658    1334.607  860.315  287.671   90.901    1.061   10.938 0.00000e+00
  175    18.93333   -97.34288 36.69321    1093.525    1396.974  854.009  287.053   96.015    1.029   11.179 5.68042e-03
  176    18.95000   -97.34015 36.69554    1143.977    1448.740  848.800  286.628   97.347    0.422   11.091 1.35157e-03
  177    18.96667   -97.33751 36.69791    1154.388    1460.511  847.572  286.560   95.980   -0.283   10.902 6.83430e-06
  178    18.98333   -97.33513 36.70033    1125.445    1433.638  850.265  286.853   93.455   -0.925   10.787 0.00000e+00
