    0    16.01667   -97.47913 36.23853      44.813     424.787  956.761  292.837   84.696   -0.285   12.735 0.00000e+00
    1    16.03333   -97.47784 36.24171      36.891     413.806  958.091  293.106   83.692   -0.169   12.781 0.00000e+00
    2    16.05000   -97.47687 36.24489      34.003     407.249  958.771  293.294   82.963    0.023   12.810 0.00000e+00
    3    16.06667   -97.47632 36.24786      39.771     409.727  958.506  293.391   83.132    0.147   12.918 0.00000e+00
    4    16.08333   -97.47601 36.25069      49.382     416.028  957.785  293.259   83.855    0.140   12.932 0.00000e+00
    5    16.10000   -97.47586 36.25351      61.902     425.232  956.725  293.066   84.716    0.230   12.923 0.00000e+00
    6    16.11667   -97.47592 36.25623      81.814     442.204  954.787  292.855   85.638    0.389   12.919 0.00000e+00
    7    16.13333   -97.47592 36.25895     115.328     473.271  951.364  292.533   87.061    0.718   12.918 0.00000e+00
    8    16.15000   -97.47558 36.26159     162.476     518.232  946.454  292.090   89.116    0.818   12.926 0.00000e+00
    9    16.16667   -97.47462 36.26429     203.797     557.928  942.087  291.692   90.927    0.497   12.922 0.00000e+00
   10    16.18333   -97.47329 36.26704     220.884     573.705  940.379  291.520   91.674   -0.122   12.910 0.00000e+00
   11    16.20000   -97.47193 36.26979     212.506     563.160  941.589  291.603   91.165   -0.466   12.889 0.00000e+00
   12    16.21667   -97.47076 36.27253     197.829     546.372  943.368  291.776   90.187   -0.323   12.867 0.00000e+00
   13    16.23333   -97.46978 36.27531     189.427     537.470  944.338  291.853   89.683   -0.013   12.844 0.00000e+00
   14    16.25000   -97.46908 36.27802     190.036     537.528  944.423  291.832   89.707    0.157   12.830 0.00000e+00
   15    16.26667   -97.46870 36.28055     192.105     539.680  944.084  291.801   89.860    0.017   12.831 0.00000e+00
   16    16.28333   -97.46858 36.28289     192.528     542.009  943.823  291.784   89.949    0.038   12.834 0.00000e+00
   17    16.30000   -97.46864 36.28506     196.856     548.276  943.088  291.728   90.253    0.262   12.841 0.00000e+00
   18    16.31667   -97.46874 36.28712     213.122     566.438  941.100  291.551   91.109    0.498   12.846 0.00000e+00
   19    16.33333   -97.46867 36.28918     238.994     593.187  938.323  291.309   92.228    0.775   12.844 0.00000e+00
   20    16.35000   -97.46831 36.29121     268.076     621.619  935.193  291.044   93.346    0.620   12.826 0.00000e+00
   21    16.36667   -97.46754 36.29337     299.142     651.564  931.978  290.783   94.458    0.497   12.810 0.00000e+00
   22    16.38333   -97.46648 36.29571     333.256     684.087  928.450  290.518   95.372    0.542   12.766 0.00000e+00
   23    16.40000   -97.46516 36.29831     370.384     719.898  924.535  290.188   96.914    0.552   12.757 0.00000e+00
   24    16.41667   -97.46362 36.30115     397.686     746.243  921.723  289.976   97.926    0.231   12.756 2.91804e-10
   25    16.43333   -97.46216 36.30416     400.527     748.238  921.475  289.991   97.932   -0.196   12.772 6.05217e-09
   26    16.45000   -97.46095 36.30728     380.378     728.393  923.577  290.184   96.928   -0.364   12.769 0.00000e+00
   27    16.46667   -97.46010 36.31043     350.750     699.838  926.681  290.458   95.473   -0.269   12.755 0.00000e+00
   28    16.48333   -97.45952 36.31362     327.035     676.842  929.358  290.698   94.193   -0.080   12.741 0.00000e+00
   29    16.50000   -97.45914 36.31683     317.205     664.290  930.691  290.834   93.555    0.002   12.747 0.00000e+00
   30    16.51667   -97.45866 36.31999     312.844     656.975  931.468  290.921   93.192    0.025   12.757 0.00000e+00
   31    16.53333   -97.45809 36.32308     304.412     645.098  932.805  291.063   92.573   -0.051   12.769 0.00000e+00
   32    16.55000   -97.45750 36.32620     284.317     621.099  935.359  291.309   91.444   -0.308   12.776 0.00000e+00
   33    16.56667   -97.45693 36.32937     253.310     586.292  939.158  291.665   89.797   -0.409   12.779 0.00000e+00
   34    16.58333   -97.45634 36.33261     216.077     544.313  943.735  292.080   87.923   -0.498   12.782 0.00000e+00
   35    16.60000   -97.45589 36.33589     179.675     503.305  948.175  292.479   86.169   -0.369   12.785 0.00000e+00
   36    16.61667   -97.45557 36.33915     153.181     473.465  951.349  292.760   84.937   -0.280   12.783 0.00000e+00
   37    16.63333   -97.45533 36.34236     134.392     454.258  953.544  292.945   84.145   -0.247   12.782 0.00000e+00
   38    16.65000   -97.45522 36.34550     120.531     439.844  955.171  293.081   83.559   -0.235   12.779 0.00000e+00
   39    16.66667   -97.45523 36.34864     106.422     425.272  956.791  293.227   82.892   -0.215   12.772 0.00000e+00
   40    16.68333   -97.45541 36.35173      91.271     409.822  958.474  293.384   82.201   -0.232   12.767 0.00000e+00
   41    16.70000   -97.45573 36.35482      76.758     395.108  960.117  293.556   81.497   -0.252   12.772 0.00000e+00
   42    16.71667   -97.45615 36.35791      61.476     379.651  961.775  293.715   80.835   -0.338   12.773 0.00000e+00
   43    16.73333   -97.45657 36.36105      42.451     360.110  963.903  293.969   79.899   -0.345   12.798 0.00000e+00
   44    16.75000   -97.45687 36.36427      27.380     345.436  965.350  294.357   78.750   -0.183   12.901 0.00000e+00
   45    16.76667   -97.45695 36.36703      19.322     340.721  965.929  294.615   78.027   -0.058   12.981 0.00000e+00
   46    16.78333   -97.45704 36.36947      16.761     341.069  965.904  294.760   77.593   -0.009   13.026 0.00000e+00
   47    16.80000   -97.45722 36.37169      16.902     343.848  965.625  294.855   77.315    0.050   13.059 0.00000e+00
   48    16.81667   -97.45744 36.37378      19.258     348.040  965.162  294.904   77.204    0.093   13.086 0.00000e+00
   49    16.83333   -97.45773 36.37580      22.407     352.847  964.587  294.989   77.076    0.098   13.142 0.00000e+00
   50    16.85000   -97.45802 36.37777      27.705     359.703  963.825  294.917   77.232    0.088   13.120 0.00000e+00
   51    16.86667   -97.45824 36.37976      33.899     367.373  962.947  294.858   77.336    0.113   13.102 0.00000e+00
   52    16.88333   -97.45830 36.38175      44.099     377.916  961.820  294.809   77.439    0.178   13.095 0.00000e+00
   53    16.90000   -97.45810 36.38383      60.050     394.066  960.022  294.636   77.956    0.338   13.067 0.00000e+00
   54    16.91667   -97.45763 36.38609      87.942     422.383  956.839  294.371   78.855    0.709   13.046 0.00000e+00
   55    16.93333   -97.45692 36.38858     125.400     460.664  952.630  293.771   80.654    0.609   12.913 0.00000e+00
   56    16.95000   -97.45612 36.39134     167.064     503.789  947.873  293.296   82.503    0.867   12.888 0.00000e+00
   57    16.96667   -97.45522 36.39431     218.992     557.182  942.043  292.741   84.852    1.232   12.883 0.00000e+00
   58    16.98333   -97.45415 36.39730     277.961     617.441  935.496  292.088   87.515    1.264   12.842 0.00000e+00
   59    17.00000   -97.45281 36.40026     327.923     667.895  930.179  291.574   89.621    0.827   12.805 0.00000e+00
   60    17.01667   -97.45144 36.40309     350.130     689.388  927.882  291.327   90.517    0.305   12.763 0.00000e+00
   61    17.03333   -97.45031 36.40569     348.967     686.084  928.307  291.337   90.354   -0.118   12.743 0.00000e+00
   62    17.05000   -97.44954 36.40807     336.460     670.506  930.008  291.481   89.712   -0.385   12.744 0.00000e+00
   63    17.06667   -97.44913 36.41025     321.870     653.343  931.879  291.650   88.838   -0.330   12.730 0.00000e+00
   64    17.08333   -97.44901 36.41243     322.105     651.260  932.080  291.664   88.687    0.127   12.717 0.00000e+00
   65    17.10000   -97.44888 36.41470     346.237     673.170  929.717  291.458   89.581    0.452   12.712 0.00000e+00
   66    17.11667   -97.44856 36.41711     382.102     706.768  926.070  291.149   91.074    0.611   12.723 0.00000e+00
   67    17.13333   -97.44802 36.41967     425.324     747.563  921.684  290.771   92.865    0.743   12.726 0.00000e+00
   68    17.15000   -97.44723 36.42246     470.999     790.912  917.018  290.377   94.811    0.794   12.736 0.00000e+00
   69    17.16667   -97.44615 36.42550     513.970     832.155  912.536  290.000   96.658    0.737   12.738 0.00000e+00
   70    17.18333   -97.44480 36.42875     539.399     855.916  910.011  289.784   97.680    0.263   12.731 0.00000e+00
   71    17.20000   -97.44333 36.43211     532.662     847.464  910.919  289.884   97.022   -0.582   12.714 0.00000e+00
   72    17.21667   -97.44186 36.43546     497.072     810.455  914.797  290.280   94.484   -1.152   12.644 0.00000e+00
   73    17.23333   -97.44061 36.43860     447.695     760.151  920.186  290.824   91.319   -1.308   12.578 0.00000e+00
   74    17.25000   -97.43981 36.44135     389.765     701.780  926.439  291.427   88.439   -1.399   12.570 0.00000e+00
   75    17.26667   -97.43922 36.44349     329.685     641.324  932.982  292.009   85.982   -1.744   12.589 0.00000e+00
   76    17.28333   -97.43863 36.44509     263.407     574.730  940.145  292.677   83.636   -0.960   12.673 0.00000e+00
   77    17.30000   -97.43814 36.44688     238.894     549.818  942.941  292.977   82.624   -0.286   12.719 0.00000e+00
   78    17.31667   -97.43774 36.44904     215.274     525.614  945.602  293.225   81.728   -0.275   12.742 0.00000e+00
   79    17.33333   -97.43728 36.45144     200.364     509.976  947.301  293.375   81.092   -0.114   12.739 0.00000e+00
   80    17.35000   -97.43672 36.45381     187.131     495.872  948.829  293.502   80.676   -0.110   12.753 0.00000e+00
   81    17.36667   -97.43606 36.45628     178.805     487.401  949.699  293.589   80.317   -0.147   12.753 0.00000e+00
   82    17.38333   -97.43530 36.45867     159.222     468.224  951.809  293.773   79.622   -0.218   12.761 0.00000e+00
   83    17.40000   -97.43421 36.46101     137.316     446.164  954.312  294.087   78.419   -0.279   12.781 0.00000e+00
   84    17.41667   -97.43288 36.46320     128.914     436.556  955.410  294.060   78.590   -0.125   12.773 0.00000e+00
   85    17.43333   -97.43167 36.46529     137.086     443.773  954.599  294.093   78.492    0.269   12.794 0.00000e+00
   86    17.45000   -97.43081 36.46743     183.618     489.821  949.602  293.787   79.746    1.096   12.821 0.00000e+00
   87    17.46667   -97.43040 36.46957     265.513     571.570  940.613  293.030   82.794    1.420   12.819 0.00000e+00
   88    17.48333   -97.43021 36.47173     350.890     656.945  931.313  292.223   86.218    1.545   12.818 0.00000e+00
   89    17.50000   -97.43001 36.47396     430.973     736.906  922.715  291.505   89.238    1.100   12.798 0.00000e+00
   90    17.51667   -97.42989 36.47622     479.153     785.062  917.537  291.113   90.042    0.174   12.668 0.00000e+00
   91    17.53333   -97.42981 36.47858     487.433     793.403  916.550  291.117   88.616   -0.234   12.484 0.00000e+00
   92    17.55000   -97.42972 36.48115     473.445     778.366  918.315  291.289   87.716   -0.377   12.469 0.00000e+00
   93    17.56667   -97.42956 36.48398     451.759     753.751  920.966  291.515   87.138   -0.421   12.529 0.00000e+00
   94    17.58333   -97.42941 36.48695     440.688     739.528  922.535  291.642   87.008   -0.065   12.589 0.00000e+00
   95    17.60000   -97.42917 36.48982     463.794     760.672  920.208  291.447   87.944    0.587   12.601 0.00000e+00
   96    17.61667   -97.42885 36.49249     519.108     815.227  914.344  290.941   89.602    1.015   12.513 0.00000e+00
   97    17.63333   -97.42829 36.49510     576.301     871.674  908.295  290.383   92.252    1.032   12.517 0.00000e+00
   98    17.65000   -97.42729 36.49763     617.213     913.166  903.772  289.971   94.465    0.428   12.547 0.00000e+00
   99    17.66667   -97.42589 36.50011     622.442     921.027  902.902  289.901   94.662   -0.166   12.529 0.00000e+00
  100    17.68333   -97.42430 36.50261     594.513     895.581  905.617  290.189   92.454   -0.743   12.426 0.00000e+00
  101    17.70000   -97.42290 36.50524     546.719     850.141  910.507  290.696   89.069   -0.874   12.298 0.00000e+00
  102    17.71667   -97.42174 36.50808     500.564     805.457  915.239  291.163   86.418   -0.765   12.228 0.00000e+00
  103    17.73333   -97.42071 36.51114     458.913     765.513  919.472  291.542   84.893   -0.773   12.247 0.00000e+00
  104    17.75000   -97.41968 36.51433     418.435     726.771  923.660  291.920   83.523   -0.857   12.284 0.00000e+00
  105    17.76667   -97.41869 36.51752     370.913     680.124  928.810  292.404   81.497   -1.038   12.288 0.00000e+00
  106    17.78333   -97.41773 36.52059     312.542     622.002  935.103  293.005   78.676   -1.244   12.235 0.00000e+00
  107    17.80000   -97.41695 36.52347     243.517     552.297  942.712  293.703   75.947   -1.286   12.236 0.00000e+00
  108    17.81667   -97.41634 36.52625     168.778     476.641  950.987  294.459   73.071   -1.320   12.231 0.00000e+00
  109    17.83333   -97.41597 36.52900      98.976     406.072  958.728  295.116   70.885   -0.992   12.256 0.00000e+00
  110    17.85000   -97.41582 36.53178      53.987     360.762  963.711  295.564   69.503   -0.464   12.289 0.00000e+00
  111    17.86667   -97.41582 36.53452      35.175     341.910  965.818  295.927   68.609   -0.129   12.377 0.00000e+00
  112    17.88333   -97.41588 36.53707      30.094     336.850  966.371  296.204   67.948    0.008   12.461 0.00000e+00
  113    17.90000   -97.41599 36.53930      31.003     337.935  966.256  296.336   67.706    0.052   12.518 0.00000e+00
  114    17.91667   -97.41601 36.54125      33.004     340.236  965.953  296.429   67.662   -0.015   12.586 0.00000e+00
  115    17.93333   -97.41599 36.54305      33.941     341.422  965.795  296.355   68.050   -0.098   12.602 0.00000e+00
  116    17.95000   -97.41595 36.54478      34.591     342.302  965.640  296.260   68.421   -0.042   12.600 0.00000e+00
  117    17.96667   -97.41589 36.54646      38.604     346.658  965.130  296.157   68.803    0.078   12.597 0.00000e+00
  118    17.98333   -97.41589 36.54806      47.353     356.410  963.992  295.992   69.353    0.181   12.586 0.00000e+00
  119    18.00000   -97.41566 36.54960      58.187     368.469  962.663  295.838   69.767    0.237   12.559 0.00000e+00
  120    18.01667   -97.41509 36.55108      64.260     375.604  961.861  295.762   69.904    0.095   12.536 0.00000e+00
  121    18.03333   -97.41438 36.55254      68.208     380.490  961.323  295.762   69.709    0.096   12.508 0.00000e+00
  122    18.05000   -97.41367 36.55394      73.418     386.498  960.680  295.730   69.737   -0.022   12.497 0.00000e+00
  123    18.06667   -97.41325 36.55523      67.406     381.032  961.355  295.816   69.211   -0.127   12.459 0.00000e+00
  124    18.08333   -97.41324 36.55645      62.464     376.285  961.905  295.887   68.889    0.015   12.448 0.00000e+00
  125    18.10000   -97.41336 36.55764      70.011     383.969  961.005  295.850   69.015    0.314   12.455 0.00000e+00
  126    18.11667   -97.41328 36.55882      94.164     408.187  958.365  295.659   69.686    0.501   12.463 0.00000e+00
  127    18.13333   -97.41275 36.56018     129.469     443.277  954.534  295.325   70.770    0.605   12.450 0.00000e+00
  128    18.15000   -97.41177 36.56173     170.775     484.121  949.975  294.919   71.883    0.813   12.393 0.00000e+00
  129    18.16667   -97.41058 36.56345     205.885     519.206  946.100  294.595   72.626    0.857   12.323 0.00000e+00
  130    18.18333   -97.40942 36.56537     234.024     548.471  942.905  294.359   73.015    0.828   12.251 0.00000e+00
  131    18.20000   -97.40829 36.56755     259.254     575.162  940.003  294.103   73.530    0.601   12.181 0.00000e+00
  132    18.21667   -97.40726 36.56990     274.500     591.991  938.165  293.955   73.706    0.351   12.122 0.00000e+00
  133    18.23333   -97.40627 36.57235     278.041     597.034  937.592  293.918   73.586    0.104   12.082 0.00000e+00
  134    18.25000   -97.40534 36.57488     275.672     595.689  937.783  293.958   73.356   -0.087   12.072 0.00000e+00
  135    18.26667   -97.40449 36.57740     255.728     576.659  939.835  294.129   72.707   -0.444   12.067 0.00000e+00
  136    18.28333   -97.40372 36.57996     220.946     542.753  943.498  294.454   71.389   -0.972   12.041 0.00000e+00
  137    18.30000   -97.40308 36.58247     161.449     484.058  949.921  295.012   69.434   -0.973   12.040 0.00000e+00
  138    18.31667   -97.40252 36.58487     110.917     434.303  955.339  295.466   67.951   -0.771   12.048 0.00000e+00
  139    18.33333   -97.40205 36.58710      73.759     397.817  959.380  295.809   66.972   -0.359   12.076 0.00000e+00
  140    18.35000   -97.40161 36.58914      56.282     380.955  961.208  296.012   66.553   -0.175   12.127 0.00000e+00
  141    18.36667   -97.40113 36.59100      46.598     371.897  962.206  296.249   66.215   -0.085   12.229 0.00000e+00
  142    18.38333   -97.40060 36.59273      44.505     370.407  962.391  296.386   66.092   -0.052   12.307 0.00000e+00
  143    18.40000   -97.40000 36.59445      41.540     368.071  962.616  296.499   65.908   -0.072   12.355 0.00000e+00
  144    18.41667   -97.39938 36.59611      38.086     365.237  962.900  296.661   65.616   -0.051   12.419 0.00000e+00
  145    18.43333   -97.39868 36.59777      33.551     361.168  963.384  296.793   65.245   -0.138   12.442 0.00000e+00
  146    18.45000   -97.39795 36.59939      29.467     357.469  963.760  297.087   64.708   -0.083   12.558 0.00000e+00
  147    18.46667   -97.39720 36.60101      30.707     359.144  963.574  297.271   64.452    0.064   12.652 0.00000e+00
  148    18.48333   -97.39655 36.60273      39.695     368.565  962.543  297.274   64.601    0.283   12.697 0.00000e+00
  149    18.50000   -97.39611 36.60471      58.443     387.679  960.477  296.941   65.354    0.516   12.615 0.00000e+00
  150    18.51667   -97.39592 36.60705      78.633     407.231  958.333  296.592   66.155    0.171   12.528 0.00000e+00
  151    18.53333   -97.39566 36.60945      60.798     388.516  960.388  296.578   65.816   -0.533   12.426 0.00000e+00
  152    18.55000   -97.39471 36.61123      31.494     358.668  963.640  296.870   64.841   -0.302   12.420 0.00000e+00
  153    18.56667   -97.39326 36.61247      18.602     345.987  965.073  297.303   64.010   -0.073   12.569 0.00000e+00
  154    18.58333   -97.39162 36.61346      18.518     346.492  965.015  297.677   63.455    0.197   12.747 0.00000e+00
  155    18.60000   -97.39038 36.61485      36.271     363.735  963.135  297.522   63.730    0.580   12.708 0.00000e+00
  156    18.61667   -97.38934 36.61695      71.084     396.793  959.491  296.952   65.045    0.899   12.576 0.00000e+00
  157    18.63333   -97.38821 36.61948     109.977     433.217  955.556  296.311   66.485    0.894   12.412 0.00000e+00
  158    18.65000   -97.38682 36.62212     164.314     484.831  949.871  295.710   68.224    1.326   12.351 0.00000e+00
  159    18.66667   -97.38542 36.62488     238.448     556.701  942.082  295.007   70.510    1.178   12.326 0.00000e+00
  160    18.68333   -97.38396 36.62774     271.532     588.023  938.626  294.696   70.705   -0.332   12.170 0.00000e+00
  161    18.70000   -97.38249 36.63006     259.311     575.056  940.062  294.766   69.828   -0.653   12.052 0.00000e+00
  162    18.71667   -97.38125 36.63179     259.810     575.405  939.993  294.775   69.850   -0.103   12.063 0.00000e+00
  163    18.73333   -97.38027 36.63339     288.197     603.561  936.949  294.545   70.860    0.599   12.105 0.00000e+00
  164    18.75000   -97.37936 36.63509     329.139     644.125  932.596  294.147   72.315    0.789   12.109 0.00000e+00
  165    18.76667   -97.37843 36.63690     367.927     682.311  928.554  293.774   73.439    0.814   12.068 0.00000e+00
  166    18.78333   -97.37749 36.63873     396.954     710.198  925.657  293.413   74.301    0.315   11.975 0.00000e+00
  167    18.80000   -97.37640 36.64054     413.285     724.633  924.149  293.366   74.704    0.225   12.025 0.00000e+00
  168    18.81667   -97.37521 36.64244     427.680     736.914  922.784  293.301   75.266    0.304   12.084 0.00000e+00
  169    18.83333   -97.37389 36.64447     462.869     769.990  919.228  292.995   76.256    0.816   12.058 0.00000e+00
  170    18.85000   -97.37247 36.64663     520.088     825.142  913.389  292.464   78.191    1.290   12.036 0.00000e+00
  171    18.86667   -97.37106 36.64891     594.022     897.064  905.758  291.762   80.809    1.475   12.002 0.00000e+00
  172    18.88333   -97.36959 36.65126     674.552     975.975  897.453  290.992   83.805    1.370   11.965 0.00000e+00
  173    18.90000   -97.36816 36.65343     754.318    1054.666  889.215  290.232   87.014    1.444   11.946 0.00000e+00
  174    18.91667   -97.36678 36.65541     841.010    1140.698  880.266  289.400   90.521    1.569   11.903 0.00000e+00
  175    18.93333   -97.36547 36.65737     933.164    1232.805  870.785  288.545   94.443    1.684   11.882 0.00000e+00
  176    18.95000   -97.36429 36.65928    1036.574    1336.259  860.225  287.578   99.181    1.927   11.863 1.74792e-03
  177    18.96667   -97.36327 36.66121    1160.506    1460.311  847.700  286.919  100.000    2.326   11.647 2.11349e-01
  178    18.98333   -97.36237 36.66344    1316.957    1616.915  832.124  286.250  100.000    2.600   11.358 5.51036e-01
