    0    16.01667   -97.52637 36.20176      22.250     351.102  964.701  293.720   82.947   -0.094   13.070 0.00000e+00
    1    16.03333   -97.52655 36.20361      17.781     347.227  965.165  293.907   82.382   -0.054   13.127 0.00000e+00
    2    16.05000   -97.52691 36.20531      15.735     345.545  965.351  294.042   82.004   -0.011   13.175 0.00000e+00
    3    16.06667   -97.52744 36.20693      16.641     346.379  965.255  294.103   81.858    0.058   13.203 0.00000e+00
    4    16.08333   -97.52814 36.20868      20.486     350.136  964.839  294.100   81.808    0.102   13.198 0.00000e+00
    5    16.10000   -97.52887 36.21056      26.477     356.185  964.200  294.026   81.994    0.123   13.176 0.00000e+00
    6    16.11667   -97.52973 36.21260      33.711     363.886  963.374  293.921   82.282    0.174   13.148 0.00000e+00
    7    16.13333   -97.53072 36.21468      44.611     375.724  962.068  293.724   82.688    0.237   13.069 0.00000e+00
    8    16.15000   -97.53175 36.21682      57.744     390.030  960.492  293.518   83.308    0.144   13.021 0.00000e+00
    9    16.16667   -97.53281 36.21900      61.936     395.620  959.892  293.394   83.661   -0.077   12.983 0.00000e+00
   10    16.18333   -97.53396 36.22116      57.208     392.516  960.240  293.405   83.556   -0.079   12.971 0.00000e+00
   11    16.20000   -97.53518 36.22329      51.242     387.815  960.746  293.420   83.445   -0.094   12.959 0.00000e+00
   12    16.21667   -97.53638 36.22541      50.076     387.714  960.795  293.455   83.282    0.128   12.961 0.00000e+00
   13    16.23333   -97.53738 36.22752      60.440     399.289  959.563  293.320   83.821    0.222   12.952 0.00000e+00
   14    16.25000   -97.53802 36.22966      71.207     410.997  958.265  293.256   84.118    0.146   12.964 0.00000e+00
   15    16.26667   -97.53852 36.23177      73.161     414.040  957.904  293.242   84.180   -0.068   12.968 0.00000e+00
   16    16.28333   -97.53903 36.23386      66.268     408.133  958.557  293.396   83.602   -0.099   12.994 0.00000e+00
   17    16.30000   -97.53970 36.23587      66.518     409.270  958.389  293.515   83.304    0.146   13.047 0.00000e+00
   18    16.31667   -97.54072 36.23793      71.108     414.683  957.724  293.448   83.455    0.108   13.024 0.00000e+00
   19    16.33333   -97.54182 36.24019      70.017     415.161  957.635  293.450   83.310    0.039   13.005 0.00000e+00
   20    16.35000   -97.54292 36.24267      67.814     414.517  957.690  293.473   83.125    0.054   12.994 0.00000e+00
   21    16.36667   -97.54394 36.24536      71.632     419.382  957.146  293.437   83.187    0.137   12.982 0.00000e+00
   22    16.38333   -97.54488 36.24818      83.826     431.236  955.865  293.351   83.511    0.319   12.980 0.00000e+00
   23    16.40000   -97.54575 36.25092     107.305     453.631  953.405  293.142   84.379    0.495   12.978 0.00000e+00
   24    16.41667   -97.54656 36.25358     138.881     484.515  950.049  292.865   85.580    0.710   12.983 0.00000e+00
   25    16.43333   -97.54723 36.25616     182.171     527.941  945.186  292.457   87.383    1.122   12.988 0.00000e+00
   26    16.45000   -97.54763 36.25866     248.980     595.566  937.799  291.803   90.321    1.597   12.986 0.00000e+00
   27    16.46667   -97.54747 36.26099     339.158     686.618  927.897  290.908   94.200    1.711   12.935 0.00000e+00
   28    16.48333   -97.54655 36.26324     431.169     779.675  917.805  289.992   98.398    1.512   12.885 0.00000e+00
   29    16.50000   -97.54503 36.26538     511.645     861.769  909.041  289.430  100.000    1.298   12.770 7.44680e-02
   30    16.51667   -97.54315 36.26752     574.011     926.297  902.202  289.150  100.000    0.968   12.639 2.16668e-01
   31    16.53333   -97.54111 36.26962     624.312     978.648  896.690  288.882  100.000    0.640   12.500 2.72253e-01
   32    16.55000   -97.53899 36.27167     658.082    1014.048  893.020  288.693  100.000    0.005   12.401 2.77161e-01
   33    16.56667   -97.53676 36.27362     668.336    1025.001  891.857  288.561  100.000   -0.526   12.303 1.38961e-01
   34    16.58333   -97.53441 36.27562     666.622    1024.180  891.922  288.567   98.478    0.065   12.110 1.23267e-02
   35    16.60000   -97.53201 36.27786     670.317    1028.778  891.451  288.545   98.660    0.789   12.122 4.97634e-02
   36    16.61667   -97.52957 36.28017     685.536    1044.729  889.812  288.392  100.000    0.881   12.197 1.11293e-01
   37    16.63333   -97.52701 36.28260     703.330    1063.072  887.943  288.321  100.000    0.236   12.176 1.70402e-01
   38    16.65000   -97.52436 36.28525     726.467    1086.140  885.544  288.163   99.798   -0.333   12.043 1.09850e-01
   39    16.66667   -97.52171 36.28809     742.840    1101.745  883.961  288.040   99.839   -0.422   11.973 6.50300e-02
   40    16.68333   -97.51908 36.29120     751.297    1109.653  883.166  287.982  100.000   -0.491   11.973 5.96657e-02
   41    16.70000   -97.51642 36.29465     769.571    1126.671  881.490  287.922  100.000   -0.426   11.951 8.34738e-02
   42    16.71667   -97.51363 36.29842     798.907    1152.507  878.883  287.797  100.000   -0.129   11.893 1.07262e-01
   43    16.73333   -97.51063 36.30247     820.983    1167.586  877.330  287.722  100.000   -0.110   11.856 1.11694e-01
   44    16.75000   -97.50751 36.30678     818.250    1160.410  877.960  287.724  100.000   -0.246   11.837 6.49604e-02
   45    16.76667   -97.50430 36.31130     793.722    1132.812  880.897  287.880   99.748   -0.349   11.880 2.71387e-02
   46    16.78333   -97.50101 36.31592     759.520    1095.779  884.665  288.098   99.372   -0.346   11.952 1.42605e-02
   47    16.80000   -97.49766 36.32049     737.951    1069.810  887.461  288.250   99.284   -0.160   12.022 6.50500e-03
   48    16.81667   -97.49433 36.32487     744.466    1073.800  886.854  288.225   99.287    0.104   12.012 0.00000e+00
   49    16.83333   -97.49097 36.32905     792.033    1120.420  882.156  287.927   99.899    0.849   11.917 2.03030e-02
   50    16.85000   -97.48755 36.33319     864.335    1191.171  874.781  287.532  100.000    1.027   11.744 1.14908e-01
   51    16.86667   -97.48418 36.33742     934.061    1261.851  867.517  287.260  100.000    1.195   11.635 3.23731e-01
   52    16.88333   -97.48093 36.34175     986.405    1316.613  861.862  287.060  100.000    0.981   11.560 5.11774e-01
   53    16.90000   -97.47777 36.34622    1012.617    1345.837  858.979  286.947  100.000    0.494   11.515 5.94087e-01
   54    16.91667   -97.47462 36.35078    1025.241    1355.169  858.064  286.921  100.000    0.213   11.507 5.87176e-01
   55    16.93333   -97.47133 36.35533    1026.215    1353.259  858.300  286.914  100.000    0.057   11.499 5.37362e-01
   56    16.95000   -97.46781 36.35978    1022.483    1343.740  859.266  286.930  100.000   -0.052   11.498 4.58280e-01
   57    16.96667   -97.46404 36.36404    1010.360    1327.816  860.655  286.969  100.000   -0.237   11.509 3.60692e-01
   58    16.98333   -97.46004 36.36810     983.078    1305.845  862.851  287.044  100.000   -0.255   11.535 2.49242e-01
   59    17.00000   -97.45585 36.37200     956.388    1283.338  865.228  287.092   99.826   -0.116   11.501 1.05578e-01
   60    17.01667   -97.45146 36.37581     944.659    1274.924  866.116  287.087   99.356    0.317   11.431 1.97607e-02
   61    17.03333   -97.44690 36.37950     957.304    1289.082  864.709  287.010   98.264    0.767   11.267 4.32578e-03
   62    17.05000   -97.44229 36.38318     979.570    1314.841  861.981  286.772   98.889    0.701   11.199 1.17809e-02
   63    17.06667   -97.43776 36.38689     998.695    1337.834  859.718  286.596   99.609    0.566   11.180 3.70537e-02
   64    17.08333   -97.43340 36.39064    1016.421    1356.608  857.868  286.453  100.000    0.451   11.159 3.96505e-02
   65    17.10000   -97.42912 36.39436    1027.357    1366.133  856.957  286.449  100.000    0.231   11.154 6.92979e-02
   66    17.11667   -97.42500 36.39809    1036.925    1370.198  856.695  286.437  100.000    0.131   11.166 5.47177e-02
   67    17.13333   -97.42098 36.40189    1049.582    1374.820  856.232  286.427  100.000    0.037   11.148 5.19360e-02
   68    17.15000   -97.41708 36.40577    1062.869    1381.855  855.449  286.346   99.840   -0.042   11.079 2.09971e-02
   69    17.16667   -97.41316 36.40965    1071.890    1386.525  854.958  286.293   99.484   -0.230   11.008 2.86564e-03
   70    17.18333   -97.40916 36.41350    1062.164    1373.872  856.213  286.447   97.854   -0.763   10.921 0.00000e+00
   71    17.20000   -97.40516 36.41727    1017.708    1327.553  860.922  286.961   94.499   -1.328   10.848 0.00000e+00
   72    17.21667   -97.40117 36.42095     942.038    1251.288  868.630  287.716   90.662   -1.610   10.835 0.00000e+00
   73    17.23333   -97.39723 36.42460     854.096    1164.134  877.636  288.552   86.980   -1.481   10.861 0.00000e+00
   74    17.25000   -97.39335 36.42824     784.081    1093.519  884.977  289.236   83.982   -0.845   10.869 0.00000e+00
   75    17.26667   -97.38946 36.43185     758.793    1067.790  887.684  289.442   83.554    0.172   10.924 0.00000e+00
   76    17.28333   -97.38564 36.43544     790.317    1096.734  884.826  289.110   85.781    0.999   11.014 0.00000e+00
   77    17.30000   -97.38196 36.43903     859.141    1162.052  877.970  288.461   89.005    1.450   11.045 0.00000e+00
   78    17.31667   -97.37828 36.44260     938.578    1239.701  869.934  287.605   93.467    1.185   11.074 0.00000e+00
   79    17.33333   -97.37443 36.44613     987.377    1286.282  865.186  287.146   96.033    0.319   11.103 0.00000e+00
   80    17.35000   -97.37058 36.44952     985.254    1283.722  865.408  287.129   96.285   -0.385   11.117 0.00000e+00
   81    17.36667   -97.36697 36.45270     957.594    1256.147  868.242  287.287   96.308   -0.383   11.198 0.00000e+00
   82    17.38333   -97.36345 36.45572     936.435    1234.667  870.370  287.360   99.652    0.047   11.613 5.91273e-02
   83    17.40000   -97.35974 36.45886     901.430    1200.825  873.865  287.676   98.594   -0.933   11.682 2.89423e-02
   84    17.41667   -97.35638 36.46223     839.777    1139.982  880.273  288.298   94.515   -1.330   11.575 1.56475e-08
   85    17.43333   -97.35358 36.46563     793.153    1090.763  885.456  288.845   91.605   -0.654   11.554 0.00000e+00
   86    17.45000   -97.35113 36.46899     786.277    1080.069  886.576  288.959   90.915    0.068   11.537 0.00000e+00
   87    17.46667   -97.34864 36.47237     812.003    1102.045  884.274  288.697   92.605    0.550   11.584 0.00000e+00
   88    17.48333   -97.34606 36.47586     850.524    1137.607  880.510  288.363   94.152    0.780   11.576 0.00000e+00
   89    17.50000   -97.34340 36.47943     881.354    1166.413  877.462  288.078   95.529    0.418   11.570 0.00000e+00
   90    17.51667   -97.34084 36.48290     889.399    1175.157  876.494  287.852   97.421   -0.152   11.640 0.00000e+00
   91    17.53333   -97.33852 36.48608     876.613    1163.237  877.732  287.919   97.431   -0.475   11.676 0.00000e+00
   92    17.55000   -97.33645 36.48897     855.013    1142.330  879.864  288.123   96.186   -0.545   11.652 0.00000e+00
   93    17.56667   -97.33447 36.49166     832.971    1121.934  881.935  288.325   95.278   -0.543   11.666 0.00000e+00
   94    17.58333   -97.33247 36.49424     810.080    1101.129  884.077  288.507   94.786   -0.409   11.715 0.00000e+00
   95    17.60000   -97.33040 36.49677     787.669    1080.873  886.215  288.676   94.478   -0.345   11.776 0.00000e+00
   96    17.61667   -97.32832 36.49939     767.076    1061.367  888.292  288.836   94.386   -0.451   11.859 0.00000e+00
   97    17.63333   -97.32618 36.50209     745.455    1041.010  890.435  289.017   93.920   -0.522   11.910 0.00000e+00
   98    17.65000   -97.32412 36.50492     727.929    1024.746  892.060  289.164   93.224   -0.493   11.913 0.00000e+00
   99    17.66667   -97.32235 36.50788     718.741    1017.361  892.879  289.243   92.741   -0.202   11.900 0.00000e+00
  100    17.68333   -97.32085 36.51091     707.443    1007.083  893.965  289.326   92.575   -0.096   11.928 0.00000e+00
  101    17.70000   -97.31946 36.51396     691.182     991.490  895.589  289.480   91.818   -0.308   11.926 0.00000e+00
  102    17.71667   -97.31799 36.51704     669.756     970.776  897.785  289.700   90.524   -0.580   11.896 0.00000e+00
  103    17.73333   -97.31642 36.52007     643.115     944.824  900.534  289.906   89.900   -0.653   11.934 0.00000e+00
  104    17.75000   -97.31495 36.52305     617.320     919.905  903.158  290.143   88.839   -0.443   11.938 0.00000e+00
  105    17.76667   -97.31384 36.52585     597.333     900.808  905.280  290.278   88.921   -0.250   12.025 0.00000e+00
  106    17.78333   -97.31321 36.52852     575.402     879.037  907.525  290.425   89.004   -0.248   12.119 0.00000e+00
  107    17.80000   -97.31291 36.53106     554.823     858.719  909.684  290.545   89.615   -0.269   12.267 0.00000e+00
  108    17.81667   -97.31290 36.53347     537.842     842.504  911.398  290.661   89.774   -0.169   12.356 0.00000e+00
  109    17.83333   -97.31302 36.53587     525.081     830.485  912.689  290.766   89.567   -0.092   12.393 0.00000e+00
  110    17.85000   -97.31330 36.53836     512.689     818.975  913.887  290.852   89.646   -0.080   12.455 0.00000e+00
  111    17.86667   -97.31369 36.54105     508.976     816.996  914.103  290.865   89.790    0.220   12.483 0.00000e+00
  112    17.88333   -97.31416 36.54376     530.466     840.245  911.578  290.623   91.232    0.532   12.524 0.00000e+00
  113    17.90000   -97.31462 36.54640     559.818     871.243  908.304  290.327   92.711    0.445   12.534 0.00000e+00
  114    17.91667   -97.31514 36.54889     585.462     898.765  905.352  290.073   93.773    0.409   12.515 0.00000e+00
  115    17.93333   -97.31561 36.55122     604.649     919.602  903.167  289.865   95.098    0.144   12.554 0.00000e+00
  116    17.95000   -97.31597 36.55342     600.922     917.356  903.359  289.884   95.001   -0.286   12.554 0.00000e+00
  117    17.96667   -97.31625 36.55551     572.105     890.082  906.218  290.161   93.481   -0.695   12.534 0.00000e+00
  118    17.98333   -97.31670 36.55748     525.223     845.066  910.966  290.639   91.035   -0.739   12.518 0.00000e+00
  119    18.00000   -97.31712 36.55957     468.766     790.703  916.806  291.277   88.182   -1.145   12.546 0.00000e+00
  120    18.01667   -97.31767 36.56218     378.141     702.793  926.176  292.180   84.805   -1.510   12.644 0.00000e+00
  121    18.03333   -97.31870 36.56541     317.284     642.276  932.831  292.762   82.571   -0.234   12.678 0.00000e+00
  122    18.05000   -97.32016 36.56865     335.778     658.758  931.018  292.612   83.217    0.776   12.682 0.00000e+00
  123    18.06667   -97.32117 36.57138     367.769     688.624  927.847  292.337   84.319    0.255   12.674 0.00000e+00
  124    18.08333   -97.32182 36.57390     367.655     684.712  928.313  292.382   84.048   -0.456   12.662 0.00000e+00
  125    18.10000   -97.32245 36.57642     329.814     643.135  932.820  292.802   82.270   -0.919   12.664 0.00000e+00
  126    18.11667   -97.32330 36.57895     272.582     582.427  939.402  293.400   79.837   -1.089   12.667 0.00000e+00
  127    18.13333   -97.32434 36.58136     223.064     530.921  944.955  293.907   77.839   -0.779   12.671 0.00000e+00
  128    18.15000   -97.32545 36.58363     196.333     503.282  947.992  294.189   76.727   -0.136   12.670 0.00000e+00
  129    18.16667   -97.32642 36.58586     198.782     505.096  947.806  294.172   76.826    0.448   12.675 0.00000e+00
  130    18.18333   -97.32705 36.58812     234.879     540.782  943.958  293.817   78.215    0.999   12.675 0.00000e+00
  131    18.20000   -97.32727 36.59032     298.695     603.688  937.118  293.192   80.718    1.107   12.673 0.00000e+00
  132    18.21667   -97.32721 36.59238     350.889     654.885  931.615  292.688   82.806    0.696   12.671 0.00000e+00
  133    18.23333   -97.32705 36.59427     380.655     683.718  928.459  292.431   83.862    0.406   12.671 0.00000e+00
  134    18.25000   -97.32695 36.59615     397.400     699.553  926.736  292.344   83.891    0.251   12.629 0.00000e+00
  135    18.26667   -97.32681 36.59815     400.712     702.512  926.410  292.360   83.037   -0.018   12.518 0.00000e+00
  136    18.28333   -97.32666 36.60012     392.302     694.007  927.308  292.503   81.385   -0.172   12.368 0.00000e+00
  137    18.30000   -97.32669 36.60212     384.319     685.965  928.217  292.624   80.427    0.027   12.303 0.00000e+00
  138    18.31667   -97.32704 36.60430     392.964     694.644  927.305  292.575   80.710    0.382   12.321 0.00000e+00
  139    18.33333   -97.32738 36.60671     415.793     716.825  924.975  292.387   81.457    0.362   12.320 0.00000e+00
  140    18.35000   -97.32750 36.60935     426.235     726.076  923.899  292.307   81.906   -0.097   12.340 0.00000e+00
  141    18.36667   -97.32746 36.61216     420.479     718.999  924.632  292.377   81.612   -0.036   12.340 0.00000e+00
  142    18.38333   -97.32740 36.61500     441.002     738.552  922.522  292.210   82.192    0.663   12.327 0.00000e+00
  143    18.40000   -97.32704 36.61786     474.327     771.137  919.061  291.927   83.516    0.766   12.350 0.00000e+00
  144    18.41667   -97.32654 36.62086     516.018     812.041  914.676  291.588   84.531    0.904   12.295 0.00000e+00
  145    18.43333   -97.32596 36.62384     555.190     850.941  910.501  291.219   85.839    0.736   12.253 0.00000e+00
  146    18.45000   -97.32529 36.62666     571.197     866.875  908.780  291.104   86.040   -0.136   12.216 0.00000e+00
  147    18.46667   -97.32464 36.62920     562.969     858.567  909.737  291.211   85.484   -0.498   12.207 0.00000e+00
  148    18.48333   -97.32401 36.63151     540.233     835.840  912.120  291.439   84.453   -0.647   12.202 0.00000e+00
  149    18.50000   -97.32343 36.63362     514.133     809.823  914.907  291.684   83.505   -0.685   12.216 0.00000e+00
  150    18.51667   -97.32289 36.63563     483.796     779.596  918.105  291.973   82.393   -0.720   12.232 0.00000e+00
  151    18.53333   -97.32243 36.63758     451.083     747.018  921.617  292.287   81.143   -0.732   12.241 0.00000e+00
  152    18.55000   -97.32201 36.63951     413.817     709.952  925.555  292.650   79.688   -0.787   12.246 0.00000e+00
  153    18.56667   -97.32172 36.64146     370.122     666.496  930.210  293.076   77.972   -0.831   12.244 0.00000e+00
  154    18.58333   -97.32156 36.64338     321.497     618.103  935.463  293.551   76.139   -0.862   12.247 0.00000e+00
  155    18.60000   -97.32150 36.64522     272.567     569.400  940.719  294.026   74.358   -0.796   12.250 0.00000e+00
  156    18.61667   -97.32155 36.64695     230.967     527.900  945.279  294.439   72.812   -0.605   12.247 0.00000e+00
  157    18.63333   -97.32172 36.64857     202.781     499.395  948.346  294.718   71.730   -0.344   12.235 0.00000e+00
  158    18.65000   -97.32192 36.65011     186.865     483.162  950.149  294.976   71.032   -0.131   12.287 0.00000e+00
  159    18.66667   -97.32217 36.65171     181.281     477.261  950.815  295.080   70.767    0.096   12.311 0.00000e+00
  160    18.68333   -97.32227 36.65338     193.643     489.288  949.513  295.113   71.056    0.532   12.404 0.00000e+00
  161    18.70000   -97.32230 36.65494     219.271     514.693  946.650  294.978   71.582    0.556   12.430 0.00000e+00
  162    18.71667   -97.32233 36.65645     243.631     539.498  943.936  294.709   72.171    0.458   12.362 0.00000e+00
  163    18.73333   -97.32219 36.65807     269.991     566.507  941.023  294.434   72.900    0.496   12.314 0.00000e+00
  164    18.75000   -97.32182 36.65979     298.360     595.480  937.882  294.141   73.627    0.474   12.254 0.00000e+00
  165    18.76667   -97.32117 36.66140     313.164     610.781  936.233  294.008   74.092    0.185   12.251 0.00000e+00
  166    18.78333   -97.32034 36.66282     293.866     591.822  938.319  294.214   73.363   -0.586   12.259 0.00000e+00
  167    18.80000   -97.31964 36.66425     239.892     537.783  944.201  294.741   71.318   -1.095   12.236 0.00000e+00
  168    18.81667   -97.31918 36.66577     177.085     474.669  951.059  295.342   68.953   -1.151   12.188 0.00000e+00
  169    18.83333   -97.31902 36.66728     119.657     417.067  957.358  295.924   66.934   -1.067   12.181 0.00000e+00
  170    18.85000   -97.31892 36.66869      75.112     372.379  962.294  296.386   65.397   -0.688   12.179 0.00000e+00
  171    18.86667   -97.31866 36.66996      48.938     346.067  965.113  296.661   64.409   -0.249   12.162 0.00000e+00
  172    18.88333   -97.31817 36.67111      34.801     331.839  966.629  296.846   63.697   -0.238   12.145 0.00000e+00
  173    18.90000   -97.31754 36.67219      24.223     321.612  967.719  297.162   62.791   -0.227   12.191 0.00000e+00
  174    18.91667   -97.31710 36.67319      22.189     320.338  967.833  297.688   61.361    0.092   12.299 0.00000e+00
  175    18.93333   -97.31713 36.67419      33.637     332.585  966.514  297.438   62.059    0.216   12.268 0.00000e+00
  176    18.95000   -97.31741 36.67523      55.753     355.442  964.005  297.333   62.418    0.641   12.293 0.00000e+00
  177    18.96667   -97.31750 36.67631     116.410     416.892  957.183  296.669   64.539    1.382   12.295 0.00000e+00
  178    18.98333   -97.31712 36.67753     205.105     506.651  947.353  295.667   67.806    1.444   12.276 0.00000e+00
