    0    16.01667   -97.50142 36.27295       3.473     364.250  963.226  293.102   85.369   -0.028   12.963 0.00000e+00
    1    16.03333   -97.50092 36.27490       2.932     363.306  963.323  293.625   82.883    0.001   13.002 0.00000e+00
    2    16.05000   -97.50044 36.27660       3.326     363.204  963.387  293.998   81.753    0.019   13.125 0.00000e+00
    3    16.06667   -97.50021 36.27797       4.964     364.289  963.324  294.186   81.396    0.024   13.222 0.00000e+00
    4    16.08333   -97.50008 36.27907       6.668     365.490  963.218  294.300   81.183    0.023   13.283 0.00000e+00
    5    16.10000   -97.49993 36.28003       8.010     366.371  963.185  294.358   81.077    0.021   13.314 0.00000e+00
    6    16.11667   -97.49982 36.28095      10.283     368.168  963.042  294.400   81.019    0.061   13.341 0.00000e+00
    7    16.13333   -97.49993 36.28189      16.422     373.796  962.428  294.399   81.023    0.169   13.349 0.00000e+00
    8    16.15000   -97.50036 36.28314      26.352     383.084  961.415  294.209   81.611    0.224   13.303 0.00000e+00
    9    16.16667   -97.50106 36.28471      41.163     397.183  959.838  293.943   82.382    0.293   13.230 0.00000e+00
   10    16.18333   -97.50191 36.28658      55.328     410.667  958.358  293.770   83.017    0.293   13.210 0.00000e+00
   11    16.20000   -97.50288 36.28852      62.704     417.691  957.567  293.630   83.446    0.032   13.174 0.00000e+00
   12    16.21667   -97.50386 36.29050      60.538     415.544  957.812  293.579   83.439   -0.126   13.128 0.00000e+00
   13    16.23333   -97.50475 36.29250      52.401     407.268  958.724  293.583   83.225   -0.141   13.084 0.00000e+00
   14    16.25000   -97.50542 36.29449      48.292     402.726  959.185  293.589   83.093   -0.053   13.062 0.00000e+00
   15    16.26667   -97.50595 36.29645      48.181     401.936  959.348  293.601   83.049    0.046   13.063 0.00000e+00
   16    16.28333   -97.50631 36.29841      52.534     404.004  959.195  293.600   83.055    0.116   13.065 0.00000e+00
   17    16.30000   -97.50655 36.30040      58.853     407.641  958.696  293.527   83.247    0.178   13.043 0.00000e+00
   18    16.31667   -97.50690 36.30252      68.067     414.003  958.045  293.438   83.441    0.375   13.010 0.00000e+00
   19    16.33333   -97.50744 36.30484      89.851     432.789  955.859  293.216   84.208    0.870   12.979 0.00000e+00
   20    16.35000   -97.50803 36.30742     136.076     478.286  950.830  292.699   86.056    1.341   12.910 0.00000e+00
   21    16.36667   -97.50864 36.31022     214.216     556.304  942.241  291.929   89.456    1.889   12.902 0.00000e+00
   22    16.38333   -97.50912 36.31311     298.312     640.488  933.115  291.094   93.172    1.845   12.872 0.00000e+00
   23    16.40000   -97.50939 36.31602     369.800     711.863  925.372  290.394   96.461    1.415   12.854 0.00000e+00
   24    16.41667   -97.50914 36.31900     419.866     761.383  920.002  289.926   98.751    0.945   12.846 1.30443e-04
   25    16.43333   -97.50867 36.32204     452.082     792.505  916.740  289.674   99.931    0.740   12.837 1.90481e-02
   26    16.45000   -97.50806 36.32529     482.680     819.915  913.762  289.624   98.668    0.403   12.676 3.50906e-02
   27    16.46667   -97.50727 36.32896     505.437     839.290  911.623  289.514   98.146    0.523   12.550 2.71644e-04
   28    16.48333   -97.50612 36.33273     526.261     861.922  909.061  289.349   98.413    0.527   12.486 3.22228e-04
   29    16.50000   -97.50477 36.33658     543.956     883.476  906.769  289.162   99.183    0.646   12.465 1.69224e-03
   30    16.51667   -97.50327 36.34052     554.299     895.791  905.543  289.072   99.436    0.358   12.442 5.13035e-03
   31    16.53333   -97.50159 36.34439     533.394     875.334  907.699  289.328   97.757   -0.324   12.405 1.76157e-04
   32    16.55000   -97.49999 36.34802     504.410     845.581  911.017  289.632   96.217   -0.721   12.405 0.00000e+00
   33    16.56667   -97.49850 36.35149     498.100     835.701  912.104  289.714   95.875   -0.471   12.411 0.00000e+00
   34    16.58333   -97.49696 36.35497     514.392     848.371  910.752  289.596   96.368    0.232   12.400 0.00000e+00
   35    16.60000   -97.49538 36.35854     548.255     880.156  907.290  289.265   98.130    0.483   12.408 0.00000e+00
   36    16.61667   -97.49358 36.36234     564.721     894.846  905.776  289.265   97.005    0.114   12.286 1.59159e-04
   37    16.63333   -97.49124 36.36600     569.127     896.135  905.674  289.362   95.543    0.196   12.178 0.00000e+00
   38    16.65000   -97.48860 36.36953     582.523     906.446  904.578  289.249   96.209    0.299   12.189 0.00000e+00
   39    16.66667   -97.48587 36.37317     585.137     908.593  904.127  289.215   96.368   -0.236   12.188 0.00000e+00
   40    16.68333   -97.48326 36.37694     557.180     885.031  906.620  289.448   95.189   -0.660   12.187 0.00000e+00
   41    16.70000   -97.48099 36.38074     512.060     844.316  911.010  289.808   93.739   -0.655   12.223 0.00000e+00
   42    16.71667   -97.47913 36.38453     473.582     808.677  914.803  290.016   93.722   -0.196   12.332 0.00000e+00
   43    16.73333   -97.47768 36.38834     463.231     800.971  915.719  289.998   94.436    0.287   12.399 0.00000e+00
   44    16.75000   -97.47643 36.39224     463.809     802.681  915.595  290.045   94.380   -0.176   12.432 0.00000e+00
   45    16.76667   -97.47494 36.39598     460.184     799.534  915.962  290.156   93.639   -0.492   12.416 0.00000e+00
   46    16.78333   -97.47329 36.39946     456.799     794.125  916.537  290.256   92.776   -0.378   12.373 0.00000e+00
   47    16.80000   -97.47164 36.40271     452.191     787.445  917.249  290.354   91.970   -0.360   12.333 0.00000e+00
   48    16.81667   -97.47006 36.40583     443.082     777.153  918.234  290.461   91.256   -0.439   12.308 0.00000e+00
   49    16.83333   -97.46854 36.40883     423.838     758.701  920.187  290.633   90.446   -0.490   12.307 0.00000e+00
   50    16.85000   -97.46713 36.41170     396.009     731.880  923.054  290.891   89.280   -0.594   12.310 0.00000e+00
   51    16.86667   -97.46594 36.41451     363.081     699.228  926.668  291.219   87.810   -0.623   12.314 0.00000e+00
   52    16.88333   -97.46503 36.41724     333.501     668.466  930.055  291.532   86.326   -0.496   12.303 0.00000e+00
   53    16.90000   -97.46426 36.41994     322.668     655.732  931.490  291.668   85.610   -0.050   12.287 0.00000e+00
   54    16.91667   -97.46361 36.42274     335.294     665.857  930.439  291.553   86.347    0.441   12.317 0.00000e+00
   55    16.93333   -97.46283 36.42567     373.848     701.737  926.520  291.192   88.257    0.951   12.357 0.00000e+00
   56    16.95000   -97.46186 36.42870     430.601     755.770  920.692  290.669   90.750    1.223   12.369 0.00000e+00
   57    16.96667   -97.46091 36.43174     488.788     811.248  914.801  290.122   93.630    1.006   12.404 0.00000e+00
   58    16.98333   -97.45995 36.43480     525.800     845.682  911.138  289.777   95.520    0.369   12.429 0.00000e+00
   59    17.00000   -97.45893 36.43789     533.190     850.649  910.550  289.738   95.628   -0.201   12.419 0.00000e+00
   60    17.01667   -97.45784 36.44096     513.705     829.598  912.766  289.966   94.350   -0.607   12.404 0.00000e+00
   61    17.03333   -97.45677 36.44397     477.273     792.048  916.761  290.340   92.543   -0.937   12.405 0.00000e+00
   62    17.05000   -97.45583 36.44689     437.288     751.218  921.195  290.752   90.568   -0.803   12.403 0.00000e+00
   63    17.06667   -97.45499 36.44970     410.330     723.344  924.178  291.023   89.257   -0.395   12.396 0.00000e+00
   64    17.08333   -97.45418 36.45243     401.185     713.220  925.283  291.096   89.255   -0.176   12.438 0.00000e+00
   65    17.10000   -97.45325 36.45516     392.930     704.016  926.213  291.161   89.351   -0.271   12.490 0.00000e+00
   66    17.11667   -97.45230 36.45793     370.089     680.627  928.732  291.379   88.650   -0.594   12.530 0.00000e+00
   67    17.13333   -97.45146 36.46077     328.787     639.016  933.233  291.790   86.766   -0.914   12.525 0.00000e+00
   68    17.15000   -97.45071 36.46365     271.015     581.036  939.531  292.356   84.438   -1.136   12.547 0.00000e+00
   69    17.16667   -97.44991 36.46658     202.596     512.215  947.083  293.022   81.608   -1.104   12.542 0.00000e+00
   70    17.18333   -97.44893 36.46957     144.444     453.218  953.616  293.586   79.423   -0.740   12.557 0.00000e+00
   71    17.20000   -97.44778 36.47260     109.027     416.506  957.631  293.960   78.000   -0.382   12.569 0.00000e+00
   72    17.21667   -97.44662 36.47567      92.285     398.834  959.549  294.176   77.059   -0.166   12.560 0.00000e+00
   73    17.23333   -97.44543 36.47878      86.383     392.419  960.254  294.196   77.080    0.033   12.570 0.00000e+00
   74    17.25000   -97.44415 36.48166     111.815     416.245  957.731  294.205   77.394    0.999   12.661 0.00000e+00
   75    17.26667   -97.44283 36.48430     173.298     475.301  951.205  293.752   79.341    1.493   12.707 0.00000e+00
   76    17.28333   -97.44153 36.48705     235.268     535.131  944.615  293.169   81.611    1.329   12.692 0.00000e+00
   77    17.30000   -97.44034 36.48986     277.177     575.548  940.201  292.763   83.166    0.930   12.668 0.00000e+00
   78    17.31667   -97.43925 36.49258     294.600     591.756  938.438  292.571   83.731    0.471   12.626 0.00000e+00
   79    17.33333   -97.43834 36.49531     303.033     598.867  937.670  292.493   83.864    0.385   12.595 0.00000e+00
   80    17.35000   -97.43759 36.49809     307.656     603.892  936.980  292.418   84.118    0.318   12.582 0.00000e+00
   81    17.36667   -97.43707 36.50098     308.268     606.864  936.617  292.376   84.161    0.193   12.561 0.00000e+00
   82    17.38333   -97.43680 36.50382     297.426     598.384  937.544  292.440   83.738   -0.132   12.535 0.00000e+00
   83    17.40000   -97.43670 36.50655     275.579     578.618  939.747  292.638   82.800   -0.350   12.520 0.00000e+00
   84    17.41667   -97.43675 36.50923     244.949     549.872  942.879  292.925   81.534   -0.559   12.511 0.00000e+00
   85    17.43333   -97.43690 36.51189     205.129     511.917  947.041  293.303   79.959   -0.752   12.507 0.00000e+00
   86    17.45000   -97.43715 36.51455     158.183     466.789  951.952  293.744   78.191   -0.837   12.507 0.00000e+00
   87    17.46667   -97.43744 36.51717     112.854     423.138  956.739  294.169   76.551   -0.696   12.509 0.00000e+00
   88    17.48333   -97.43783 36.51980      79.356     391.207  960.250  294.530   75.252   -0.373   12.529 0.00000e+00
   89    17.50000   -97.43825 36.52239      59.307     372.328  962.357  294.744   74.481   -0.171   12.537 0.00000e+00
   90    17.51667   -97.43863 36.52494      46.728     360.120  963.710  294.799   74.228   -0.232   12.519 0.00000e+00
   91    17.53333   -97.43892 36.52744      38.303     352.118  964.601  294.920   73.781   -0.225   12.526 0.00000e+00
   92    17.55000   -97.43911 36.52989      32.610     346.856  965.194  295.173   72.927   -0.145   12.568 0.00000e+00
   93    17.56667   -97.43927 36.53217      30.246     344.485  965.479  295.622   71.614   -0.006   12.684 0.00000e+00
   94    17.58333   -97.43934 36.53432      32.649     346.882  965.191  295.770   71.260    0.076   12.741 0.00000e+00
   95    17.60000   -97.43933 36.53640      37.846     352.110  964.616  295.806   71.014    0.095   12.732 0.00000e+00
   96    17.61667   -97.43925 36.53841      43.410     357.544  964.056  295.806   70.738    0.079   12.690 0.00000e+00
   97    17.63333   -97.43915 36.54040      48.529     361.640  963.637  295.757   71.024    0.080   12.709 0.00000e+00
   98    17.65000   -97.43901 36.54239      48.887     360.810  963.703  295.695   71.284   -0.021   12.706 0.00000e+00
   99    17.66667   -97.43885 36.54434      42.776     353.521  964.528  295.784   71.067   -0.072   12.726 0.00000e+00
  100    17.68333   -97.43866 36.54622      35.206     344.816  965.452  295.956   70.600   -0.050   12.764 0.00000e+00
  101    17.70000   -97.43835 36.54800      28.189     337.913  966.182  296.245   69.807   -0.021   12.836 0.00000e+00
  102    17.71667   -97.43772 36.54951      30.105     340.330  965.854  296.230   70.007    0.126   12.866 0.00000e+00
  103    17.73333   -97.43692 36.55075      40.339     350.921  964.621  296.113   70.422    0.432   12.866 0.00000e+00
  104    17.75000   -97.43650 36.55198      84.856     395.894  959.674  295.535   72.089    1.244   12.778 0.00000e+00
  105    17.76667   -97.43672 36.55362     165.554     477.168  950.762  294.626   74.979    1.987   12.684 0.00000e+00
  106    17.78333   -97.43713 36.55577     267.491     580.031  939.529  293.518   78.981    1.827   12.622 0.00000e+00
  107    17.80000   -97.43733 36.55827     371.088     684.743  928.195  292.439   83.190    1.926   12.580 0.00000e+00
  108    17.81667   -97.43748 36.56094     480.639     795.450  916.250  291.295   88.028    1.795   12.546 0.00000e+00
  109    17.83333   -97.43756 36.56372     569.370     885.454  906.718  290.414   92.052    1.167   12.536 0.00000e+00
  110    17.85000   -97.43723 36.56667     615.461     933.551  901.699  289.961   93.930    0.590   12.497 0.00000e+00
  111    17.86667   -97.43645 36.56985     628.420     948.947  900.023  289.813   94.141    0.099   12.430 0.00000e+00
  112    17.88333   -97.43530 36.57302     610.480     932.964  901.723  289.968   93.077   -0.502   12.388 0.00000e+00
  113    17.90000   -97.43385 36.57595     563.218     886.603  906.648  290.388   91.074   -0.977   12.384 0.00000e+00
  114    17.91667   -97.43236 36.57849     496.451     820.527  913.662  291.000   88.061   -1.338   12.353 0.00000e+00
  115    17.93333   -97.43089 36.58070     425.892     749.821  921.324  291.709   85.012   -1.147   12.369 0.00000e+00
  116    17.95000   -97.42947 36.58262     374.335     697.119  927.001  292.231   82.826   -0.680   12.378 0.00000e+00
  117    17.96667   -97.42813 36.58439     351.143     672.961  929.565  292.462   81.900   -0.230   12.384 0.00000e+00
  118    17.98333   -97.42686 36.58624     342.801     663.589  930.575  292.556   81.602   -0.098   12.398 0.00000e+00
  119    18.00000   -97.42570 36.58809     332.248     652.065  931.832  292.677   81.186   -0.142   12.412 0.00000e+00
  120    18.01667   -97.42464 36.58987     315.115     634.033  933.715  292.850   80.501   -0.366   12.417 0.00000e+00
  121    18.03333   -97.42365 36.59156     281.454     599.847  937.388  293.183   79.147   -0.845   12.415 0.00000e+00
  122    18.05000   -97.42279 36.59318     226.136     544.344  943.408  293.715   76.995   -1.211   12.405 0.00000e+00
  123    18.06667   -97.42220 36.59492     162.142     480.310  950.397  294.379   74.583   -1.123   12.430 0.00000e+00
  124    18.08333   -97.42192 36.59676     109.763     427.847  956.078  294.918   72.665   -0.927   12.446 0.00000e+00
  125    18.10000   -97.42205 36.59871      72.831     390.480  960.212  295.290   71.387   -0.707   12.457 0.00000e+00
  126    18.11667   -97.42251 36.60078      52.828     369.767  962.520  295.616   70.596   -0.334   12.538 0.00000e+00
  127    18.13333   -97.42326 36.60280      56.496     372.629  962.193  295.960   70.000    0.402   12.702 0.00000e+00
  128    18.15000   -97.42405 36.60471      82.310     397.693  959.408  295.834   70.615    0.703   12.752 0.00000e+00
  129    18.16667   -97.42479 36.60648     102.705     417.273  957.204  295.575   71.452    0.324   12.729 0.00000e+00
  130    18.18333   -97.42545 36.60833     114.134     427.865  956.096  295.398   71.979    0.304   12.699 0.00000e+00
  131    18.20000   -97.42592 36.61025     124.102     437.075  955.117  295.252   72.382    0.158   12.668 0.00000e+00
  132    18.21667   -97.42629 36.61217     146.190     458.471  952.757  295.161   72.753    0.685   12.694 0.00000e+00
  133    18.23333   -97.42661 36.61396     205.565     517.461  946.253  294.594   74.711    1.296   12.674 0.00000e+00
  134    18.25000   -97.42696 36.61572     304.483     616.366  935.527  293.612   78.391    1.704   12.656 0.00000e+00
  135    18.26667   -97.42727 36.61764     413.700     725.645  923.782  292.510   82.649    1.252   12.614 0.00000e+00
  136    18.28333   -97.42735 36.61981     475.770     787.924  917.100  291.906   84.553    0.573   12.514 0.00000e+00
  137    18.30000   -97.42725 36.62220     514.469     827.042  912.881  291.554   84.206    0.275   12.245 0.00000e+00
  138    18.31667   -97.42714 36.62471     545.109     858.442  909.558  291.302   83.561    0.221   12.003 0.00000e+00
  139    18.33333   -97.42707 36.62728     575.055     889.146  906.270  291.013   84.205    0.239   11.919 0.00000e+00
  140    18.35000   -97.42711 36.62988     608.945     923.723  902.635  290.665   85.908    0.449   11.943 0.00000e+00
  141    18.36667   -97.42723 36.63253     645.076     960.283  898.799  290.322   87.471    0.577   11.948 0.00000e+00
  142    18.38333   -97.42740 36.63520     676.784     992.402  895.461  290.028   88.500    0.415   11.908 0.00000e+00
  143    18.40000   -97.42759 36.63786     692.978    1008.991  893.803  289.876   89.194    0.115   11.908 0.00000e+00
  144    18.41667   -97.42776 36.64044     692.647    1006.031  894.229  289.923   89.105   -0.206   11.925 0.00000e+00
  145    18.43333   -97.42791 36.64295     674.546     984.556  896.410  290.117   88.551   -0.498   11.970 0.00000e+00
  146    18.45000   -97.42799 36.64540     644.635     951.401  899.916  290.451   86.885   -0.702   11.951 0.00000e+00
  147    18.46667   -97.42799 36.64778     605.017     909.581  904.247  290.859   84.971   -0.836   11.938 0.00000e+00
  148    18.48333   -97.42786 36.65009     559.407     862.897  909.232  291.318   83.018   -0.878   11.942 0.00000e+00
  149    18.50000   -97.42752 36.65226     505.413     807.934  915.063  291.862   80.376   -1.173   11.889 0.00000e+00
  150    18.51667   -97.42700 36.65425     430.692     732.242  923.112  292.682   76.924   -1.698   11.877 0.00000e+00
  151    18.53333   -97.42663 36.65653     362.308     663.422  930.485  293.399   74.093   -1.325   11.869 0.00000e+00
  152    18.55000   -97.42623 36.65913     350.959     652.066  931.712  293.622   73.007    0.462   11.843 0.00000e+00
  153    18.56667   -97.42556 36.66178     416.349     717.403  924.681  293.158   74.743    1.988   11.869 0.00000e+00
  154    18.58333   -97.42474 36.66418     548.084     849.120  910.619  291.918   80.111    3.037   11.951 0.00000e+00
  155    18.60000   -97.42400 36.66600     699.454    1000.604  894.682  290.412   86.691    2.901   11.965 0.00000e+00
  156    18.61667   -97.42336 36.66754     847.903    1149.180  879.252  288.934   93.690    2.579   11.969 0.00000e+00
  157    18.63333   -97.42279 36.66914     985.458    1286.888  865.169  287.640   99.938    2.242   11.933 2.01808e-02
  158    18.65000   -97.42200 36.67084    1086.239    1387.881  854.960  287.152  100.000    1.376   11.725 2.03037e-01
  159    18.66667   -97.42108 36.67262    1139.420    1441.296  849.570  286.798  100.000    0.531   11.531 2.21430e-01
  160    18.68333   -97.42039 36.67446    1152.729    1454.698  848.229  286.607  100.000   -0.190   11.407 1.38521e-01
  161    18.70000   -97.41980 36.67648    1137.187    1439.175  849.801  286.687   99.096   -0.677   11.320 8.21655e-02
  162    18.71667   -97.41923 36.67865    1102.250    1404.187  853.304  286.939   96.849   -0.864   11.202 3.39699e-02
  163    18.73333   -97.41878 36.68095    1068.505    1370.720  856.695  287.245   95.087   -0.811   11.175 9.53524e-03
  164    18.75000   -97.41852 36.68342    1016.022    1319.051  861.914  287.747   92.174   -1.359   11.125 0.00000e+00
  165    18.76667   -97.41824 36.68600     931.035    1234.888  870.499  288.591   87.313   -1.493   11.021 0.00000e+00
  166    18.78333   -97.41793 36.68859     850.128    1154.985  878.688  289.351   84.162   -1.161   11.052 0.00000e+00
  167    18.80000   -97.41763 36.69117     783.953    1090.896  885.289  289.952   81.892   -0.940   11.093 0.00000e+00
  168    18.81667   -97.41734 36.69373     730.089    1039.216  890.644  290.438   80.206   -0.772   11.139 0.00000e+00
  169    18.83333   -97.41714 36.69625     685.388     996.672  895.131  290.835   79.079   -0.498   11.207 0.00000e+00
  170    18.85000   -97.41692 36.69864     651.505     963.882  898.569  291.066   79.366   -0.354   11.370 0.00000e+00
  171    18.86667   -97.41672 36.70090     622.926     936.089  901.512  291.316   78.634   -0.326   11.407 0.00000e+00
  172    18.88333   -97.41647 36.70306     593.362     907.267  904.554  291.608   77.287   -0.377   11.382 0.00000e+00
  173    18.90000   -97.41618 36.70510     566.199     880.836  907.333  291.881   76.066   -0.290   11.363 0.00000e+00
  174    18.91667   -97.41591 36.70707     545.159     860.655  909.432  292.108   74.800   -0.136   11.308 0.00000e+00
  175    18.93333   -97.41565 36.70893     525.744     842.113  911.391  292.287   74.051   -0.312   11.297 0.00000e+00
  176    18.95000   -97.41544 36.71074     498.897     816.134  914.137  292.526   73.317   -0.466   11.321 0.00000e+00
  177    18.96667   -97.41534 36.71252     466.551     784.661  917.468  292.823   72.470   -0.791   11.358 0.00000e+00
  178    18.98333   -97.41547 36.71445     439.145     758.035  920.298  293.134   71.984   -0.454   11.469 0.00000e+00
