    0    16.01667   -97.46474 36.23424      32.160     407.814  958.658  292.829   86.352   -0.052   12.952 0.00000e+00
    1    16.03333   -97.46507 36.23535      31.586     406.513  958.814  292.879   86.180   -0.030   12.965 0.00000e+00
    2    16.05000   -97.46536 36.23638      32.375     406.793  958.823  292.941   86.017    0.052   12.990 0.00000e+00
    3    16.06667   -97.46558 36.23753      38.136     412.117  958.293  292.942   86.113    0.148   13.013 0.00000e+00
    4    16.08333   -97.46574 36.23896      50.150     423.518  957.042  292.866   86.425    0.266   13.015 0.00000e+00
    5    16.10000   -97.46577 36.24070      61.050     433.418  955.933  292.785   86.628    0.241   12.995 0.00000e+00
    6    16.11667   -97.46582 36.24255      62.901     434.208  955.849  292.802   86.418    0.022   12.979 0.00000e+00
    7    16.13333   -97.46603 36.24446      55.041     425.443  956.817  292.911   85.821   -0.142   12.964 0.00000e+00
    8    16.15000   -97.46657 36.24633      46.976     416.844  957.801  293.027   85.305   -0.101   12.967 0.00000e+00
    9    16.16667   -97.46739 36.24810      45.811     415.154  957.966  293.107   85.080    0.093   12.995 0.00000e+00
   10    16.18333   -97.46825 36.24974      57.965     426.795  956.648  293.044   85.396    0.358   13.010 0.00000e+00
   11    16.20000   -97.46854 36.25124      91.573     459.435  953.074  292.783   86.577    0.734   13.025 0.00000e+00
   12    16.21667   -97.46807 36.25284     146.041     511.948  947.295  292.277   88.631    1.010   12.996 0.00000e+00
   13    16.23333   -97.46690 36.25452     211.978     574.843  940.403  291.677   91.264    1.239   12.981 0.00000e+00
   14    16.25000   -97.46535 36.25622     285.878     645.218  932.718  291.022   94.292    1.259   12.973 0.00000e+00
   15    16.26667   -97.46358 36.25804     359.784     715.557  925.077  290.363   97.388    0.974   12.955 0.00000e+00
   16    16.28333   -97.46167 36.26005     423.143     775.887  918.411  289.827  100.000    0.859   12.949 1.51304e-02
   17    16.30000   -97.45951 36.26241     476.226     828.973  912.608  289.567  100.000    0.681   12.832 1.12614e-01
   18    16.31667   -97.45721 36.26518     516.429     869.417  908.391  289.337  100.000    0.505   12.704 1.74062e-01
   19    16.33333   -97.45471 36.26831     544.371     896.290  905.569  289.163  100.000    0.232   12.603 1.99276e-01
   20    16.35000   -97.45209 36.27178     560.025     908.563  904.407  289.082  100.000    0.093   12.554 2.01229e-01
   21    16.36667   -97.44949 36.27541     568.582     911.843  904.009  289.065  100.000    0.005   12.546 2.04015e-01
   22    16.38333   -97.44711 36.27906     566.907     906.679  904.457  289.090  100.000   -0.215   12.559 1.93766e-01
   23    16.40000   -97.44499 36.28273     555.564     892.950  905.991  289.128  100.000   -0.174   12.569 1.37999e-01
   24    16.41667   -97.44313 36.28643     543.258     877.658  907.544  289.165  100.000    0.059   12.577 9.25970e-02
   25    16.43333   -97.44144 36.29014     529.144     862.535  909.133  289.220  100.000    0.040   12.598 5.90663e-02
   26    16.45000   -97.43980 36.29376     510.735     843.490  911.224  289.303  100.000   -0.372   12.636 2.48346e-02
   27    16.46667   -97.43827 36.29720     478.955     810.602  914.796  289.594   98.806   -0.993   12.655 0.00000e+00
   28    16.48333   -97.43687 36.30053     438.753     768.877  919.263  290.119   95.505   -1.175   12.589 0.00000e+00
   29    16.50000   -97.43581 36.30376     397.147     724.985  924.012  290.608   92.666   -0.477   12.536 0.00000e+00
   30    16.51667   -97.43496 36.30684     375.106     703.116  926.254  290.773   92.019    0.058   12.550 0.00000e+00
   31    16.53333   -97.43396 36.30991     379.129     708.987  925.679  290.729   92.160    0.230   12.541 0.00000e+00
   32    16.55000   -97.43269 36.31301     391.362     722.510  924.278  290.642   92.330    0.316   12.514 0.00000e+00
   33    16.56667   -97.43135 36.31621     408.579     740.362  922.315  290.477   93.019    0.508   12.502 0.00000e+00
   34    16.58333   -97.43000 36.31951     429.572     762.570  919.891  290.210   94.815    0.594   12.561 0.00000e+00
   35    16.60000   -97.42867 36.32286     449.685     782.953  917.891  290.000   96.217    0.424   12.605 0.00000e+00
   36    16.61667   -97.42736 36.32629     461.296     791.767  916.893  289.886   97.040    0.062   12.634 0.00000e+00
   37    16.63333   -97.42615 36.32979     461.805     789.498  917.091  289.853   97.518    0.159   12.667 0.00000e+00
   38    16.65000   -97.42487 36.33331     462.807     786.425  917.481  289.953   96.433    0.140   12.601 0.00000e+00
   39    16.66667   -97.42339 36.33675     454.801     774.524  918.752  290.156   94.872   -0.417   12.542 0.00000e+00
   40    16.68333   -97.42182 36.34023     427.601     744.059  921.986  290.507   92.782   -0.913   12.498 0.00000e+00
   41    16.70000   -97.42033 36.34367     397.094     710.210  925.720  290.898   90.580   -0.699   12.459 0.00000e+00
   42    16.71667   -97.41904 36.34699     373.628     683.617  928.480  291.141   89.454   -0.436   12.458 0.00000e+00
   43    16.73333   -97.41788 36.35018     358.612     668.876  929.994  291.276   88.973   -0.205   12.477 0.00000e+00
   44    16.75000   -97.41669 36.35334     351.702     663.244  930.537  291.320   89.299   -0.071   12.550 0.00000e+00
   45    16.76667   -97.41539 36.35648     342.218     657.071  931.126  291.372   89.516   -0.161   12.614 0.00000e+00
   46    16.78333   -97.41413 36.35958     325.654     645.256  932.374  291.478   89.346   -0.232   12.658 0.00000e+00
   47    16.80000   -97.41299 36.36269     305.058     629.203  934.159  291.634   88.838   -0.264   12.686 0.00000e+00
   48    16.81667   -97.41203 36.36585     287.512     613.461  935.914  291.779   88.412   -0.122   12.718 0.00000e+00
   49    16.83333   -97.41116 36.36906     277.448     604.228  936.978  291.893   87.706   -0.049   12.693 0.00000e+00
   50    16.85000   -97.41037 36.37227     274.119     601.703  937.257  291.923   87.513   -0.116   12.685 0.00000e+00
   51    16.86667   -97.40959 36.37549     272.815     601.074  937.403  291.958   87.085   -0.119   12.649 0.00000e+00
   52    16.88333   -97.40889 36.37867     271.443     599.699  937.587  291.980   86.909   -0.100   12.638 0.00000e+00
   53    16.90000   -97.40824 36.38178     267.615     594.582  938.245  292.040   86.569   -0.091   12.627 0.00000e+00
   54    16.91667   -97.40773 36.38487     260.222     585.323  939.281  292.134   86.119   -0.123   12.622 0.00000e+00
   55    16.93333   -97.40726 36.38794     249.326     572.623  940.623  292.250   85.611   -0.150   12.622 0.00000e+00
   56    16.95000   -97.40687 36.39100     235.799     557.200  942.319  292.406   84.839   -0.249   12.609 0.00000e+00
   57    16.96667   -97.40656 36.39404     217.177     536.742  944.556  292.611   83.919   -0.297   12.603 0.00000e+00
   58    16.98333   -97.40633 36.39704     197.008     514.930  946.850  292.813   83.004   -0.314   12.594 0.00000e+00
   59    17.00000   -97.40622 36.40000     174.699     491.630  949.435  293.043   81.985   -0.349   12.585 0.00000e+00
   60    17.01667   -97.40619 36.40298     150.319     466.330  952.218  293.299   80.897   -0.459   12.582 0.00000e+00
   61    17.03333   -97.40627 36.40603     115.957     430.874  956.122  293.663   79.450   -0.721   12.588 0.00000e+00
   62    17.05000   -97.40647 36.40919      71.320     384.745  961.251  294.139   77.639   -0.726   12.603 0.00000e+00
   63    17.06667   -97.40681 36.41244      35.561     347.466  965.366  294.485   76.408   -0.440   12.618 0.00000e+00
   64    17.08333   -97.40753 36.41552      17.321     328.089  967.501  294.930   75.219   -0.140   12.740 0.00000e+00
   65    17.10000   -97.40862 36.41833      11.099     320.986  968.253  295.256   74.380   -0.036   12.843 0.00000e+00
   66    17.11667   -97.40979 36.42091      11.859     320.949  968.269  295.450   74.010    0.036   12.933 0.00000e+00
   67    17.13333   -97.41068 36.42332      17.842     327.099  967.515  295.576   73.952    0.130   13.033 0.00000e+00
   68    17.15000   -97.41124 36.42587      28.368     338.398  966.311  295.638   74.022    0.296   13.112 0.00000e+00
   69    17.16667   -97.41152 36.42849      55.330     366.114  963.242  295.373   74.952    0.785   13.104 0.00000e+00
   70    17.18333   -97.41166 36.43124     115.849     427.692  956.423  294.571   77.408    1.431   12.972 0.00000e+00
   71    17.20000   -97.41166 36.43409     216.797     530.046  945.189  293.466   81.382    1.983   12.886 0.00000e+00
   72    17.21667   -97.41141 36.43684     342.204     656.575  931.480  292.203   86.582    2.000   12.853 0.00000e+00
   73    17.23333   -97.41054 36.43957     443.255     757.852  920.569  291.104   91.480    1.404   12.820 0.00000e+00
   74    17.25000   -97.40871 36.44231     528.498     842.388  911.465  290.221   95.447    0.879   12.772 0.00000e+00
   75    17.26667   -97.40601 36.44502     569.563     882.593  907.141  289.834   96.711   -0.108   12.686 0.00000e+00
   76    17.28333   -97.40289 36.44773     548.473     861.333  909.385  290.121   94.569   -0.991   12.603 0.00000e+00
   77    17.30000   -97.39984 36.45063     482.664     796.310  916.257  290.786   90.699   -1.540   12.515 0.00000e+00
   78    17.31667   -97.39725 36.45384     406.057     720.294  924.559  291.532   87.390   -1.449   12.529 0.00000e+00
   79    17.33333   -97.39545 36.45732     333.622     645.072  932.714  292.246   84.274   -1.225   12.528 0.00000e+00
   80    17.35000   -97.39432 36.46090     283.400     591.406  938.512  292.740   82.581   -0.751   12.585 0.00000e+00
   81    17.36667   -97.39355 36.46450     250.396     554.360  942.632  293.078   81.453   -0.499   12.622 0.00000e+00
   82    17.38333   -97.39317 36.46817     225.609     523.800  945.924  293.347   80.435   -0.344   12.631 0.00000e+00
   83    17.40000   -97.39321 36.47181     204.680     497.492  948.714  293.566   79.615   -0.141   12.637 0.00000e+00
   84    17.41667   -97.39361 36.47530     185.675     476.606  950.985  293.751   78.889    0.045   12.637 0.00000e+00
   85    17.43333   -97.39428 36.47864     173.344     462.933  952.507  293.876   78.289    0.099   12.618 0.00000e+00
   86    17.45000   -97.39507 36.48186     170.495     460.252  952.730  293.891   78.223    0.125   12.616 0.00000e+00
   87    17.46667   -97.39581 36.48499     184.446     475.026  951.143  293.757   78.656    0.514   12.602 0.00000e+00
   88    17.48333   -97.39618 36.48794     226.400     517.372  946.460  293.359   80.234    0.793   12.602 0.00000e+00
   89    17.50000   -97.39603 36.49076     267.254     559.110  941.897  292.963   81.776    0.623   12.592 0.00000e+00
   90    17.51667   -97.39574 36.49358     299.586     592.454  938.263  292.733   82.625    0.662   12.589 0.00000e+00
   91    17.53333   -97.39544 36.49644     347.616     641.510  932.929  292.281   84.497    0.961   12.586 0.00000e+00
   92    17.55000   -97.39498 36.49937     417.415     711.786  925.298  291.653   87.214    1.174   12.590 0.00000e+00
   93    17.56667   -97.39397 36.50230     496.977     792.022  916.668  290.955   90.043    1.120   12.554 0.00000e+00
   94    17.58333   -97.39207 36.50527     565.410     862.068  909.152  290.288   93.001    0.938   12.530 0.00000e+00
   95    17.60000   -97.38950 36.50843     600.567     900.464  905.060  289.901   94.997    0.439   12.544 0.00000e+00
   96    17.61667   -97.38681 36.51172     598.309     902.576  904.888  289.892   94.883   -0.252   12.524 0.00000e+00
   97    17.63333   -97.38435 36.51505     582.838     889.365  906.386  290.100   93.370   -0.427   12.468 0.00000e+00
   98    17.65000   -97.38213 36.51847     573.757     881.594  907.208  290.262   91.954    0.011   12.395 0.00000e+00
   99    17.66667   -97.38013 36.52188     580.392     889.991  906.278  290.241   91.180    0.588   12.287 0.00000e+00
  100    17.68333   -97.37830 36.52521     601.333     912.861  903.939  290.054   91.681    0.846   12.240 0.00000e+00
  101    17.70000   -97.37655 36.52839     630.826     943.397  900.743  289.786   92.622    1.048   12.198 0.00000e+00
  102    17.71667   -97.37478 36.53149     657.709     970.609  897.954  289.537   93.824    0.862   12.199 0.00000e+00
  103    17.73333   -97.37294 36.53455     670.913     983.357  896.616  289.426   94.299    0.595   12.192 0.00000e+00
  104    17.75000   -97.37106 36.53759     667.112     978.414  897.170  289.480   94.117    0.244   12.204 0.00000e+00
  105    17.76667   -97.36911 36.54066     648.971     958.868  899.199  289.678   93.008   -0.303   12.186 0.00000e+00
  106    17.78333   -97.36717 36.54383     615.702     924.862  902.754  290.000   91.533   -0.701   12.194 0.00000e+00
  107    17.80000   -97.36534 36.54713     572.856     882.067  907.232  290.458   88.840   -0.996   12.126 0.00000e+00
  108    17.81667   -97.36380 36.55064     516.680     827.425  913.027  291.018   85.363   -1.212   11.997 0.00000e+00
  109    17.83333   -97.36260 36.55438     452.226     765.088  919.627  291.645   83.353   -1.420   12.101 0.00000e+00
  110    17.85000   -97.36165 36.55820     381.373     697.810  926.825  292.297   80.917   -1.211   12.145 0.00000e+00
  111    17.86667   -97.36087 36.56175     317.915     637.955  933.297  292.879   78.584   -0.968   12.148 0.00000e+00
  112    17.88333   -97.36037 36.56507     267.941     591.367  938.407  293.307   77.102   -0.700   12.175 0.00000e+00
  113    17.90000   -97.35996 36.56824     222.249     548.839  943.044  293.704   75.786   -0.662   12.207 0.00000e+00
  114    17.91667   -97.35969 36.57135     180.516     510.059  947.340  294.062   74.657   -0.632   12.240 0.00000e+00
  115    17.93333   -97.35943 36.57442     147.452     477.970  950.843  294.358   73.745   -0.512   12.268 0.00000e+00
  116    17.95000   -97.35907 36.57752     126.567     457.787  953.061  294.556   73.051   -0.179   12.275 0.00000e+00
  117    17.96667   -97.35858 36.58059     118.697     450.531  953.820  294.692   72.931    0.206   12.348 0.00000e+00
  118    17.98333   -97.35800 36.58359     121.011     453.327  953.477  294.737   73.308    0.386   12.451 0.00000e+00
  119    18.00000   -97.35735 36.58649     126.230     459.451  952.777  294.717   73.839    0.435   12.535 0.00000e+00
  120    18.01667   -97.35655 36.58918     133.165     467.029  951.917  294.581   74.354    0.229   12.528 0.00000e+00
  121    18.03333   -97.35555 36.59166     137.425     470.970  951.453  294.671   74.332   -0.151   12.600 0.00000e+00
  122    18.05000   -97.35445 36.59410     123.333     457.177  952.943  294.843   73.625   -0.424   12.594 0.00000e+00
  123    18.06667   -97.35388 36.59681     107.061     440.678  954.890  294.984   72.923   -0.092   12.557 0.00000e+00
  124    18.08333   -97.35438 36.59972     141.969     470.852  951.582  294.809   73.767    1.376   12.610 0.00000e+00
  125    18.10000   -97.35462 36.60198     255.113     580.381  939.674  293.793   77.851    1.989   12.655 0.00000e+00
  126    18.11667   -97.35362 36.60382     366.411     689.118  928.031  292.731   82.075    1.347   12.643 0.00000e+00
  127    18.13333   -97.35192 36.60569     423.036     742.052  922.319  292.256   84.136    0.642   12.658 0.00000e+00
  128    18.15000   -97.35004 36.60764     439.274     754.001  921.128  292.194   84.430    0.170   12.669 0.00000e+00
  129    18.16667   -97.34822 36.60975     439.653     750.165  921.464  292.250   84.242    0.226   12.681 0.00000e+00
  130    18.18333   -97.34673 36.61206     445.268     751.902  921.279  292.259   84.104    0.597   12.670 0.00000e+00
  131    18.20000   -97.34557 36.61463     473.110     776.719  918.569  291.927   84.780    1.009   12.544 0.00000e+00
  132    18.21667   -97.34428 36.61729     505.608     807.236  915.244  291.608   85.825    0.565   12.491 0.00000e+00
  133    18.23333   -97.34300 36.61994     510.534     811.033  914.798  291.541   86.265    0.095   12.508 0.00000e+00
  134    18.25000   -97.34171 36.62251     521.974     821.936  913.640  291.404   86.946    0.092   12.514 0.00000e+00
  135    18.26667   -97.34032 36.62471     534.985     834.598  912.320  291.265   87.401    0.085   12.487 0.00000e+00
  136    18.28333   -97.33895 36.62651     548.271     847.271  910.968  291.127   88.091    0.161   12.495 0.00000e+00
  137    18.30000   -97.33769 36.62824     561.268     859.419  909.671  291.010   88.496    0.381   12.478 0.00000e+00
  138    18.31667   -97.33659 36.63000     581.695     878.987  907.613  290.839   88.875    0.696   12.423 0.00000e+00
  139    18.33333   -97.33566 36.63163     637.752     934.849  901.677  290.303   91.403    1.254   12.430 0.00000e+00
  140    18.35000   -97.33479 36.63336     728.578    1025.703  892.140  289.424   95.808    1.623   12.448 0.00000e+00
  141    18.36667   -97.33403 36.63517     817.634    1114.806  882.858  288.589  100.000    1.632   12.451 1.47018e-02
  142    18.38333   -97.33338 36.63714     903.669    1200.872  874.003  288.194  100.000    1.451   12.271 1.87110e-01
  143    18.40000   -97.33263 36.63936     988.684    1285.853  865.269  287.813  100.000    1.513   12.093 3.56878e-01
  144    18.41667   -97.33173 36.64181    1076.198    1373.328  856.359  287.317  100.000    1.014   11.828 4.44395e-01
  145    18.43333   -97.33077 36.64452    1129.970    1427.133  850.935  286.925   99.824   -0.237   11.567 4.15321e-01
  146    18.45000   -97.32964 36.64748    1108.742    1405.861  853.109  286.930   98.713   -1.257   11.413 2.56892e-01
  147    18.46667   -97.32834 36.65044    1038.574    1335.199  860.248  287.227   98.303   -1.421   11.492 6.19790e-02
  148    18.48333   -97.32719 36.65333     956.633    1252.759  868.661  288.025   92.610   -1.390   11.292 0.00000e+00
  149    18.50000   -97.32619 36.65640     887.183    1183.569  875.722  288.809   86.757   -1.019   11.039 0.00000e+00
  150    18.51667   -97.32523 36.65956     845.833    1143.494  879.864  289.175   85.591   -0.463   11.098 0.00000e+00
  151    18.53333   -97.32443 36.66253     825.281    1124.099  881.893  289.373   84.804   -0.069   11.111 0.00000e+00
  152    18.55000   -97.32380 36.66528     812.741    1111.281  883.291  289.406   86.342   -0.128   11.318 0.00000e+00
  153    18.56667   -97.32330 36.66799     790.708    1088.548  885.702  289.635   85.161   -0.472   11.298 0.00000e+00
  154    18.58333   -97.32298 36.67069     758.318    1055.505  889.067  289.866   85.338   -0.506   11.447 0.00000e+00
  155    18.60000   -97.32269 36.67348     725.700    1023.375  892.337  290.109   85.209   -0.550   11.565 0.00000e+00
  156    18.61667   -97.32230 36.67639     689.591     988.506  895.918  290.407   84.335   -0.678   11.620 0.00000e+00
  157    18.63333   -97.32153 36.67913     643.560     943.988  900.622  290.791   83.482   -0.863   11.725 0.00000e+00
  158    18.65000   -97.31997 36.68134     606.451     909.322  904.217  291.080   84.375   -0.687   12.022 0.00000e+00
  159    18.66667   -97.31772 36.68331     554.386     860.024  909.418  291.535   83.079   -1.120   12.114 0.00000e+00
  160    18.68333   -97.31552 36.68520     495.581     803.469  915.484  292.115   80.677   -0.614   12.121 0.00000e+00
  161    18.70000   -97.31351 36.68703     483.729     793.448  916.537  292.212   80.216    0.317   12.111 0.00000e+00
  162    18.71667   -97.31169 36.68885     517.018     828.007  912.970  291.865   81.837    0.986   12.136 0.00000e+00
  163    18.73333   -97.31012 36.69065     616.100     927.695  902.409  290.877   86.059    2.036   12.129 0.00000e+00
  164    18.75000   -97.30864 36.69252     731.061    1043.219  890.279  289.742   90.980    1.635   12.091 0.00000e+00
  165    18.76667   -97.30695 36.69448     797.295    1110.147  883.373  289.110   93.981    0.814   12.086 0.00000e+00
  166    18.78333   -97.30519 36.69654     819.665    1133.324  880.962  288.925   94.417    0.065   12.032 0.00000e+00
  167    18.80000   -97.30345 36.69867     811.205    1125.370  881.818  289.033   93.655   -0.343   12.006 0.00000e+00
  168    18.81667   -97.30180 36.70079     775.173    1089.390  885.597  289.409   91.753   -0.849   11.999 0.00000e+00
  169    18.83333   -97.30030 36.70288     713.809    1027.760  892.028  290.013   89.079   -1.306   12.021 0.00000e+00
  170    18.85000   -97.29899 36.70490     636.601     950.035  900.188  290.797   85.511   -1.439   12.020 0.00000e+00
  171    18.86667   -97.29793 36.70678     558.258     870.121  908.654  291.567   82.416   -1.307   12.051 0.00000e+00
  172    18.88333   -97.29715 36.70858     489.908     800.125  916.057  292.250   79.474   -0.986   12.034 0.00000e+00
  173    18.90000   -97.29659 36.71038     435.996     744.695  921.944  292.812   76.853   -0.702   11.978 0.00000e+00
  174    18.91667   -97.29628 36.71224     391.702     698.927  926.843  293.283   74.569   -0.512   11.906 0.00000e+00
  175    18.93333   -97.29608 36.71418     355.476     661.500  930.874  293.676   72.658   -0.430   11.837 0.00000e+00
  176    18.95000   -97.29598 36.71617     325.289     630.495  934.158  293.992   71.255   -0.380   11.797 0.00000e+00
  177    18.96667   -97.29594 36.71822     299.125     603.510  937.064  294.276   70.036   -0.319   11.765 0.00000e+00
  178    18.98333   -97.29593 36.72028     275.217     578.773  939.738  294.536   68.976   -0.287   11.741 0.00000e+00
