    0    16.01667   -97.54214 36.23776     100.813     444.928  954.439  292.420   87.533    0.233   12.853 0.00000e+00
    1    16.03333   -97.54454 36.24017     114.894     460.351  952.642  292.279   88.196    0.069   12.861 0.00000e+00
    2    16.05000   -97.54657 36.24266     121.949     467.104  951.821  292.223   88.474    0.089   12.867 0.00000e+00
    3    16.06667   -97.54829 36.24520     126.922     471.187  951.388  292.185   88.637    0.006   12.866 0.00000e+00
    4    16.08333   -97.54945 36.24775     119.011     462.581  952.362  292.285   88.212   -0.324   12.872 0.00000e+00
    5    16.10000   -97.55016 36.25034      94.399     437.969  955.096  292.528   87.143   -0.557   12.875 0.00000e+00
    6    16.11667   -97.55075 36.25297      69.436     413.368  957.851  292.774   86.082   -0.408   12.878 0.00000e+00
    7    16.13333   -97.55148 36.25564      54.956     399.530  959.380  292.950   85.415   -0.097   12.899 0.00000e+00
    8    16.15000   -97.55226 36.25820      62.545     407.855  958.478  292.945   85.587    0.364   12.934 0.00000e+00
    9    16.16667   -97.55293 36.26061      93.554     439.520  954.968  292.733   86.710    0.743   12.978 0.00000e+00
   10    16.18333   -97.55331 36.26296     146.909     493.491  948.994  292.237   88.931    0.987   12.984 0.00000e+00
   11    16.20000   -97.55312 36.26557     203.770     551.130  942.643  291.674   91.252    0.907   12.946 0.00000e+00
   12    16.21667   -97.55239 36.26854     253.934     602.431  936.991  291.179   93.101    0.906   12.878 0.00000e+00
   13    16.23333   -97.55128 36.27173     305.590     655.591  931.202  290.675   95.347    0.883   12.853 0.00000e+00
   14    16.25000   -97.54989 36.27509     354.495     706.011  925.687  290.177   97.834    0.966   12.853 0.00000e+00
   15    16.26667   -97.54833 36.27872     399.010     752.026  920.773  289.745  100.000    0.734   12.851 6.99953e-03
   16    16.28333   -97.54686 36.28257     433.287     786.415  917.138  289.576  100.000    0.336   12.775 5.48117e-02
   17    16.30000   -97.54575 36.28643     452.420     804.331  915.241  289.486  100.000    0.109   12.717 5.39649e-02
   18    16.31667   -97.54495 36.29019     458.839     809.511  914.739  289.474   99.897   -0.006   12.697 5.13553e-02
   19    16.33333   -97.54433 36.29385     457.433     807.176  915.013  289.490   99.783   -0.132   12.692 3.53465e-02
   20    16.35000   -97.54388 36.29751     448.173     797.659  915.924  289.535   99.773   -0.383   12.715 2.57333e-02
   21    16.36667   -97.54349 36.30122     433.856     785.978  917.206  289.619   99.375   -0.402   12.714 1.37028e-02
   22    16.38333   -97.54311 36.30495     426.453     780.884  917.857  289.649   99.327   -0.057   12.724 9.82577e-03
   23    16.40000   -97.54256 36.30860     435.971     790.709  916.803  289.593   99.408    0.367   12.703 9.40162e-04
   24    16.41667   -97.54158 36.31199     446.130     800.569  915.816  289.579   99.106    0.415   12.667 1.15287e-03
   25    16.43333   -97.54034 36.31512     441.333     793.336  916.647  289.667   98.610   -0.309   12.663 5.11218e-04
   26    16.45000   -97.53915 36.31802     420.208     769.259  919.185  289.897   97.577   -0.880   12.681 0.00000e+00
   27    16.46667   -97.53825 36.32067     384.727     731.741  923.201  290.283   95.613   -0.797   12.681 0.00000e+00
   28    16.48333   -97.53768 36.32312     337.273     684.386  928.213  290.754   93.171   -0.688   12.664 0.00000e+00
   29    16.50000   -97.53748 36.32543     288.166     636.558  933.391  291.228   90.846   -0.754   12.655 0.00000e+00
   30    16.51667   -97.53775 36.32766     248.380     598.066  937.556  291.593   89.178   -0.805   12.655 0.00000e+00
   31    16.53333   -97.53828 36.32989     218.027     568.901  940.740  291.882   87.873   -0.437   12.656 0.00000e+00
   32    16.55000   -97.53880 36.33218     204.384     555.625  942.231  292.022   87.243   -0.196   12.657 0.00000e+00
   33    16.56667   -97.53934 36.33428     202.340     553.892  942.415  292.052   87.112    0.130   12.660 0.00000e+00
   34    16.58333   -97.53974 36.33625     223.229     575.153  940.137  291.846   88.066    0.608   12.664 0.00000e+00
   35    16.60000   -97.53970 36.33809     243.552     595.735  937.874  291.674   88.898    0.222   12.676 0.00000e+00
   36    16.61667   -97.53915 36.33980     241.643     593.948  938.029  291.722   88.635   -0.340   12.675 0.00000e+00
   37    16.63333   -97.53833 36.34135     215.204     567.667  940.920  292.030   87.167   -0.822   12.670 0.00000e+00
   38    16.65000   -97.53732 36.34282     175.503     528.209  945.211  292.433   85.331   -0.902   12.664 0.00000e+00
   39    16.66667   -97.53642 36.34438     128.404     481.482  950.348  292.877   83.426   -0.827   12.661 0.00000e+00
   40    16.68333   -97.53582 36.34610      84.843     438.424  955.175  293.300   81.705   -0.645   12.668 0.00000e+00
   41    16.70000   -97.53566 36.34790      50.634     403.099  959.164  293.699   80.225   -0.468   12.699 0.00000e+00
   42    16.71667   -97.53595 36.34985      28.838     379.025  961.787  294.069   78.994   -0.331   12.760 0.00000e+00
   43    16.73333   -97.53652 36.35166      17.336     365.409  963.291  294.271   78.344   -0.212   12.795 0.00000e+00
   44    16.75000   -97.53731 36.35335      12.150     358.263  964.111  294.585   77.513   -0.029   12.896 0.00000e+00
   45    16.76667   -97.53809 36.35497      13.891     358.052  964.173  294.719   77.193    0.060   12.950 0.00000e+00
   46    16.78333   -97.53877 36.35653      20.693     362.582  963.644  294.758   77.213    0.219   12.991 0.00000e+00
   47    16.80000   -97.53934 36.35821      39.091     378.402  961.915  294.585   78.022    0.485   13.011 0.00000e+00
   48    16.81667   -97.53969 36.36010      70.872     407.263  958.725  294.272   79.299    0.708   13.014 0.00000e+00
   49    16.83333   -97.54000 36.36207     111.173     444.551  954.627  293.914   80.768    0.642   13.019 0.00000e+00
   50    16.85000   -97.54038 36.36406     136.691     467.630  951.960  293.559   81.887    0.099   12.947 0.00000e+00
   51    16.86667   -97.54075 36.36617     139.578     468.974  951.806  293.469   81.729   -0.169   12.852 0.00000e+00
   52    16.88333   -97.54110 36.36839     124.386     452.152  953.661  293.618   80.871   -0.570   12.811 0.00000e+00
   53    16.90000   -97.54134 36.37072      86.139     412.111  958.054  294.055   79.370   -0.785   12.859 0.00000e+00
   54    16.91667   -97.54112 36.37313      43.623     370.088  962.610  294.418   77.885   -0.685   12.845 0.00000e+00
   55    16.93333   -97.54051 36.37547      23.266     351.889  964.610  294.986   76.544   -0.148   13.048 0.00000e+00
   56    16.95000   -97.53961 36.37739      20.641     350.890  964.680  295.289   75.906    0.055   13.182 0.00000e+00
   57    16.96667   -97.53873 36.37911      31.383     363.079  963.334  295.252   76.171    0.414   13.217 0.00000e+00
   58    16.98333   -97.53810 36.38093      57.849     390.556  960.360  294.999   77.050    0.648   13.203 0.00000e+00
   59    17.00000   -97.53769 36.38298     103.065     436.236  955.331  294.534   78.791    1.123   13.189 0.00000e+00
   60    17.01667   -97.53716 36.38523     165.925     499.570  948.356  293.788   81.375    1.338   13.101 0.00000e+00
   61    17.03333   -97.53642 36.38749     246.966     580.957  939.407  292.955   84.761    1.646   13.079 0.00000e+00
   62    17.05000   -97.53549 36.38983     330.020     665.064  930.235  292.071   88.462    1.480   13.042 0.00000e+00
   63    17.06667   -97.53448 36.39228     416.648     753.335  920.694  291.105   92.641    1.758   12.982 0.00000e+00
   64    17.08333   -97.53336 36.39480     495.507     834.138  912.048  290.261   96.477    1.173   12.934 0.00000e+00
   65    17.10000   -97.53204 36.39737     541.149     881.960  906.974  289.836   97.875    0.711   12.842 3.30959e-04
   66    17.11667   -97.53053 36.39999     569.425     912.007  903.865  289.583   98.728    0.611   12.790 3.30971e-03
   67    17.13333   -97.52892 36.40265     592.261     935.949  901.349  289.402   98.895    0.549   12.699 1.27048e-02
   68    17.15000   -97.52723 36.40533     614.454     958.747  898.916  289.201   99.642    0.614   12.665 1.61933e-02
   69    17.16667   -97.52539 36.40799     638.686     984.148  896.255  288.999  100.000    0.510   12.585 2.33331e-02
   70    17.18333   -97.52337 36.41061     664.910    1011.285  893.457  288.814  100.000    0.498   12.490 3.69821e-02
   71    17.20000   -97.52109 36.41319     695.651    1042.582  890.231  288.595   99.987    0.537   12.342 3.84103e-02
   72    17.21667   -97.51855 36.41567     727.109    1072.194  887.181  288.413   99.654    0.524   12.199 5.75025e-02
   73    17.23333   -97.51582 36.41795     752.030    1093.887  885.001  288.249   99.911    0.348   12.131 6.09486e-02
   74    17.25000   -97.51300 36.42010     766.306    1104.294  883.955  288.165   99.943    0.033   12.084 4.43855e-02
   75    17.26667   -97.51009 36.42228     758.924    1093.266  884.994  288.190   99.588   -0.442   12.046 4.66126e-03
   76    17.28333   -97.50708 36.42469     720.795    1052.807  889.250  288.537   98.130   -0.946   12.081 2.77762e-03
   77    17.30000   -97.50418 36.42740     658.385     987.666  896.068  289.175   94.916   -1.279   12.083 2.91017e-06
   78    17.31667   -97.50146 36.43035     589.436     916.286  903.515  289.868   91.865   -1.304   12.125 0.00000e+00
   79    17.33333   -97.49892 36.43327     529.997     855.945  909.927  290.453   89.369   -0.979   12.158 0.00000e+00
   80    17.35000   -97.49649 36.43596     489.581     814.140  914.422  290.823   88.016   -0.657   12.199 0.00000e+00
   81    17.36667   -97.49413 36.43847     465.847     788.971  917.027  291.056   87.225   -0.442   12.234 0.00000e+00
   82    17.38333   -97.49189 36.44090     456.496     779.298  918.112  291.181   86.389   -0.182   12.199 0.00000e+00
   83    17.40000   -97.48972 36.44325     462.240     784.096  917.642  291.185   85.665    0.077   12.106 0.00000e+00
   84    17.41667   -97.48758 36.44560     477.092     797.288  916.268  291.092   85.675    0.390   12.055 0.00000e+00
   85    17.43333   -97.48554 36.44800     499.100     817.003  914.190  290.928   86.107    0.559   12.017 0.00000e+00
   86    17.45000   -97.48343 36.45039     526.006     841.356  911.612  290.675   87.250    0.493   12.017 0.00000e+00
   87    17.46667   -97.48114 36.45266     542.748     855.353  910.119  290.538   87.829    0.386   12.010 0.00000e+00
   88    17.48333   -97.47878 36.45477     540.708     850.459  910.615  290.568   87.820    0.021   12.026 0.00000e+00
   89    17.50000   -97.47649 36.45679     512.571     820.526  913.707  290.866   86.460   -0.490   12.025 0.00000e+00
   90    17.51667   -97.47429 36.45879     463.067     770.376  919.100  291.369   84.187   -0.808   12.018 0.00000e+00
   91    17.53333   -97.47221 36.46083     416.900     724.140  923.977  291.814   82.213   -0.738   12.006 0.00000e+00
   92    17.55000   -97.47001 36.46306     402.751     710.557  925.409  291.950   81.984   -0.097   12.057 0.00000e+00
   93    17.56667   -97.46729 36.46560     415.741     723.888  924.029  291.815   82.753   -0.042   12.086 0.00000e+00
   94    17.58333   -97.46423 36.46841     398.001     705.911  925.942  291.992   82.615   -0.728   12.175 0.00000e+00
   95    17.60000   -97.46172 36.47144     348.437     655.570  931.372  292.544   80.434   -1.007   12.201 0.00000e+00
   96    17.61667   -97.46001 36.47450     292.176     598.944  937.532  293.114   78.386   -1.066   12.241 0.00000e+00
   97    17.63333   -97.45898 36.47753     232.243     538.324  944.147  293.726   76.114   -1.333   12.262 0.00000e+00
   98    17.65000   -97.45856 36.48056     164.408     469.403  951.720  294.410   73.824   -1.621   12.310 0.00000e+00
   99    17.66667   -97.45860 36.48347     104.367     407.519  958.491  295.004   71.957   -1.160   12.359 0.00000e+00
  100    17.68333   -97.45933 36.48611      73.351     374.855  962.076  295.329   71.024   -0.361   12.399 0.00000e+00
  101    17.70000   -97.46081 36.48850      67.206     367.234  962.878  295.482   70.770    0.020   12.461 0.00000e+00
  102    17.71667   -97.46274 36.49062      81.131     380.921  961.320  295.424   71.311    0.490   12.532 0.00000e+00
  103    17.73333   -97.46426 36.49251     137.581     437.610  955.111  294.954   73.269    1.306   12.590 0.00000e+00
  104    17.75000   -97.46495 36.49474     226.581     527.046  945.327  294.085   76.541    1.809   12.593 0.00000e+00
  105    17.76667   -97.46518 36.49711     338.097     638.896  933.205  292.982   80.892    2.153   12.587 0.00000e+00
  106    17.78333   -97.46509 36.49940     454.580     755.101  920.697  291.855   85.825    2.175   12.612 0.00000e+00
  107    17.80000   -97.46486 36.50154     559.214     859.423  909.547  290.837   90.382    1.939   12.606 0.00000e+00
  108    17.81667   -97.46445 36.50359     659.182     959.063  899.025  289.881   94.554    1.816   12.553 0.00000e+00
  109    17.83333   -97.46389 36.50568     756.432    1056.139  888.823  288.962   98.745    2.009   12.501 1.39692e-03
  110    17.85000   -97.46307 36.50794     850.338    1150.366  879.018  288.379  100.000    2.108   12.346 1.34399e-01
  111    17.86667   -97.46192 36.51058     931.630    1232.470  870.506  288.009  100.000    2.017   12.174 3.15089e-01
  112    17.88333   -97.46040 36.51363    1001.021    1303.482  863.252  287.627  100.000    1.734   11.976 3.95179e-01
  113    17.90000   -97.45850 36.51699    1069.621    1375.192  855.976  287.167  100.000    1.621   11.722 4.36048e-01
  114    17.91667   -97.45605 36.52056    1141.826    1450.601  848.344  286.668  100.000    1.605   11.448 4.67393e-01
  115    17.93333   -97.45311 36.52426    1206.907    1517.789  841.685  286.308  100.000    1.399   11.271 5.56445e-01
  116    17.95000   -97.45012 36.52803    1232.701    1544.377  839.032  286.092  100.000   -0.070   11.148 4.99901e-01
  117    17.96667   -97.44714 36.53149    1194.948    1506.787  842.809  286.064  100.000   -1.178   11.060 1.93727e-01
  118    17.98333   -97.44421 36.53407    1137.565    1449.784  848.465  286.455   94.473   -1.222   10.647 2.24155e-02
  119    18.00000   -97.44171 36.53605    1109.565    1423.005  851.180  286.636   94.342   -0.324   10.724 1.40797e-02
  120    18.01667   -97.43956 36.53804    1120.917    1435.097  850.023  286.489   95.690    0.681   10.788 1.46772e-02
  121    18.03333   -97.43768 36.54025    1157.917    1471.352  846.434  286.137   97.685    0.975   10.807 1.39963e-02
  122    18.05000   -97.43594 36.54259    1202.151    1514.163  842.208  285.755   99.894    0.939   10.830 2.46720e-02
  123    18.06667   -97.43425 36.54496    1246.371    1556.842  837.925  285.533  100.000    0.789   10.757 9.13011e-02
  124    18.08333   -97.43259 36.54728    1287.460    1597.221  833.800  285.317  100.000    0.608   10.650 1.27082e-01
  125    18.10000   -97.43098 36.54954    1327.082    1638.393  829.716  285.024  100.000    0.578   10.501 1.11635e-01
  126    18.11667   -97.42940 36.55183    1370.623    1683.833  825.240  284.702  100.000    0.610   10.339 1.19341e-01
  127    18.13333   -97.42772 36.55413    1415.974    1731.235  820.630  284.417  100.000    0.727   10.203 1.60308e-01
  128    18.15000   -97.42595 36.55643    1452.785    1769.436  816.939  284.220  100.000    0.686   10.115 2.14436e-01
  129    18.16667   -97.42412 36.55874    1473.249    1790.822  814.850  284.155  100.000    0.518   10.098 2.70074e-01
  130    18.18333   -97.42222 36.56110    1481.895    1800.308  813.930  284.115  100.000   -0.012   10.082 2.64716e-01
  131    18.20000   -97.42042 36.56359    1476.435    1795.413  814.454  284.109  100.000   -0.283   10.072 2.09534e-01
  132    18.21667   -97.41894 36.56617    1466.857    1784.846  815.514  284.060  100.000   -0.245   10.011 1.08258e-01
  133    18.23333   -97.41780 36.56886    1466.315    1783.534  815.600  284.002   99.803    0.162    9.947 6.13735e-02
  134    18.25000   -97.41666 36.57176    1475.209    1792.295  814.732  283.961   99.182    0.443    9.868 4.57342e-02
  135    18.26667   -97.41526 36.57473    1478.596    1796.686  814.290  283.946   98.477    0.335    9.793 4.35851e-02
  136    18.28333   -97.41364 36.57762    1464.712    1783.843  815.552  283.944   98.994   -0.082    9.829 2.22304e-03
  137    18.30000   -97.41191 36.58040    1432.429    1752.459  818.625  284.261   98.242   -0.284    9.925 4.03611e-04
  138    18.31667   -97.41006 36.58299    1402.020    1722.708  821.472  284.505   97.385    0.025    9.965 0.00000e+00
  139    18.33333   -97.40810 36.58549    1380.641    1702.315  823.505  284.730   95.496    0.108    9.894 0.00000e+00
  140    18.35000   -97.40591 36.58801    1368.372    1691.241  824.592  284.906   93.487    0.057    9.787 0.00000e+00
  141    18.36667   -97.40359 36.59064    1360.431    1684.728  825.225  285.023   92.028    0.044    9.703 0.00000e+00
  142    18.38333   -97.40131 36.59335    1355.409    1681.207  825.575  285.079   91.495    0.011    9.678 0.00000e+00
  143    18.40000   -97.39910 36.59614    1351.304    1678.562  825.841  285.104   91.652   -0.116    9.708 0.00000e+00
  144    18.41667   -97.39692 36.59899    1344.213    1672.595  826.457  285.197   91.156   -0.238    9.707 0.00000e+00
  145    18.43333   -97.39470 36.60197    1335.292    1664.888  827.225  285.328   90.051   -0.254    9.664 0.00000e+00
  146    18.45000   -97.39247 36.60513    1333.308    1664.226  827.262  285.398   88.900   -0.059    9.585 0.00000e+00
  147    18.46667   -97.39026 36.60844    1349.431    1680.327  825.698  285.308   88.590    0.380    9.512 0.00000e+00
  148    18.48333   -97.38802 36.61186    1384.177    1715.441  822.240  284.994   89.893    0.739    9.494 0.00000e+00
  149    18.50000   -97.38579 36.61541    1431.162    1760.243  818.066  284.455   96.204    0.946    9.852 6.17976e-02
  150    18.51667   -97.38339 36.61912    1487.104    1811.325  813.052  284.649   99.966    1.152   10.435 5.40802e-01
  151    18.53333   -97.38071 36.62312    1535.669    1856.553  808.568  284.408  100.000    0.463   10.353 5.96333e-01
  152    18.55000   -97.37803 36.62750    1523.042    1842.566  809.950  284.152   98.998   -1.536   10.036 2.55630e-01
  153    18.56667   -97.37527 36.63145    1454.889    1770.984  817.070  284.424   97.097   -2.126    9.935 1.55857e-02
  154    18.58333   -97.37241 36.63474    1409.304    1720.729  821.979  284.922   93.519   -1.187    9.833 0.00000e+00
  155    18.60000   -97.36941 36.63768    1406.298    1712.877  822.673  285.099   91.689   -0.483    9.746 0.00000e+00
  156    18.61667   -97.36627 36.64047    1424.825    1729.256  821.027  285.023   90.494    0.216    9.590 0.00000e+00
  157    18.63333   -97.36324 36.64325    1452.410    1755.098  818.496  284.761   91.537    0.799    9.562 0.00000e+00
  158    18.65000   -97.36031 36.64633    1482.143    1783.524  815.682  284.463   93.025    0.792    9.560 0.00000e+00
  159    18.66667   -97.35745 36.64976    1508.890    1809.577  813.177  284.263   93.457    0.491    9.507 0.00000e+00
  160    18.68333   -97.35460 36.65345    1529.675    1828.707  811.349  284.037   94.503    0.083    9.490 0.00000e+00
  161    18.70000   -97.35165 36.65730    1535.404    1833.400  810.786  283.860   97.133   -0.259    9.646 2.03702e-04
  162    18.71667   -97.34853 36.66110    1551.591    1849.591  809.250  283.745   96.719    0.056    9.549 1.89567e-03
  163    18.73333   -97.34537 36.66470    1580.930    1878.807  806.401  283.603   96.696    0.722    9.490 0.00000e+00
  164    18.75000   -97.34212 36.66823    1622.942    1920.658  802.413  283.333   96.553    1.199    9.352 5.91695e-03
  165    18.76667   -97.33914 36.67207    1676.740    1974.424  797.275  282.937   95.701    1.254    9.085 5.20373e-04
  166    18.78333   -97.33658 36.67612    1719.107    2017.058  793.249  282.578   98.285    1.081    9.153 5.95679e-02
  167    18.80000   -97.33417 36.68038    1747.426    2045.350  790.488  282.536  100.000    0.765    9.332 1.55421e-01
  168    18.81667   -97.33165 36.68465    1759.365    2059.391  789.138  282.377  100.000    0.277    9.253 8.12542e-02
  169    18.83333   -97.32889 36.68867    1751.880    2054.740  789.573  282.285   99.393   -0.096    9.117 8.10845e-03
  170    18.85000   -97.32605 36.69259    1726.651    2032.305  791.702  282.470   97.632   -0.400    9.044 2.71410e-03
  171    18.86667   -97.32320 36.69645    1687.144    1995.408  795.195  282.778   96.331   -0.804    9.071 0.00000e+00
  172    18.88333   -97.32046 36.70038    1645.828    1956.932  798.895  283.181   94.919   -0.760    9.141 0.00000e+00
  173    18.90000   -97.31789 36.70436    1618.802    1931.797  801.365  283.497   93.433   -0.435    9.162 0.00000e+00
  174    18.91667   -97.31534 36.70832    1600.102    1913.783  803.205  283.671   92.628   -0.408    9.169 0.00000e+00
  175    18.93333   -97.31287 36.71225    1576.167    1889.086  805.636  283.821   91.829   -0.629    9.154 0.00000e+00
  176    18.95000   -97.31074 36.71630    1530.955    1839.945  810.422  284.250   94.412   -1.069    9.628 1.51413e-01
  177    18.96667   -97.30856 36.72042    1451.507    1756.234  818.482  284.794   94.785   -1.512    9.924 8.36227e-02
  178    18.98333   -97.30565 36.72439    1373.531    1676.852  826.228  285.464   91.224   -0.638    9.891 0.00000e+00
