    0    16.01667   -97.51253 36.30209      58.844     407.207  958.835  292.698   85.848   -0.467   12.769 0.00000e+00
    1    16.03333   -97.51151 36.30412      40.603     385.362  961.250  292.936   84.928   -0.161   12.789 0.00000e+00
    2    16.05000   -97.51047 36.30605      37.136     380.078  961.713  293.030   84.654   -0.002   12.817 0.00000e+00
    3    16.06667   -97.50978 36.30775      41.239     383.994  961.295  293.053   84.698    0.046   12.848 0.00000e+00
    4    16.08333   -97.50954 36.30932      51.695     394.316  960.160  292.998   85.027    0.224   12.869 0.00000e+00
    5    16.10000   -97.50983 36.31087      69.884     412.640  958.129  292.876   85.588    0.447   12.883 0.00000e+00
    6    16.11667   -97.51028 36.31261      98.618     441.731  954.929  292.600   86.717    0.750   12.872 0.00000e+00
    7    16.13333   -97.51052 36.31455     133.185     476.378  951.140  292.269   88.191    0.916   12.872 0.00000e+00
    8    16.15000   -97.51057 36.31671     155.955     498.901  948.678  292.054   89.133    0.523   12.868 0.00000e+00
    9    16.16667   -97.51045 36.31900     163.987     506.581  947.816  292.002   89.129    0.033   12.838 0.00000e+00
   10    16.18333   -97.51026 36.32136     165.521     507.623  947.782  292.063   88.422   -0.130   12.786 0.00000e+00
   11    16.20000   -97.51003 36.32374     168.039     507.957  947.725  292.093   88.084    0.042   12.761 0.00000e+00
   12    16.21667   -97.50980 36.32615     178.864     516.288  946.760  292.020   88.383    0.317   12.759 0.00000e+00
   13    16.23333   -97.50951 36.32863     202.965     537.819  944.367  291.825   89.341    0.624   12.772 0.00000e+00
   14    16.25000   -97.50903 36.33121     237.867     572.563  940.370  291.483   90.919    0.669   12.775 0.00000e+00
   15    16.26667   -97.50829 36.33397     272.683     610.190  936.261  291.114   92.564    0.488   12.761 0.00000e+00
   16    16.28333   -97.50729 36.33685     292.901     633.316  933.744  290.889   93.751    0.188   12.776 0.00000e+00
   17    16.30000   -97.50619 36.33992     294.377     636.400  933.500  290.859   93.925   -0.082   12.779 0.00000e+00
   18    16.31667   -97.50517 36.34317     282.419     624.800  934.738  290.974   93.055   -0.424   12.736 0.00000e+00
   19    16.33333   -97.50424 36.34655     261.528     604.304  937.043  291.200   91.886   -0.423   12.726 0.00000e+00
   20    16.35000   -97.50347 36.35001     240.550     580.702  939.679  291.451   90.620   -0.256   12.716 0.00000e+00
   21    16.36667   -97.50291 36.35345     230.485     567.645  941.092  291.615   89.897    0.067   12.727 0.00000e+00
   22    16.38333   -97.50248 36.35684     233.594     568.110  941.019  291.648   89.769    0.200   12.736 0.00000e+00
   23    16.40000   -97.50188 36.36021     245.754     577.875  939.932  291.611   89.847    0.044   12.732 0.00000e+00
   24    16.41667   -97.50108 36.36335     255.459     585.469  939.089  291.591   89.884   -0.182   12.733 0.00000e+00
   25    16.43333   -97.50024 36.36629     252.483     580.380  939.649  291.665   89.352   -0.332   12.710 0.00000e+00
   26    16.45000   -97.49957 36.36910     239.161     565.032  941.303  291.806   88.747   -0.203   12.713 0.00000e+00
   27    16.46667   -97.49914 36.37178     228.944     553.197  942.503  291.893   88.431    0.114   12.722 0.00000e+00
   28    16.48333   -97.49883 36.37433     230.314     556.207  942.192  291.838   88.775    0.401   12.731 0.00000e+00
   29    16.50000   -97.49852 36.37680     247.222     574.805  940.190  291.635   89.849    0.569   12.748 0.00000e+00
   30    16.51667   -97.49812 36.37928     274.940     604.091  936.978  291.339   91.370    0.596   12.767 0.00000e+00
   31    16.53333   -97.49767 36.38177     304.710     635.372  933.573  291.037   92.855    0.547   12.776 0.00000e+00
   32    16.55000   -97.49722 36.38435     328.745     661.166  930.705  290.779   94.163    0.406   12.785 0.00000e+00
   33    16.56667   -97.49677 36.38707     348.057     682.566  928.352  290.573   95.172    0.319   12.786 0.00000e+00
   34    16.58333   -97.49625 36.38988     370.055     706.272  925.788  290.345   96.349    0.424   12.793 0.00000e+00
   35    16.60000   -97.49564 36.39271     394.646     732.032  923.028  290.112   97.500    0.432   12.793 0.00000e+00
   36    16.61667   -97.49487 36.39556     416.269     754.775  920.540  289.899   98.545    0.398   12.789 1.02067e-05
   37    16.63333   -97.49387 36.39841     429.121     768.178  919.176  289.794   98.923    0.207   12.772 1.54135e-04
   38    16.65000   -97.49277 36.40119     425.748     764.700  919.622  289.852   98.527   -0.153   12.762 1.58604e-04
   39    16.66667   -97.49172 36.40378     405.704     744.336  921.862  290.067   97.334   -0.485   12.751 1.98872e-08
   40    16.68333   -97.49088 36.40618     375.671     713.133  925.254  290.380   95.701   -0.711   12.743 0.00000e+00
   41    16.70000   -97.49030 36.40840     343.137     678.821  928.973  290.713   94.100   -0.705   12.746 0.00000e+00
   42    16.71667   -97.49000 36.41047     315.455     649.602  932.173  290.994   92.808   -0.561   12.753 0.00000e+00
   43    16.73333   -97.48997 36.41243     293.942     626.767  934.634  291.219   91.690   -0.377   12.747 0.00000e+00
   44    16.75000   -97.49020 36.41431     274.443     606.044  936.880  291.426   90.623   -0.269   12.735 0.00000e+00
   45    16.76667   -97.49064 36.41610     255.090     585.554  939.142  291.640   89.479   -0.173   12.714 0.00000e+00
   46    16.78333   -97.49129 36.41785     238.686     568.134  941.038  291.803   88.711   -0.162   12.709 0.00000e+00
   47    16.80000   -97.49207 36.41955     223.546     552.039  942.802  291.944   88.117   -0.293   12.714 0.00000e+00
   48    16.81667   -97.49290 36.42127     206.706     534.241  944.732  292.112   87.393   -0.418   12.717 0.00000e+00
   49    16.83333   -97.49378 36.42303     190.359     517.547  946.551  292.290   86.550   -0.355   12.712 0.00000e+00
   50    16.85000   -97.49467 36.42488     177.823     505.001  947.903  292.448   85.682   -0.173   12.692 0.00000e+00
   51    16.86667   -97.49559 36.42685     166.896     493.947  949.108  292.587   84.943   -0.086   12.676 0.00000e+00
   52    16.88333   -97.49651 36.42889     158.805     485.452  950.001  292.704   84.263   -0.012   12.656 0.00000e+00
   53    16.90000   -97.49741 36.43092     152.110     478.225  950.825  292.820   83.568   -0.064   12.632 0.00000e+00
   54    16.91667   -97.49833 36.43296     144.880     470.734  951.637  292.931   82.983   -0.084   12.620 0.00000e+00
   55    16.93333   -97.49936 36.43502     135.076     460.865  952.727  293.065   82.461   -0.167   12.631 0.00000e+00
   56    16.95000   -97.50050 36.43708     116.961     442.891  954.725  293.260   81.680   -0.356   12.639 0.00000e+00
   57    16.96667   -97.50163 36.43904      92.517     418.928  957.355  293.482   80.778   -0.480   12.638 0.00000e+00
   58    16.98333   -97.50283 36.44079      66.770     394.015  960.092  293.716   79.904   -0.404   12.649 0.00000e+00
   59    17.00000   -97.50424 36.44234      51.621     379.930  961.666  293.915   79.337   -0.117   12.694 0.00000e+00
   60    17.01667   -97.50588 36.44379      48.534     377.939  961.896  294.027   79.116    0.069   12.744 0.00000e+00
   61    17.03333   -97.50768 36.44535      50.081     380.456  961.583  294.070   79.086    0.056   12.778 0.00000e+00
   62    17.05000   -97.50956 36.44700      50.111     380.985  961.598  294.115   78.953   -0.029   12.792 0.00000e+00
   63    17.06667   -97.51156 36.44868      48.208     378.671  961.847  294.173   78.793   -0.039   12.809 0.00000e+00
   64    17.08333   -97.51357 36.45024      47.275     377.453  962.009  294.262   78.604    0.017   12.847 0.00000e+00
   65    17.10000   -97.51556 36.45163      53.971     384.274  961.225  294.288   78.680    0.205   12.891 0.00000e+00
   66    17.11667   -97.51744 36.45272      73.999     404.752  958.959  294.154   79.379    0.384   12.928 0.00000e+00
   67    17.13333   -97.51914 36.45384     106.080     437.267  955.354  293.805   80.739    0.620   12.916 0.00000e+00
   68    17.15000   -97.52078 36.45528     162.332     493.307  949.151  293.230   83.158    1.040   12.919 0.00000e+00
   69    17.16667   -97.52239 36.45701     200.467     530.536  945.078  292.844   84.741    0.270   12.907 0.00000e+00
   70    17.18333   -97.52360 36.45895     176.704     505.601  947.798  293.073   83.759   -0.690   12.904 0.00000e+00
   71    17.20000   -97.52444 36.46112     112.832     440.344  954.975  293.690   81.010   -1.252   12.873 0.00000e+00
   72    17.21667   -97.52539 36.46320      51.463     377.627  961.874  294.355   77.881   -0.877   12.804 0.00000e+00
   73    17.23333   -97.52681 36.46497      20.350     345.864  965.336  294.900   75.891   -0.255   12.858 0.00000e+00
   74    17.25000   -97.52888 36.46639      14.786     340.303  965.960  295.209   75.018    0.079   12.947 0.00000e+00
   75    17.26667   -97.53091 36.46798      20.925     346.490  965.266  295.322   74.887    0.228   13.024 0.00000e+00
   76    17.28333   -97.53259 36.46976      40.394     365.674  963.170  295.179   75.444    0.664   13.034 0.00000e+00
   77    17.30000   -97.53368 36.47169      81.695     406.339  958.610  294.668   77.149    0.931   12.977 0.00000e+00
   78    17.31667   -97.53400 36.47382     129.498     452.952  953.471  294.146   78.808    0.865   12.904 0.00000e+00
   79    17.33333   -97.53374 36.47602     161.581     483.680  950.123  293.835   79.719    0.347   12.848 0.00000e+00
   80    17.35000   -97.53330 36.47820     179.870     500.604  948.274  293.665   79.944   -0.031   12.774 0.00000e+00
   81    17.36667   -97.53281 36.48071     183.594     503.203  947.989  293.642   79.533   -0.242   12.694 0.00000e+00
   82    17.38333   -97.53246 36.48354     172.756     492.350  949.238  293.728   79.032   -0.404   12.664 0.00000e+00
   83    17.40000   -97.53244 36.48642     153.872     473.522  951.241  293.898   78.102   -0.441   12.622 0.00000e+00
   84    17.41667   -97.53282 36.48921     132.548     452.288  953.611  294.131   76.929   -0.488   12.582 0.00000e+00
   85    17.43333   -97.53339 36.49197     110.347     429.645  956.061  294.347   76.068   -0.509   12.577 0.00000e+00
   86    17.45000   -97.53407 36.49473      88.365     406.838  958.515  294.567   75.299   -0.404   12.588 0.00000e+00
   87    17.46667   -97.53486 36.49747      74.637     391.919  960.125  294.736   74.764   -0.249   12.608 0.00000e+00
   88    17.48333   -97.53576 36.50026      71.631     387.689  960.577  294.829   74.556    0.019   12.640 0.00000e+00
   89    17.50000   -97.53629 36.50309      87.196     402.187  959.013  294.819   74.910    0.329   12.713 0.00000e+00
   90    17.51667   -97.53655 36.50606     109.645     423.107  956.744  294.648   75.490    0.282   12.707 0.00000e+00
   91    17.53333   -97.53699 36.50924     123.291     434.326  955.517  294.549   75.811    0.224   12.699 0.00000e+00
   92    17.55000   -97.53802 36.51230     147.266     455.895  953.120  294.289   76.631    0.567   12.664 0.00000e+00
   93    17.56667   -97.53912 36.51493     174.050     481.266  950.305  294.021   77.693   -0.001   12.665 0.00000e+00
   94    17.58333   -97.54021 36.51738     168.774     475.315  950.969  294.146   77.153   -0.384   12.666 0.00000e+00
   95    17.60000   -97.54137 36.51982     180.833     486.831  949.703  294.065   77.533    0.650   12.682 0.00000e+00
   96    17.61667   -97.54211 36.52222     238.162     544.235  943.321  293.539   79.944    1.328   12.741 0.00000e+00
   97    17.63333   -97.54234 36.52457     314.581     622.214  934.887  292.801   82.870    1.362   12.726 0.00000e+00
   98    17.65000   -97.54211 36.52700     373.467     682.729  928.351  292.215   85.316    0.929   12.718 0.00000e+00
   99    17.66667   -97.54155 36.52959     404.355     715.417  924.809  291.903   86.617    0.494   12.710 0.00000e+00
  100    17.68333   -97.54083 36.53229     409.420     722.353  924.016  291.879   86.007   -0.105   12.611 0.00000e+00
  101    17.70000   -97.54015 36.53498     392.689     707.521  925.658  292.079   83.944   -0.565   12.444 0.00000e+00
  102    17.71667   -97.53970 36.53762     371.136     687.827  927.775  292.291   82.254   -0.565   12.328 0.00000e+00
  103    17.73333   -97.53956 36.54021     355.678     673.916  929.259  292.449   82.517   -0.487   12.471 0.00000e+00
  104    17.75000   -97.53982 36.54286     324.178     643.805  932.457  292.737   81.697   -1.085   12.529 0.00000e+00
  105    17.76667   -97.54007 36.54556     247.829     568.864  940.589  293.464   78.852   -1.796   12.545 0.00000e+00
  106    17.78333   -97.53961 36.54818     166.456     488.733  949.360  294.269   75.846   -1.523   12.568 0.00000e+00
  107    17.80000   -97.53860 36.55054     124.304     447.732  953.854  294.693   74.435   -0.873   12.602 0.00000e+00
  108    17.81667   -97.53766 36.55268     132.088     456.681  952.910  294.746   74.593    0.373   12.683 0.00000e+00
  109    17.83333   -97.53719 36.55478     174.274     499.763  948.192  294.335   76.197    0.722   12.694 0.00000e+00
  110    17.85000   -97.53709 36.55708     233.501     559.638  941.681  293.780   78.377    1.005   12.703 0.00000e+00
  111    17.86667   -97.53708 36.55951     305.487     632.241  933.826  293.095   81.104    1.308   12.701 0.00000e+00
  112    17.88333   -97.53706 36.56193     385.472     712.859  925.148  292.335   84.346    1.389   12.713 0.00000e+00
  113    17.90000   -97.53696 36.56424     462.639     789.837  917.015  291.638   87.461    1.444   12.728 0.00000e+00
  114    17.91667   -97.53679 36.56640     534.911     860.614  909.474  290.954   90.053    1.466   12.655 0.00000e+00
  115    17.93333   -97.53656 36.56846     601.167     925.446  902.648  290.327   92.697    1.511   12.612 0.00000e+00
  116    17.95000   -97.53632 36.57044     656.797     979.630  896.915  289.798   95.113    1.250   12.590 0.00000e+00
  117    17.96667   -97.53595 36.57228     682.031    1003.993  894.303  289.540   95.529    0.371   12.474 0.00000e+00
  118    17.98333   -97.53516 36.57431     689.865    1012.064  893.405  289.491   94.379   -0.050   12.298 0.00000e+00
  119    18.00000   -97.53414 36.57661     689.762    1012.641  893.310  289.629   90.919   -0.231   11.954 0.00000e+00
  120    18.01667   -97.53282 36.57909     688.443    1012.662  893.259  289.669   89.766   -0.114   11.834 0.00000e+00
  121    18.03333   -97.53125 36.58157     684.513    1010.898  893.447  289.649   90.230   -0.144   11.876 0.00000e+00
  122    18.05000   -97.52955 36.58401     674.489    1002.951  894.321  289.701   90.689   -0.250   11.965 0.00000e+00
  123    18.06667   -97.52782 36.58641     655.401     985.205  896.235  289.848   91.059   -0.273   12.101 0.00000e+00
  124    18.08333   -97.52602 36.58875     635.424     965.049  898.425  290.026   91.067   -0.206   12.212 0.00000e+00
  125    18.10000   -97.52417 36.59110     613.897     942.759  900.746  290.254   89.794   -0.326   12.185 0.00000e+00
  126    18.11667   -97.52230 36.59342     586.331     914.897  903.653  290.531   88.255   -0.491   12.151 0.00000e+00
  127    18.13333   -97.52050 36.59566     553.734     882.500  907.093  290.866   86.367   -0.546   12.101 0.00000e+00
  128    18.15000   -97.51875 36.59774     519.769     847.576  910.921  291.224   84.551   -0.504   12.067 0.00000e+00
  129    18.16667   -97.51704 36.59959     490.481     815.981  914.301  291.542   82.850   -0.530   12.020 0.00000e+00
  130    18.18333   -97.51527 36.60138     450.154     773.298  918.840  291.972   81.244   -0.892   12.052 0.00000e+00
  131    18.20000   -97.51370 36.60353     396.965     717.906  924.738  292.528   79.317   -0.750   12.106 0.00000e+00
  132    18.21667   -97.51254 36.60613     355.131     674.068  929.449  292.940   77.725   -0.399   12.112 0.00000e+00
  133    18.23333   -97.51172 36.60889     333.351     650.728  931.953  293.168   76.820   -0.323   12.110 0.00000e+00
  134    18.25000   -97.51116 36.61160     310.942     627.248  934.470  293.398   75.825   -0.543   12.094 0.00000e+00
  135    18.26667   -97.51080 36.61416     275.818     590.967  938.379  293.751   74.483   -0.759   12.093 0.00000e+00
  136    18.28333   -97.51055 36.61655     235.395     548.896  942.921  294.166   72.938   -0.757   12.092 0.00000e+00
  137    18.30000   -97.51042 36.61879     197.282     509.330  947.211  294.552   71.537   -0.641   12.092 0.00000e+00
  138    18.31667   -97.51039 36.62090     164.903     475.626  950.854  294.878   70.386   -0.539   12.093 0.00000e+00
  139    18.33333   -97.51039 36.62289     138.006     447.814  953.879  295.148   69.464   -0.432   12.096 0.00000e+00
  140    18.35000   -97.51038 36.62474     119.140     428.312  956.013  295.340   68.812   -0.285   12.098 0.00000e+00
  141    18.36667   -97.51033 36.62650     107.468     416.047  957.351  295.467   68.330   -0.082   12.090 0.00000e+00
  142    18.38333   -97.51027 36.62807     109.561     417.612  957.201  295.525   68.465    0.209   12.159 0.00000e+00
  143    18.40000   -97.51003 36.62943     129.644     437.304  955.018  295.505   69.149    0.490   12.294 0.00000e+00
  144    18.41667   -97.50951 36.63054     150.818     458.269  952.688  295.422   69.850    0.260   12.386 0.00000e+00
  145    18.43333   -97.50893 36.63162     141.833     449.086  953.714  295.428   69.693   -0.399   12.349 0.00000e+00
  146    18.45000   -97.50882 36.63291     116.409     423.198  956.550  295.579   68.830   -0.235   12.273 0.00000e+00
  147    18.46667   -97.50911 36.63432     124.594     430.809  955.763  295.696   68.565    0.551   12.324 0.00000e+00
  148    18.48333   -97.50952 36.63568     189.660     495.362  948.700  295.207   70.283    1.564   12.351 0.00000e+00
  149    18.50000   -97.50989 36.63692     293.118     598.402  937.497  294.139   73.812    1.798   12.288 0.00000e+00
  150    18.51667   -97.50994 36.63811     403.598     708.558  925.592  293.047   77.528    1.949   12.214 0.00000e+00
  151    18.53333   -97.50969 36.63934     516.417     821.217  913.566  291.960   81.664    1.855   12.175 0.00000e+00
  152    18.55000   -97.50922 36.64064     614.334     919.079  903.247  291.040   84.638    1.207   12.042 0.00000e+00
  153    18.56667   -97.50857 36.64202     679.591     984.263  896.409  290.515   86.538    0.697   11.999 0.00000e+00
  154    18.58333   -97.50764 36.64332     731.579    1036.137  891.023  290.060   87.977   -0.169   11.922 0.00000e+00
  155    18.60000   -97.50623 36.64457     755.056    1059.447  888.548  289.803   88.932   -0.328   11.888 0.00000e+00
  156    18.61667   -97.50452 36.64606     746.877    1051.059  889.444  289.892   87.581   -0.744   11.762 0.00000e+00
  157    18.63333   -97.50283 36.64795     701.934    1006.097  894.087  290.377   85.000   -1.069   11.713 0.00000e+00
  158    18.65000   -97.50146 36.65027     627.559     931.909  901.863  291.130   81.875   -1.492   11.734 0.00000e+00
  159    18.66667   -97.50058 36.65296     542.116     846.652  910.852  291.968   78.142   -1.302   11.691 0.00000e+00
  160    18.68333   -97.50020 36.65583     473.315     777.917  918.163  292.643   75.408   -0.789   11.677 0.00000e+00
  161    18.70000   -97.50006 36.65874     437.541     741.903  922.030  293.002   73.728   -0.121   11.628 0.00000e+00
  162    18.71667   -97.49992 36.66153     428.843     732.982  922.987  293.068   73.760    0.078   11.668 0.00000e+00
  163    18.73333   -97.49968 36.66413     434.162     738.107  922.433  293.023   73.869    0.349   11.660 0.00000e+00
  164    18.75000   -97.49937 36.66648     462.422     766.209  919.409  292.738   75.006    0.765   11.668 0.00000e+00
  165    18.76667   -97.49897 36.66871     513.513     817.180  913.990  292.233   76.966    1.141   11.669 0.00000e+00
  166    18.78333   -97.49846 36.67096     578.456     882.033  907.140  291.584   79.855    1.307   11.709 0.00000e+00
  167    18.80000   -97.49796 36.67324     636.210     940.064  900.995  291.028   82.071    0.845   11.697 0.00000e+00
  168    18.81667   -97.49751 36.67553     670.152     974.425  897.355  290.689   83.500    0.186   11.694 0.00000e+00
  169    18.83333   -97.49710 36.67763     675.564     980.188  896.817  290.654   83.598   -0.336   11.690 0.00000e+00
  170    18.85000   -97.49666 36.67933     661.555     966.447  898.204  290.855   82.042   -0.721   11.601 0.00000e+00
  171    18.86667   -97.49617 36.68078     640.492     945.665  900.415  291.193   80.209   -0.738   11.559 0.00000e+00
  172    18.88333   -97.49525 36.68239     636.448     942.020  900.777  291.272   80.252   -0.251   11.619 0.00000e+00
  173    18.90000   -97.49409 36.68414     655.953     962.077  898.686  291.085   81.240    0.176   11.651 0.00000e+00
  174    18.91667   -97.49288 36.68593     687.742     994.658  895.280  290.754   82.881    0.434   11.683 0.00000e+00
  175    18.93333   -97.49165 36.68772     717.349    1025.216  892.113  290.448   84.351    0.362   11.703 0.00000e+00
  176    18.95000   -97.49043 36.68957     738.123    1047.062  889.830  290.275   84.533    0.243   11.629 0.00000e+00
  177    18.96667   -97.48934 36.69145     758.868    1068.782  887.575  290.169   84.084    0.282   11.519 0.00000e+00
  178    18.98333   -97.48837 36.69348     791.317    1102.106  884.133  289.944   84.525    0.794   11.459 0.00000e+00
