    0    16.01667   -97.51291 36.26104      20.988     382.491  961.192  293.125   83.804   -0.049   12.771 0.00000e+00
    1    16.03333   -97.51321 36.26318      17.979     381.005  961.370  293.189   83.671   -0.045   12.799 0.00000e+00
    2    16.05000   -97.51344 36.26525      15.623     379.727  961.540  293.248   83.560   -0.032   12.827 0.00000e+00
    3    16.06667   -97.51375 36.26721      13.941     379.073  961.635  293.313   83.426   -0.019   12.858 0.00000e+00
    4    16.08333   -97.51422 36.26901      12.960     379.098  961.636  293.356   83.408   -0.015   12.889 0.00000e+00
    5    16.10000   -97.51486 36.27062      11.883     379.108  961.674  293.413   83.395   -0.022   12.933 0.00000e+00
    6    16.11667   -97.51571 36.27203      10.818     378.610  961.788  293.477   83.276   -0.011   12.965 0.00000e+00
    7    16.13333   -97.51659 36.27334      10.790     378.093  961.894  293.520   83.219    0.025   12.989 0.00000e+00
    8    16.15000   -97.51732 36.27467      12.207     378.895  961.815  293.513   83.335    0.011   13.003 0.00000e+00
    9    16.16667   -97.51785 36.27599      12.228     378.298  961.898  293.575   83.184   -0.011   13.028 0.00000e+00
   10    16.18333   -97.51825 36.27726      10.218     375.671  962.162  293.646   82.900   -0.044   13.038 0.00000e+00
   11    16.20000   -97.51863 36.27843       7.928     372.800  962.387  293.706   82.542   -0.031   13.027 0.00000e+00
   12    16.21667   -97.51921 36.27947       7.234     371.516  962.487  293.834   82.013    0.019   13.045 0.00000e+00
   13    16.23333   -97.51987 36.28044       9.148     372.738  962.420  293.840   82.080    0.080   13.062 0.00000e+00
   14    16.25000   -97.52058 36.28147      13.592     376.335  962.078  293.861   82.185    0.103   13.100 0.00000e+00
   15    16.26667   -97.52106 36.28274      22.878     384.754  961.120  293.810   82.311    0.236   13.092 0.00000e+00
   16    16.28333   -97.52114 36.28405      44.371     405.507  958.869  293.567   83.010    0.564   13.036 0.00000e+00
   17    16.30000   -97.52100 36.28565      81.996     442.312  954.786  293.162   84.172    0.832   12.944 0.00000e+00
   18    16.31667   -97.52075 36.28766     132.702     491.957  949.281  292.632   85.721    0.991   12.826 0.00000e+00
   19    16.33333   -97.52054 36.29007     183.642     542.081  943.766  292.118   87.760    1.050   12.788 0.00000e+00
   20    16.35000   -97.52058 36.29282     228.580     586.276  938.890  291.704   89.355    0.877   12.751 0.00000e+00
   21    16.36667   -97.52088 36.29585     252.898     609.702  936.303  291.473   90.236    0.134   12.726 0.00000e+00
   22    16.38333   -97.52100 36.29894     248.138     603.930  936.966  291.589   89.343   -0.085   12.684 0.00000e+00
   23    16.40000   -97.52068 36.30189     244.179     599.025  937.599  291.672   88.770   -0.091   12.660 0.00000e+00
   24    16.41667   -97.52003 36.30466     252.193     606.120  936.878  291.650   89.654    0.068   12.778 0.00000e+00
   25    16.43333   -97.51904 36.30734     258.541     610.877  936.390  291.643   90.248    0.106   12.864 0.00000e+00
   26    16.45000   -97.51765 36.31009     245.222     595.373  938.061  291.851   89.674   -0.324   12.928 0.00000e+00
   27    16.46667   -97.51621 36.31301     214.209     562.345  941.610  292.184   88.113   -0.575   12.923 0.00000e+00
   28    16.48333   -97.51540 36.31614     184.118     529.270  945.198  292.475   86.485   -0.351   12.869 0.00000e+00
   29    16.50000   -97.51521 36.31936     160.350     502.872  948.060  292.698   85.502   -0.263   12.863 0.00000e+00
   30    16.51667   -97.51550 36.32264     146.639     486.626  949.815  292.823   85.016    0.045   12.867 0.00000e+00
   31    16.53333   -97.51617 36.32575     164.015     502.275  948.135  292.643   85.955    0.791   12.886 0.00000e+00
   32    16.55000   -97.51682 36.32853     215.642     552.793  942.627  292.075   88.558    1.142   12.886 0.00000e+00
   33    16.56667   -97.51731 36.33102     282.124     619.958  935.205  291.399   91.664    1.301   12.882 0.00000e+00
   34    16.58333   -97.51766 36.33357     348.639     689.174  927.644  290.722   94.882    1.307   12.878 0.00000e+00
   35    16.60000   -97.51775 36.33644     407.892     751.317  920.961  290.129   97.761    0.826   12.870 0.00000e+00
   36    16.61667   -97.51752 36.33965     448.350     793.379  916.579  289.750   99.508    0.402   12.848 2.14487e-03
   37    16.63333   -97.51678 36.34306     465.505     809.733  914.796  289.661   99.244   -0.022   12.765 4.36040e-03
   38    16.65000   -97.51553 36.34645     463.309     806.721  915.158  289.754   98.231   -0.281   12.706 1.17338e-04
   39    16.66667   -97.51402 36.34983     457.178     797.255  916.179  289.909   96.978   -0.556   12.655 0.00000e+00
   40    16.68333   -97.51237 36.35319     445.706     781.918  917.816  290.107   95.570   -0.379   12.607 0.00000e+00
   41    16.70000   -97.51054 36.35635     438.257     771.354  918.916  290.199   95.064   -0.011   12.600 0.00000e+00
   42    16.71667   -97.50868 36.35938     448.032     779.182  918.074  290.123   95.561    0.284   12.615 0.00000e+00
   43    16.73333   -97.50675 36.36241     467.980     797.367  916.113  289.946   96.448    0.359   12.617 0.00000e+00
   44    16.75000   -97.50460 36.36547     484.381     812.404  914.502  289.797   97.225    0.248   12.620 0.00000e+00
   45    16.76667   -97.50223 36.36848     480.848     807.169  915.111  289.855   96.926   -0.150   12.619 0.00000e+00
   46    16.78333   -97.49989 36.37139     448.780     773.157  918.658  290.182   95.256   -0.734   12.615 0.00000e+00
   47    16.80000   -97.49777 36.37423     394.235     719.902  924.377  290.734   92.363   -1.098   12.591 0.00000e+00
   48    16.81667   -97.49590 36.37705     341.391     668.338  929.957  291.269   89.689   -1.067   12.573 0.00000e+00
   49    16.83333   -97.49419 36.37989     295.493     623.619  934.818  291.713   87.597   -1.045   12.563 0.00000e+00
   50    16.85000   -97.49258 36.38282     253.227     583.892  939.106  292.090   85.949   -0.897   12.565 0.00000e+00
   51    16.86667   -97.49116 36.38582     223.075     555.719  942.268  292.370   84.672   -0.522   12.556 0.00000e+00
   52    16.88333   -97.48987 36.38889     212.094     546.084  943.316  292.468   84.283    0.052   12.561 0.00000e+00
   53    16.90000   -97.48843 36.39206     221.805     557.132  942.080  292.339   85.097    0.193   12.597 0.00000e+00
   54    16.91667   -97.48684 36.39531     221.252     558.425  941.829  292.307   85.415   -0.254   12.622 0.00000e+00
   55    16.93333   -97.48550 36.39858     197.250     535.015  944.561  292.553   84.426   -0.414   12.633 0.00000e+00
   56    16.95000   -97.48479 36.40182     179.551     516.405  946.607  292.774   83.623    0.055   12.660 0.00000e+00
   57    16.96667   -97.48449 36.40482     188.590     524.408  945.745  292.758   84.255    0.457   12.755 0.00000e+00
   58    16.98333   -97.48424 36.40759     204.638     538.546  944.255  292.634   85.013    0.416   12.790 0.00000e+00
   59    17.00000   -97.48402 36.41027     214.896     546.852  943.317  292.548   85.437    0.325   12.798 0.00000e+00
   60    17.01667   -97.48387 36.41302     223.013     552.971  942.668  292.511   85.548    0.303   12.793 0.00000e+00
   61    17.03333   -97.48384 36.41593     232.928     560.873  941.772  292.455   85.702    0.321   12.784 0.00000e+00
   62    17.05000   -97.48392 36.41895     244.392     570.276  940.741  292.373   85.862    0.269   12.755 0.00000e+00
   63    17.06667   -97.48407 36.42201     254.913     578.698  939.838  292.293   86.112    0.220   12.741 0.00000e+00
   64    17.08333   -97.48415 36.42513     268.272     589.898  938.586  292.178   86.578    0.183   12.735 0.00000e+00
   65    17.10000   -97.48388 36.42831     281.352     600.794  937.409  292.063   86.983    0.000   12.718 0.00000e+00
   66    17.11667   -97.48320 36.43153     281.433     600.083  937.419  292.056   86.900   -0.564   12.700 0.00000e+00
   67    17.13333   -97.48234 36.43468     258.751     577.624  939.988  292.285   85.849   -0.622   12.693 0.00000e+00
   68    17.15000   -97.48158 36.43775     225.005     543.458  943.718  292.610   84.325   -0.658   12.675 0.00000e+00
   69    17.16667   -97.48105 36.44064     179.178     496.547  948.843  293.071   82.226   -0.771   12.652 0.00000e+00
   70    17.18333   -97.48090 36.44328     129.632     446.234  954.401  293.589   80.046   -0.693   12.647 0.00000e+00
   71    17.20000   -97.48117 36.44569      89.857     406.039  958.832  294.005   78.333   -0.499   12.642 0.00000e+00
   72    17.21667   -97.48163 36.44778      64.254     379.857  961.757  294.269   77.327   -0.467   12.647 0.00000e+00
   73    17.23333   -97.48212 36.44954      41.334     356.296  964.384  294.479   76.696   -0.593   12.674 0.00000e+00
   74    17.25000   -97.48273 36.45084      18.967     333.619  966.875  294.888   75.415   -0.301   12.748 0.00000e+00
   75    17.26667   -97.48357 36.45164       8.269     323.053  967.947  295.120   74.578   -0.099   12.774 0.00000e+00
   76    17.28333   -97.48450 36.45228       4.823     319.915  968.244  295.398   73.615   -0.045   12.823 0.00000e+00
   77    17.30000   -97.48539 36.45293       3.482     318.856  968.335  295.769   72.637   -0.020   12.943 0.00000e+00
   78    17.31667   -97.48610 36.45357       3.269     318.844  968.333  295.879   72.374   -0.007   12.984 0.00000e+00
   79    17.33333   -97.48639 36.45421       3.520     318.998  968.319  296.047   72.080    0.014   13.065 0.00000e+00
   80    17.35000   -97.48630 36.45488       4.296     319.368  968.298  296.142   71.972    0.012   13.122 0.00000e+00
   81    17.36667   -97.48599 36.45558       5.155     319.623  968.286  296.262   71.786    0.019   13.185 0.00000e+00
   82    17.38333   -97.48573 36.45619       7.020     320.910  968.122  296.386   71.667    0.060   13.266 0.00000e+00
   83    17.40000   -97.48557 36.45670      13.050     326.524  967.601  296.350   71.986    0.168   13.303 0.00000e+00
   84    17.41667   -97.48550 36.45738      24.618     337.667  966.362  296.194   72.419    0.242   13.272 0.00000e+00
   85    17.43333   -97.48553 36.45840      40.629     353.076  964.671  295.891   73.274    0.250   13.205 0.00000e+00
   86    17.45000   -97.48553 36.45966      62.474     374.188  962.304  295.568   74.142    0.437   13.132 0.00000e+00
   87    17.46667   -97.48549 36.46109     105.467     416.306  957.679  295.045   75.654    1.089   13.038 0.00000e+00
   88    17.48333   -97.48557 36.46275     197.372     507.290  947.613  294.074   79.028    2.029   12.962 0.00000e+00
   89    17.50000   -97.48579 36.46453     318.991     628.670  934.366  292.812   83.590    1.921   12.853 0.00000e+00
   90    17.51667   -97.48607 36.46620     429.701     739.544  922.407  291.722   87.416    1.864   12.714 0.00000e+00
   91    17.53333   -97.48637 36.46776     537.337     847.374  910.873  290.699   91.336    2.260   12.609 0.00000e+00
   92    17.55000   -97.48648 36.46933     668.440     978.544  897.036  289.439   97.233    2.733   12.576 0.00000e+00
   93    17.56667   -97.48605 36.47131     797.521    1107.317  883.608  288.546  100.000    2.446   12.415 1.44687e-01
   94    17.58333   -97.48503 36.47370     896.114    1204.753  873.548  288.043  100.000    1.769   12.158 3.01510e-01
   95    17.60000   -97.48358 36.47643     955.725    1262.810  867.584  287.620  100.000    0.843   11.910 2.97475e-01
   96    17.61667   -97.48195 36.47940     978.608    1284.114  865.374  287.536  100.000    0.348   11.877 3.47726e-01
   97    17.63333   -97.48023 36.48257     959.956    1264.390  867.384  287.494  100.000   -0.430   11.799 1.83129e-01
   98    17.65000   -97.47838 36.48602     906.097    1209.414  873.019  287.814   99.042   -1.014   11.853 1.04437e-01
   99    17.66667   -97.47627 36.48966     843.944    1146.599  879.439  288.226   96.670   -1.359   11.795 0.00000e+00
  100    17.68333   -97.47399 36.49331     794.364    1097.513  884.506  288.691   93.783   -1.045   11.724 0.00000e+00
  101    17.70000   -97.47167 36.49701     768.834    1072.445  887.180  288.971   91.729   -0.650   11.641 0.00000e+00
  102    17.71667   -97.46933 36.50070     761.841    1063.764  888.135  289.104   90.461   -0.461   11.566 0.00000e+00
  103    17.73333   -97.46703 36.50423     761.473    1061.979  888.259  289.193   89.254   -0.257   11.476 0.00000e+00
  104    17.75000   -97.46478 36.50754     762.337    1062.321  888.194  289.173   89.540   -0.104   11.499 0.00000e+00
  105    17.76667   -97.46255 36.51066     757.884    1058.608  888.529  289.203   89.504   -0.117   11.512 0.00000e+00
  106    17.78333   -97.46024 36.51367     741.876    1044.412  889.987  289.283   89.812   -0.288   11.592 0.00000e+00
  107    17.80000   -97.45777 36.51660     706.008    1011.405  893.419  289.557   88.920   -0.657   11.636 0.00000e+00
  108    17.81667   -97.45520 36.51941     649.429     957.441  899.096  290.035   87.248   -0.924   11.697 0.00000e+00
  109    17.83333   -97.45270 36.52220     588.232     898.330  905.410  290.591   85.046   -0.955   11.731 0.00000e+00
  110    17.85000   -97.45035 36.52505     534.820     845.581  911.013  291.086   83.045   -0.842   11.748 0.00000e+00
  111    17.86667   -97.44814 36.52792     488.982     800.210  915.842  291.515   81.307   -0.677   11.757 0.00000e+00
  112    17.88333   -97.44615 36.53074     452.547     764.004  919.711  291.840   80.378   -0.474   11.813 0.00000e+00
  113    17.90000   -97.44434 36.53344     433.091     745.142  921.743  292.034   79.449   -0.279   11.794 0.00000e+00
  114    17.91667   -97.44277 36.53600     426.611     739.676  922.312  292.063   79.566   -0.332   11.825 0.00000e+00
  115    17.93333   -97.44143 36.53837     429.370     742.994  922.019  292.060   80.338   -0.274   11.942 0.00000e+00
  116    17.95000   -97.44038 36.54073     438.958     751.701  921.129  291.974   81.204   -0.322   12.017 0.00000e+00
  117    17.96667   -97.43954 36.54297     442.844     754.398  920.811  291.986   81.258   -0.501   12.038 0.00000e+00
  118    17.98333   -97.43881 36.54526     441.664     751.812  921.115  292.072   80.602   -0.600   12.002 0.00000e+00
  119    18.00000   -97.43814 36.54765     443.888     753.457  920.865  292.136   80.548   -0.146   12.046 0.00000e+00
  120    18.01667   -97.43764 36.55013     458.522     768.973  919.172  292.060   80.870   -0.089   12.059 0.00000e+00
  121    18.03333   -97.43714 36.55269     455.792     767.130  919.335  292.114   80.519   -0.209   12.045 0.00000e+00
  122    18.05000   -97.43645 36.55524     434.967     747.264  921.434  292.306   79.338   -0.348   11.985 0.00000e+00
  123    18.06667   -97.43563 36.55769     413.879     727.490  923.525  292.491   78.366   -0.213   11.949 0.00000e+00
  124    18.08333   -97.43486 36.56001     398.086     713.164  925.042  292.626   77.646   -0.113   11.921 0.00000e+00
  125    18.10000   -97.43425 36.56223     386.158     702.591  926.169  292.716   77.486   -0.081   11.949 0.00000e+00
  126    18.11667   -97.43382 36.56440     373.719     691.506  927.353  292.814   77.281   -0.138   11.975 0.00000e+00
  127    18.13333   -97.43354 36.56656     356.481     675.595  929.073  292.958   76.867   -0.232   11.997 0.00000e+00
  128    18.15000   -97.43334 36.56870     333.481     653.831  931.484  293.171   76.094   -0.404   12.004 0.00000e+00
  129    18.16667   -97.43314 36.57085     302.832     624.372  934.652  293.453   75.101   -0.548   12.017 0.00000e+00
  130    18.18333   -97.43291 36.57304     265.148     587.572  938.687  293.819   73.787   -0.703   12.026 0.00000e+00
  131    18.20000   -97.43263 36.57528     223.121     546.220  943.194  294.235   72.057   -0.728   11.994 0.00000e+00
  132    18.21667   -97.43230 36.57755     183.441     507.211  947.461  294.623   70.607   -0.624   11.984 0.00000e+00
  133    18.23333   -97.43196 36.57990     149.834     474.094  951.133  294.957   69.253   -0.476   11.953 0.00000e+00
  134    18.25000   -97.43163 36.58234     125.204     448.170  953.966  295.211   68.280   -0.342   11.935 0.00000e+00
  135    18.26667   -97.43127 36.58484     104.796     426.201  956.359  295.425   67.511   -0.313   11.927 0.00000e+00
  136    18.28333   -97.43088 36.58739      83.657     403.554  958.836  295.651   66.805   -0.349   11.936 0.00000e+00
  137    18.30000   -97.43047 36.58996      61.357     379.541  961.486  295.909   66.003   -0.392   11.948 0.00000e+00
  138    18.31667   -97.43009 36.59250      43.275     359.542  963.711  296.315   65.076   -0.232   12.049 0.00000e+00
  139    18.33333   -97.42970 36.59494      36.677     351.039  964.695  296.634   64.351   -0.056   12.137 0.00000e+00
  140    18.35000   -97.42915 36.59730      43.074     356.037  963.994  296.723   64.224    0.213   12.188 0.00000e+00
  141    18.36667   -97.42826 36.59968      57.347     370.347  962.393  296.663   64.554    0.577   12.226 0.00000e+00
  142    18.38333   -97.42724 36.60217      68.695     382.207  961.008  296.418   65.198    0.202   12.182 0.00000e+00
  143    18.40000   -97.42606 36.60478      73.662     387.799  960.441  296.161   65.749   -0.003   12.101 0.00000e+00
  144    18.41667   -97.42474 36.60751      89.605     403.962  958.666  296.318   65.902    0.692   12.269 0.00000e+00
  145    18.43333   -97.42343 36.61003     138.342     452.869  953.306  295.828   67.430    1.032   12.251 0.00000e+00
  146    18.45000   -97.42239 36.61238     201.845     516.415  946.354  295.155   69.621    1.366   12.226 0.00000e+00
  147    18.46667   -97.42152 36.61477     276.251     591.270  938.195  294.306   72.037    1.424   12.109 0.00000e+00
  148    18.48333   -97.42071 36.61719     360.409     676.222  929.033  293.457   74.737    1.653   12.034 0.00000e+00
  149    18.50000   -97.41987 36.61964     448.921     765.561  919.459  292.565   77.701    1.672   11.956 0.00000e+00
  150    18.51667   -97.41898 36.62204     534.977     852.692  910.144  291.681   81.118    1.457   11.928 0.00000e+00
  151    18.53333   -97.41811 36.62436     611.454     931.160  901.862  290.906   84.443    1.168   11.931 0.00000e+00
  152    18.55000   -97.41725 36.62650     674.640     996.239  895.053  290.266   87.260    0.930   11.927 0.00000e+00
  153    18.56667   -97.41644 36.62844     726.188    1049.547  889.483  289.745   89.629    1.012   11.923 0.00000e+00
  154    18.58333   -97.41554 36.63036     776.135    1100.771  884.340  289.270   92.198    1.123   11.967 0.00000e+00
  155    18.60000   -97.41444 36.63248     826.718    1150.588  879.213  288.834   94.484    1.146   11.993 0.00000e+00
  156    18.61667   -97.41315 36.63480     872.966    1195.388  874.655  288.463   96.635    0.983   12.039 0.00000e+00
  157    18.63333   -97.41160 36.63726     907.344    1227.550  871.307  288.240   96.807    0.775   11.934 0.00000e+00
  158    18.65000   -97.40991 36.63987     924.117    1242.080  869.799  288.170   95.395    0.304   11.726 0.00000e+00
  159    18.66667   -97.40815 36.64254     922.747    1239.002  870.107  288.246   94.112   -0.084   11.622 0.00000e+00
  160    18.68333   -97.40637 36.64522     905.368    1220.188  872.050  288.516   91.150   -0.410   11.429 0.00000e+00
  161    18.70000   -97.40459 36.64788     875.242    1188.493  875.380  288.872   88.848   -0.585   11.356 0.00000e+00
  162    18.71667   -97.40288 36.65051     839.993    1150.746  879.292  289.292   86.095   -0.567   11.255 0.00000e+00
  163    18.73333   -97.40121 36.65314     808.146    1116.010  882.827  289.646   84.096   -0.460   11.201 0.00000e+00
  164    18.75000   -97.39958 36.65578     781.446    1087.005  885.820  289.929   82.732   -0.279   11.183 0.00000e+00
  165    18.76667   -97.39796 36.65844     760.073    1064.032  888.223  290.128   82.123   -0.222   11.212 0.00000e+00
  166    18.78333   -97.39639 36.66113     733.573    1035.916  891.144  290.399   80.815   -0.507   11.189 0.00000e+00
  167    18.80000   -97.39503 36.66386     689.401     990.356  895.844  290.844   78.769   -1.038   11.160 0.00000e+00
  168    18.81667   -97.39400 36.66655     611.722     912.370  903.980  291.585   76.338   -1.409   11.234 0.00000e+00
  169    18.83333   -97.39355 36.66916     530.326     830.720  912.594  292.359   73.963   -1.154   11.320 0.00000e+00
  170    18.85000   -97.39337 36.67152     477.339     777.499  918.258  292.870   72.506   -0.671   11.387 0.00000e+00
  171    18.86667   -97.39320 36.67372     459.529     759.414  920.175  293.029   72.376   -0.136   11.457 0.00000e+00
  172    18.88333   -97.39297 36.67584     459.328     758.931  920.271  293.051   72.104   -0.051   11.428 0.00000e+00
  173    18.90000   -97.39265 36.67796     459.533     758.838  920.314  293.075   72.019   -0.035   11.432 0.00000e+00
  174    18.91667   -97.39225 36.68010     460.268     759.370  920.188  293.072   72.137   -0.058   11.450 0.00000e+00
  175    18.93333   -97.39188 36.68225     455.123     754.654  920.732  293.125   72.017   -0.236   11.462 0.00000e+00
  176    18.95000   -97.39164 36.68439     437.722     737.768  922.518  293.283   71.815   -0.401   11.520 0.00000e+00
  177    18.96667   -97.39156 36.68660     404.513     705.083  925.998  293.606   71.079   -0.734   11.591 0.00000e+00
  178    18.98333   -97.39151 36.68890     350.801     652.127  931.691  294.126   69.383   -1.080   11.614 0.00000e+00
