    0    16.01667   -97.42252 36.26842      26.173     377.324  962.082  293.053   85.249   -0.016   12.921 0.00000e+00
    1    16.03333   -97.42259 36.27029      23.277     374.394  962.468  293.149   84.976   -0.015   12.952 0.00000e+00
    2    16.05000   -97.42280 36.27214      20.757     371.800  962.724  293.225   84.782   -0.016   12.980 0.00000e+00
    3    16.06667   -97.42301 36.27396      17.591     368.310  963.136  293.303   84.543   -0.043   13.002 0.00000e+00
    4    16.08333   -97.42334 36.27570      14.217     364.540  963.533  293.363   84.275   -0.074   13.003 0.00000e+00
    5    16.10000   -97.42383 36.27729      11.571     361.391  963.849  293.485   83.838   -0.050   13.031 0.00000e+00
    6    16.11667   -97.42442 36.27878      10.489     359.648  964.015  293.513   83.648   -0.005   13.021 0.00000e+00
    7    16.13333   -97.42500 36.28017      10.296     358.804  964.085  293.524   83.559    0.004   13.016 0.00000e+00
    8    16.15000   -97.42554 36.28139       9.451     357.588  964.163  293.565   83.399   -0.007   13.022 0.00000e+00
    9    16.16667   -97.42607 36.28244       9.437     357.289  964.186  293.583   83.260   -0.011   13.015 0.00000e+00
   10    16.18333   -97.42651 36.28336      10.495     358.050  964.109  293.613   83.201    0.051   13.032 0.00000e+00
   11    16.20000   -97.42681 36.28433      15.073     362.340  963.665  293.614   83.219    0.141   13.041 0.00000e+00
   12    16.21667   -97.42716 36.28568      23.645     370.555  962.738  293.563   83.391    0.192   13.039 0.00000e+00
   13    16.23333   -97.42757 36.28749      32.815     379.236  961.771  293.477   83.628    0.165   13.020 0.00000e+00
   14    16.25000   -97.42799 36.28969      44.054     389.038  960.712  293.399   83.678    0.253   12.979 0.00000e+00
   15    16.26667   -97.42842 36.29221      60.645     403.390  959.106  293.262   84.035    0.401   12.944 0.00000e+00
   16    16.28333   -97.42884 36.29492      87.802     428.235  956.330  293.015   84.962    0.658   12.924 0.00000e+00
   17    16.30000   -97.42908 36.29768     134.129     471.485  951.720  292.618   86.609    0.944   12.914 0.00000e+00
   18    16.31667   -97.42882 36.30027     190.437     523.639  946.020  292.129   88.738    1.018   12.909 0.00000e+00
   19    16.33333   -97.42792 36.30276     243.766     572.834  940.706  291.677   90.525    0.849   12.872 0.00000e+00
   20    16.35000   -97.42654 36.30548     282.470     607.342  936.745  291.338   92.007    0.324   12.859 0.00000e+00
   21    16.36667   -97.42482 36.30841     278.008     602.852  937.251  291.399   91.627   -0.441   12.848 0.00000e+00
   22    16.38333   -97.42322 36.31150     240.315     564.728  941.454  291.786   89.807   -0.841   12.848 0.00000e+00
   23    16.40000   -97.42207 36.31470     191.097     515.983  946.717  292.250   87.565   -0.883   12.826 0.00000e+00
   24    16.41667   -97.42136 36.31800     146.030     473.475  951.395  292.663   85.734   -0.728   12.824 0.00000e+00
   25    16.43333   -97.42099 36.32135     113.498     443.729  954.734  292.949   84.400   -0.510   12.808 0.00000e+00
   26    16.45000   -97.42091 36.32470      90.107     419.164  957.505  293.198   83.295   -0.295   12.801 0.00000e+00
   27    16.46667   -97.42104 36.32800      74.477     401.870  959.380  293.396   82.490   -0.173   12.810 0.00000e+00
   28    16.48333   -97.42136 36.33125      62.907     388.108  960.980  293.607   81.727   -0.102   12.838 0.00000e+00
   29    16.50000   -97.42185 36.33442      56.130     378.180  962.087  293.770   81.190   -0.049   12.869 0.00000e+00
   30    16.51667   -97.42250 36.33740      56.676     375.673  962.284  293.854   80.973    0.042   12.899 0.00000e+00
   31    16.53333   -97.42323 36.34017      64.905     381.547  961.653  293.868   81.057    0.125   12.932 0.00000e+00
   32    16.55000   -97.42392 36.34269      74.083     388.993  960.849  293.807   81.353    0.086   12.941 0.00000e+00
   33    16.56667   -97.42456 36.34503      76.183     389.665  960.795  293.775   81.448   -0.067   12.931 0.00000e+00
   34    16.58333   -97.42499 36.34712      69.613     382.142  961.560  293.835   81.162   -0.121   12.923 0.00000e+00
   35    16.60000   -97.42522 36.34897      62.466     374.781  962.373  293.934   80.798   -0.056   12.934 0.00000e+00
   36    16.61667   -97.42532 36.35072      62.613     374.679  962.348  293.985   80.673    0.020   12.955 0.00000e+00
   37    16.63333   -97.42525 36.35244      70.478     382.245  961.501  293.966   80.834    0.196   12.978 0.00000e+00
   38    16.65000   -97.42523 36.35423      91.273     402.725  959.179  293.790   81.576    0.560   12.986 0.00000e+00
   39    16.66667   -97.42543 36.35619     134.604     447.384  954.160  293.340   83.399    0.905   12.977 0.00000e+00
   40    16.68333   -97.42580 36.35826     189.178     504.619  947.850  292.784   85.764    0.924   12.976 0.00000e+00
   41    16.70000   -97.42610 36.36024     234.260     552.203  942.620  292.281   87.730    0.802   12.932 0.00000e+00
   42    16.71667   -97.42625 36.36214     277.475     597.785  937.624  291.803   89.734    0.792   12.903 0.00000e+00
   43    16.73333   -97.42647 36.36398     319.428     641.782  932.860  291.363   91.656    0.755   12.884 0.00000e+00
   44    16.75000   -97.42676 36.36583     356.060     680.110  928.737  290.990   93.392    0.674   12.878 0.00000e+00
   45    16.76667   -97.42709 36.36777     381.670     707.559  925.784  290.730   94.707    0.408   12.887 0.00000e+00
   46    16.78333   -97.42740 36.36987     405.605     733.555  922.974  290.503   95.936    0.080   12.906 0.00000e+00
   47    16.80000   -97.42772 36.37222     429.234     759.349  920.242  290.288   96.781    0.226   12.882 0.00000e+00
   48    16.81667   -97.42787 36.37475     451.781     783.497  917.673  290.099   97.175    0.169   12.814 0.00000e+00
   49    16.83333   -97.42755 36.37744     476.628     809.790  914.848  289.886   97.708    0.175   12.750 0.00000e+00
   50    16.85000   -97.42701 36.38014     498.900     833.342  912.361  289.692   98.297    0.107   12.703 0.00000e+00
   51    16.86667   -97.42646 36.38279     516.983     852.265  910.313  289.544   98.498    0.124   12.637 2.46512e-03
   52    16.88333   -97.42589 36.38543     541.073     877.252  907.638  289.336   99.082    0.223   12.580 0.00000e+00
   53    16.90000   -97.42523 36.38800     574.617     911.747  904.045  289.064   99.661    0.363   12.484 1.29249e-03
   54    16.91667   -97.42431 36.39047     621.208     957.448  899.232  288.811  100.000    0.796   12.406 6.44892e-02
   55    16.93333   -97.42297 36.39286     665.565     999.772  894.842  288.640  100.000    1.062   12.332 1.59034e-01
   56    16.95000   -97.42131 36.39519     694.279    1025.458  892.205  288.528  100.000    0.735   12.280 2.06858e-01
   57    16.96667   -97.41950 36.39746     709.835    1037.170  890.975  288.465  100.000    0.578   12.248 2.09756e-01
   58    16.98333   -97.41751 36.39967     715.624    1039.529  890.739  288.435  100.000    0.070   12.228 1.58111e-01
   59    17.00000   -97.41538 36.40178     702.779    1023.556  892.388  288.525  100.000   -0.668   12.277 8.15761e-02
   60    17.01667   -97.41322 36.40403     656.947     974.735  897.538  288.987   98.179   -1.340   12.327 3.46783e-02
   61    17.03333   -97.41125 36.40655     598.370     913.756  903.871  289.520   95.862   -1.744   12.368 6.46742e-06
   62    17.05000   -97.40948 36.40919     543.657     857.436  909.845  290.101   92.725   -1.488   12.335 0.00000e+00
   63    17.06667   -97.40786 36.41184     496.630     808.946  915.027  290.606   89.817   -0.878   12.269 0.00000e+00
   64    17.08333   -97.40642 36.41454     456.786     767.778  919.455  290.990   88.079   -0.514   12.270 0.00000e+00
   65    17.10000   -97.40530 36.41727     424.188     734.055  923.075  291.280   86.997   -0.426   12.295 0.00000e+00
   66    17.11667   -97.40436 36.42005     401.314     710.060  925.633  291.480   86.217   -0.442   12.306 0.00000e+00
   67    17.13333   -97.40355 36.42289     382.183     690.027  927.798  291.668   85.275   -0.424   12.288 0.00000e+00
   68    17.15000   -97.40280 36.42567     371.860     679.157  928.961  291.744   84.978   -0.335   12.289 0.00000e+00
   69    17.16667   -97.40205 36.42842     368.980     675.657  929.308  291.782   84.846   -0.169   12.295 0.00000e+00
   70    17.18333   -97.40126 36.43113     375.831     682.175  928.636  291.729   84.997    0.014   12.284 0.00000e+00
   71    17.20000   -97.40038 36.43380     391.680     697.904  926.962  291.571   85.845    0.273   12.306 0.00000e+00
   72    17.21667   -97.39943 36.43642     415.401     721.058  924.481  291.338   87.088    0.572   12.334 0.00000e+00
   73    17.23333   -97.39838 36.43898     445.241     750.445  921.267  291.044   88.535    0.714   12.351 0.00000e+00
   74    17.25000   -97.39716 36.44153     476.971     783.339  917.720  290.731   89.915    0.641   12.344 0.00000e+00
   75    17.26667   -97.39580 36.44413     504.145     811.752  914.728  290.473   91.015    0.459   12.332 0.00000e+00
   76    17.28333   -97.39429 36.44685     524.559     833.438  912.417  290.264   92.057    0.353   12.340 0.00000e+00
   77    17.30000   -97.39270 36.44973     537.881     847.736  910.823  290.112   93.036    0.242   12.372 0.00000e+00
   78    17.31667   -97.39120 36.45289     542.051     853.595  910.169  290.057   93.744    0.137   12.431 0.00000e+00
   79    17.33333   -97.38999 36.45634     540.507     852.277  910.503  290.086   94.085    0.192   12.495 0.00000e+00
   80    17.35000   -97.38897 36.45994     543.515     851.601  910.576  290.107   94.551    0.441   12.572 0.00000e+00
   81    17.36667   -97.38765 36.46341     580.609     884.866  907.044  289.811   96.237    0.395   12.606 0.00000e+00
   82    17.38333   -97.38569 36.46690     613.554     914.179  903.910  289.630   96.340   -0.411   12.518 0.00000e+00
   83    17.40000   -97.38338 36.47010     610.999     908.320  904.562  289.895   92.821   -0.669   12.258 0.00000e+00
   84    17.41667   -97.38130 36.47292     590.757     885.161  906.948  290.173   90.808   -0.516   12.175 0.00000e+00
   85    17.43333   -97.37943 36.47551     573.905     866.181  909.014  290.367   89.618   -0.318   12.138 0.00000e+00
   86    17.45000   -97.37766 36.47789     555.607     846.124  911.126  290.590   88.257   -0.354   12.096 0.00000e+00
   87    17.46667   -97.37602 36.48000     522.572     811.860  914.702  290.900   87.034   -0.642   12.118 0.00000e+00
   88    17.48333   -97.37428 36.48212     491.312     781.418  917.895  291.205   85.667   -0.748   12.119 0.00000e+00
   89    17.50000   -97.37230 36.48451     462.245     753.759  920.827  291.484   84.439   -0.685   12.119 0.00000e+00
   90    17.51667   -97.37019 36.48720     428.039     721.280  924.355  291.767   83.465   -0.755   12.148 0.00000e+00
   91    17.53333   -97.36815 36.49023     388.687     682.926  928.546  292.120   82.274   -0.609   12.189 0.00000e+00
   92    17.55000   -97.36641 36.49358     357.543     652.160  931.816  292.405   81.217   -0.454   12.207 0.00000e+00
   93    17.56667   -97.36502 36.49720     341.593     636.802  933.431  292.547   80.479   -0.215   12.183 0.00000e+00
   94    17.58333   -97.36391 36.50092     346.273     643.618  932.637  292.483   80.776    0.203   12.190 0.00000e+00
   95    17.60000   -97.36302 36.50459     366.577     666.282  930.235  292.258   81.985    0.365   12.230 0.00000e+00
   96    17.61667   -97.36229 36.50809     388.632     690.469  927.607  292.010   83.261    0.263   12.262 0.00000e+00
   97    17.63333   -97.36170 36.51147     404.628     708.445  925.787  291.832   84.235    0.159   12.292 0.00000e+00
   98    17.65000   -97.36124 36.51478     414.164     718.609  924.859  291.742   84.782    0.127   12.314 0.00000e+00
   99    17.66667   -97.36078 36.51805     417.329     720.805  924.552  291.715   85.072    0.012   12.339 0.00000e+00
  100    17.68333   -97.36032 36.52135     404.306     706.923  925.970  291.839   84.605   -0.313   12.348 0.00000e+00
  101    17.70000   -97.35999 36.52467     373.119     675.532  929.397  292.147   83.378   -0.715   12.362 0.00000e+00
  102    17.71667   -97.35977 36.52794     345.096     647.483  932.380  292.427   82.482   -0.675   12.407 0.00000e+00
  103    17.73333   -97.35966 36.53118     348.201     650.667  932.002  292.442   82.845    0.119   12.478 0.00000e+00
  104    17.75000   -97.35944 36.53431     373.569     676.224  929.230  292.264   84.053    0.322   12.556 0.00000e+00
  105    17.76667   -97.35914 36.53737     398.031     700.920  926.579  292.047   85.132    0.105   12.581 0.00000e+00
  106    17.78333   -97.35872 36.54033     403.534     707.404  925.861  291.990   85.525   -0.187   12.604 0.00000e+00
  107    17.80000   -97.35809 36.54329     401.003     706.134  925.956  292.007   85.540   -0.339   12.618 0.00000e+00
  108    17.81667   -97.35741 36.54615     386.990     693.292  927.380  292.122   85.086   -0.430   12.623 0.00000e+00
  109    17.83333   -97.35690 36.54880     377.013     684.856  928.292  292.173   84.989   -0.357   12.637 0.00000e+00
  110    17.85000   -97.35635 36.55127     379.362     688.729  927.845  292.132   85.330    0.031   12.661 0.00000e+00
  111    17.86667   -97.35584 36.55361     401.108     711.876  925.355  292.020   86.156    0.428   12.728 0.00000e+00
  112    17.88333   -97.35547 36.55585     433.084     745.416  921.752  291.689   87.683    0.387   12.735 0.00000e+00
  113    17.90000   -97.35551 36.55794     483.732     797.993  916.077  291.151   90.001    0.976   12.713 0.00000e+00
  114    17.91667   -97.35583 36.55999     573.016     889.264  906.408  290.244   94.211    1.980   12.697 0.00000e+00
  115    17.93333   -97.35597 36.56223     698.802    1017.204  892.954  289.036  100.000    2.561   12.662 1.90443e-02
  116    17.95000   -97.35555 36.56476     820.615    1140.716  880.126  288.470  100.000    2.393   12.403 2.70723e-01
  117    17.96667   -97.35432 36.56749     931.171    1251.843  868.745  287.873  100.000    2.354   12.091 4.18876e-01
  118    17.98333   -97.35232 36.57036    1029.198    1349.320  858.757  287.278  100.000    1.823   11.769 4.59973e-01
  119    18.00000   -97.34978 36.57356    1110.191    1430.612  850.497  286.807  100.000    1.365   11.524 4.76228e-01
  120    18.01667   -97.34698 36.57697    1163.255    1484.459  845.087  286.379  100.000    0.988   11.277 3.97824e-01
  121    18.03333   -97.34418 36.58049    1188.617    1509.827  842.717  285.964  100.000    0.484   11.005 2.08738e-01
  122    18.05000   -97.34141 36.58406    1203.772    1521.387  841.590  285.706   99.597    0.193   10.771 8.16730e-02
  123    18.06667   -97.33858 36.58761    1221.613    1535.716  840.180  285.685   98.168    0.163   10.620 9.38917e-02
  124    18.08333   -97.33549 36.59111    1246.629    1555.510  838.148  285.536   97.603   -0.211   10.481 5.85859e-02
  125    18.10000   -97.33215 36.59451    1263.395    1568.583  836.811  285.354   98.359   -0.558   10.453 7.07179e-03
  126    18.11667   -97.32874 36.59774    1267.921    1570.299  836.588  285.439   98.117   -0.786   10.488 0.00000e+00
  127    18.13333   -97.32536 36.60084    1265.592    1566.969  836.911  285.429   97.744   -0.815   10.437 0.00000e+00
  128    18.15000   -97.32207 36.60380    1258.814    1558.892  837.765  285.523   98.822   -0.401   10.607 7.62758e-02
  129    18.16667   -97.31876 36.60674    1249.685    1548.776  838.660  285.592   99.794   -0.347   10.750 5.69217e-02
  130    18.18333   -97.31541 36.60970    1213.087    1512.934  842.278  285.794   98.291   -1.156   10.683 0.00000e+00
  131    18.20000   -97.31228 36.61314    1154.060    1453.828  848.250  286.315   95.672   -1.222   10.686 0.00000e+00
  132    18.21667   -97.30949 36.61703    1109.045    1406.282  853.090  286.761   92.654   -0.483   10.595 0.00000e+00
  133    18.23333   -97.30678 36.62083    1087.608    1382.408  855.506  286.970   92.362   -0.220   10.677 0.00000e+00
  134    18.25000   -97.30397 36.62428    1067.232    1361.621  857.587  287.258   89.736   -0.337   10.544 0.00000e+00
  135    18.26667   -97.30101 36.62758    1039.431    1334.136  860.334  287.515   88.721   -0.339   10.567 0.00000e+00
  136    18.28333   -97.29807 36.63091    1006.682    1301.787  863.626  287.839   87.284   -0.265   10.577 0.00000e+00
  137    18.30000   -97.29527 36.63429     979.672    1275.177  866.360  288.147   85.549   -0.293   10.543 0.00000e+00
  138    18.31667   -97.29266 36.63763     961.114    1256.599  868.331  288.369   84.391   -0.212   10.526 0.00000e+00
  139    18.33333   -97.29037 36.64097     954.757    1249.739  869.020  288.432   83.837   -0.086   10.492 0.00000e+00
  140    18.35000   -97.28838 36.64435     960.825    1255.685  868.417  288.380   84.133   -0.023   10.501 0.00000e+00
  141    18.36667   -97.28666 36.64782     971.836    1267.331  867.165  288.271   84.652   -0.013   10.506 0.00000e+00
  142    18.38333   -97.28512 36.65129     980.782    1278.084  866.041  288.164   85.267   -0.028   10.523 0.00000e+00
  143    18.40000   -97.28363 36.65473     981.850    1281.295  865.704  288.111   85.716   -0.133   10.546 0.00000e+00
  144    18.41667   -97.28220 36.65811     976.899    1277.810  866.093  288.131   85.841   -0.124   10.571 0.00000e+00
  145    18.43333   -97.28084 36.66145     975.199    1277.315  866.076  288.146   85.641    0.006   10.557 0.00000e+00
  146    18.45000   -97.27946 36.66475     983.195    1286.347  865.227  288.054   86.263    0.152   10.581 0.00000e+00
  147    18.46667   -97.27809 36.66802     999.757    1303.838  863.436  287.872   87.272    0.363   10.601 0.00000e+00
  148    18.48333   -97.27668 36.67126    1025.229    1330.133  860.773  287.582   89.044    0.557   10.647 0.00000e+00
  149    18.50000   -97.27522 36.67456    1052.417    1357.990  857.979  287.222   91.585    0.619   10.732 0.00000e+00
  150    18.51667   -97.27371 36.67797    1071.451    1377.568  855.981  286.900   94.363    0.408   10.852 0.00000e+00
  151    18.53333   -97.27196 36.68145    1081.056    1387.798  854.894  286.764   95.493    0.256   10.899 0.00000e+00
  152    18.55000   -97.26996 36.68494    1090.640    1398.341  853.872  286.676   95.867    0.249   10.892 0.00000e+00
  153    18.56667   -97.26772 36.68847    1105.042    1412.907  852.482  286.583   95.730    0.197   10.827 0.00000e+00
  154    18.58333   -97.26526 36.69204    1114.986    1422.006  851.550  286.530   95.622   -0.091   10.789 0.00000e+00
  155    18.60000   -97.26266 36.69560    1107.724    1413.547  852.446  286.682   94.480   -0.440   10.756 0.00000e+00
  156    18.61667   -97.26001 36.69901    1088.806    1392.520  854.568  287.005   92.236   -0.521   10.698 0.00000e+00
  157    18.63333   -97.25744 36.70222    1073.879    1375.540  856.294  287.243   90.468   -0.234   10.636 0.00000e+00
  158    18.65000   -97.25487 36.70531    1075.047    1374.985  856.343  287.185   91.396    0.135   10.704 0.00000e+00
  159    18.66667   -97.25224 36.70837    1094.349    1394.138  854.336  286.917   93.873    0.474   10.829 0.00000e+00
  160    18.68333   -97.24968 36.71153    1125.819    1426.596  851.015  286.535   96.601    0.539   10.911 0.00000e+00
  161    18.70000   -97.24720 36.71478    1148.633    1451.104  848.528  286.271   98.256    0.197   10.939 0.00000e+00
  162    18.71667   -97.24477 36.71803    1146.783    1450.954  848.642  286.244   98.606   -0.299   10.957 0.00000e+00
  163    18.73333   -97.24240 36.72123    1121.898    1426.071  851.219  286.533   96.594   -0.547   10.905 0.00000e+00
  164    18.75000   -97.24008 36.72445    1084.711    1387.132  855.172  286.974   93.612   -0.692   10.828 0.00000e+00
  165    18.76667   -97.23785 36.72775    1043.961    1344.786  859.428  287.454   90.159   -0.704   10.708 0.00000e+00
  166    18.78333   -97.23563 36.73112    1006.473    1306.532  863.308  287.859   87.843   -0.597   10.663 0.00000e+00
  167    18.80000   -97.23338 36.73457     974.454    1274.647  866.535  288.182   86.210   -0.404   10.646 0.00000e+00
  168    18.81667   -97.23125 36.73808     947.565    1247.918  869.270  288.423   85.594   -0.174   10.702 0.00000e+00
  169    18.83333   -97.22932 36.74158     936.447    1236.874  870.409  288.514   85.566    0.280   10.748 0.00000e+00
  170    18.85000   -97.22742 36.74510     948.700    1249.491  869.095  288.351   86.659    0.385   10.787 0.00000e+00
  171    18.86667   -97.22542 36.74863     954.627    1255.629  868.466  288.259   87.563   -0.147   10.843 0.00000e+00
  172    18.88333   -97.22337 36.75202     935.785    1236.785  870.417  288.428   86.880   -0.709   10.852 0.00000e+00
  173    18.90000   -97.22131 36.75513     888.310    1189.369  875.268  288.900   84.795   -1.140   10.858 0.00000e+00
  174    18.91667   -97.21936 36.75792     819.129    1120.907  882.295  289.593   81.592   -1.362   10.837 0.00000e+00
  175    18.93333   -97.21753 36.76052     738.369    1041.269  890.562  290.379   78.188   -1.492   10.819 0.00000e+00
  176    18.95000   -97.21571 36.76305     650.959     955.240  899.564  291.208   74.953   -1.425   10.823 0.00000e+00
  177    18.96667   -97.21397 36.76548     561.725     867.024  908.900  292.020   72.540   -1.336   10.912 0.00000e+00
  178    18.98333   -97.21245 36.76775     483.831     789.943  917.039  292.702   70.874   -1.063   11.029 0.00000e+00
