    0    16.01667   -97.42214 36.24734      90.641     460.095  952.871  292.465   87.658    0.255   12.929 0.00000e+00
    1    16.03333   -97.42188 36.24985     112.798     481.257  950.555  292.271   87.982    0.636   12.852 0.00000e+00
    2    16.05000   -97.42125 36.25292     142.502     509.690  947.458  292.012   89.106    0.694   12.848 0.00000e+00
    3    16.06667   -97.42043 36.25640     176.412     540.063  944.300  291.722   90.310    0.443   12.828 0.00000e+00
    4    16.08333   -97.41952 36.26015     201.999     558.602  942.278  291.538   91.143    0.356   12.824 0.00000e+00
    5    16.10000   -97.41855 36.26404     216.019     566.753  941.218  291.439   91.581    0.108   12.820 0.00000e+00
    6    16.11667   -97.41755 36.26795     212.301     561.542  941.833  291.474   91.404   -0.120   12.815 0.00000e+00
    7    16.13333   -97.41660 36.27182     197.571     544.791  943.736  291.634   90.624   -0.316   12.809 0.00000e+00
    8    16.15000   -97.41568 36.27563     174.299     521.416  946.232  291.854   89.530   -0.346   12.797 0.00000e+00
    9    16.16667   -97.41478 36.27945     152.443     499.779  948.615  292.068   88.468   -0.303   12.785 0.00000e+00
   10    16.18333   -97.41376 36.28330     134.850     480.185  950.907  292.280   87.396   -0.273   12.768 0.00000e+00
   11    16.20000   -97.41265 36.28716     119.396     461.313  953.054  292.490   86.326   -0.284   12.751 0.00000e+00
   12    16.21667   -97.41146 36.29103     103.322     441.061  955.256  292.715   85.194   -0.337   12.733 0.00000e+00
   13    16.23333   -97.41031 36.29499      87.934     421.854  957.362  292.939   83.993   -0.311   12.702 0.00000e+00
   14    16.25000   -97.40919 36.29903      79.427     408.051  958.860  293.096   83.326   -0.020   12.706 0.00000e+00
   15    16.26667   -97.40799 36.30309      83.207     405.619  959.123  293.182   82.981    0.174   12.719 0.00000e+00
   16    16.28333   -97.40675 36.30713      92.031     411.071  958.385  293.186   83.054    0.212   12.743 0.00000e+00
   17    16.30000   -97.40556 36.31115     100.118     418.206  957.600  293.161   83.271    0.191   12.766 0.00000e+00
   18    16.31667   -97.40447 36.31517     108.253     427.077  956.526  293.108   83.537    0.136   12.779 0.00000e+00
   19    16.33333   -97.40349 36.31915     114.582     435.930  955.560  293.090   83.773    0.253   12.814 0.00000e+00
   20    16.35000   -97.40262 36.32306     119.351     441.408  955.077  293.064   83.930    0.199   12.824 0.00000e+00
   21    16.36667   -97.40184 36.32690     113.405     432.998  956.004  293.142   83.512   -0.066   12.810 0.00000e+00
   22    16.38333   -97.40130 36.33065      94.994     412.421  958.315  293.330   82.582   -0.306   12.786 0.00000e+00
   23    16.40000   -97.40109 36.33435      67.565     382.685  961.635  293.615   81.372   -0.395   12.780 0.00000e+00
   24    16.41667   -97.40132 36.33794      43.663     356.747  964.532  293.887   80.422   -0.308   12.807 0.00000e+00
   25    16.43333   -97.40195 36.34141      29.781     341.581  966.134  294.049   79.908   -0.207   12.833 0.00000e+00
   26    16.45000   -97.40278 36.34445      22.873     333.206  967.045  294.199   79.653   -0.047   12.899 0.00000e+00
   27    16.46667   -97.40375 36.34709      26.339     336.015  966.495  294.220   79.837    0.126   12.954 0.00000e+00
   28    16.48333   -97.40471 36.34953      34.602     347.461  965.190  294.147   80.292    0.224   12.986 0.00000e+00
   29    16.50000   -97.40562 36.35185      46.254     361.987  963.534  294.036   80.857    0.337   13.010 0.00000e+00
   30    16.51667   -97.40621 36.35407      71.567     389.966  960.455  293.763   81.961    0.591   13.008 0.00000e+00
   31    16.53333   -97.40641 36.35623     118.359     439.172  955.030  293.268   83.896    0.990   12.984 0.00000e+00
   32    16.55000   -97.40630 36.35841     180.925     504.120  947.915  292.605   86.512    0.846   12.941 0.00000e+00
   33    16.56667   -97.40594 36.36068     239.115     564.884  941.232  291.973   89.028    0.651   12.890 0.00000e+00
   34    16.58333   -97.40540 36.36308     294.842     623.310  934.926  291.388   91.436    0.663   12.844 0.00000e+00
   35    16.60000   -97.40474 36.36551     349.297     678.756  928.948  290.836   93.807    0.603   12.807 0.00000e+00
   36    16.61667   -97.40406 36.36798     389.655     719.761  924.522  290.453   95.505    0.700   12.786 0.00000e+00
   37    16.63333   -97.40336 36.37061     420.270     750.881  921.274  290.176   96.880    0.524   12.788 0.00000e+00
   38    16.65000   -97.40251 36.37330     441.894     771.287  919.168  289.989   97.729    0.349   12.776 0.00000e+00
   39    16.66667   -97.40164 36.37606     453.899     780.449  918.189  289.903   98.086    0.144   12.766 0.00000e+00
   40    16.68333   -97.40071 36.37888     452.345     775.765  918.727  289.962   97.586   -0.099   12.741 0.00000e+00
   41    16.70000   -97.39973 36.38173     435.657     756.578  920.716  290.165   96.222   -0.346   12.700 0.00000e+00
   42    16.71667   -97.39871 36.38462     408.491     727.502  923.842  290.467   94.527   -0.469   12.675 0.00000e+00
   43    16.73333   -97.39771 36.38754     376.719     693.893  927.465  290.803   92.809   -0.557   12.664 0.00000e+00
   44    16.75000   -97.39673 36.39045     344.565     660.179  931.080  291.139   91.138   -0.588   12.655 0.00000e+00
   45    16.76667   -97.39573 36.39335     315.577     629.873  934.352  291.458   89.496   -0.530   12.636 0.00000e+00
   46    16.78333   -97.39474 36.39625     294.677     607.809  936.729  291.710   88.071   -0.370   12.603 0.00000e+00
   47    16.80000   -97.39370 36.39917     278.371     590.332  938.676  291.910   86.999   -0.292   12.581 0.00000e+00
   48    16.81667   -97.39266 36.40210     262.718     573.473  940.507  292.082   86.119   -0.341   12.564 0.00000e+00
   49    16.83333   -97.39172 36.40505     244.105     553.758  942.648  292.263   85.399   -0.343   12.574 0.00000e+00
   50    16.85000   -97.39095 36.40798     225.353     534.616  944.774  292.440   84.747   -0.311   12.589 0.00000e+00
   51    16.86667   -97.39035 36.41090     206.434     515.360  946.878  292.625   83.945   -0.320   12.587 0.00000e+00
   52    16.88333   -97.38995 36.41378     184.992     493.728  949.244  292.835   82.944   -0.442   12.570 0.00000e+00
   53    16.90000   -97.38971 36.41668     156.425     465.731  952.302  293.105   81.776   -0.585   12.563 0.00000e+00
   54    16.91667   -97.38964 36.41962     122.215     432.262  955.995  293.437   80.407   -0.650   12.563 0.00000e+00
   55    16.93333   -97.38977 36.42265      89.654     400.285  959.518  293.752   79.138   -0.503   12.563 0.00000e+00
   56    16.95000   -97.39008 36.42577      69.036     379.543  961.749  293.972   78.405   -0.185   12.589 0.00000e+00
   57    16.96667   -97.39049 36.42898      64.504     374.652  962.282  294.098   78.084    0.075   12.629 0.00000e+00
   58    16.98333   -97.39082 36.43224      73.802     381.948  961.540  294.127   78.132    0.242   12.669 0.00000e+00
   59    17.00000   -97.39105 36.43548      96.859     402.468  959.285  294.036   78.685    0.551   12.717 0.00000e+00
   60    17.01667   -97.39122 36.43857     144.127     447.726  954.220  293.588   80.465    0.987   12.715 0.00000e+00
   61    17.03333   -97.39139 36.44156     212.202     517.141  946.581  292.953   83.240    1.396   12.744 0.00000e+00
   62    17.05000   -97.39157 36.44438     295.059     601.425  937.384  292.213   86.542    1.650   12.774 0.00000e+00
   63    17.06667   -97.39149 36.44706     381.128     688.863  927.855  291.387   90.182    1.599   12.766 0.00000e+00
   64    17.08333   -97.39103 36.44973     461.524     770.875  919.039  290.587   93.767    1.458   12.737 0.00000e+00
   65    17.10000   -97.39002 36.45258     538.232     849.400  910.615  289.822   97.424    1.312   12.720 0.00000e+00
   66    17.11667   -97.38852 36.45554     603.282     915.711  903.749  289.238   99.847    1.334   12.653 1.95814e-02
   67    17.13333   -97.38666 36.45861     662.358     971.484  897.905  288.926  100.000    1.292   12.519 1.01592e-01
   68    17.15000   -97.38447 36.46174     714.375    1020.007  892.725  288.715  100.000    0.978   12.422 1.71336e-01
   69    17.16667   -97.38197 36.46493     750.273    1053.114  889.227  288.606  100.000    0.427   12.385 2.30033e-01
   70    17.18333   -97.37933 36.46831     760.359    1059.488  888.615  288.407  100.000   -0.367   12.227 8.09023e-02
   71    17.20000   -97.37672 36.47174     748.415    1043.207  890.283  288.490   98.494   -0.583   12.075 2.97998e-03
   72    17.21667   -97.37418 36.47508     732.819    1024.847  892.201  288.725   96.238   -0.482   11.953 2.15975e-04
   73    17.23333   -97.37177 36.47831     719.443    1009.350  893.831  288.956   94.309   -0.177   11.867 0.00000e+00
   74    17.25000   -97.36949 36.48147     713.024    1002.851  894.444  289.001   94.140    0.175   11.872 0.00000e+00
   75    17.26667   -97.36723 36.48459     719.861    1011.437  893.538  288.772   96.638    0.336   12.021 0.00000e+00
   76    17.28333   -97.36501 36.48774     726.765    1019.857  892.630  288.631   97.961   -0.045   12.087 0.00000e+00
   77    17.30000   -97.36301 36.49089     718.255    1011.817  893.513  288.711   97.782   -0.546   12.115 0.00000e+00
   78    17.31667   -97.36137 36.49406     696.010     989.771  895.788  288.942   96.777   -0.682   12.140 0.00000e+00
   79    17.33333   -97.36015 36.49727     673.483     967.998  898.047  289.183   95.418   -0.401   12.126 0.00000e+00
   80    17.35000   -97.35909 36.50047     663.175     959.672  898.963  289.318   94.257   -0.015   12.070 0.00000e+00
   81    17.36667   -97.35785 36.50368     665.182     963.236  898.603  289.322   93.890    0.028   12.031 0.00000e+00
   82    17.38333   -97.35641 36.50689     664.644     963.342  898.664  289.353   93.632   -0.118   12.021 0.00000e+00
   83    17.40000   -97.35489 36.51001     663.541     961.915  898.882  289.383   93.380    0.089   12.010 0.00000e+00
   84    17.41667   -97.35323 36.51310     669.246     966.624  898.365  289.310   94.260    0.309   12.073 0.00000e+00
   85    17.43333   -97.35143 36.51628     679.076     976.205  897.273  289.179   95.754    0.537   12.176 0.00000e+00
   86    17.45000   -97.34960 36.51957     700.827     998.100  895.010  289.033   95.460    0.744   12.056 0.00000e+00
   87    17.46667   -97.34780 36.52300     727.228    1024.713  892.162  288.758   96.599    0.724   12.024 0.00000e+00
   88    17.48333   -97.34626 36.52670     752.028    1050.172  889.465  288.469   98.506    0.711   12.071 0.00000e+00
   89    17.50000   -97.34525 36.53041     795.802    1095.199  884.721  288.090  100.000    1.133   12.033 2.42121e-02
   90    17.51667   -97.34428 36.53374     859.918    1161.912  877.852  287.817  100.000    1.145   11.921 1.71486e-01
   91    17.53333   -97.34277 36.53669     908.057    1211.953  872.682  287.600  100.000    0.735   11.823 2.28315e-01
   92    17.55000   -97.34070 36.53974     925.003    1229.762  870.901  287.466  100.000    0.256   11.746 1.83170e-01
   93    17.56667   -97.33855 36.54303     918.698    1224.262  871.454  287.440  100.000   -0.114   11.710 1.13604e-01
   94    17.58333   -97.33649 36.54664     901.565    1208.612  873.049  287.453   99.815   -0.346   11.667 1.07719e-03
   95    17.60000   -97.33445 36.55052     887.179    1196.208  874.288  287.670   97.690   -0.418   11.565 0.00000e+00
   96    17.61667   -97.33234 36.55435     882.549    1194.092  874.520  287.833   95.760   -0.626   11.454 0.00000e+00
   97    17.63333   -97.33016 36.55793     875.962    1189.126  875.062  287.896   94.521   -0.999   11.345 0.00000e+00
   98    17.65000   -97.32797 36.56142     856.696    1171.393  876.773  287.982   94.410   -1.493   11.373 0.00000e+00
   99    17.66667   -97.32568 36.56487     818.179    1135.334  880.591  288.320   93.286   -1.167   11.436 0.00000e+00
  100    17.68333   -97.32327 36.56806     783.113    1102.137  883.976  288.498   92.631   -0.725   11.444 0.00000e+00
  101    17.70000   -97.32104 36.57104     756.436    1077.645  886.596  288.629   93.545   -0.348   11.620 0.00000e+00
  102    17.71667   -97.31892 36.57396     747.597    1067.391  887.841  288.636   95.526   -0.125   11.854 0.00000e+00
  103    17.73333   -97.31682 36.57679     744.549    1060.754  888.524  288.599   96.867   -0.303   11.983 0.00000e+00
  104    17.75000   -97.31487 36.57949     731.401    1044.018  890.239  288.686   96.843   -0.859   12.025 0.00000e+00
  105    17.76667   -97.31297 36.58187     705.686    1017.116  892.971  288.956   95.769   -1.391   12.062 0.00000e+00
  106    17.78333   -97.31075 36.58423     664.607     976.217  897.269  289.433   92.091   -2.034   11.903 0.00000e+00
  107    17.80000   -97.30824 36.58683     595.794     908.803  904.271  290.137   88.461   -2.134   11.868 0.00000e+00
  108    17.81667   -97.30585 36.58952     512.721     826.749  913.085  290.926   85.755   -1.781   11.981 0.00000e+00
  109    17.83333   -97.30383 36.59201     445.308     759.107  920.384  291.558   83.636   -1.354   12.066 0.00000e+00
  110    17.85000   -97.30216 36.59425     390.526     703.002  926.474  292.075   81.811   -0.985   12.113 0.00000e+00
  111    17.86667   -97.30097 36.59646     348.769     658.830  931.304  292.428   81.168   -0.515   12.224 0.00000e+00
  112    17.88333   -97.30023 36.59875     323.103     630.388  934.385  292.610   81.658   -0.193   12.398 0.00000e+00
  113    17.90000   -97.29977 36.60114     308.141     612.558  936.365  292.768   81.320   -0.239   12.443 0.00000e+00
  114    17.91667   -97.29958 36.60335     284.452     586.202  939.201  292.985   80.973   -0.474   12.521 0.00000e+00
  115    17.93333   -97.29955 36.60543     252.997     552.583  942.839  293.314   79.824   -0.629   12.551 0.00000e+00
  116    17.95000   -97.29961 36.60745     213.612     512.073  947.189  293.720   78.257   -0.743   12.562 0.00000e+00
  117    17.96667   -97.29967 36.60946     170.470     467.839  952.076  294.158   76.526   -0.686   12.557 0.00000e+00
  118    17.98333   -97.29961 36.61144     133.710     429.965  956.210  294.522   75.140   -0.457   12.557 0.00000e+00
  119    18.00000   -97.29954 36.61338     112.238     407.494  958.630  294.746   74.381   -0.227   12.571 0.00000e+00
  120    18.01667   -97.29959 36.61530     104.150     399.058  959.539  294.852   74.150   -0.093   12.602 0.00000e+00
  121    18.03333   -97.29976 36.61725     105.171     399.827  959.444  294.893   74.197    0.013   12.644 0.00000e+00
  122    18.05000   -97.30008 36.61923     114.594     408.981  958.422  294.934   74.254    0.172   12.699 0.00000e+00
  123    18.06667   -97.30054 36.62125     127.100     421.194  957.078  294.857   74.545    0.112   12.707 0.00000e+00
  124    18.08333   -97.30107 36.62329     134.860     429.043  956.185  294.845   74.584    0.198   12.716 0.00000e+00
  125    18.10000   -97.30172 36.62539     148.380     442.819  954.680  294.721   74.944    0.108   12.700 0.00000e+00
  126    18.11667   -97.30235 36.62749     167.361     462.057  952.558  294.628   75.355    0.473   12.724 0.00000e+00
  127    18.13333   -97.30287 36.62957     200.296     495.242  948.881  294.267   76.546    0.554   12.690 0.00000e+00
  128    18.15000   -97.30309 36.63152     252.878     548.055  943.129  293.928   78.394    1.261   12.803 0.00000e+00
  129    18.16667   -97.30319 36.63345     333.242     628.651  934.364  293.101   81.535    1.443   12.766 0.00000e+00
  130    18.18333   -97.30317 36.63541     404.237     699.882  926.718  292.299   84.321    1.140   12.659 0.00000e+00
  131    18.20000   -97.30272 36.63744     455.481     751.360  921.177  291.757   86.247    0.801   12.589 0.00000e+00
  132    18.21667   -97.30190 36.63963     480.718     777.092  918.421  291.548   87.254    0.210   12.607 0.00000e+00
  133    18.23333   -97.30090 36.64208     468.787     765.689  919.643  291.694   86.764   -0.590   12.635 0.00000e+00
  134    18.25000   -97.30019 36.64478     427.375     724.648  924.075  292.102   84.855   -0.896   12.619 0.00000e+00
  135    18.26667   -97.29994 36.64742     386.945     684.366  928.431  292.488   83.096   -0.615   12.601 0.00000e+00
  136    18.28333   -97.29994 36.64991     361.482     658.429  931.214  292.743   81.982   -0.247   12.594 0.00000e+00
  137    18.30000   -97.30012 36.65233     348.165     644.695  932.668  292.876   81.496    0.028   12.605 0.00000e+00
  138    18.31667   -97.30047 36.65476     341.991     638.076  933.350  292.945   81.109    0.049   12.590 0.00000e+00
  139    18.33333   -97.30095 36.65710     334.663     630.975  934.094  293.004   80.673   -0.090   12.559 0.00000e+00
  140    18.35000   -97.30148 36.65924     325.674     622.280  935.038  293.090   80.242   -0.105   12.546 0.00000e+00
  141    18.36667   -97.30201 36.66125     315.334     612.166  936.120  293.176   79.718   -0.219   12.517 0.00000e+00
  142    18.38333   -97.30256 36.66320     300.119     597.176  937.765  293.317   79.012   -0.311   12.494 0.00000e+00
  143    18.40000   -97.30317 36.66512     283.691     581.633  939.396  293.482   78.270   -0.340   12.482 0.00000e+00
  144    18.41667   -97.30396 36.66705     267.920     566.732  940.981  293.632   77.616   -0.227   12.473 0.00000e+00
  145    18.43333   -97.30486 36.66897     257.116     556.573  942.063  293.735   77.172   -0.140   12.467 0.00000e+00
  146    18.45000   -97.30594 36.67094     251.524     551.378  942.618  293.797   76.874   -0.034   12.460 0.00000e+00
  147    18.46667   -97.30704 36.67289     244.140     544.806  943.263  293.878   76.488   -0.130   12.451 0.00000e+00
  148    18.48333   -97.30811 36.67478     225.238     527.279  945.241  294.104   75.639   -0.479   12.461 0.00000e+00
  149    18.50000   -97.30917 36.67671     196.724     500.406  948.154  294.534   74.054   -0.229   12.490 0.00000e+00
  150    18.51667   -97.31020 36.67890     190.942     496.820  948.539  294.732   73.191    0.335   12.492 0.00000e+00
  151    18.53333   -97.31121 36.68127     196.436     503.941  947.822  294.671   73.352    0.120   12.482 0.00000e+00
  152    18.55000   -97.31231 36.68361     191.165     499.434  948.248  294.687   73.304   -0.226   12.481 0.00000e+00
  153    18.56667   -97.31348 36.68571     168.759     477.719  950.647  294.896   72.535   -0.425   12.478 0.00000e+00
  154    18.58333   -97.31455 36.68745     136.030     445.690  954.186  295.197   71.397   -0.625   12.466 0.00000e+00
  155    18.60000   -97.31563 36.68887      97.907     407.933  958.346  295.552   70.101   -0.615   12.456 0.00000e+00
  156    18.61667   -97.31674 36.69007      61.400     371.376  962.353  295.913   68.834   -0.536   12.452 0.00000e+00
  157    18.63333   -97.31786 36.69104      32.458     342.283  965.559  296.239   67.817   -0.402   12.474 0.00000e+00
  158    18.65000   -97.31890 36.69168      14.123     323.727  967.568  296.872   66.183   -0.195   12.627 0.00000e+00
  159    18.66667   -97.31982 36.69201       6.384     315.658  968.329  297.141   65.179   -0.064   12.631 0.00000e+00
  160    18.68333   -97.32056 36.69231       5.236     314.159  968.470  297.415   64.470    0.017   12.701 0.00000e+00
  161    18.70000   -97.32075 36.69284       7.054     315.962  968.302  297.749   63.598    0.068   12.788 0.00000e+00
  162    18.71667   -97.32034 36.69363      10.213     319.438  968.013  297.898   63.142    0.107   12.815 0.00000e+00
  163    18.73333   -97.31959 36.69454      14.450     324.168  967.506  297.950   62.968    0.146   12.826 0.00000e+00
  164    18.75000   -97.31871 36.69544      20.728     330.882  966.792  297.896   62.739    0.204   12.748 0.00000e+00
  165    18.76667   -97.31794 36.69628      32.164     342.728  965.403  297.583   63.051    0.225   12.589 0.00000e+00
  166    18.78333   -97.31734 36.69714      44.945     355.910  964.027  297.426   63.499    0.273   12.576 0.00000e+00
  167    18.80000   -97.31703 36.69817      66.834     378.186  961.565  297.129   64.271    0.545   12.534 0.00000e+00
  168    18.81667   -97.31703 36.69947      99.587     411.315  957.955  296.546   65.802    0.592   12.432 0.00000e+00
  169    18.83333   -97.31715 36.70102     130.635     442.779  954.523  296.048   67.204    0.528   12.360 0.00000e+00
  170    18.85000   -97.31738 36.70268     161.412     473.990  951.125  295.690   68.225    0.666   12.319 0.00000e+00
  171    18.86667   -97.31770 36.70441     209.020     522.059  945.843  295.290   69.622    1.220   12.336 0.00000e+00
  172    18.88333   -97.31801 36.70626     288.474     601.965  937.200  294.549   72.287    1.876   12.348 0.00000e+00
  173    18.90000   -97.31850 36.70814     407.051     721.053  924.357  293.346   76.663    2.395   12.322 0.00000e+00
  174    18.91667   -97.31922 36.70984     533.143     847.764  910.909  292.169   81.442    2.546   12.339 0.00000e+00
  175    18.93333   -97.32010 36.71138     653.376     968.629  898.150  291.041   86.556    2.298   12.386 0.00000e+00
  176    18.95000   -97.32091 36.71288     754.991    1070.773  887.542  290.011   90.737    2.134   12.306 0.00000e+00
  177    18.96667   -97.32166 36.71456     847.061    1161.839  878.197  289.059   94.785    1.661   12.222 0.00000e+00
  178    18.98333   -97.32230 36.71648     907.037    1219.790  872.245  288.459   96.475    0.900   12.050 0.00000e+00
