    0    16.01667   -97.40461 36.23186       3.365     368.048  963.040  293.740   81.451   -0.016   12.873 0.00000e+00
    1    16.03333   -97.40399 36.23426       2.456     365.367  963.304  293.987   80.493   -0.008   12.915 0.00000e+00
    2    16.05000   -97.40344 36.23660       2.565     363.787  963.481  294.053   80.370   -0.009   12.946 0.00000e+00
    3    16.06667   -97.40294 36.23897       1.950     361.549  963.667  294.239   79.696   -0.009   12.984 0.00000e+00
    4    16.08333   -97.40251 36.24136       2.137     360.184  963.775  294.309   79.468   -0.005   13.002 0.00000e+00
    5    16.10000   -97.40205 36.24378       1.418     358.016  963.985  294.373   79.142   -0.004   12.997 0.00000e+00
    6    16.11667   -97.40144 36.24615       1.239     356.665  964.132  294.486   78.614   -0.001   12.999 0.00000e+00
    7    16.13333   -97.40076 36.24826       1.845     356.062  964.225  294.539   78.574    0.014   13.034 0.00000e+00
    8    16.15000   -97.40004 36.25013       3.517     356.641  964.179  294.559   78.574    0.038   13.051 0.00000e+00
    9    16.16667   -97.39934 36.25180       6.509     358.757  963.987  294.528   78.875    0.081   13.078 0.00000e+00
   10    16.18333   -97.39857 36.25351      10.742     362.239  963.635  294.319   79.678    0.082   13.046 0.00000e+00
   11    16.20000   -97.39775 36.25523      14.956     365.971  963.250  294.342   79.747    0.044   13.082 0.00000e+00
   12    16.21667   -97.39689 36.25711      18.055     368.881  962.941  294.429   79.485    0.035   13.113 0.00000e+00
   13    16.23333   -97.39610 36.25914      20.928     371.181  962.702  294.514   79.181    0.088   13.135 0.00000e+00
   14    16.25000   -97.39541 36.26136      26.661     375.877  962.233  294.478   79.258    0.124   13.126 0.00000e+00
   15    16.26667   -97.39478 36.26379      33.637     381.146  961.705  294.457   79.337    0.206   13.129 0.00000e+00
   16    16.28333   -97.39416 36.26633      44.709     389.557  960.700  294.215   80.007    0.187   13.056 0.00000e+00
   17    16.30000   -97.39351 36.26896      57.943     400.143  959.491  294.128   80.332    0.324   13.055 0.00000e+00
   18    16.31667   -97.39276 36.27168      75.505     415.536  957.767  293.806   81.285    0.264   12.971 0.00000e+00
   19    16.33333   -97.39185 36.27448      99.765     438.020  955.314  293.510   82.269    0.316   12.922 0.00000e+00
   20    16.35000   -97.39075 36.27740     121.210     457.903  953.072  293.246   83.188    0.269   12.883 0.00000e+00
   21    16.36667   -97.38950 36.28043     136.863     472.435  951.435  293.002   83.992    0.068   12.833 0.00000e+00
   22    16.38333   -97.38816 36.28352     139.090     474.368  951.240  292.901   84.113   -0.297   12.773 0.00000e+00
   23    16.40000   -97.38702 36.28670     127.643     462.021  952.706  292.988   83.638   -0.402   12.751 0.00000e+00
   24    16.41667   -97.38615 36.28987     124.944     456.900  953.353  293.077   83.314    0.034   12.763 0.00000e+00
   25    16.43333   -97.38534 36.29293     151.890     480.459  950.768  292.881   84.212    0.676   12.779 0.00000e+00
   26    16.45000   -97.38436 36.29601     199.375     524.596  945.909  292.495   85.953    0.986   12.797 0.00000e+00
   27    16.46667   -97.38311 36.29918     247.250     570.418  940.841  292.062   87.829    0.799   12.793 0.00000e+00
   28    16.48333   -97.38171 36.30243     272.260     593.551  938.291  291.821   88.789    0.281   12.773 0.00000e+00
   29    16.50000   -97.38033 36.30578     268.266     587.649  938.946  291.864   88.468   -0.219   12.752 0.00000e+00
   30    16.51667   -97.37920 36.30920     242.830     561.246  941.773  292.110   87.250   -0.564   12.735 0.00000e+00
   31    16.53333   -97.37833 36.31265     203.178     521.046  946.171  292.499   85.464   -0.773   12.723 0.00000e+00
   32    16.55000   -97.37777 36.31602     162.835     480.186  950.627  292.887   83.820   -0.612   12.725 0.00000e+00
   33    16.56667   -97.37744 36.31930     132.184     448.963  954.077  293.188   82.439   -0.408   12.708 0.00000e+00
   34    16.58333   -97.37720 36.32248     112.117     428.005  956.425  293.396   81.563   -0.253   12.705 0.00000e+00
   35    16.60000   -97.37695 36.32561     100.038     414.020  957.983  293.533   80.994   -0.168   12.704 0.00000e+00
   36    16.61667   -97.37658 36.32872      92.834     404.871  959.042  293.644   80.561   -0.072   12.710 0.00000e+00
   37    16.63333   -97.37616 36.33183      92.407     402.459  959.317  293.706   80.357    0.049   12.723 0.00000e+00
   38    16.65000   -97.37572 36.33493      97.100     405.119  959.045  293.714   80.394    0.094   12.739 0.00000e+00
   39    16.66667   -97.37524 36.33798     103.715     409.708  958.475  293.684   80.518    0.108   12.742 0.00000e+00
   40    16.68333   -97.37469 36.34102     111.777     419.170  957.375  293.650   80.808    0.198   12.776 0.00000e+00
   41    16.70000   -97.37410 36.34405     122.789     432.091  955.915  293.506   81.313    0.189   12.760 0.00000e+00
   42    16.71667   -97.37343 36.34706     132.483     443.943  954.599  293.446   81.591    0.267   12.774 0.00000e+00
   43    16.73333   -97.37270 36.35007     140.006     455.327  953.310  293.296   82.034    0.049   12.741 0.00000e+00
   44    16.75000   -97.37198 36.35302     140.145     459.268  952.880  293.255   82.160   -0.056   12.734 0.00000e+00
   45    16.76667   -97.37125 36.35589     133.163     454.977  953.489  293.295   81.997   -0.158   12.732 0.00000e+00
   46    16.78333   -97.37051 36.35865     121.086     443.306  954.792  293.403   81.346   -0.280   12.699 0.00000e+00
   47    16.80000   -97.36981 36.36135     102.721     425.275  956.813  293.564   80.591   -0.368   12.681 0.00000e+00
   48    16.81667   -97.36918 36.36407      82.498     405.577  958.941  293.786   79.521   -0.337   12.658 0.00000e+00
   49    16.83333   -97.36868 36.36681      66.956     391.472  960.492  293.994   78.717   -0.155   12.673 0.00000e+00
   50    16.85000   -97.36823 36.36958      57.918     384.021  961.300  294.190   78.028   -0.123   12.706 0.00000e+00
   51    16.86667   -97.36789 36.37239      53.072     380.612  961.687  294.376   77.482   -0.044   12.758 0.00000e+00
   52    16.88333   -97.36760 36.37529      52.680     380.908  961.590  294.479   77.302    0.005   12.811 0.00000e+00
   53    16.90000   -97.36737 36.37838      54.155     383.253  961.271  294.543   77.256    0.102   12.858 0.00000e+00
   54    16.91667   -97.36706 36.38155      74.080     402.466  959.268  294.429   77.893    0.593   12.901 0.00000e+00
   55    16.93333   -97.36641 36.38447     113.815     439.863  955.135  294.036   79.458    0.745   12.899 0.00000e+00
   56    16.95000   -97.36522 36.38720     158.754     482.801  950.377  293.572   81.154    0.577   12.863 0.00000e+00
   57    16.96667   -97.36356 36.38971     177.155     499.462  948.590  293.371   81.506   -0.072   12.783 0.00000e+00
   58    16.98333   -97.36206 36.39222     148.908     469.160  951.933  293.616   80.168   -0.723   12.721 0.00000e+00
   59    17.00000   -97.36131 36.39502     101.287     419.000  957.466  294.097   78.037   -0.806   12.684 0.00000e+00
   60    17.01667   -97.36142 36.39810      64.757     380.179  961.691  294.471   76.367   -0.441   12.648 0.00000e+00
   61    17.03333   -97.36217 36.40147      57.728     371.847  962.639  294.690   75.654    0.404   12.689 0.00000e+00
   62    17.05000   -97.36295 36.40483      97.270     410.515  958.426  294.375   76.940    1.109   12.711 0.00000e+00
   63    17.06667   -97.36304 36.40779     168.773     481.932  950.549  293.676   79.698    1.551   12.712 0.00000e+00
   64    17.08333   -97.36267 36.41064     251.989     564.834  941.457  292.875   82.956    1.669   12.708 0.00000e+00
   65    17.10000   -97.36197 36.41348     336.237     648.771  932.242  292.054   86.561    1.613   12.719 0.00000e+00
   66    17.11667   -97.36090 36.41638     420.576     734.743  922.970  291.193   90.391    1.463   12.706 0.00000e+00
   67    17.13333   -97.35948 36.41941     500.814     816.193  914.275  290.397   94.115    1.193   12.697 0.00000e+00
   68    17.15000   -97.35769 36.42248     573.454     888.349  906.695  289.706   97.629    0.947   12.708 0.00000e+00
   69    17.16667   -97.35555 36.42550     631.745     944.134  900.707  289.177  100.000    0.587   12.672 6.13635e-03
   70    17.18333   -97.35306 36.42844     666.293     977.067  897.263  288.953  100.000    0.068   12.532 2.15998e-02
   71    17.20000   -97.35042 36.43130     668.172     975.949  897.445  288.959   99.488   -0.386   12.471 5.35115e-03
   72    17.21667   -97.34793 36.43414     642.633     947.126  900.427  289.223   97.952   -0.550   12.447 6.19884e-07
   73    17.23333   -97.34573 36.43700     609.669     912.234  904.096  289.569   95.962   -0.401   12.417 0.00000e+00
   74    17.25000   -97.34382 36.43990     585.933     886.900  906.808  289.833   94.341   -0.047   12.378 0.00000e+00
   75    17.26667   -97.34220 36.44293     581.487     880.931  907.417  289.974   92.422    0.299   12.229 0.00000e+00
   76    17.28333   -97.34077 36.44604     596.589     895.167  905.923  289.852   92.863    0.565   12.211 0.00000e+00
   77    17.30000   -97.33936 36.44910     631.318     927.169  902.541  289.549   94.285    0.971   12.206 0.00000e+00
   78    17.31667   -97.33778 36.45218     674.515     966.880  898.369  289.137   96.771    0.816   12.257 0.00000e+00
   79    17.33333   -97.33600 36.45531     698.756     988.051  896.023  288.903   98.263    0.316   12.292 0.00000e+00
   80    17.35000   -97.33418 36.45849     695.473     984.329  896.456  288.937   98.245   -0.264   12.311 0.00000e+00
   81    17.36667   -97.33240 36.46167     671.898     959.358  899.129  289.206   96.561   -0.777   12.275 0.00000e+00
   82    17.38333   -97.33061 36.46482     632.720     918.543  903.403  289.691   93.110   -0.995   12.153 0.00000e+00
   83    17.40000   -97.32877 36.46790     588.273     873.456  908.170  290.207   90.043   -0.804   12.083 0.00000e+00
   84    17.41667   -97.32687 36.47087     542.073     826.926  913.092  290.697   87.603   -0.627   12.062 0.00000e+00
   85    17.43333   -97.32503 36.47375     499.752     784.573  917.585  291.094   85.987   -0.321   12.082 0.00000e+00
   86    17.45000   -97.32331 36.47659     470.811     755.908  920.634  291.328   85.328   -0.014   12.128 0.00000e+00
   87    17.46667   -97.32162 36.47947     459.657     745.344  921.800  291.407   85.191    0.125   12.154 0.00000e+00
   88    17.48333   -97.31989 36.48251     457.618     747.070  921.535  291.402   85.203    0.017   12.156 0.00000e+00
   89    17.50000   -97.31807 36.48584     466.520     760.708  920.055  291.311   85.483    0.102   12.145 0.00000e+00
   90    17.51667   -97.31602 36.48942     482.178     780.379  918.003  291.156   86.244    0.310   12.161 0.00000e+00
   91    17.53333   -97.31359 36.49282     521.140     822.594  913.462  290.774   87.696    0.610   12.129 0.00000e+00
   92    17.55000   -97.31071 36.49591     566.943     871.736  908.252  290.319   89.681    0.193   12.119 0.00000e+00
   93    17.56667   -97.30765 36.49857     577.125     882.106  907.168  290.245   90.241   -0.547   12.151 0.00000e+00
   94    17.58333   -97.30493 36.50070     545.268     850.240  910.610  290.504   89.675   -0.949   12.230 0.00000e+00
   95    17.60000   -97.30281 36.50251     493.254     799.083  915.927  290.928   88.397   -1.290   12.313 0.00000e+00
   96    17.61667   -97.30099 36.50447     440.438     748.711  921.358  291.375   86.972   -1.081   12.389 0.00000e+00
   97    17.63333   -97.29926 36.50665     392.799     703.513  926.231  291.772   85.693   -0.922   12.451 0.00000e+00
   98    17.65000   -97.29779 36.50906     330.326     643.131  932.722  292.294   83.993   -1.479   12.524 0.00000e+00
   99    17.66667   -97.29686 36.51173     238.681     553.255  942.497  293.106   81.075   -2.020   12.588 0.00000e+00
  100    17.68333   -97.29628 36.51472     128.379     444.109  954.518  294.157   76.922   -1.916   12.589 0.00000e+00
  101    17.70000   -97.29568 36.51779      53.471     369.736  962.758  294.879   74.348   -0.931   12.614 0.00000e+00
  102    17.71667   -97.29515 36.52093      22.168     338.847  966.155  295.448   72.718   -0.353   12.734 0.00000e+00
  103    17.73333   -97.29499 36.52375      11.862     328.676  967.297  295.866   71.730   -0.081   12.872 0.00000e+00
  104    17.75000   -97.29515 36.52637      10.480     327.276  967.439  296.087   71.165   -0.004   12.943 0.00000e+00
  105    17.76667   -97.29531 36.52879      11.022     327.820  967.423  296.147   71.163   -0.004   12.990 0.00000e+00
  106    17.78333   -97.29541 36.53108      11.842     328.833  967.263  296.165   71.276   -0.022   13.027 0.00000e+00
  107    17.80000   -97.29544 36.53329      11.863     329.221  967.247  296.223   71.111   -0.059   13.043 0.00000e+00
  108    17.81667   -97.29541 36.53547      10.248     327.984  967.353  296.348   70.540   -0.089   13.037 0.00000e+00
  109    17.83333   -97.29532 36.53767       7.447     325.635  967.506  296.451   69.899   -0.081   12.998 0.00000e+00
  110    17.85000   -97.29510 36.53993       4.898     323.450  967.687  296.507   69.413   -0.060   12.950 0.00000e+00
  111    17.86667   -97.29481 36.54217       3.049     321.853  967.909  296.457   69.325   -0.028   12.891 0.00000e+00
  112    17.88333   -97.29442 36.54424       1.779     320.617  968.018  296.476   69.182   -0.011   12.877 0.00000e+00
  113    17.90000   -97.29398 36.54602       1.604     320.434  968.005  296.624   68.872   -0.003   12.936 0.00000e+00
  114    17.91667   -97.29356 36.54750       1.791     321.075  967.887  296.865   68.379    0.003   13.036 0.00000e+00
  115    17.93333   -97.29321 36.54879       2.301     322.307  967.790  297.193   67.670    0.012   13.162 0.00000e+00
  116    17.95000   -97.29298 36.55010       3.278     324.018  967.625  297.558   66.773    0.029   13.281 0.00000e+00
  117    17.96667   -97.29272 36.55153       5.748     327.237  967.319  297.495   66.916    0.053   13.263 0.00000e+00
  118    17.98333   -97.29230 36.55304      12.376     334.535  966.635  297.028   68.327    0.211   13.173 0.00000e+00
  119    18.00000   -97.29181 36.55490      28.578     351.329  964.808  296.438   69.520    0.395   12.954 0.00000e+00
  120    18.01667   -97.29128 36.55716      65.198     387.427  960.849  296.058   70.589    1.193   12.904 0.00000e+00
  121    18.03333   -97.29078 36.55960     151.421     473.013  951.426  294.887   74.005    1.660   12.714 0.00000e+00
  122    18.05000   -97.28973 36.56197     240.395     561.308  941.754  294.132   77.041    1.826   12.761 0.00000e+00
  123    18.06667   -97.28803 36.56420     300.998     621.765  935.130  293.457   79.358    1.017   12.694 0.00000e+00
  124    18.08333   -97.28575 36.56658     324.191     645.549  932.551  293.207   79.909    0.007   12.620 0.00000e+00
  125    18.10000   -97.28340 36.56936     295.669     617.196  935.637  293.414   77.685   -0.714   12.386 0.00000e+00
  126    18.11667   -97.28168 36.57258     264.069     585.177  939.165  293.727   75.779   -0.296   12.274 0.00000e+00
  127    18.13333   -97.28074 36.57590     283.486     603.478  937.121  293.555   76.234    0.594   12.243 0.00000e+00
  128    18.15000   -97.28004 36.57906     327.114     646.064  932.597  293.152   78.324    0.650   12.327 0.00000e+00
  129    18.16667   -97.27919 36.58205     363.748     678.999  929.190  292.832   79.857    0.450   12.364 0.00000e+00
  130    18.18333   -97.27816 36.58486     395.472     705.815  926.213  292.545   81.084    0.467   12.370 0.00000e+00
  131    18.20000   -97.27696 36.58737     425.506     731.534  923.442  292.292   82.126    0.444   12.368 0.00000e+00
  132    18.21667   -97.27566 36.58966     450.569     754.056  920.984  292.061   83.044    0.251   12.359 0.00000e+00
  133    18.23333   -97.27440 36.59179     472.578     774.259  918.813  291.858   83.712    0.158   12.329 0.00000e+00
  134    18.25000   -97.27322 36.59400     492.250     792.053  916.951  291.673   84.308   -0.062   12.298 0.00000e+00
  135    18.26667   -97.27227 36.59635     490.395     788.294  917.346  291.698   84.207   -0.430   12.297 0.00000e+00
  136    18.28333   -97.27151 36.59854     462.742     759.309  920.430  291.954   83.436   -0.936   12.341 0.00000e+00
  137    18.30000   -97.27092 36.60054     425.384     720.848  924.529  292.315   81.813   -0.690   12.324 0.00000e+00
  138    18.31667   -97.27058 36.60248     405.229     699.677  926.798  292.544   81.020    0.063   12.351 0.00000e+00
  139    18.33333   -97.27048 36.60469     401.823     695.223  927.242  292.613   80.923    0.323   12.384 0.00000e+00
  140    18.35000   -97.27064 36.60718     400.949     694.128  927.323  292.630   80.910    0.095   12.394 0.00000e+00
  141    18.36667   -97.27092 36.60978     377.138     670.269  929.885  292.865   79.960   -0.537   12.396 0.00000e+00
  142    18.38333   -97.27117 36.61239     321.360     614.405  935.924  293.413   77.816   -1.302   12.403 0.00000e+00
  143    18.40000   -97.27135 36.61500     247.499     540.343  943.940  294.124   75.093   -1.543   12.404 0.00000e+00
  144    18.41667   -97.27159 36.61747     179.880     472.501  951.374  294.785   72.687   -1.293   12.410 0.00000e+00
  145    18.43333   -97.27194 36.61974     130.090     422.537  956.862  295.293   70.843   -1.065   12.408 0.00000e+00
  146    18.45000   -97.27238 36.62189      81.646     374.030  962.186  295.748   69.279   -0.995   12.408 0.00000e+00
  147    18.46667   -97.27255 36.62384      40.818     333.513  966.653  296.160   67.969   -0.662   12.427 0.00000e+00
  148    18.48333   -97.27242 36.62552      20.948     313.893  968.813  296.637   66.652   -0.323   12.519 0.00000e+00
  149    18.50000   -97.27220 36.62690      13.720     306.839  969.595  297.054   65.950   -0.082   12.696 0.00000e+00
  150    18.51667   -97.27206 36.62812      13.709     306.995  969.598  297.426   65.533    0.041   12.904 0.00000e+00
  151    18.53333   -97.27226 36.62923      18.804     312.310  968.981  297.574   65.410    0.137   13.004 0.00000e+00
  152    18.55000   -97.27280 36.63028      23.885     317.622  968.373  297.305   65.879    0.058   12.893 0.00000e+00
  153    18.56667   -97.27357 36.63123      24.382     318.272  968.299  297.207   66.049    0.003   12.851 0.00000e+00
  154    18.58333   -97.27453 36.63193      27.508     321.510  967.936  297.118   66.135    0.129   12.803 0.00000e+00
  155    18.60000   -97.27550 36.63246      54.239     348.324  964.976  296.842   66.841    1.055   12.764 0.00000e+00
  156    18.61667   -97.27583 36.63348     149.919     443.897  954.422  295.898   69.220    2.295   12.616 0.00000e+00
  157    18.63333   -97.27505 36.63511     298.847     592.568  938.271  294.380   73.976    2.215   12.491 0.00000e+00
  158    18.65000   -97.27412 36.63712     413.561     707.110  925.917  293.211   77.896    2.406   12.394 0.00000e+00
  159    18.66667   -97.27348 36.63916     525.996     819.574  913.891  292.040   82.127    2.126   12.302 0.00000e+00
  160    18.68333   -97.27308 36.64113     631.633     925.358  902.708  290.996   86.566    2.022   12.290 0.00000e+00
  161    18.70000   -97.27254 36.64310     712.620    1006.469  894.190  290.207   89.212    0.961   12.160 0.00000e+00
  162    18.71667   -97.27188 36.64516     756.017    1049.941  889.686  289.830   90.053    0.488   12.043 0.00000e+00
  163    18.73333   -97.27123 36.64742     775.069    1069.787  887.513  289.684   89.169    0.127   11.842 0.00000e+00
  164    18.75000   -97.27087 36.64977     779.754    1076.962  886.762  289.602   89.663    0.060   11.856 0.00000e+00
  165    18.76667   -97.27084 36.65212     784.644    1084.325  885.979  289.528   90.148    0.135   11.874 0.00000e+00
  166    18.78333   -97.27097 36.65442     799.540    1101.572  884.217  289.349   91.444    0.361   11.931 0.00000e+00
  167    18.80000   -97.27090 36.65666     829.422    1132.381  881.097  289.041   93.477    0.586   12.000 0.00000e+00
  168    18.81667   -97.27039 36.65887     871.674    1174.979  876.720  288.613   96.227    0.664   12.077 0.00000e+00
  169    18.83333   -97.26919 36.66104     911.114    1214.533  872.734  288.265   97.581    0.655   12.028 0.00000e+00
  170    18.85000   -97.26726 36.66315     937.208    1239.787  870.130  288.037   98.477    0.342   11.997 0.00000e+00
  171    18.86667   -97.26489 36.66517     941.709    1243.318  869.712  288.007   98.220   -0.319   11.948 0.00000e+00
  172    18.88333   -97.26256 36.66708     924.877    1225.836  871.487  288.192   96.728   -0.697   11.884 0.00000e+00
  173    18.90000   -97.26060 36.66899     892.904    1193.507  874.815  288.577   93.667   -0.712   11.754 0.00000e+00
  174    18.91667   -97.25916 36.67089     850.588    1150.828  879.249  289.060   90.432   -0.402   11.647 0.00000e+00
  175    18.93333   -97.25820 36.67287     817.785    1117.550  882.757  289.387   89.034    0.037   11.664 0.00000e+00
  176    18.95000   -97.25747 36.67505     802.880    1102.122  884.350  289.505   88.860    0.103   11.709 0.00000e+00
  177    18.96667   -97.25670 36.67751     803.113    1101.800  884.400  289.526   88.446    0.251   11.669 0.00000e+00
  178    18.98333   -97.25574 36.68009     813.664    1111.698  883.379  289.449   88.837    0.329   11.677 0.00000e+00
