    0    16.01667   -97.56842 36.24367      17.397     353.060  964.455  293.657   83.703   -0.031   13.141 0.00000e+00
    1    16.03333   -97.56973 36.24440      17.554     352.755  964.531  293.814   83.246    0.022   13.197 0.00000e+00
    2    16.05000   -97.57095 36.24492      21.546     356.397  964.114  293.969   82.786    0.145   13.257 0.00000e+00
    3    16.06667   -97.57182 36.24542      39.952     374.664  962.089  293.853   83.201    0.575   13.256 0.00000e+00
    4    16.08333   -97.57239 36.24632      79.226     414.071  957.762  293.455   84.352    0.758   13.170 0.00000e+00
    5    16.10000   -97.57297 36.24783     118.762     453.862  953.392  292.908   86.184    0.561   13.064 0.00000e+00
    6    16.11667   -97.57383 36.25005     144.860     480.359  950.508  292.561   87.333    0.271   12.993 0.00000e+00
    7    16.13333   -97.57486 36.25238     166.549     502.630  947.990  292.320   88.263    0.106   12.968 0.00000e+00
    8    16.15000   -97.57600 36.25462     180.285     517.106  946.379  292.163   88.826    0.004   12.945 0.00000e+00
    9    16.16667   -97.57713 36.25668     187.605     524.808  945.546  292.089   88.909   -0.037   12.908 0.00000e+00
   10    16.18333   -97.57821 36.25861     193.504     530.878  944.882  292.037   88.997    0.237   12.887 0.00000e+00
   11    16.20000   -97.57912 36.26051     206.264     543.828  943.472  291.917   89.547    0.469   12.889 0.00000e+00
   12    16.21667   -97.57972 36.26244     230.729     568.571  940.775  291.689   90.588    0.553   12.889 0.00000e+00
   13    16.23333   -97.57994 36.26453     263.724     601.971  937.130  291.375   91.975    0.744   12.880 0.00000e+00
   14    16.25000   -97.57983 36.26688     299.467     638.215  933.197  291.027   93.516    0.870   12.864 0.00000e+00
   15    16.26667   -97.57948 36.26950     338.331     677.671  928.895  290.636   95.356    0.977   12.855 0.00000e+00
   16    16.28333   -97.57889 36.27229     374.293     714.387  924.913  290.286   96.963    0.793   12.838 0.00000e+00
   17    16.30000   -97.57810 36.27517     397.026     738.244  922.341  290.069   97.929    0.276   12.823 0.00000e+00
   18    16.31667   -97.57716 36.27817     406.441     748.869  921.144  289.989   98.099    0.042   12.797 0.00000e+00
   19    16.33333   -97.57615 36.28116     401.958     745.513  921.528  290.039   97.711   -0.135   12.782 0.00000e+00
   20    16.35000   -97.57512 36.28410     390.754     735.407  922.601  290.167   96.866   -0.329   12.760 0.00000e+00
   21    16.36667   -97.57400 36.28696     377.588     723.520  923.878  290.297   96.153   -0.299   12.754 0.00000e+00
   22    16.38333   -97.57271 36.28971     360.775     708.112  925.543  290.439   95.511   -0.316   12.761 0.00000e+00
   23    16.40000   -97.57125 36.29237     337.713     686.277  927.873  290.658   94.369   -0.473   12.753 0.00000e+00
   24    16.41667   -97.56982 36.29496     311.778     661.359  930.581  290.923   92.940   -0.535   12.736 0.00000e+00
   25    16.43333   -97.56836 36.29742     285.691     636.720  933.191  291.167   91.710   -0.615   12.728 0.00000e+00
   26    16.45000   -97.56680 36.29995     250.934     604.420  936.752  291.493   90.140   -0.797   12.722 0.00000e+00
   27    16.46667   -97.56529 36.30254     202.785     558.521  941.797  291.956   87.961   -0.888   12.714 0.00000e+00
   28    16.48333   -97.56407 36.30505     149.062     506.675  947.533  292.465   85.707   -0.963   12.714 0.00000e+00
   29    16.50000   -97.56326 36.30756      94.100     452.218  953.605  292.990   83.473   -0.983   12.714 0.00000e+00
   30    16.51667   -97.56287 36.31018      54.108     412.492  958.002  293.441   81.767   -0.391   12.752 0.00000e+00
   31    16.53333   -97.56278 36.31294      44.857     403.490  959.031  293.709   81.130    0.123   12.851 0.00000e+00
   32    16.55000   -97.56263 36.31564      58.943     416.571  957.595  293.694   81.473    0.339   12.913 0.00000e+00
   33    16.56667   -97.56213 36.31819      79.415     435.604  955.516  293.539   82.191    0.386   12.931 0.00000e+00
   34    16.58333   -97.56124 36.32067     101.111     455.634  953.266  293.355   82.906    0.399   12.925 0.00000e+00
   35    16.60000   -97.55994 36.32317     120.563     474.592  951.071  293.171   83.522    0.190   12.902 0.00000e+00
   36    16.61667   -97.55846 36.32573     122.241     476.827  950.816  293.156   83.407   -0.243   12.876 0.00000e+00
   37    16.63333   -97.55736 36.32837     105.110     460.481  952.583  293.302   82.554   -0.539   12.836 0.00000e+00
   38    16.65000   -97.55687 36.33107      80.705     435.927  955.412  293.531   81.510   -0.384   12.818 0.00000e+00
   39    16.66667   -97.55700 36.33374      76.256     429.581  956.136  293.684   81.174    0.277   12.878 0.00000e+00
   40    16.68333   -97.55714 36.33622     125.480     477.032  950.867  293.352   83.035    1.474   12.976 0.00000e+00
   41    16.70000   -97.55662 36.33829     235.656     585.871  938.871  292.293   87.608    2.098   12.975 0.00000e+00
   42    16.71667   -97.55521 36.34010     341.376     690.910  927.499  291.265   92.441    1.322   12.990 0.00000e+00
   43    16.73333   -97.55325 36.34178     382.811     731.795  923.092  290.862   94.470    0.223   13.002 0.00000e+00
   44    16.75000   -97.55127 36.34349     380.904     729.930  923.238  290.887   94.253   -0.075   12.990 0.00000e+00
   45    16.76667   -97.54947 36.34528     376.334     725.863  923.634  290.931   93.962    0.298   12.981 0.00000e+00
   46    16.78333   -97.54774 36.34708     391.914     741.972  921.940  290.784   94.549    0.716   12.964 0.00000e+00
   47    16.80000   -97.54591 36.34886     422.363     772.428  918.704  290.492   95.888    0.798   12.951 0.00000e+00
   48    16.81667   -97.54402 36.35065     455.087     804.276  915.389  290.183   97.302    0.596   12.933 0.00000e+00
   49    16.83333   -97.54220 36.35255     486.405     833.670  912.301  289.898   98.535    0.448   12.904 1.91022e-04
   50    16.85000   -97.54044 36.35456     509.680     854.681  910.121  289.706   99.168    0.279   12.859 1.69949e-03
   51    16.86667   -97.53878 36.35668     520.071     861.729  909.398  289.667   98.751   -0.021   12.783 1.88423e-05
   52    16.88333   -97.53727 36.35891     512.390     850.108  910.653  289.823   97.393   -0.357   12.716 0.00000e+00
   53    16.90000   -97.53596 36.36119     493.782     827.687  912.993  290.062   95.918   -0.430   12.684 0.00000e+00
   54    16.91667   -97.53485 36.36351     478.051     808.776  914.932  290.255   94.675   -0.224   12.648 0.00000e+00
   55    16.93333   -97.53383 36.36590     468.841     797.841  916.109  290.367   93.976   -0.019   12.628 0.00000e+00
   56    16.95000   -97.53289 36.36843     461.615     788.617  917.161  290.461   93.554   -0.016   12.632 0.00000e+00
   57    16.96667   -97.53206 36.37115     449.358     773.929  918.655  290.602   92.848   -0.239   12.629 0.00000e+00
   58    16.98333   -97.53132 36.37394     432.063     758.212  920.203  290.780   92.056   -0.251   12.643 0.00000e+00
   59    17.00000   -97.53065 36.37677     417.325     746.190  921.509  290.926   91.373   -0.182   12.649 0.00000e+00
   60    17.01667   -97.53000 36.37966     416.147     747.763  921.347  290.931   91.157    0.152   12.624 0.00000e+00
   61    17.03333   -97.52943 36.38262     422.733     756.644  920.377  290.843   91.532    0.155   12.619 0.00000e+00
   62    17.05000   -97.52896 36.38572     419.313     755.680  920.479  290.847   91.385   -0.206   12.601 0.00000e+00
   63    17.06667   -97.52858 36.38887     393.280     732.183  923.005  291.076   90.261   -0.705   12.593 0.00000e+00
   64    17.08333   -97.52813 36.39203     344.668     685.578  928.063  291.565   87.840   -1.044   12.572 0.00000e+00
   65    17.10000   -97.52760 36.39511     285.143     628.009  934.291  292.141   85.106   -1.220   12.547 0.00000e+00
   66    17.11667   -97.52710 36.39813     220.943     564.912  941.223  292.765   82.515   -1.170   12.557 0.00000e+00
   67    17.13333   -97.52670 36.40110     169.646     513.741  946.799  293.275   80.263   -0.646   12.536 0.00000e+00
   68    17.15000   -97.52632 36.40396     143.907     488.219  949.524  293.523   79.200   -0.349   12.527 0.00000e+00
   69    17.16667   -97.52597 36.40671     130.930     475.914  950.893  293.615   78.898   -0.301   12.533 0.00000e+00
   70    17.18333   -97.52563 36.40929     123.591     469.397  951.644  293.681   78.828   -0.192   12.563 0.00000e+00
   71    17.20000   -97.52538 36.41174     122.249     468.788  951.719  293.743   78.827   -0.087   12.611 0.00000e+00
   72    17.21667   -97.52522 36.41412     129.610     476.649  950.906  293.810   79.075    0.230   12.714 0.00000e+00
   73    17.23333   -97.52520 36.41645     154.397     501.520  948.198  293.649   80.059    0.600   12.781 0.00000e+00
   74    17.25000   -97.52524 36.41866     193.321     540.558  944.000  293.327   81.536    0.877   12.815 0.00000e+00
   75    17.26667   -97.52530 36.42075     237.725     585.132  939.144  292.930   83.218    1.102   12.824 0.00000e+00
   76    17.28333   -97.52546 36.42284     286.028     633.383  933.913  292.449   85.024    1.101   12.786 0.00000e+00
   77    17.30000   -97.52574 36.42503     326.664     673.894  929.610  292.064   86.550    1.105   12.762 0.00000e+00
   78    17.31667   -97.52612 36.42746     356.371     703.662  926.415  291.773   87.413    0.746   12.699 0.00000e+00
   79    17.33333   -97.52648 36.43014     367.187     714.578  925.236  291.691   86.909    0.041   12.577 0.00000e+00
   80    17.35000   -97.52691 36.43297     356.108     702.286  926.516  291.822   86.228   -0.233   12.564 0.00000e+00
   81    17.36667   -97.52727 36.43587     343.378     687.832  928.045  291.954   85.581   -0.111   12.554 0.00000e+00
   82    17.38333   -97.52750 36.43876     336.120     678.625  929.000  292.025   85.136   -0.009   12.531 0.00000e+00
   83    17.40000   -97.52766 36.44165     333.562     674.120  929.470  292.054   84.968    0.147   12.523 0.00000e+00
   84    17.41667   -97.52782 36.44456     332.540     671.104  929.769  292.069   84.794    0.200   12.505 0.00000e+00
   85    17.43333   -97.52792 36.44747     322.050     658.647  931.142  292.177   84.382   -0.098   12.511 0.00000e+00
   86    17.45000   -97.52797 36.45037     298.210     633.051  933.914  292.436   83.391   -0.381   12.530 0.00000e+00
   87    17.46667   -97.52784 36.45316     273.103     606.253  936.771  292.707   82.190   -0.467   12.522 0.00000e+00
   88    17.48333   -97.52756 36.45580     255.949     587.372  938.836  292.901   81.497   -0.406   12.540 0.00000e+00
   89    17.50000   -97.52710 36.45843     262.331     591.816  938.330  292.863   81.723    0.105   12.553 0.00000e+00
   90    17.51667   -97.52646 36.46108     295.079     622.662  934.988  292.565   82.985    0.632   12.555 0.00000e+00
   91    17.53333   -97.52570 36.46375     341.095     666.999  930.177  292.136   84.804    0.781   12.554 0.00000e+00
   92    17.55000   -97.52480 36.46641     384.664     709.518  925.602  291.734   86.916    0.670   12.607 0.00000e+00
   93    17.56667   -97.52377 36.46903     420.285     743.901  921.918  291.424   88.054    0.643   12.574 0.00000e+00
   94    17.58333   -97.52271 36.47160     449.163     771.307  919.002  291.174   88.876    0.632   12.533 0.00000e+00
   95    17.60000   -97.52164 36.47403     466.375     786.908  917.294  291.008   89.739    0.579   12.545 0.00000e+00
   96    17.61667   -97.52051 36.47648     477.553     796.510  916.283  290.981   89.631    0.464   12.522 0.00000e+00
   97    17.63333   -97.51951 36.47889     486.936     804.488  915.447  290.957   89.555    0.384   12.504 0.00000e+00
   98    17.65000   -97.51868 36.48122     485.206     801.501  915.772  291.072   88.400    0.015   12.429 0.00000e+00
   99    17.66667   -97.51795 36.48357     469.700     784.710  917.540  291.324   85.967   -0.649   12.257 0.00000e+00
  100    17.68333   -97.51717 36.48592     433.662     747.334  921.560  291.729   83.760   -0.993   12.200 0.00000e+00
  101    17.70000   -97.51637 36.48832     380.127     692.538  927.388  292.278   81.223   -1.243   12.168 0.00000e+00
  102    17.71667   -97.51553 36.49075     323.264     635.703  933.530  292.850   78.781   -1.138   12.154 0.00000e+00
  103    17.73333   -97.51463 36.49308     265.372     577.846  939.799  293.416   76.426   -1.002   12.133 0.00000e+00
  104    17.75000   -97.51377 36.49537     209.377     521.713  945.957  293.968   74.213   -0.857   12.114 0.00000e+00
  105    17.76667   -97.51295 36.49760     161.986     473.992  951.151  294.426   72.453   -0.631   12.101 0.00000e+00
  106    17.78333   -97.51223 36.49979     125.368     436.960  955.218  294.791   71.220   -0.483   12.114 0.00000e+00
  107    17.80000   -97.51163 36.50188     100.147     411.371  958.038  295.051   70.250   -0.337   12.106 0.00000e+00
  108    17.81667   -97.51110 36.50389      82.162     393.162  960.058  295.242   69.760   -0.220   12.138 0.00000e+00
  109    17.83333   -97.51064 36.50593      71.417     381.363  961.414  295.441   69.331    0.024   12.196 0.00000e+00
  110    17.85000   -97.51015 36.50798      71.310     379.154  961.646  295.549   69.190    0.110   12.249 0.00000e+00
  111    17.86667   -97.50954 36.51008      67.794     373.568  962.270  295.672   68.833    0.060   12.270 0.00000e+00
  112    17.88333   -97.50890 36.51225      60.354     364.042  963.296  295.842   68.392   -0.043   12.306 0.00000e+00
  113    17.90000   -97.50826 36.51450      46.201     348.890  964.871  296.090   67.701   -0.133   12.348 0.00000e+00
  114    17.91667   -97.50781 36.51686      32.752     335.684  966.289  296.260   67.138   -0.167   12.355 0.00000e+00
  115    17.93333   -97.50758 36.51919      25.406     328.582  967.052  296.463   66.819   -0.102   12.440 0.00000e+00
  116    17.95000   -97.50749 36.52141      25.252     328.736  967.005  296.729   66.356    0.001   12.557 0.00000e+00
  117    17.96667   -97.50746 36.52367      31.170     335.941  966.171  296.764   66.520    0.025   12.626 0.00000e+00
  118    17.98333   -97.50738 36.52605      39.424     345.790  965.090  296.616   67.038   -0.002   12.624 0.00000e+00
  119    18.00000   -97.50730 36.52854      42.884     350.896  964.517  296.463   67.364   -0.118   12.575 0.00000e+00
  120    18.01667   -97.50724 36.53109      45.073     354.342  964.137  296.374   67.487   -0.145   12.535 0.00000e+00
  121    18.03333   -97.50713 36.53366      55.286     365.158  962.940  296.351   67.715    0.262   12.575 0.00000e+00
  122    18.05000   -97.50697 36.53631      92.587     403.124  958.777  296.072   68.764    0.948   12.609 0.00000e+00
  123    18.06667   -97.50687 36.53906     168.848     480.074  950.280  295.273   71.493    1.490   12.594 0.00000e+00
  124    18.08333   -97.50684 36.54169     252.775     564.648  941.085  294.392   74.502    1.465   12.551 0.00000e+00
  125    18.10000   -97.50659 36.54411     327.330     639.841  932.963  293.543   77.482    1.661   12.490 0.00000e+00
  126    18.11667   -97.50597 36.54646     403.897     717.141  924.612  292.707   80.556    1.760   12.436 0.00000e+00
  127    18.13333   -97.50500 36.54884     498.684     813.223  914.331  291.735   84.234    1.863   12.371 0.00000e+00
  128    18.15000   -97.50372 36.55118     591.811     907.782  904.299  290.794   87.844    1.581   12.290 0.00000e+00
  129    18.16667   -97.50210 36.55352     668.160     985.794  896.091  290.039   90.738    1.277   12.209 0.00000e+00
  130    18.18333   -97.50024 36.55589     718.139    1037.672  890.674  289.591   91.956    0.678   12.096 0.00000e+00
  131    18.20000   -97.49829 36.55821     735.865    1056.876  888.673  289.421   92.496   -0.053   12.063 0.00000e+00
  132    18.21667   -97.49646 36.56028     721.756    1044.153  889.997  289.575   91.117   -0.608   11.983 0.00000e+00
  133    18.23333   -97.49495 36.56207     694.390    1017.898  892.782  289.873   89.256   -0.644   11.927 0.00000e+00
  134    18.25000   -97.49364 36.56346     661.758     986.156  896.084  290.186   88.014   -0.519   11.955 0.00000e+00
  135    18.26667   -97.49243 36.56448     624.944     950.139  899.879  290.559   87.699   -0.710   12.147 0.00000e+00
  136    18.28333   -97.49137 36.56583     583.071     909.129  904.212  290.945   86.329   -1.207   12.195 0.00000e+00
  137    18.30000   -97.49026 36.56782     546.685     873.862  907.934  291.217   85.142   -0.978   12.187 0.00000e+00
  138    18.31667   -97.48888 36.57030     539.867     868.476  908.524  291.346   84.594    0.140   12.200 0.00000e+00
  139    18.33333   -97.48709 36.57305     576.154     905.265  904.743  291.130   85.676    1.141   12.239 0.00000e+00
  140    18.35000   -97.48504 36.57567     641.202     968.005  898.244  290.565   88.050    1.216   12.223 0.00000e+00
  141    18.36667   -97.48305 36.57794     696.771    1020.537  892.769  290.073   89.739    1.217   12.146 0.00000e+00
  142    18.38333   -97.48107 36.57999     724.579    1045.470  890.198  289.857   89.513    0.460   11.984 0.00000e+00
  143    18.40000   -97.47906 36.58204     722.436    1040.127  890.732  289.947   87.338   -0.311   11.754 0.00000e+00
  144    18.41667   -97.47703 36.58419     707.900    1022.958  892.418  290.133   85.519   -0.716   11.624 0.00000e+00
  145    18.43333   -97.47495 36.58653     699.864    1013.124  893.408  290.261   84.507   -0.569   11.568 0.00000e+00
  146    18.45000   -97.47269 36.58905     702.693    1014.778  893.225  290.233   84.702   -0.692   11.576 0.00000e+00
  147    18.46667   -97.47018 36.59185     692.199    1002.965  894.506  290.308   84.615   -0.998   11.603 0.00000e+00
  148    18.48333   -97.46767 36.59486     653.081     961.760  898.820  290.707   83.139   -1.131   11.638 0.00000e+00
  149    18.50000   -97.46537 36.59792     590.399     896.988  905.589  291.342   80.870   -1.167   11.698 0.00000e+00
  150    18.51667   -97.46358 36.60096     521.940     827.086  913.012  292.047   77.904   -1.092   11.686 0.00000e+00
  151    18.53333   -97.46234 36.60388     471.812     776.114  918.373  292.543   75.799   -0.725   11.661 0.00000e+00
  152    18.55000   -97.46143 36.60665     448.772     752.688  920.837  292.766   75.034   -0.336   11.675 0.00000e+00
  153    18.56667   -97.46055 36.60930     444.812     748.673  921.263  292.792   75.195   -0.052   11.714 0.00000e+00
  154    18.58333   -97.45959 36.61184     444.963     748.833  921.278  292.789   75.338   -0.028   11.733 0.00000e+00
  155    18.60000   -97.45851 36.61428     441.191     745.157  921.688  292.824   75.450   -0.115   11.771 0.00000e+00
  156    18.61667   -97.45749 36.61668     433.830     738.021  922.478  292.892   75.400   -0.208   11.803 0.00000e+00
  157    18.63333   -97.45669 36.61909     414.895     719.177  924.481  293.079   74.783   -0.427   11.819 0.00000e+00
  158    18.65000   -97.45607 36.62149     382.527     686.800  927.945  293.436   74.114   -0.654   11.933 0.00000e+00
  159    18.66667   -97.45554 36.62389     335.762     639.964  932.997  293.906   72.447   -0.912   11.945 0.00000e+00
  160    18.68333   -97.45503 36.62633     278.681     582.770  939.121  294.494   70.329   -0.978   11.948 0.00000e+00
  161    18.70000   -97.45441 36.62872     217.411     521.367  945.786  295.082   68.150   -1.045   11.921 0.00000e+00
  162    18.71667   -97.45373 36.63094     167.133     471.039  951.292  295.597   66.455   -0.597   11.929 0.00000e+00
  163    18.73333   -97.45300 36.63304     136.079     440.077  954.667  295.913   65.409   -0.244   11.929 0.00000e+00
  164    18.75000   -97.45227 36.63505     120.883     424.967  956.313  296.145   64.615   -0.354   11.932 0.00000e+00
  165    18.76667   -97.45166 36.63688      98.033     402.192  958.798  296.421   63.256   -0.606   11.849 0.00000e+00
  166    18.78333   -97.45113 36.63860      65.423     369.628  962.393  296.764   61.450   -0.712   11.710 0.00000e+00
  167    18.80000   -97.45051 36.64014      39.875     344.046  965.194  297.126   60.399   -0.289   11.732 0.00000e+00
  168    18.81667   -97.44983 36.64143      37.703     341.803  965.410  297.371   59.991    0.290   11.824 0.00000e+00
  169    18.83333   -97.44951 36.64278      56.467     360.443  963.419  297.153   60.898    0.677   11.870 0.00000e+00
  170    18.85000   -97.44974 36.64455      88.621     392.434  959.878  296.777   62.121    0.876   11.878 0.00000e+00
  171    18.86667   -97.45046 36.64669     112.687     416.377  957.227  296.515   62.997    0.259   11.888 0.00000e+00
  172    18.88333   -97.45137 36.64886     116.440     419.944  956.846  296.439   63.253   -0.117   11.886 0.00000e+00
  173    18.90000   -97.45219 36.65084     112.003     415.366  957.390  296.499   63.092   -0.347   11.892 0.00000e+00
  174    18.91667   -97.45274 36.65284      89.166     392.350  959.855  296.821   62.178   -0.670   11.922 0.00000e+00
  175    18.93333   -97.45239 36.65507      65.693     368.556  962.465  297.138   61.299   -0.064   11.949 0.00000e+00
  176    18.95000   -97.45143 36.65726      97.662     400.248  958.986  297.076   61.574    1.087   12.002 0.00000e+00
  177    18.96667   -97.45115 36.65900     193.439     495.902  948.553  296.341   63.921    2.094   12.045 0.00000e+00
  178    18.98333   -97.45149 36.66092     320.075     622.600  934.830  295.068   67.964    2.425   12.019 0.00000e+00
