    0    16.01667   -97.40057 36.29764      57.165     380.220  961.925  293.362   81.929   -0.033   12.662 0.00000e+00
    1    16.03333   -97.40079 36.30080      63.440     383.832  961.494  293.256   82.454    0.070   12.665 0.00000e+00
    2    16.05000   -97.40086 36.30380      69.057     386.843  961.142  293.209   82.695    0.048   12.669 0.00000e+00
    3    16.06667   -97.40086 36.30672      69.474     386.097  961.187  293.234   82.706   -0.087   12.690 0.00000e+00
    4    16.08333   -97.40080 36.30956      61.886     378.337  962.059  293.341   82.378   -0.263   12.712 0.00000e+00
    5    16.10000   -97.40079 36.31230      46.534     362.768  963.793  293.537   81.692   -0.365   12.739 0.00000e+00
    6    16.11667   -97.40095 36.31491      30.403     347.718  965.424  293.746   81.004   -0.180   12.775 0.00000e+00
    7    16.13333   -97.40149 36.31725      26.275     345.448  965.612  293.835   80.729    0.017   12.800 0.00000e+00
    8    16.15000   -97.40201 36.31944      32.687     353.623  964.722  293.798   80.930    0.219   12.815 0.00000e+00
    9    16.16667   -97.40224 36.32161      52.693     375.161  962.401  293.611   81.782    0.541   12.830 0.00000e+00
   10    16.18333   -97.40199 36.32393      92.920     414.208  958.097  293.169   83.409    0.905   12.787 0.00000e+00
   11    16.20000   -97.40131 36.32656     138.987     458.620  953.170  292.692   85.256    0.810   12.752 0.00000e+00
   12    16.21667   -97.40054 36.32940     173.711     491.729  949.505  292.353   86.698    0.546   12.743 0.00000e+00
   13    16.23333   -97.39977 36.33241     189.581     505.500  948.048  292.216   87.235    0.189   12.733 0.00000e+00
   14    16.25000   -97.39899 36.33548     188.942     502.290  948.426  292.237   87.041   -0.066   12.715 0.00000e+00
   15    16.26667   -97.39835 36.33856     176.640     487.398  950.039  292.364   86.396   -0.154   12.701 0.00000e+00
   16    16.28333   -97.39785 36.34161     161.429     471.709  951.740  292.495   85.735   -0.172   12.685 0.00000e+00
   17    16.30000   -97.39752 36.34466     143.590     453.839  953.643  292.651   85.058   -0.169   12.683 0.00000e+00
   18    16.31667   -97.39732 36.34768     126.702     438.252  955.245  292.786   84.588   -0.173   12.699 0.00000e+00
   19    16.33333   -97.39727 36.35067     110.167     425.424  956.682  292.913   84.152   -0.181   12.715 0.00000e+00
   20    16.35000   -97.39738 36.35365      97.328     416.290  957.709  293.005   83.821   -0.160   12.725 0.00000e+00
   21    16.36667   -97.39759 36.35661      88.405     410.026  958.468  293.083   83.608   -0.109   12.744 0.00000e+00
   22    16.38333   -97.39783 36.35955      80.745     404.172  959.170  293.149   83.383   -0.172   12.753 0.00000e+00
   23    16.40000   -97.39803 36.36245      70.738     396.032  960.040  293.240   83.064   -0.213   12.765 0.00000e+00
   24    16.41667   -97.39812 36.36528      60.192     386.749  961.138  293.364   82.616   -0.196   12.780 0.00000e+00
   25    16.43333   -97.39816 36.36804      50.586     378.062  962.060  293.517   82.131   -0.170   12.814 0.00000e+00
   26    16.45000   -97.39811 36.37072      42.592     370.936  962.888  293.664   81.672   -0.152   12.849 0.00000e+00
   27    16.46667   -97.39803 36.37333      35.012     362.066  963.965  293.841   81.139   -0.113   12.892 0.00000e+00
   28    16.48333   -97.39785 36.37584      29.665     354.118  964.838  293.999   80.680   -0.093   12.934 0.00000e+00
   29    16.50000   -97.39754 36.37820      24.341     346.245  965.737  294.166   80.198   -0.069   12.979 0.00000e+00
   30    16.51667   -97.39707 36.38046      19.741     339.365  966.467  294.302   79.755   -0.073   13.007 0.00000e+00
   31    16.53333   -97.39655 36.38258      14.956     333.332  967.124  294.464   79.274   -0.069   13.050 0.00000e+00
   32    16.55000   -97.39600 36.38458      10.639     327.858  967.670  294.541   78.880   -0.061   13.040 0.00000e+00
   33    16.56667   -97.39540 36.38649       8.216     324.368  968.027  294.659   78.315   -0.042   13.036 0.00000e+00
   34    16.58333   -97.39475 36.38842       5.775     320.892  968.341  294.750   77.634   -0.043   12.991 0.00000e+00
   35    16.60000   -97.39405 36.39043       3.443     317.780  968.635  294.858   77.117   -0.025   12.987 0.00000e+00
   36    16.61667   -97.39315 36.39253       2.401     315.866  968.816  294.970   76.580   -0.019   12.984 0.00000e+00
   37    16.63333   -97.39204 36.39458       2.172     314.592  968.922  294.994   76.570    0.002   13.000 0.00000e+00
   38    16.65000   -97.39090 36.39640       2.982     314.303  968.926  295.151   76.437    0.026   13.104 0.00000e+00
   39    16.66667   -97.39004 36.39793       5.480     315.975  968.861  295.312   76.548    0.078   13.254 0.00000e+00
   40    16.68333   -97.38960 36.39925      11.827     321.789  968.270  295.140   77.145    0.156   13.225 0.00000e+00
   41    16.70000   -97.38945 36.40052      24.032     333.618  966.943  294.960   77.772    0.305   13.204 0.00000e+00
   42    16.71667   -97.38944 36.40197      50.369     359.604  964.064  294.548   79.027    0.645   13.119 0.00000e+00
   43    16.73333   -97.38953 36.40371     101.170     410.028  958.534  293.928   81.160    1.100   13.039 0.00000e+00
   44    16.75000   -97.38972 36.40577     171.139     479.766  950.811  293.213   84.051    1.216   13.021 0.00000e+00
   45    16.76667   -97.38983 36.40805     227.801     536.438  944.569  292.656   86.381    0.785   13.010 0.00000e+00
   46    16.78333   -97.38974 36.41032     254.210     562.749  941.716  292.334   87.548    0.123   12.961 0.00000e+00
   47    16.80000   -97.38959 36.41265     253.262     561.634  941.810  292.272   87.393   -0.267   12.886 0.00000e+00
   48    16.81667   -97.38951 36.41517     228.411     537.189  944.451  292.488   85.501   -0.781   12.744 0.00000e+00
   49    16.83333   -97.38955 36.41789     177.671     487.211  949.927  293.079   81.851   -1.142   12.587 0.00000e+00
   50    16.85000   -97.38943 36.42071     119.673     429.915  956.240  293.640   79.518   -0.876   12.579 0.00000e+00
   51    16.86667   -97.38902 36.42353      81.060     391.451  960.448  293.945   78.401   -0.370   12.584 0.00000e+00
   52    16.88333   -97.38829 36.42640      67.123     377.717  961.915  294.144   77.948    0.040   12.648 0.00000e+00
   53    16.90000   -97.38757 36.42907      75.261     386.602  960.948  294.123   78.274    0.344   12.697 0.00000e+00
   54    16.91667   -97.38695 36.43168      93.257     403.400  959.236  294.042   79.055    0.412   12.782 0.00000e+00
   55    16.93333   -97.38654 36.43424     118.938     426.737  956.662  293.833   79.950    0.486   12.795 0.00000e+00
   56    16.95000   -97.38641 36.43685     147.173     452.516  953.786  293.583   81.034    0.483   12.807 0.00000e+00
   57    16.96667   -97.38651 36.43950     170.906     474.948  951.217  293.356   82.108    0.345   12.829 0.00000e+00
   58    16.98333   -97.38663 36.44220     180.528     485.013  950.140  293.250   82.648    0.162   12.843 0.00000e+00
   59    17.00000   -97.38663 36.44493     176.161     481.033  950.580  293.274   82.575   -0.002   12.845 0.00000e+00
   60    17.01667   -97.38641 36.44765     162.392     468.275  951.907  293.380   82.169   -0.037   12.848 0.00000e+00
   61    17.03333   -97.38609 36.45029     148.932     457.171  953.198  293.494   81.724    0.010   12.853 0.00000e+00
   62    17.05000   -97.38570 36.45284     138.620     449.013  954.062  293.574   81.371   -0.083   12.849 0.00000e+00
   63    17.06667   -97.38528 36.45532     131.207     442.901  954.899  293.650   81.054   -0.002   12.849 0.00000e+00
   64    17.08333   -97.38491 36.45770     133.704     443.106  954.862  293.656   81.043    0.228   12.852 0.00000e+00
   65    17.10000   -97.38448 36.46006     140.255     447.360  954.336  293.618   81.090    0.186   12.836 0.00000e+00
   66    17.11667   -97.38400 36.46248     143.205     448.212  954.247  293.615   80.996    0.097   12.820 0.00000e+00
   67    17.13333   -97.38347 36.46498     138.746     441.423  955.015  293.694   80.612    0.057   12.812 0.00000e+00
   68    17.15000   -97.38286 36.46747     130.699     430.768  956.177  293.817   80.064   -0.133   12.807 0.00000e+00
   69    17.16667   -97.38219 36.46990     120.651     418.088  957.578  293.964   79.449   -0.072   12.806 0.00000e+00
   70    17.18333   -97.38163 36.47226     116.202     411.191  958.292  294.065   79.069   -0.036   12.816 0.00000e+00
   71    17.20000   -97.38113 36.47462     106.169     399.182  959.646  294.204   78.475   -0.192   12.812 0.00000e+00
   72    17.21667   -97.38065 36.47696      86.524     377.660  962.012  294.428   77.577   -0.346   12.810 0.00000e+00
   73    17.23333   -97.38019 36.47923      57.152     346.523  965.426  294.725   76.304   -0.521   12.788 0.00000e+00
   74    17.25000   -97.37975 36.48138      28.768     318.151  968.447  295.081   74.953   -0.337   12.801 0.00000e+00
   75    17.26667   -97.37917 36.48317      15.304     305.615  969.849  295.516   73.795   -0.126   12.926 0.00000e+00
   76    17.28333   -97.37837 36.48468      10.996     302.137  970.236  295.848   73.022   -0.007   13.049 0.00000e+00
   77    17.30000   -97.37761 36.48595      12.830     304.687  969.969  295.935   72.892    0.068   13.100 0.00000e+00
   78    17.31667   -97.37708 36.48695      20.817     313.229  969.006  295.805   73.207    0.198   13.065 0.00000e+00
   79    17.33333   -97.37682 36.48795      43.204     336.136  966.495  295.491   74.123    0.591   13.009 0.00000e+00
   80    17.35000   -97.37673 36.48925      95.277     388.823  960.607  294.919   75.819    1.177   12.926 0.00000e+00
   81    17.36667   -97.37648 36.49083     185.780     480.044  950.527  293.988   79.127    1.872   12.869 0.00000e+00
   82    17.38333   -97.37594 36.49271     301.122     596.200  937.862  292.858   83.704    2.339   12.860 0.00000e+00
   83    17.40000   -97.37513 36.49472     425.921     721.790  924.278  291.624   89.069    2.537   12.848 0.00000e+00
   84    17.41667   -97.37413 36.49682     549.308     845.923  911.010  290.415   94.707    2.443   12.837 0.00000e+00
   85    17.43333   -97.37273 36.49919     669.406     966.972  898.174  289.272  100.000    2.289   12.789 1.60464e-02
   86    17.45000   -97.37070 36.50149     765.494    1063.917  888.051  288.830  100.000    1.515   12.581 2.09810e-01
   87    17.46667   -97.36779 36.50370     818.624    1117.907  882.398  288.493  100.000    0.081   12.391 2.64661e-01
   88    17.48333   -97.36413 36.50588     837.675    1138.181  880.271  288.215  100.000   -0.693   12.201 1.66084e-01
   89    17.50000   -97.35999 36.50824     834.284    1135.439  880.650  288.189  100.000   -0.746   12.175 1.15941e-01
   90    17.51667   -97.35583 36.51112     828.979    1128.255  881.439  288.212  100.000   -0.258   12.181 1.09962e-01
   91    17.53333   -97.35172 36.51459     837.753    1134.584  880.718  288.197  100.000   -0.195   12.179 1.35391e-01
   92    17.55000   -97.34786 36.51872     826.045    1122.492  881.966  288.163  100.000   -0.192   12.134 5.48940e-02
   93    17.56667   -97.34442 36.52332     800.930    1097.603  884.505  288.296  100.000   -0.446   12.193 2.70421e-02
   94    17.58333   -97.34097 36.52772     774.315    1072.603  887.122  288.491   98.577   -0.105   12.129 8.59325e-05
   95    17.60000   -97.33784 36.53167     766.378    1066.089  887.853  288.630   96.843    0.319   12.013 0.00000e+00
   96    17.61667   -97.33514 36.53529     797.972    1099.352  884.337  288.319   99.592    1.170   12.156 5.25045e-02
   97    17.63333   -97.33263 36.53863     873.222    1176.675  876.330  287.985  100.000    1.767   12.073 2.08322e-01
   98    17.65000   -97.32990 36.54147     964.054    1269.359  866.790  287.543  100.000    1.872   11.862 3.81228e-01
   99    17.66667   -97.32687 36.54377    1052.652    1359.365  857.587  287.164  100.000    2.114   11.697 5.97088e-01
  100    17.68333   -97.32369 36.54581    1129.562    1438.291  849.560  286.682  100.000    1.815   11.442 6.30568e-01
  101    17.70000   -97.32056 36.54825    1198.190    1509.528  842.423  286.204  100.000    1.607   11.184 6.00631e-01
  102    17.71667   -97.31753 36.55106    1246.166    1560.177  837.370  285.901  100.000    1.295   11.030 6.50268e-01
  103    17.73333   -97.31433 36.55406    1261.342    1579.315  835.426  285.647  100.000    0.398   10.873 5.25174e-01
  104    17.75000   -97.31114 36.55730    1241.202    1564.352  836.986  285.620  100.000   -0.470   10.834 3.78406e-01
  105    17.76667   -97.30824 36.56092    1190.604    1517.430  841.685  285.882  100.000   -0.862   10.960 2.30968e-01
  106    17.78333   -97.30556 36.56485    1116.844    1444.828  849.063  286.159   99.617   -1.323   11.002 1.50708e-03
  107    17.80000   -97.30260 36.56891    1045.695    1372.182  856.410  286.846   95.487   -1.441   10.937 0.00000e+00
  108    17.81667   -97.29911 36.57297     992.905    1317.718  861.921  287.280   92.908   -1.217   10.877 0.00000e+00
  109    17.83333   -97.29565 36.57669     958.068    1283.010  865.454  287.430   91.747   -1.319   10.803 0.00000e+00
  110    17.85000   -97.29248 36.58022     935.556    1260.919  867.806  287.542   92.955   -0.776   10.995 8.39866e-04
  111    17.86667   -97.28938 36.58364     927.287    1249.670  869.075  287.585   94.071   -0.365   11.142 0.00000e+00
  112    17.88333   -97.28609 36.58689     923.782    1240.913  870.110  287.625   94.595   -0.543   11.220 0.00000e+00
  113    17.90000   -97.28259 36.58997     906.299    1215.797  872.613  287.859   93.734   -0.977   11.255 0.00000e+00
  114    17.91667   -97.27912 36.59278     867.352    1170.372  877.296  288.330   91.484   -0.914   11.265 0.00000e+00
  115    17.93333   -97.27573 36.59543     831.036    1130.401  881.302  288.678   89.664   -0.301   11.241 0.00000e+00
  116    17.95000   -97.27225 36.59805     823.499    1120.474  882.355  288.747   89.591    0.327   11.268 0.00000e+00
  117    17.96667   -97.26873 36.60082     835.176    1130.038  881.337  288.612   90.661    0.441   11.317 0.00000e+00
  118    17.98333   -97.26529 36.60376     851.705    1144.701  879.819  288.465   91.445    0.372   11.327 0.00000e+00
  119    18.00000   -97.26198 36.60678     867.841    1160.114  878.169  288.303   92.285    0.265   11.333 0.00000e+00
  120    18.01667   -97.25869 36.60984     878.842    1171.369  877.010  288.180   92.994    0.010   11.344 0.00000e+00
  121    18.03333   -97.25537 36.61287     879.761    1172.078  876.947  288.214   92.348   -0.115   11.291 0.00000e+00
  122    18.05000   -97.25211 36.61586     871.608    1163.833  877.809  288.350   91.219   -0.241   11.240 0.00000e+00
  123    18.06667   -97.24897 36.61879     852.560    1145.043  879.753  288.532   90.460   -0.401   11.254 0.00000e+00
  124    18.08333   -97.24607 36.62163     828.061    1121.047  882.239  288.747   89.673   -0.251   11.280 0.00000e+00
  125    18.10000   -97.24356 36.62439     823.702    1117.145  882.728  288.739   90.055    0.467   11.316 0.00000e+00
  126    18.11667   -97.24147 36.62725     862.914    1156.358  878.626  288.275   95.699    1.019   11.725 1.61089e-03
  127    18.13333   -97.23937 36.63029     909.288    1202.407  873.857  287.923   97.276    0.598   11.712 3.32727e-02
  128    18.15000   -97.23721 36.63346     936.117    1229.087  871.100  287.684   97.709   -0.038   11.620 9.41951e-03
  129    18.16667   -97.23486 36.63666     933.897    1227.555  871.211  287.737   95.997   -0.603   11.455 9.14563e-04
  130    18.18333   -97.23233 36.63974     903.502    1197.828  874.267  288.052   93.409   -1.155   11.336 0.00000e+00
  131    18.20000   -97.22987 36.64266     849.721    1144.752  879.784  288.622   89.998   -1.262   11.262 0.00000e+00
  132    18.21667   -97.22771 36.64548     784.099    1079.736  886.562  289.283   86.796   -1.128   11.247 0.00000e+00
  133    18.23333   -97.22600 36.64826     736.557    1032.036  891.579  289.789   84.024   -0.446   11.183 0.00000e+00
  134    18.25000   -97.22464 36.65107     725.272    1020.577  892.799  289.730   86.259    0.103   11.421 0.00000e+00
  135    18.26667   -97.22340 36.65386     742.811    1038.269  890.875  289.390   89.978    0.566   11.682 0.00000e+00
  136    18.28333   -97.22202 36.65658     772.410    1068.335  887.742  289.092   91.491    0.423   11.694 0.00000e+00
  137    18.30000   -97.22049 36.65915     786.640    1083.370  886.110  289.058   90.288    0.107   11.536 0.00000e+00
  138    18.31667   -97.21909 36.66155     792.889    1090.591  885.422  289.150   88.110    0.221   11.334 0.00000e+00
  139    18.33333   -97.21778 36.66394     805.980    1104.536  883.988  289.085   87.780    0.447   11.263 0.00000e+00
  140    18.35000   -97.21655 36.66647     823.960    1123.168  882.065  288.880   89.243    0.569   11.325 0.00000e+00
  141    18.36667   -97.21525 36.66911     843.033    1142.738  880.025  288.650   90.929    0.484   11.395 0.00000e+00
  142    18.38333   -97.21385 36.67186     857.733    1157.764  878.488  288.508   91.705    0.226   11.408 0.00000e+00
  143    18.40000   -97.21235 36.67469     859.997    1160.400  878.232  288.510   91.516   -0.097   11.389 0.00000e+00
  144    18.41667   -97.21079 36.67758     851.364    1152.076  879.079  288.622   90.676   -0.242   11.356 0.00000e+00
  145    18.43333   -97.20927 36.68058     840.475    1141.421  880.161  288.763   89.637   -0.386   11.314 0.00000e+00
  146    18.45000   -97.20775 36.68358     814.259    1115.015  882.871  289.065   87.727   -0.774   11.256 0.00000e+00
  147    18.46667   -97.20638 36.68629     773.313    1074.007  887.182  289.468   85.929   -0.793   11.259 0.00000e+00
  148    18.48333   -97.20528 36.68871     736.442    1037.072  891.049  289.806   84.692   -0.608   11.291 0.00000e+00
  149    18.50000   -97.20441 36.69098     707.533    1007.731  894.188  290.089   83.558   -0.499   11.304 0.00000e+00
  150    18.51667   -97.20364 36.69326     679.336     979.085  897.161  290.327   82.877   -0.499   11.345 0.00000e+00
  151    18.53333   -97.20294 36.69551     648.000     947.379  900.442  290.603   81.938   -0.573   11.374 0.00000e+00
  152    18.55000   -97.20229 36.69773     607.263     906.703  904.701  290.967   80.675   -0.753   11.407 0.00000e+00
  153    18.56667   -97.20161 36.69987     553.838     853.806  910.287  291.443   79.259   -1.015   11.478 0.00000e+00
  154    18.58333   -97.20087 36.70200     480.725     781.204  917.950  292.128   76.986   -1.285   11.544 0.00000e+00
  155    18.60000   -97.20001 36.70417     391.076     692.071  927.542  292.982   74.152   -1.693   11.610 0.00000e+00
  156    18.61667   -97.19902 36.70634     293.301     595.032  937.998  293.915   71.160   -1.663   11.676 0.00000e+00
  157    18.63333   -97.19789 36.70847     196.162     498.818  948.454  294.817   67.862   -1.781   11.645 0.00000e+00
  158    18.65000   -97.19650 36.71052     110.995     414.636  957.721  295.662   65.191   -1.240   11.670 0.00000e+00
  159    18.66667   -97.19498 36.71230      69.659     374.281  962.158  296.176   64.231   -0.375   11.811 0.00000e+00
  160    18.68333   -97.19336 36.71375      69.141     374.588  962.130  296.534   64.586    0.349   12.140 0.00000e+00
  161    18.70000   -97.19183 36.71516     100.548     406.629  958.605  296.206   65.851    0.784   12.177 0.00000e+00
  162    18.71667   -97.19079 36.71695     138.106     444.690  954.397  295.644   67.719    0.527   12.152 0.00000e+00
  163    18.73333   -97.19003 36.71895     187.114     494.146  948.978  295.208   69.473    1.010   12.206 0.00000e+00
  164    18.75000   -97.18939 36.72086     265.711     573.164  940.380  294.453   72.207    1.600   12.219 0.00000e+00
  165    18.76667   -97.18890 36.72260     347.250     655.254  931.460  293.535   75.168    1.272   12.131 0.00000e+00
  166    18.78333   -97.18853 36.72439     421.587     730.255  923.422  292.785   77.809    1.421   12.087 0.00000e+00
  167    18.80000   -97.18832 36.72620     512.245     821.484  913.687  291.890   81.177    1.709   12.048 0.00000e+00
  168    18.81667   -97.18844 36.72796     606.693     916.376  903.670  290.964   84.765    1.544   11.996 0.00000e+00
  169    18.83333   -97.18864 36.72972     681.822     991.837  895.739  290.237   87.550    1.240   11.935 0.00000e+00
  170    18.85000   -97.18875 36.73157     737.833    1047.239  889.994  289.719   89.475    1.091   11.877 0.00000e+00
  171    18.86667   -97.18871 36.73361     778.210    1086.625  885.946  289.357   90.858    0.878   11.837 0.00000e+00
  172    18.88333   -97.18855 36.73593     800.446    1107.809  883.734  289.172   91.389    0.582   11.795 0.00000e+00
  173    18.90000   -97.18839 36.73838     801.800    1108.244  883.673  289.202   90.978    0.025   11.765 0.00000e+00
  174    18.91667   -97.18819 36.74087     788.147    1095.162  884.979  289.337   90.427   -0.529   11.779 0.00000e+00
  175    18.93333   -97.18798 36.74343     757.309    1065.153  888.070  289.656   88.929   -0.921   11.782 0.00000e+00
  176    18.95000   -97.18792 36.74601     708.719    1017.351  893.059  290.102   87.092   -0.659   11.806 0.00000e+00
  177    18.96667   -97.18806 36.74851     678.205     986.349  896.353  290.399   85.761   -0.068   11.805 0.00000e+00
  178    18.98333   -97.18813 36.75101     675.320     982.603  896.795  290.454   85.545    0.270   11.810 0.00000e+00
