    0    16.01667   -97.53799 36.26387      77.035     430.996  955.882  292.881   85.454    0.039   12.897 0.00000e+00
    1    16.03333   -97.53833 36.26643      76.444     430.991  955.866  292.892   85.452    0.133   12.906 0.00000e+00
    2    16.05000   -97.53882 36.26903      82.652     437.819  955.112  292.862   85.687    0.354   12.927 0.00000e+00
    3    16.06667   -97.53913 36.27155      98.020     453.900  953.357  292.719   86.311    0.301   12.929 0.00000e+00
    4    16.08333   -97.53923 36.27406     117.546     473.412  951.215  292.528   87.074    0.268   12.917 0.00000e+00
    5    16.10000   -97.53925 36.27655     142.568     498.340  948.494  292.290   88.054    0.393   12.906 0.00000e+00
    6    16.11667   -97.53929 36.27903     177.986     533.682  944.679  291.973   89.466    0.576   12.906 0.00000e+00
    7    16.13333   -97.53938 36.28154     210.451     565.375  941.220  291.680   90.828    0.444   12.910 0.00000e+00
    8    16.15000   -97.53951 36.28401     229.031     582.745  939.310  291.501   91.688    0.049   12.912 0.00000e+00
    9    16.16667   -97.53964 36.28637     233.703     586.270  938.914  291.430   91.931   -0.105   12.893 0.00000e+00
   10    16.18333   -97.53996 36.28859     247.446     598.934  937.527  291.355   91.705    0.488   12.820 0.00000e+00
   11    16.20000   -97.54021 36.29102     293.487     644.047  932.643  290.922   93.691    1.205   12.810 0.00000e+00
   12    16.21667   -97.53997 36.29354     348.274     697.897  926.820  290.388   96.279    1.055   12.804 0.00000e+00
   13    16.23333   -97.53938 36.29617     382.875     731.469  923.188  290.065   97.598    0.208   12.765 0.00000e+00
   14    16.25000   -97.53853 36.29913     400.235     749.024  921.253  289.932   97.863   -0.467   12.718 1.11040e-05
   15    16.26667   -97.53734 36.30221     396.831     745.519  921.679  290.032   96.985   -0.760   12.679 0.00000e+00
   16    16.28333   -97.53611 36.30558     376.906     725.310  923.756  290.315   94.849   -0.946   12.598 0.00000e+00
   17    16.30000   -97.53493 36.30911     362.911     711.228  925.335  290.578   92.861   -0.493   12.520 0.00000e+00
   18    16.31667   -97.53363 36.31263     356.307     703.565  926.273  290.758   91.495   -0.182   12.465 0.00000e+00
   19    16.33333   -97.53213 36.31613     365.663     710.653  925.477  290.726   91.422    0.391   12.441 0.00000e+00
   20    16.35000   -97.53031 36.31961     394.815     737.243  922.662  290.457   92.892    0.547   12.464 0.00000e+00
   21    16.36667   -97.52824 36.32296     420.454     761.443  919.880  290.208   94.056    0.472   12.460 0.00000e+00
   22    16.38333   -97.52618 36.32619     439.924     781.599  917.773  290.001   95.178    0.480   12.472 0.00000e+00
   23    16.40000   -97.52424 36.32933     458.044     799.678  915.834  289.822   96.138    0.410   12.480 0.00000e+00
   24    16.41667   -97.52244 36.33241     481.813     823.669  913.202  289.582   97.337    0.496   12.479 0.00000e+00
   25    16.43333   -97.52045 36.33546     503.966     847.342  910.608  289.342   98.800    0.217   12.509 5.30410e-03
   26    16.45000   -97.51836 36.33860     502.511     847.858  910.669  289.349   98.983   -0.251   12.536 8.67999e-04
   27    16.46667   -97.51649 36.34186     482.634     826.975  912.940  289.544   98.040   -0.539   12.542 9.14882e-04
   28    16.48333   -97.51505 36.34518     453.885     797.520  916.116  289.836   96.579   -0.590   12.544 0.00000e+00
   29    16.50000   -97.51401 36.34845     431.138     772.669  918.827  290.093   95.253   -0.298   12.540 0.00000e+00
   30    16.51667   -97.51315 36.35164     428.492     766.496  919.473  290.176   94.647    0.249   12.518 0.00000e+00
   31    16.53333   -97.51215 36.35463     440.552     775.213  918.505  290.101   94.942    0.613   12.510 0.00000e+00
   32    16.55000   -97.51083 36.35735     451.312     783.560  917.629  290.022   95.322    0.456   12.509 0.00000e+00
   33    16.56667   -97.50936 36.35972     449.910     780.563  917.959  290.054   95.126    0.177   12.505 0.00000e+00
   34    16.58333   -97.50771 36.36184     433.272     762.771  919.820  290.214   94.448   -0.383   12.517 0.00000e+00
   35    16.60000   -97.50584 36.36402     424.088     752.645  920.906  290.404   93.026   -0.744   12.464 0.00000e+00
   36    16.61667   -97.50374 36.36626     418.148     745.844  921.699  290.584   91.479   -0.340   12.388 0.00000e+00
   37    16.63333   -97.50146 36.36854     416.780     743.068  922.014  290.563   91.906    0.237   12.425 0.00000e+00
   38    16.65000   -97.49906 36.37099     428.723     753.218  920.876  290.385   93.299    0.277   12.487 0.00000e+00
   39    16.66667   -97.49660 36.37373     443.868     769.067  919.106  290.199   94.425    0.207   12.512 0.00000e+00
   40    16.68333   -97.49425 36.37674     457.909     784.371  917.429  290.069   94.978    0.110   12.504 0.00000e+00
   41    16.70000   -97.49202 36.38002     476.441     805.079  915.139  289.876   95.885    0.217   12.500 0.00000e+00
   42    16.71667   -97.48979 36.38346     504.504     835.526  911.940  289.616   97.037    0.331   12.485 0.00000e+00
   43    16.73333   -97.48740 36.38696     530.451     862.451  909.127  289.377   98.139    0.212   12.474 0.00000e+00
   44    16.75000   -97.48495 36.39042     539.403     873.674  907.775  289.247   98.852   -0.034   12.478 1.46547e-03
   45    16.76667   -97.48260 36.39382     529.535     867.261  908.550  289.322   98.489   -0.340   12.482 0.00000e+00
   46    16.78333   -97.48056 36.39713     503.537     843.300  911.250  289.573   97.159   -0.466   12.476 0.00000e+00
   47    16.80000   -97.47902 36.40041     479.225     817.416  914.061  289.852   95.526   -0.473   12.449 0.00000e+00
   48    16.81667   -97.47799 36.40374     463.171     799.090  915.983  290.045   94.433   -0.318   12.433 0.00000e+00
   49    16.83333   -97.47728 36.40705     453.168     786.756  917.285  290.204   93.927   -0.177   12.475 0.00000e+00
   50    16.85000   -97.47640 36.41040     455.432     787.089  917.230  290.230   93.892   -0.311   12.492 0.00000e+00
   51    16.86667   -97.47527 36.41380     454.146     784.629  917.427  290.290   93.547   -0.560   12.491 0.00000e+00
   52    16.88333   -97.47393 36.41729     428.601     759.044  920.140  290.568   92.091   -1.018   12.479 0.00000e+00
   53    16.90000   -97.47248 36.42069     375.983     707.390  925.674  291.090   89.640   -1.200   12.481 0.00000e+00
   54    16.91667   -97.47107 36.42386     328.487     659.769  930.966  291.557   87.876   -0.792   12.531 0.00000e+00
   55    16.93333   -97.46980 36.42698     307.566     637.108  933.535  291.826   86.294   -0.249   12.482 0.00000e+00
   56    16.95000   -97.46857 36.43018     310.986     637.446  933.546  291.842   86.297    0.299   12.495 0.00000e+00
   57    16.96667   -97.46731 36.43337     333.322     655.933  931.479  291.629   87.578    0.592   12.539 0.00000e+00
   58    16.98333   -97.46606 36.43660     363.487     682.674  928.572  291.326   89.158    0.573   12.562 0.00000e+00
   59    17.00000   -97.46476 36.43985     392.285     709.006  925.675  291.074   90.263    0.384   12.555 0.00000e+00
   60    17.01667   -97.46344 36.44312     412.245     727.432  923.639  290.954   90.326    0.211   12.497 0.00000e+00
   61    17.03333   -97.46209 36.44635     427.322     741.230  922.182  290.860   90.406    0.172   12.453 0.00000e+00
   62    17.05000   -97.46074 36.44956     436.120     749.377  921.321  290.791   90.590    0.072   12.436 0.00000e+00
   63    17.06667   -97.45937 36.45274     432.876     745.275  921.854  290.836   90.396   -0.111   12.437 0.00000e+00
   64    17.08333   -97.45807 36.45584     419.457     730.875  923.359  290.950   90.042   -0.233   12.458 0.00000e+00
   65    17.10000   -97.45679 36.45886     402.877     713.416  925.233  291.089   89.600   -0.144   12.481 0.00000e+00
   66    17.11667   -97.45541 36.46179     388.297     697.958  926.927  291.235   89.331   -0.116   12.537 0.00000e+00
   67    17.13333   -97.45393 36.46482     369.245     678.299  928.969  291.533   88.801   -0.269   12.671 0.00000e+00
   68    17.15000   -97.45244 36.46806     337.613     646.652  932.400  291.942   87.339   -0.613   12.741 0.00000e+00
   69    17.16667   -97.45116 36.47148     293.167     601.739  937.371  292.392   85.285   -0.573   12.731 0.00000e+00
   70    17.18333   -97.45020 36.47495     253.872     560.778  941.793  292.769   83.195   -0.359   12.657 0.00000e+00
   71    17.20000   -97.44956 36.47848     225.402     530.850  945.038  293.044   81.965   -0.092   12.642 0.00000e+00
   72    17.21667   -97.44925 36.48195     226.331     530.000  945.141  293.048   81.864    0.502   12.628 0.00000e+00
   73    17.23333   -97.44917 36.48532     253.325     554.833  942.432  292.803   82.881    0.716   12.627 0.00000e+00
   74    17.25000   -97.44915 36.48861     289.426     588.922  938.691  292.473   84.410    0.522   12.646 0.00000e+00
   75    17.26667   -97.44906 36.49180     319.949     618.462  935.503  292.214   85.634    0.209   12.667 0.00000e+00
   76    17.28333   -97.44881 36.49498     336.168     633.684  933.859  292.065   86.370   -0.124   12.678 0.00000e+00
   77    17.30000   -97.44851 36.49826     335.029     632.360  933.907  292.074   86.402   -0.348   12.689 0.00000e+00
   78    17.31667   -97.44823 36.50153     316.897     615.161  935.743  292.228   85.584   -0.478   12.667 0.00000e+00
   79    17.33333   -97.44810 36.50478     288.786     588.073  938.612  292.466   84.385   -0.442   12.639 0.00000e+00
   80    17.35000   -97.44816 36.50798     258.996     560.379  941.689  292.725   83.213   -0.440   12.626 0.00000e+00
   81    17.36667   -97.44838 36.51112     234.512     538.022  944.049  292.945   82.211   -0.364   12.615 0.00000e+00
   82    17.38333   -97.44873 36.51412     217.331     522.754  945.815  293.117   81.416   -0.312   12.604 0.00000e+00
   83    17.40000   -97.44910 36.51698     203.629     510.555  947.180  293.255   80.689   -0.247   12.582 0.00000e+00
   84    17.41667   -97.44954 36.51983     195.843     504.359  947.845  293.317   80.415   -0.087   12.578 0.00000e+00
   85    17.43333   -97.45004 36.52275     193.938     503.927  947.931  293.337   80.107   -0.077   12.545 0.00000e+00
   86    17.45000   -97.45079 36.52576     189.091     500.161  948.317  293.368   79.890   -0.143   12.530 0.00000e+00
   87    17.46667   -97.45197 36.52884     187.230     499.599  948.366  293.382   80.097    0.167   12.573 0.00000e+00
   88    17.48333   -97.45309 36.53201     232.877     545.891  943.357  293.007   82.185    1.595   12.670 0.00000e+00
   89    17.50000   -97.45390 36.53510     320.431     633.756  933.797  292.145   85.961    1.498   12.683 0.00000e+00
   90    17.51667   -97.45439 36.53808     371.052     684.845  928.321  291.669   88.015    0.665   12.676 0.00000e+00
   91    17.53333   -97.45467 36.54100     372.851     686.785  928.120  291.653   88.257   -0.038   12.701 0.00000e+00
   92    17.55000   -97.45486 36.54388     356.351     670.334  929.948  291.849   87.155   -0.209   12.674 0.00000e+00
   93    17.56667   -97.45504 36.54674     336.811     650.799  932.006  292.030   85.898   -0.496   12.606 0.00000e+00
   94    17.58333   -97.45535 36.54958     330.335     644.283  932.707  292.137   85.212   -0.009   12.581 0.00000e+00
   95    17.60000   -97.45596 36.55224     343.258     657.216  931.273  292.088   85.157    0.095   12.553 0.00000e+00
   96    17.61667   -97.45677 36.55489     337.509     651.503  931.883  292.155   84.952   -0.436   12.568 0.00000e+00
   97    17.63333   -97.45773 36.55749     303.589     618.403  935.436  292.478   83.603   -0.929   12.574 0.00000e+00
   98    17.65000   -97.45872 36.56008     265.143     580.683  939.426  292.837   82.033   -0.637   12.565 0.00000e+00
   99    17.66667   -97.45964 36.56252     255.996     572.011  940.425  292.909   81.735    0.337   12.563 0.00000e+00
  100    17.68333   -97.46019 36.56491     277.178     592.788  938.193  292.690   82.745    0.347   12.574 0.00000e+00
  101    17.70000   -97.46021 36.56715     296.854     611.685  936.103  292.523   83.206    0.361   12.540 0.00000e+00
  102    17.71667   -97.45990 36.56918     321.393     635.579  933.534  292.299   84.218    0.557   12.550 0.00000e+00
  103    17.73333   -97.45947 36.57129     349.717     663.277  930.534  292.029   85.465    0.609   12.562 0.00000e+00
  104    17.75000   -97.45897 36.57352     373.644     686.359  928.087  291.841   86.162    0.359   12.548 0.00000e+00
  105    17.76667   -97.45835 36.57587     381.541     693.213  927.336  291.789   86.249   -0.036   12.530 0.00000e+00
  106    17.78333   -97.45767 36.57829     367.092     677.554  929.091  291.963   85.291   -0.582   12.504 0.00000e+00
  107    17.80000   -97.45712 36.58062     325.148     634.474  933.740  292.390   83.332   -1.104   12.487 0.00000e+00
  108    17.81667   -97.45686 36.58291     270.391     579.007  939.730  292.936   81.027   -1.096   12.484 0.00000e+00
  109    17.83333   -97.45702 36.58509     218.316     526.294  945.511  293.470   78.656   -0.837   12.453 0.00000e+00
  110    17.85000   -97.45761 36.58712     171.248     478.630  950.645  293.981   76.730   -0.636   12.472 0.00000e+00
  111    17.86667   -97.45861 36.58903     130.757     437.648  955.163  294.477   74.996   -0.505   12.512 0.00000e+00
  112    17.88333   -97.45985 36.59075     123.609     430.125  955.963  294.556   74.678   -0.066   12.510 0.00000e+00
  113    17.90000   -97.46072 36.59237     131.790     437.950  955.100  294.578   74.934    0.307   12.581 0.00000e+00
  114    17.91667   -97.46117 36.59368     186.926     492.829  949.099  294.259   76.688    1.382   12.704 0.00000e+00
  115    17.93333   -97.46114 36.59491     290.859     596.466  937.780  293.296   80.512    1.827   12.714 0.00000e+00
  116    17.95000   -97.46059 36.59639     397.255     702.531  926.320  292.287   84.317    1.719   12.654 0.00000e+00
  117    17.96667   -97.46008 36.59824     496.527     801.701  915.658  291.281   87.873    1.789   12.521 0.00000e+00
  118    17.98333   -97.45967 36.60070     599.465     904.644  904.702  290.290   91.574    1.504   12.401 0.00000e+00
  119    18.00000   -97.45924 36.60342     681.497     986.787  895.995  289.565   93.682    0.607   12.229 0.00000e+00
  120    18.01667   -97.45865 36.60610     734.068    1039.462  890.511  289.031   96.922    0.138   12.301 0.00000e+00
  121    18.03333   -97.45772 36.60862     763.526    1068.871  887.443  288.743   98.709    0.159   12.341 9.67922e-04
  122    18.05000   -97.45658 36.61108     781.252    1086.542  885.646  288.664   99.461    0.392   12.396 2.17911e-02
  123    18.06667   -97.45530 36.61364     793.921    1099.074  884.382  288.561   99.931    0.559   12.390 1.37269e-02
  124    18.08333   -97.45381 36.61622     802.128    1107.517  883.490  288.544   98.410    0.313   12.201 1.07012e-02
  125    18.10000   -97.45216 36.61885     799.674    1105.180  883.744  288.628   96.123    0.059   11.978 6.67693e-04
  126    18.11667   -97.45036 36.62142     782.421    1087.798  885.580  288.859   93.777   -0.373   11.837 0.00000e+00
  127    18.13333   -97.44849 36.62383     755.282    1060.565  888.413  289.130   92.215   -0.548   11.807 0.00000e+00
  128    18.15000   -97.44664 36.62608     723.655    1028.884  891.710  289.436   90.692   -0.637   11.798 0.00000e+00
  129    18.16667   -97.44482 36.62833     688.808     994.050  895.355  289.798   88.796   -0.616   11.775 0.00000e+00
  130    18.18333   -97.44301 36.63062     658.287     963.878  898.489  290.040   88.284   -0.452   11.848 0.00000e+00
  131    18.20000   -97.44125 36.63291     639.045     945.404  900.447  290.214   87.572   -0.206   11.858 0.00000e+00
  132    18.21667   -97.43946 36.63532     624.734     931.990  901.825  290.354   87.001   -0.240   11.868 0.00000e+00
  133    18.23333   -97.43755 36.63792     607.217     915.551  903.608  290.526   86.565   -0.400   11.915 0.00000e+00
  134    18.25000   -97.43569 36.64067     577.794     885.572  906.815  290.863   84.562   -0.608   11.849 0.00000e+00
  135    18.26667   -97.43403 36.64346     534.828     841.242  911.526  291.315   82.834   -0.378   11.883 0.00000e+00
  136    18.28333   -97.43285 36.64622     503.982     808.299  915.042  291.624   82.332   -0.378   11.998 0.00000e+00
  137    18.30000   -97.43192 36.64896     470.876     774.227  918.649  291.968   80.941   -0.497   12.006 0.00000e+00
  138    18.31667   -97.43083 36.65145     439.346     741.966  922.130  292.274   79.567   -0.492   11.986 0.00000e+00
  139    18.33333   -97.42968 36.65355     407.418     709.208  925.671  292.582   78.545   -0.557   12.017 0.00000e+00
  140    18.35000   -97.42869 36.65557     372.880     673.973  929.407  292.942   77.365   -0.628   12.058 0.00000e+00
  141    18.36667   -97.42778 36.65765     351.051     652.075  931.736  293.175   76.452   -0.387   12.060 0.00000e+00
  142    18.38333   -97.42681 36.65971     349.430     650.492  931.903  293.190   76.405   -0.128   12.062 0.00000e+00
  143    18.40000   -97.42572 36.66162     350.295     651.353  931.810  293.209   76.358   -0.228   12.070 0.00000e+00
  144    18.41667   -97.42439 36.66347     331.301     632.326  933.843  293.443   75.475   -0.531   12.079 0.00000e+00
  145    18.43333   -97.42276 36.66524     291.454     592.593  938.194  293.854   73.915   -0.832   12.080 0.00000e+00
  146    18.45000   -97.42104 36.66669     237.208     538.545  944.000  294.348   72.016   -1.308   12.061 0.00000e+00
  147    18.46667   -97.41944 36.66815     170.344     471.888  951.295  295.111   69.485   -1.413   12.105 0.00000e+00
  148    18.48333   -97.41824 36.66982     109.072     410.727  958.023  295.752   67.360   -0.835   12.121 0.00000e+00
  149    18.50000   -97.41766 36.67138      93.068     394.801  959.803  296.169   66.483    0.104   12.250 0.00000e+00
  150    18.51667   -97.41734 36.67270     109.418     411.142  957.971  296.037   66.898    0.297   12.251 0.00000e+00
  151    18.53333   -97.41715 36.67400     116.907     418.608  957.178  296.010   66.737    0.041   12.211 0.00000e+00
  152    18.55000   -97.41697 36.67545     112.559     414.240  957.643  296.024   66.366   -0.117   12.147 0.00000e+00
  153    18.56667   -97.41695 36.67708     109.969     411.645  957.904  296.089   66.216    0.324   12.165 0.00000e+00
  154    18.58333   -97.41693 36.67863     164.471     466.135  951.897  295.768   67.746    1.825   12.282 0.00000e+00
  155    18.60000   -97.41679 36.67989     282.312     584.022  939.033  294.676   71.445    2.350   12.276 0.00000e+00
  156    18.61667   -97.41660 36.68111     412.391     714.363  925.039  293.348   75.739    2.371   12.166 0.00000e+00
  157    18.63333   -97.41661 36.68232     544.208     846.562  910.937  292.036   80.893    2.605   12.154 0.00000e+00
  158    18.65000   -97.41685 36.68357     695.906     998.704  894.899  290.492   87.042    2.951   12.072 0.00000e+00
  159    18.66667   -97.41724 36.68504     888.698    1192.035  874.866  288.631   95.216    3.751   11.988 0.00000e+00
  160    18.68333   -97.41727 36.68684    1046.979    1350.899  858.703  287.320   99.338    2.535   11.705 5.89546e-02
  161    18.70000   -97.41699 36.68917    1147.661    1452.738  848.401  286.576   99.995    1.187   11.360 1.09391e-01
  162    18.71667   -97.41632 36.69176    1215.665    1522.886  841.334  286.217   99.000    0.842   11.077 1.88300e-01
  163    18.73333   -97.41544 36.69446    1273.932    1583.406  835.305  285.664   98.888    0.655   10.746 1.25264e-01
  164    18.75000   -97.41447 36.69735    1306.716    1618.322  831.892  285.333   98.834    0.226   10.551 8.86193e-02
  165    18.76667   -97.41346 36.70043    1327.084    1639.688  829.818  285.131   98.542   -0.427   10.405 5.32259e-02
  166    18.78333   -97.41226 36.70346    1326.032    1639.584  829.792  285.136   97.291   -1.247   10.277 5.63407e-02
  167    18.80000   -97.41109 36.70634    1290.371    1605.078  833.170  285.475   96.337   -2.033   10.365 2.44819e-02
  168    18.81667   -97.40965 36.70948    1242.264    1558.443  837.807  285.995   92.142   -1.393   10.203 5.32382e-03
  169    18.83333   -97.40781 36.71280    1219.553    1536.978  839.947  286.132   90.862   -0.584   10.127 0.00000e+00
  170    18.85000   -97.40569 36.71601    1220.997    1539.353  839.721  286.006   93.790    0.053   10.369 0.00000e+00
  171    18.86667   -97.40361 36.71895    1216.527    1535.992  840.096  286.040   94.764   -0.071   10.496 1.46471e-02
  172    18.88333   -97.40182 36.72182    1199.412    1519.760  841.723  286.106   95.462   -0.439   10.598 9.43064e-03
  173    18.90000   -97.40037 36.72483    1176.804    1497.482  843.994  286.393   94.001   -0.412   10.606 0.00000e+00
  174    18.91667   -97.39928 36.72808    1148.756    1470.188  846.703  286.675   92.768   -0.629   10.628 0.00000e+00
  175    18.93333   -97.39849 36.73141    1113.415    1433.979  850.461  287.028   91.185   -0.695   10.644 0.00000e+00
  176    18.95000   -97.39790 36.73457    1090.129    1407.234  853.194  287.286   90.000   -0.427   10.650 0.00000e+00
  177    18.96667   -97.39747 36.73747    1072.123    1386.045  855.296  287.490   88.861   -0.450   10.629 0.00000e+00
  178    18.98333   -97.39706 36.74018    1042.722    1353.971  858.559  287.726   89.240   -0.458   10.798 0.00000e+00
