    0    16.01667   -97.41449 36.21714      46.302     411.676  958.228  292.734   85.715   -0.161   12.786 0.00000e+00
    1    16.03333   -97.41423 36.22024      38.018     404.501  959.021  292.836   85.314   -0.095   12.797 0.00000e+00
    2    16.05000   -97.41412 36.22327      32.430     399.632  959.580  292.929   84.983   -0.037   12.815 0.00000e+00
    3    16.06667   -97.41399 36.22621      29.977     397.463  959.873  293.003   84.739   -0.043   12.833 0.00000e+00
    4    16.08333   -97.41376 36.22910      28.331     396.001  960.088  293.069   84.513   -0.053   12.849 0.00000e+00
    5    16.10000   -97.41339 36.23191      25.148     391.499  960.685  293.182   84.128   -0.006   12.873 0.00000e+00
    6    16.11667   -97.41290 36.23466      22.235     386.318  961.302  293.282   83.684   -0.048   12.877 0.00000e+00
    7    16.13333   -97.41237 36.23733      19.133     380.647  961.949  293.365   83.268   -0.056   12.871 0.00000e+00
    8    16.15000   -97.41182 36.23983      17.635     376.668  962.331  293.424   82.968   -0.059   12.867 0.00000e+00
    9    16.16667   -97.41131 36.24222      15.366     372.152  962.752  293.514   82.658   -0.030   12.885 0.00000e+00
   10    16.18333   -97.41092 36.24444      13.116     367.927  963.239  293.627   82.298   -0.022   12.913 0.00000e+00
   11    16.20000   -97.41073 36.24649      11.636     365.068  963.444  293.713   82.003   -0.043   12.934 0.00000e+00
   12    16.21667   -97.41073 36.24846      10.531     363.742  963.588  293.793   81.655   -0.018   12.941 0.00000e+00
   13    16.23333   -97.41079 36.25037      10.519     363.829  963.591  293.848   81.515    0.011   12.963 0.00000e+00
   14    16.25000   -97.41080 36.25221      11.683     365.094  963.487  293.895   81.482    0.028   12.997 0.00000e+00
   15    16.26667   -97.41071 36.25404      13.486     366.889  963.345  293.956   81.351    0.037   13.027 0.00000e+00
   16    16.28333   -97.41039 36.25592      15.003     367.762  963.256  293.997   81.212    0.019   13.040 0.00000e+00
   17    16.30000   -97.40993 36.25785      17.047     368.640  963.145  293.993   81.148    0.029   13.027 0.00000e+00
   18    16.31667   -97.40938 36.25970      20.285     370.839  962.874  293.996   81.040    0.074   13.016 0.00000e+00
   19    16.33333   -97.40888 36.26157      25.532     375.208  962.342  293.999   80.956    0.128   13.013 0.00000e+00
   20    16.35000   -97.40840 36.26342      35.010     383.842  961.364  293.939   81.146    0.232   13.008 0.00000e+00
   21    16.36667   -97.40794 36.26543      50.188     397.697  959.837  293.805   81.408    0.352   12.962 0.00000e+00
   22    16.38333   -97.40747 36.26768      73.279     419.420  957.414  293.612   82.077    0.545   12.946 0.00000e+00
   23    16.40000   -97.40691 36.26998     102.813     447.815  954.195  293.277   83.140    0.515   12.886 0.00000e+00
   24    16.41667   -97.40627 36.27249     129.482     473.266  951.485  293.073   83.884    0.601   12.872 0.00000e+00
   25    16.43333   -97.40556 36.27508     158.968     500.485  948.601  292.762   84.945    0.261   12.823 0.00000e+00
   26    16.45000   -97.40482 36.27771     181.030     519.331  946.614  292.579   85.650    0.278   12.809 0.00000e+00
   27    16.46667   -97.40408 36.28038     195.386     529.839  945.375  292.422   85.926    0.019   12.741 0.00000e+00
   28    16.48333   -97.40338 36.28307     205.397     537.611  944.482  292.326   86.068   -0.020   12.698 0.00000e+00
   29    16.50000   -97.40281 36.28580     211.268     541.579  944.068  292.290   85.949   -0.040   12.657 0.00000e+00
   30    16.51667   -97.40235 36.28852     222.089     550.751  943.055  292.236   86.180    0.073   12.662 0.00000e+00
   31    16.53333   -97.40205 36.29137     225.289     552.417  942.856  292.277   86.010   -0.094   12.672 0.00000e+00
   32    16.55000   -97.40176 36.29436     214.381     539.918  944.183  292.467   84.802   -0.426   12.626 0.00000e+00
   33    16.56667   -97.40146 36.29736     192.359     516.026  946.849  292.758   82.876   -0.695   12.531 0.00000e+00
   34    16.58333   -97.40106 36.30030     162.023     482.934  950.449  293.113   81.032   -0.575   12.480 0.00000e+00
   35    16.60000   -97.40051 36.30318     140.238     458.515  953.127  293.351   80.133   -0.427   12.491 0.00000e+00
   36    16.61667   -97.39981 36.30602     122.831     439.322  955.211  293.540   79.388   -0.389   12.494 0.00000e+00
   37    16.63333   -97.39907 36.30883     109.973     426.078  956.653  293.663   79.087   -0.279   12.524 0.00000e+00
   38    16.65000   -97.39833 36.31158      98.133     413.695  958.023  293.774   78.824   -0.281   12.551 0.00000e+00
   39    16.66667   -97.39764 36.31434      85.324     400.982  959.369  293.895   78.489   -0.295   12.574 0.00000e+00
   40    16.68333   -97.39687 36.31706      68.109     385.256  961.079  294.101   77.981   -0.374   12.631 0.00000e+00
   41    16.70000   -97.39613 36.31973      51.503     370.008  962.791  294.338   77.374   -0.334   12.695 0.00000e+00
   42    16.71667   -97.39552 36.32235      38.150     357.389  964.289  294.598   76.768   -0.237   12.781 0.00000e+00
   43    16.73333   -97.39509 36.32490      31.873     350.182  965.116  294.773   76.340   -0.083   12.836 0.00000e+00
   44    16.75000   -97.39468 36.32721      37.186     354.688  964.599  294.831   76.431    0.228   12.905 0.00000e+00
   45    16.76667   -97.39408 36.32947      58.585     375.253  962.377  294.672   77.148    0.681   12.928 0.00000e+00
   46    16.78333   -97.39316 36.33199      98.708     412.746  958.248  294.289   78.571    1.116   12.914 0.00000e+00
   47    16.80000   -97.39201 36.33473     147.851     458.771  953.109  293.826   80.325    1.107   12.897 0.00000e+00
   48    16.81667   -97.39078 36.33758     188.726     496.893  948.885  293.427   81.754    0.859   12.863 0.00000e+00
   49    16.83333   -97.38962 36.34051     219.281     527.596  945.427  293.116   82.883    0.880   12.836 0.00000e+00
   50    16.85000   -97.38853 36.34349     254.440     563.999  941.369  292.739   84.365    1.010   12.816 0.00000e+00
   51    16.86667   -97.38755 36.34649     296.671     607.644  936.618  292.293   86.221    1.086   12.802 0.00000e+00
   52    16.88333   -97.38670 36.34956     339.345     653.464  931.636  291.819   88.179    0.995   12.775 0.00000e+00
   53    16.90000   -97.38593 36.35267     378.396     696.015  926.984  291.394   90.039    0.948   12.763 0.00000e+00
   54    16.91667   -97.38506 36.35586     412.249     733.211  923.028  291.013   91.630    0.607   12.733 0.00000e+00
   55    16.93333   -97.38410 36.35911     439.879     762.756  919.879  290.729   92.933    0.437   12.727 0.00000e+00
   56    16.95000   -97.38300 36.36239     460.861     785.633  917.412  290.506   93.973    0.343   12.722 0.00000e+00
   57    16.96667   -97.38182 36.36568     476.621     802.639  915.615  290.344   94.622    0.289   12.703 0.00000e+00
   58    16.98333   -97.38062 36.36900     486.092     813.036  914.540  290.262   94.682    0.196   12.660 0.00000e+00
   59    17.00000   -97.37933 36.37239     491.075     818.345  914.042  290.245   94.298    0.165   12.602 0.00000e+00
   60    17.01667   -97.37796 36.37587     492.737     818.679  913.995  290.266   93.902    0.135   12.566 0.00000e+00
   61    17.03333   -97.37659 36.37946     490.701     815.770  914.254  290.288   93.829    0.202   12.571 0.00000e+00
   62    17.05000   -97.37524 36.38316     494.456     817.970  914.063  290.265   93.998    0.332   12.578 0.00000e+00
   63    17.06667   -97.37391 36.38703     505.939     827.360  913.073  290.176   94.394    0.309   12.573 0.00000e+00
   64    17.08333   -97.37248 36.39096     515.581     835.112  912.240  290.122   94.390    0.099   12.540 0.00000e+00
   65    17.10000   -97.37099 36.39485     517.293     835.057  912.246  290.147   93.993   -0.162   12.508 0.00000e+00
   66    17.11667   -97.36947 36.39861     507.412     824.521  913.340  290.277   93.110   -0.504   12.478 0.00000e+00
   67    17.13333   -97.36805 36.40219     487.165     804.062  915.635  290.558   91.103   -0.505   12.398 0.00000e+00
   68    17.15000   -97.36677 36.40557     466.286     782.173  917.991  290.798   89.728   -0.270   12.368 0.00000e+00
   69    17.16667   -97.36555 36.40868     451.510     766.340  919.645  290.963   88.596   -0.185   12.318 0.00000e+00
   70    17.18333   -97.36430 36.41150     444.591     758.469  920.549  291.046   87.972   -0.186   12.284 0.00000e+00
   71    17.20000   -97.36292 36.41412     444.248     757.627  920.497  291.049   88.049   -0.060   12.297 0.00000e+00
   72    17.21667   -97.36132 36.41658     452.081     766.671  919.559  290.967   88.435    0.078   12.299 0.00000e+00
   73    17.23333   -97.35948 36.41898     470.417     785.488  917.569  290.790   89.214    0.315   12.296 0.00000e+00
   74    17.25000   -97.35744 36.42151     502.735     817.359  914.270  290.515   90.389    0.392   12.286 0.00000e+00
   75    17.26667   -97.35507 36.42423     526.600     838.719  911.929  290.344   90.970    0.025   12.263 0.00000e+00
   76    17.28333   -97.35262 36.42705     520.638     830.870  912.756  290.469   90.122   -0.285   12.234 0.00000e+00
   77    17.30000   -97.35030 36.42988     498.179     806.520  915.422  290.742   88.697   -0.298   12.217 0.00000e+00
   78    17.31667   -97.34818 36.43281     476.010     781.231  918.134  291.023   87.187   -0.253   12.189 0.00000e+00
   79    17.33333   -97.34624 36.43582     462.477     765.513  919.779  291.224   85.838   -0.097   12.132 0.00000e+00
   80    17.35000   -97.34441 36.43890     461.309     762.890  920.081  291.297   85.253    0.167   12.101 0.00000e+00
   81    17.36667   -97.34267 36.44207     474.039     773.851  918.851  291.217   85.442    0.369   12.083 0.00000e+00
   82    17.38333   -97.34096 36.44534     495.016     793.780  916.686  291.022   86.521    0.471   12.114 0.00000e+00
   83    17.40000   -97.33926 36.44868     521.143     817.517  914.194  290.782   87.887    0.704   12.152 0.00000e+00
   84    17.41667   -97.33749 36.45205     554.745     847.268  911.031  290.462   89.824    0.837   12.212 0.00000e+00
   85    17.43333   -97.33556 36.45546     593.410     882.746  907.155  290.079   92.060    0.952   12.266 0.00000e+00
   86    17.45000   -97.33333 36.45895     629.741     918.525  903.397  289.748   93.414    0.725   12.236 0.00000e+00
   87    17.46667   -97.33086 36.46259     649.829     936.389  901.546  289.591   94.106    0.176   12.229 0.00000e+00
   88    17.48333   -97.32843 36.46636     642.686     927.819  902.397  289.681   93.545   -0.374   12.215 0.00000e+00
   89    17.50000   -97.32630 36.47022     620.038     904.801  904.826  289.920   92.327   -0.658   12.209 0.00000e+00
   90    17.51667   -97.32449 36.47412     594.003     878.828  907.562  290.194   91.041   -0.530   12.214 0.00000e+00
   91    17.53333   -97.32283 36.47806     569.035     854.349  910.178  290.419   90.263   -0.437   12.250 0.00000e+00
   92    17.55000   -97.32117 36.48190     539.839     828.109  912.845  290.652   89.377   -0.174   12.275 0.00000e+00
   93    17.56667   -97.31968 36.48537     515.168     808.693  914.927  290.859   88.309   -0.005   12.260 0.00000e+00
   94    17.58333   -97.31845 36.48853     498.959     796.817  916.284  290.996   87.501    0.101   12.236 0.00000e+00
   95    17.60000   -97.31749 36.49171     494.901     795.528  916.392  291.030   87.251   -0.018   12.226 0.00000e+00
   96    17.61667   -97.31666 36.49497     507.915     811.606  914.656  290.893   87.955    0.136   12.241 0.00000e+00
   97    17.63333   -97.31577 36.49835     540.652     845.898  911.062  290.581   89.762    0.642   12.296 0.00000e+00
   98    17.65000   -97.31463 36.50187     594.737     900.094  905.273  290.053   92.760    1.132   12.364 0.00000e+00
   99    17.66667   -97.31313 36.50549     662.671     969.286  897.891  289.373   96.410    1.090   12.405 0.00000e+00
  100    17.68333   -97.31129 36.50912     708.507    1017.750  892.860  288.908   98.788    0.287   12.406 0.00000e+00
  101    17.70000   -97.30926 36.51261     709.874    1020.401  892.652  288.922   98.147   -0.558   12.339 0.00000e+00
  102    17.71667   -97.30713 36.51577     672.891     982.960  896.620  289.312   95.693   -0.883   12.282 0.00000e+00
  103    17.73333   -97.30502 36.51854     636.623     947.036  900.330  289.662   93.756   -0.146   12.256 0.00000e+00
  104    17.75000   -97.30256 36.52117     626.301     938.423  901.219  289.816   95.271    0.135   12.565 0.00000e+00
  105    17.76667   -97.29977 36.52396     572.159     886.577  906.682  290.322   92.596   -1.480   12.537 0.00000e+00
  106    17.78333   -97.29783 36.52703     476.476     792.292  916.741  291.249   87.718   -1.421   12.459 0.00000e+00
  107    17.80000   -97.29678 36.53018     407.750     724.237  924.046  291.915   84.255   -0.639   12.383 0.00000e+00
  108    17.81667   -97.29618 36.53321     384.060     701.061  926.490  292.113   83.434    0.128   12.383 0.00000e+00
  109    17.83333   -97.29582 36.53611     405.957     723.540  924.051  291.867   84.605    0.977   12.396 0.00000e+00
  110    17.85000   -97.29538 36.53875     456.602     774.888  918.607  291.381   86.447    1.205   12.356 0.00000e+00
  111    17.86667   -97.29443 36.54126     510.416     829.180  912.874  290.852   89.062    1.059   12.387 0.00000e+00
  112    17.88333   -97.29288 36.54380     553.968     872.492  908.311  290.430   91.269    0.775   12.420 0.00000e+00
  113    17.90000   -97.29088 36.54636     573.485     891.596  906.203  290.263   91.672   -0.038   12.372 0.00000e+00
  114    17.91667   -97.28894 36.54909     552.190     870.756  908.427  290.556   89.103   -0.623   12.222 0.00000e+00
  115    17.93333   -97.28729 36.55193     515.164     833.951  912.414  290.996   85.978   -0.612   12.075 0.00000e+00
  116    17.95000   -97.28579 36.55485     482.578     801.286  915.887  291.351   83.878   -0.574   12.002 0.00000e+00
  117    17.96667   -97.28433 36.55775     453.445     772.051  919.029  291.639   82.653   -0.481   12.003 0.00000e+00
  118    17.98333   -97.28285 36.56057     429.145     747.976  921.541  291.838   82.269   -0.485   12.065 0.00000e+00
  119    18.00000   -97.28130 36.56329     410.341     729.684  923.528  291.992   81.966   -0.422   12.112 0.00000e+00
  120    18.01667   -97.27972 36.56599     396.284     715.798  925.044  292.125   81.540   -0.341   12.130 0.00000e+00
  121    18.03333   -97.27821 36.56874     384.771     703.674  926.508  292.266   80.989   -0.200   12.136 0.00000e+00
  122    18.05000   -97.27692 36.57160     378.908     696.131  927.400  292.367   80.494   -0.149   12.127 0.00000e+00
  123    18.06667   -97.27608 36.57462     373.702     689.062  928.138  292.444   79.802   -0.084   12.072 0.00000e+00
  124    18.08333   -97.27557 36.57748     391.398     705.589  926.332  292.262   81.960    0.360   12.281 0.00000e+00
  125    18.10000   -97.27516 36.58022     437.819     750.816  921.526  291.902   84.057    0.956   12.377 0.00000e+00
  126    18.11667   -97.27448 36.58308     527.398     836.780  912.306  291.083   88.001    1.571   12.429 0.00000e+00
  127    18.13333   -97.27345 36.58612     616.623     922.455  903.124  290.223   91.789    1.048   12.398 0.00000e+00
  128    18.15000   -97.27216 36.58937     667.349     970.238  898.068  289.759   94.113    0.304   12.411 0.00000e+00
  129    18.16667   -97.27073 36.59274     668.506     968.619  898.225  289.773   94.190   -0.439   12.430 0.00000e+00
  130    18.18333   -97.26935 36.59606     624.085     921.459  903.181  290.215   92.359   -0.982   12.468 0.00000e+00
  131    18.20000   -97.26813 36.59909     550.383     845.921  911.155  290.897   89.826   -1.416   12.553 0.00000e+00
  132    18.21667   -97.26704 36.60178     461.343     755.468  920.806  291.793   85.457   -1.696   12.507 0.00000e+00
  133    18.23333   -97.26607 36.60410     368.983     661.930  930.854  292.725   81.175   -1.679   12.461 0.00000e+00
  134    18.25000   -97.26527 36.60601     290.269     582.781  939.376  293.483   78.234   -1.409   12.478 0.00000e+00
  135    18.26667   -97.26454 36.60757     227.612     520.186  946.159  294.151   75.722   -1.246   12.499 0.00000e+00
  136    18.28333   -97.26364 36.60900     163.751     456.373  953.173  294.866   73.080   -1.365   12.515 0.00000e+00
  137    18.30000   -97.26284 36.61063     100.889     393.620  960.054  295.513   70.830   -1.148   12.532 0.00000e+00
  138    18.31667   -97.26233 36.61257      63.092     356.013  964.176  295.888   69.521   -0.424   12.533 0.00000e+00
  139    18.33333   -97.26207 36.61466      57.619     350.468  964.851  296.174   68.813    0.108   12.616 0.00000e+00
  140    18.35000   -97.26189 36.61667      67.885     360.487  963.732  296.315   68.533    0.312   12.688 0.00000e+00
  141    18.36667   -97.26164 36.61867      82.803     375.172  962.102  296.212   68.794    0.269   12.679 0.00000e+00
  142    18.38333   -97.26137 36.62068      89.642     381.786  961.333  296.164   68.869    0.122   12.665 0.00000e+00
  143    18.40000   -97.26115 36.62264      88.582     380.629  961.473  296.162   68.762    0.064   12.642 0.00000e+00
  144    18.41667   -97.26110 36.62454      82.702     374.763  962.101  296.162   68.620    0.039   12.608 0.00000e+00
  145    18.43333   -97.26116 36.62640      75.694     367.758  962.875  296.147   68.493   -0.044   12.563 0.00000e+00
  146    18.45000   -97.26125 36.62823      66.460     358.525  963.907  296.225   68.138   -0.154   12.544 0.00000e+00
  147    18.46667   -97.26123 36.63008      57.223     349.351  964.891  296.504   67.357   -0.122   12.600 0.00000e+00
  148    18.48333   -97.26100 36.63193      56.338     348.840  964.910  296.755   66.714    0.014   12.673 0.00000e+00
  149    18.50000   -97.26054 36.63383      60.887     353.807  964.320  296.639   66.887    0.090   12.624 0.00000e+00
  150    18.51667   -97.26007 36.63568      58.851     352.153  964.578  296.726   66.384    0.024   12.592 0.00000e+00
  151    18.53333   -97.25973 36.63741      54.337     347.964  965.032  296.868   65.990   -0.080   12.620 0.00000e+00
  152    18.55000   -97.25951 36.63899      46.880     340.756  965.798  296.971   65.796   -0.150   12.652 0.00000e+00
  153    18.56667   -97.25941 36.64050      39.854     333.944  966.556  297.206   65.459   -0.123   12.758 0.00000e+00
  154    18.58333   -97.25954 36.64209      39.265     333.598  966.565  297.325   65.366    0.074   12.833 0.00000e+00
  155    18.60000   -97.26033 36.64382      56.631     351.248  964.624  297.364   65.748    0.510   12.965 0.00000e+00
  156    18.61667   -97.26155 36.64561      93.375     388.195  960.514  296.745   67.413    0.849   12.857 0.00000e+00
  157    18.63333   -97.26260 36.64708     155.336     450.445  953.688  295.840   69.906    1.589   12.705 0.00000e+00
  158    18.65000   -97.26334 36.64825     278.122     573.843  940.212  294.424   74.533    2.877   12.593 0.00000e+00
  159    18.66667   -97.26373 36.64948     469.367     765.898  919.580  292.552   81.919    3.410   12.594 0.00000e+00
  160    18.68333   -97.26316 36.65114     650.087     947.588  900.374  290.801   89.327    2.349   12.558 0.00000e+00
  161    18.70000   -97.26189 36.65279     774.019    1072.124  887.354  289.597   93.872    1.184   12.400 0.00000e+00
  162    18.71667   -97.26015 36.65425     847.447    1145.693  879.721  288.927   94.931    0.803   12.116 0.00000e+00
  163    18.73333   -97.25822 36.65569     883.655    1181.540  876.070  288.619   95.129    0.316   11.952 0.00000e+00
  164    18.75000   -97.25670 36.65718     898.633    1195.979  874.661  288.517   95.105    0.223   11.890 0.00000e+00
  165    18.76667   -97.25595 36.65884     913.102    1210.170  873.193  288.390   96.476    0.317   11.983 0.00000e+00
  166    18.78333   -97.25527 36.66064     920.963    1217.785  872.401  288.276   97.709    0.251   12.057 0.00000e+00
  167    18.80000   -97.25459 36.66245     924.133    1220.703  872.084  288.239   98.727    0.085   12.158 0.00000e+00
  168    18.81667   -97.25385 36.66425     925.280    1221.631  872.007  288.259   98.135   -0.034   12.102 0.00000e+00
  169    18.83333   -97.25297 36.66606     931.628    1227.740  871.347  288.212   97.243   -0.015   11.965 3.07925e-04
  170    18.85000   -97.25214 36.66788     941.262    1237.146  870.414  288.157   96.332    0.105   11.823 0.00000e+00
  171    18.86667   -97.25131 36.66971     950.860    1246.548  869.440  288.189   93.577    0.070   11.522 0.00000e+00
  172    18.88333   -97.25057 36.67161     957.576    1253.017  868.817  288.209   92.209    0.054   11.376 0.00000e+00
  173    18.90000   -97.24992 36.67371     956.543    1251.807  868.941  288.263   91.288   -0.219   11.301 0.00000e+00
  174    18.91667   -97.24940 36.67594     943.791    1238.935  870.243  288.429   90.001   -0.313   11.245 0.00000e+00
  175    18.93333   -97.24900 36.67834     930.234    1225.280  871.628  288.596   88.836   -0.235   11.202 0.00000e+00
  176    18.95000   -97.24859 36.68091     913.218    1208.271  873.379  288.786   87.698   -0.228   11.173 0.00000e+00
  177    18.96667   -97.24818 36.68365     892.455    1187.741  875.527  289.027   86.539   -0.373   11.170 0.00000e+00
  178    18.98333   -97.24791 36.68646     861.570    1157.123  878.658  289.381   84.761   -0.666   11.152 0.00000e+00
