    0    16.01667   -97.45878 36.29275      75.824     419.999  957.489  292.438   87.176   -0.173   12.774 0.00000e+00
    1    16.03333   -97.45788 36.29555      66.159     408.298  958.775  292.595   86.409   -0.118   12.771 0.00000e+00
    2    16.05000   -97.45692 36.29820      60.497     401.819  959.407  292.703   85.917   -0.046   12.775 0.00000e+00
    3    16.06667   -97.45599 36.30072      63.627     405.104  959.040  292.747   85.771    0.097   12.794 0.00000e+00
    4    16.08333   -97.45517 36.30315      74.070     415.847  957.822  292.744   85.915    0.207   12.829 0.00000e+00
    5    16.10000   -97.45445 36.30557      88.778     430.982  956.140  292.624   86.439    0.269   12.833 0.00000e+00
    6    16.11667   -97.45383 36.30809     109.725     452.174  953.825  292.415   87.283    0.345   12.821 0.00000e+00
    7    16.13333   -97.45327 36.31068     132.547     475.295  951.251  292.182   88.265    0.399   12.812 0.00000e+00
    8    16.15000   -97.45284 36.31341     155.178     497.998  948.829  291.957   89.218    0.395   12.801 0.00000e+00
    9    16.16667   -97.45255 36.31616     174.415     515.011  946.942  291.789   89.935    0.370   12.792 0.00000e+00
   10    16.18333   -97.45239 36.31898     189.991     528.275  945.463  291.670   90.481    0.318   12.794 0.00000e+00
   11    16.20000   -97.45232 36.32196     203.475     539.371  944.219  291.561   90.968    0.184   12.792 0.00000e+00
   12    16.21667   -97.45229 36.32498     212.818     546.182  943.534  291.501   91.178    0.118   12.782 0.00000e+00
   13    16.23333   -97.45229 36.32797     217.281     548.128  943.265  291.469   91.292   -0.020   12.775 0.00000e+00
   14    16.25000   -97.45229 36.33094     212.323     540.573  944.095  291.530   90.974   -0.274   12.769 0.00000e+00
   15    16.26667   -97.45225 36.33390     194.653     520.149  946.353  291.725   89.991   -0.548   12.757 0.00000e+00
   16    16.28333   -97.45217 36.33678     163.397     486.262  950.009  292.050   88.409   -0.711   12.743 0.00000e+00
   17    16.30000   -97.45204 36.33956     123.174     443.944  954.705  292.472   86.492   -0.759   12.739 0.00000e+00
   18    16.31667   -97.45200 36.34229      83.535     402.793  959.301  292.880   84.705   -0.597   12.737 0.00000e+00
   19    16.33333   -97.45205 36.34498      56.888     374.623  962.440  293.168   83.491   -0.339   12.741 0.00000e+00
   20    16.35000   -97.45211 36.34766      43.572     360.233  963.976  293.342   82.871   -0.143   12.764 0.00000e+00
   21    16.36667   -97.45218 36.35031      39.076     355.486  964.523  293.488   82.526    0.003   12.820 0.00000e+00
   22    16.38333   -97.45235 36.35289      40.972     357.171  964.352  293.632   82.306    0.099   12.903 0.00000e+00
   23    16.40000   -97.45264 36.35531      48.255     364.427  963.510  293.638   82.463    0.192   12.945 0.00000e+00
   24    16.41667   -97.45302 36.35767      60.505     377.299  962.028  293.556   82.898    0.318   12.967 0.00000e+00
   25    16.43333   -97.45349 36.35998      80.167     397.479  959.752  293.315   83.670    0.399   12.922 0.00000e+00
   26    16.45000   -97.45407 36.36242     101.949     419.539  957.300  293.086   84.441    0.417   12.890 0.00000e+00
   27    16.46667   -97.45471 36.36494     121.200     440.415  954.916  292.854   85.220    0.381   12.853 0.00000e+00
   28    16.48333   -97.45546 36.36745     136.981     458.883  952.884  292.671   85.956    0.253   12.844 0.00000e+00
   29    16.50000   -97.45624 36.36998     136.161     460.963  952.685  292.648   86.015   -0.156   12.836 0.00000e+00
   30    16.51667   -97.45703 36.37253     116.881     444.564  954.443  292.792   85.357   -0.383   12.830 0.00000e+00
   31    16.53333   -97.45770 36.37512      90.128     420.020  957.219  293.028   84.308   -0.470   12.823 0.00000e+00
   32    16.55000   -97.45835 36.37772      66.061     397.988  959.640  293.249   83.304   -0.333   12.814 0.00000e+00
   33    16.56667   -97.45908 36.38034      49.560     383.036  961.304  293.490   82.390   -0.185   12.844 0.00000e+00
   34    16.58333   -97.46001 36.38288      42.203     375.380  962.188  293.708   81.641    0.019   12.889 0.00000e+00
   35    16.60000   -97.46114 36.38531      43.495     376.051  962.104  293.799   81.259    0.206   12.903 0.00000e+00
   36    16.61667   -97.46229 36.38760      54.100     386.541  960.972  293.733   81.447    0.301   12.895 0.00000e+00
   37    16.63333   -97.46341 36.38980      69.288     402.830  959.143  293.548   82.113    0.261   12.876 0.00000e+00
   38    16.65000   -97.46449 36.39203      76.061     410.839  958.273  293.426   82.511    0.014   12.852 0.00000e+00
   39    16.66667   -97.46557 36.39430      76.308     412.107  958.075  293.399   82.574   -0.059   12.843 0.00000e+00
   40    16.68333   -97.46672 36.39668      76.156     412.750  958.021  293.429   82.477    0.102   12.853 0.00000e+00
   41    16.70000   -97.46785 36.39918      86.356     422.745  956.911  293.345   82.826    0.230   12.855 0.00000e+00
   42    16.71667   -97.46879 36.40167      91.713     427.307  956.390  293.287   83.007   -0.105   12.843 0.00000e+00
   43    16.73333   -97.46948 36.40411      80.933     415.592  957.607  293.438   82.404   -0.246   12.854 0.00000e+00
   44    16.75000   -97.47015 36.40642      63.399     397.439  959.673  293.596   81.679   -0.337   12.839 0.00000e+00
   45    16.76667   -97.47086 36.40849      54.294     388.062  960.722  293.810   81.031    0.003   12.894 0.00000e+00
   46    16.78333   -97.47172 36.41044      58.508     391.778  960.306  293.912   80.822    0.120   12.948 0.00000e+00
   47    16.80000   -97.47258 36.41231      64.859     397.363  959.666  293.943   80.672    0.091   12.958 0.00000e+00
   48    16.81667   -97.47341 36.41427      68.206     399.764  959.369  293.947   80.543    0.025   12.944 0.00000e+00
   49    16.83333   -97.47421 36.41632      70.927     401.384  959.189  293.910   80.352    0.064   12.887 0.00000e+00
   50    16.85000   -97.47498 36.41852      76.080     405.124  958.741  293.875   80.398    0.153   12.872 0.00000e+00
   51    16.86667   -97.47573 36.42087      83.391     410.686  958.116  293.835   80.497    0.219   12.865 0.00000e+00
   52    16.88333   -97.47648 36.42340      94.928     419.711  957.144  293.736   80.734    0.255   12.836 0.00000e+00
   53    16.90000   -97.47717 36.42609     110.921     433.211  955.642  293.591   81.175    0.307   12.810 0.00000e+00
   54    16.91667   -97.47780 36.42896     126.598     446.525  954.240  293.477   81.527    0.232   12.794 0.00000e+00
   55    16.93333   -97.47831 36.43195     129.363     447.616  954.182  293.456   81.312   -0.131   12.744 0.00000e+00
   56    16.95000   -97.47886 36.43499     115.320     432.381  955.907  293.614   80.527   -0.247   12.723 0.00000e+00
   57    16.96667   -97.47945 36.43798     105.849     422.355  957.029  293.722   79.891   -0.120   12.692 0.00000e+00
   58    16.98333   -97.48001 36.44087     110.670     427.081  956.533  293.669   79.749   -0.023   12.635 0.00000e+00
   59    17.00000   -97.48035 36.44375     125.803     441.875  954.897  293.509   80.297    0.146   12.617 0.00000e+00
   60    17.01667   -97.48042 36.44669     145.526     460.915  952.792  293.361   81.058    0.175   12.648 0.00000e+00
   61    17.03333   -97.48026 36.44963     161.334     475.031  951.245  293.264   81.559    0.092   12.670 0.00000e+00
   62    17.05000   -97.47995 36.45256     169.857     481.689  950.601  293.230   81.764    0.033   12.683 0.00000e+00
   63    17.06667   -97.47967 36.45547     169.401     479.379  950.784  293.232   81.706   -0.275   12.673 0.00000e+00
   64    17.08333   -97.47948 36.45837     153.089     461.474  952.695  293.401   80.979   -0.602   12.669 0.00000e+00
   65    17.10000   -97.47962 36.46122     118.214     425.269  956.698  293.763   79.501   -0.871   12.667 0.00000e+00
   66    17.11667   -97.48030 36.46393      78.331     384.672  961.155  294.168   77.940   -0.659   12.675 0.00000e+00
   67    17.13333   -97.48151 36.46646      61.666     368.574  962.950  294.361   77.293   -0.106   12.698 0.00000e+00
   68    17.15000   -97.48289 36.46895      60.986     368.658  962.952  294.397   77.281    0.045   12.724 0.00000e+00
   69    17.16667   -97.48418 36.47143      65.083     373.532  962.407  294.392   77.420    0.060   12.750 0.00000e+00
   70    17.18333   -97.48523 36.47398      71.863     380.573  961.623  294.407   77.512    0.137   12.788 0.00000e+00
   71    17.20000   -97.48599 36.47669      79.477     388.101  960.812  294.370   77.656    0.067   12.793 0.00000e+00
   72    17.21667   -97.48669 36.47973      76.708     385.214  961.101  294.423   77.242   -0.108   12.763 0.00000e+00
   73    17.23333   -97.48811 36.48288      76.797     386.708  960.890  294.419   77.244    0.365   12.763 0.00000e+00
   74    17.25000   -97.49008 36.48559     109.703     421.384  957.097  294.091   78.507    0.704   12.761 0.00000e+00
   75    17.26667   -97.49188 36.48768     144.686     457.730  953.156  293.678   80.052    0.131   12.735 0.00000e+00
   76    17.28333   -97.49332 36.48947     129.014     442.457  954.823  293.862   79.380   -0.794   12.751 0.00000e+00
   77    17.30000   -97.49475 36.49119      78.538     391.261  960.400  294.417   77.082   -0.817   12.741 0.00000e+00
   78    17.31667   -97.49626 36.49279      45.283     356.463  964.174  294.751   75.772   -0.319   12.736 0.00000e+00
   79    17.33333   -97.49799 36.49435      30.172     339.728  966.061  295.079   74.690   -0.201   12.786 0.00000e+00
   80    17.35000   -97.50003 36.49569      19.297     327.492  967.349  295.415   73.665   -0.074   12.857 0.00000e+00
   81    17.36667   -97.50216 36.49700      31.497     338.741  966.077  295.634   73.489    0.682   13.017 0.00000e+00
   82    17.38333   -97.50306 36.49849      92.243     399.626  959.350  295.056   75.828    1.485   13.054 0.00000e+00
   83    17.40000   -97.50305 36.50070     160.140     467.707  951.835  294.242   78.513    1.232   12.954 0.00000e+00
   84    17.41667   -97.50269 36.50370     182.131     489.784  949.430  293.931   79.185   -0.307   12.849 0.00000e+00
   85    17.43333   -97.50315 36.50659     156.898     463.781  952.365  294.187   78.171   -0.513   12.847 0.00000e+00
   86    17.45000   -97.50427 36.50917     146.729     452.067  953.681  294.280   77.761    0.208   12.836 0.00000e+00
   87    17.46667   -97.50540 36.51170     207.593     511.184  947.177  293.724   79.946    1.612   12.836 0.00000e+00
   88    17.48333   -97.50537 36.51422     334.875     637.295  933.305  292.594   84.984    2.316   12.905 0.00000e+00
   89    17.50000   -97.50391 36.51714     426.325     729.242  923.360  291.677   88.970    1.013   12.890 0.00000e+00
   90    17.51667   -97.50249 36.52021     450.185     753.863  920.718  291.371   90.127    0.395   12.844 0.00000e+00
   91    17.53333   -97.50150 36.52326     462.235     767.244  919.298  291.138   90.887    0.553   12.782 0.00000e+00
   92    17.55000   -97.50066 36.52635     485.258     791.859  916.709  290.850   91.962    0.864   12.735 0.00000e+00
   93    17.56667   -97.49981 36.52939     513.517     821.455  913.530  290.553   93.275    0.752   12.719 0.00000e+00
   94    17.58333   -97.49883 36.53234     526.116     834.951  912.100  290.424   93.918    0.245   12.723 0.00000e+00
   95    17.60000   -97.49773 36.53521     515.177     824.781  913.215  290.567   92.711   -0.105   12.658 0.00000e+00
   96    17.61667   -97.49651 36.53801     492.634     802.952  915.485  290.824   90.763   -0.358   12.566 0.00000e+00
   97    17.63333   -97.49524 36.54076     463.182     774.705  918.543  291.138   88.833   -0.536   12.504 0.00000e+00
   98    17.65000   -97.49397 36.54348     428.435     741.457  922.079  291.501   86.688   -0.572   12.438 0.00000e+00
   99    17.66667   -97.49267 36.54619     395.388     709.874  925.496  291.826   85.228   -0.564   12.435 0.00000e+00
  100    17.68333   -97.49134 36.54889     360.077     676.410  929.079  292.142   84.030   -0.726   12.459 0.00000e+00
  101    17.70000   -97.48999 36.55157     318.401     636.605  933.370  292.505   82.696   -0.957   12.487 0.00000e+00
  102    17.71667   -97.48872 36.55420     269.539     589.487  938.475  292.946   80.938   -1.023   12.495 0.00000e+00
  103    17.73333   -97.48759 36.55677     228.463     550.059  942.730  293.345   79.164   -0.909   12.473 0.00000e+00
  104    17.75000   -97.48654 36.55933     197.083     520.655  945.983  293.664   77.532   -0.708   12.418 0.00000e+00
  105    17.76667   -97.48563 36.56192     174.132     499.863  948.263  293.889   76.366   -0.446   12.373 0.00000e+00
  106    17.78333   -97.48488 36.56459     171.165     498.265  948.495  293.984   75.957    0.129   12.377 0.00000e+00
  107    17.80000   -97.48420 36.56733     188.083     515.321  946.702  293.932   76.140    0.299   12.391 0.00000e+00
  108    17.81667   -97.48338 36.57011     216.042     542.860  943.729  293.731   76.936    0.336   12.404 0.00000e+00
  109    17.83333   -97.48254 36.57290     232.451     557.878  942.119  293.574   77.354    0.062   12.371 0.00000e+00
  110    17.85000   -97.48179 36.57557     233.477     556.984  942.243  293.560   77.199   -0.136   12.334 0.00000e+00
  111    17.86667   -97.48118 36.57814     222.175     544.024  943.679  293.679   76.704   -0.183   12.327 0.00000e+00
  112    17.88333   -97.48074 36.58060     207.142     527.342  945.460  293.834   75.902   -0.180   12.293 0.00000e+00
  113    17.90000   -97.48041 36.58295     188.375     506.441  947.723  294.046   75.081   -0.408   12.292 0.00000e+00
  114    17.91667   -97.48012 36.58513     161.572     477.779  950.845  294.326   74.170   -0.505   12.315 0.00000e+00
  115    17.93333   -97.47971 36.58698     141.743     456.362  953.153  294.562   73.376   -0.126   12.332 0.00000e+00
  116    17.95000   -97.47940 36.58861     153.534     466.985  951.928  294.495   73.628    0.693   12.339 0.00000e+00
  117    17.96667   -97.47935 36.59039     197.478     510.116  947.216  294.086   75.194    1.192   12.348 0.00000e+00
  118    17.98333   -97.47963 36.59240     259.886     571.824  940.468  293.481   77.603    1.393   12.361 0.00000e+00
  119    18.00000   -97.48022 36.59451     332.961     644.414  932.638  292.795   80.454    1.195   12.381 0.00000e+00
  120    18.01667   -97.48096 36.59660     374.719     685.931  928.200  292.424   81.911    0.169   12.375 0.00000e+00
  121    18.03333   -97.48148 36.59851     388.553     699.778  926.685  292.325   81.817    0.060   12.303 0.00000e+00
  122    18.05000   -97.48190 36.60036     402.741     714.079  925.157  292.239   81.812    0.312   12.256 0.00000e+00
  123    18.06667   -97.48234 36.60223     428.451     739.986  922.422  292.018   82.703    0.612   12.255 0.00000e+00
  124    18.08333   -97.48283 36.60432     460.770     772.666  918.954  291.711   83.978    0.755   12.252 0.00000e+00
  125    18.10000   -97.48339 36.60674     489.495     801.275  915.861  291.435   85.195    0.677   12.256 0.00000e+00
  126    18.11667   -97.48392 36.60951     504.725     815.816  914.315  291.291   85.946    0.271   12.272 0.00000e+00
  127    18.13333   -97.48439 36.61249     502.517     812.584  914.652  291.312   85.947   -0.215   12.284 0.00000e+00
  128    18.15000   -97.48455 36.61543     489.619     798.397  916.137  291.434   85.489   -0.577   12.294 0.00000e+00
  129    18.16667   -97.48443 36.61816     477.047     784.479  917.592  291.602   84.710   -0.350   12.292 0.00000e+00
  130    18.18333   -97.48414 36.62072     471.368     777.544  918.305  291.690   84.263   -0.183   12.286 0.00000e+00
  131    18.20000   -97.48373 36.62318     460.230     766.029  919.485  291.816   83.446   -0.310   12.248 0.00000e+00
  132    18.21667   -97.48320 36.62559     432.814     738.732  922.446  292.107   81.854   -0.487   12.198 0.00000e+00
  133    18.23333   -97.48243 36.62780     401.200     707.127  925.809  292.411   80.613   -0.370   12.200 0.00000e+00
  134    18.25000   -97.48140 36.62970     382.159     687.933  927.880  292.601   79.738   -0.115   12.185 0.00000e+00
  135    18.26667   -97.48013 36.63144     389.386     694.576  927.152  292.540   79.927    0.367   12.177 0.00000e+00
  136    18.28333   -97.47890 36.63317     417.165     721.640  924.240  292.268   81.131    0.741   12.189 0.00000e+00
  137    18.30000   -97.47828 36.63485     452.707     756.646  920.481  291.910   82.743    0.783   12.204 0.00000e+00
  138    18.31667   -97.47783 36.63651     481.139     784.618  917.528  291.688   83.255    0.545   12.147 0.00000e+00
  139    18.33333   -97.47720 36.63817     506.411     809.503  914.806  291.461   84.047    0.523   12.125 0.00000e+00
  140    18.35000   -97.47639 36.63985     530.273     833.372  912.324  291.252   84.874    0.490   12.116 0.00000e+00
  141    18.36667   -97.47557 36.64160     551.195     854.358  910.086  291.063   85.705    0.358   12.119 0.00000e+00
  142    18.38333   -97.47481 36.64342     563.131     866.277  908.831  290.958   86.148    0.091   12.118 0.00000e+00
  143    18.40000   -97.47416 36.64535     553.760     856.833  909.861  291.089   85.591   -0.467   12.126 0.00000e+00
  144    18.41667   -97.47340 36.64735     517.726     820.601  913.690  291.456   84.147   -0.572   12.151 0.00000e+00
  145    18.43333   -97.47246 36.64944     485.008     787.679  917.165  291.779   82.815   -0.581   12.158 0.00000e+00
  146    18.45000   -97.47141 36.65150     449.084     751.713  920.990  292.135   81.280   -0.731   12.153 0.00000e+00
  147    18.46667   -97.47021 36.65347     404.116     706.893  925.733  292.579   79.369   -0.861   12.140 0.00000e+00
  148    18.48333   -97.46886 36.65525     358.634     661.726  930.563  293.027   77.487   -0.719   12.126 0.00000e+00
  149    18.50000   -97.46726 36.65689     325.055     628.725  934.137  293.340   76.350   -0.335   12.138 0.00000e+00
  150    18.51667   -97.46550 36.65836     324.459     628.654  934.112  293.417   76.026    0.152   12.144 0.00000e+00
  151    18.53333   -97.46382 36.65968     349.976     654.651  931.341  293.213   76.847    0.397   12.156 0.00000e+00
  152    18.55000   -97.46240 36.66096     395.764     700.901  926.402  292.841   78.265    0.921   12.161 0.00000e+00
  153    18.56667   -97.46127 36.66225     463.811     769.349  919.099  292.214   80.887    1.124   12.180 0.00000e+00
  154    18.58333   -97.46039 36.66354     538.728     844.309  911.169  291.505   83.794    0.994   12.171 0.00000e+00
  155    18.60000   -97.45966 36.66470     606.039     911.218  904.101  290.872   86.525    1.026   12.168 0.00000e+00
  156    18.61667   -97.45889 36.66585     679.552     984.263  896.448  290.187   89.635    1.217   12.170 0.00000e+00
  157    18.63333   -97.45806 36.66713     761.301    1065.585  887.956  289.470   93.043    1.176   12.183 0.00000e+00
  158    18.65000   -97.45720 36.66866     831.109    1134.987  880.735  288.874   96.058    0.904   12.203 0.00000e+00
  159    18.66667   -97.45636 36.67036     890.842    1194.364  874.605  288.318   98.197    0.517   12.120 0.00000e+00
  160    18.68333   -97.45555 36.67231     943.675    1247.180  869.157  287.910   99.397    0.378   12.023 9.27192e-03
  161    18.70000   -97.45467 36.67440     979.537    1283.514  865.440  287.693  100.000    0.393   11.992 5.15275e-02
  162    18.71667   -97.45364 36.67640    1005.933    1310.244  862.712  287.535  100.000    0.626   11.911 8.37500e-02
  163    18.73333   -97.45226 36.67836    1032.815    1337.485  859.935  287.386   99.929    0.475   11.808 1.11329e-01
  164    18.75000   -97.45056 36.68057    1034.656    1340.209  859.660  287.321  100.000   -0.293   11.785 7.26257e-02
  165    18.76667   -97.44920 36.68313     996.373    1303.308  863.420  287.558   98.713   -0.870   11.748 1.09060e-03
  166    18.78333   -97.44853 36.68585     957.939    1266.265  867.158  287.947   94.597   -0.737   11.496 0.00000e+00
  167    18.80000   -97.44820 36.68851     937.555    1247.174  869.153  288.188   92.558   -0.075   11.400 0.00000e+00
  168    18.81667   -97.44751 36.69096     934.699    1245.395  869.337  288.251   91.674    0.197   11.335 0.00000e+00
  169    18.83333   -97.44633 36.69331     923.772    1235.467  870.358  288.334   91.881   -0.089   11.408 0.00000e+00
  170    18.85000   -97.44479 36.69571     901.824    1214.473  872.516  288.538   90.870   -0.635   11.404 0.00000e+00
  171    18.86667   -97.44315 36.69810     858.158    1171.997  876.884  288.971   88.762   -1.085   11.398 0.00000e+00
  172    18.88333   -97.44174 36.70034     793.685    1108.779  883.435  289.613   85.770   -1.410   11.392 0.00000e+00
  173    18.90000   -97.44073 36.70233     707.765    1023.931  892.237  290.489   81.393   -1.962   11.320 0.00000e+00
  174    18.91667   -97.44002 36.70448     615.696     932.975  901.763  291.415   77.320   -2.012   11.284 0.00000e+00
  175    18.93333   -97.43964 36.70666     542.418     860.718  909.383  292.112   75.004   -1.400   11.343 0.00000e+00
  176    18.95000   -97.43936 36.70889     488.636     807.950  914.969  292.611   73.501   -1.129   11.399 0.00000e+00
  177    18.96667   -97.43909 36.71123     434.979     755.367  920.563  293.103   71.875   -1.232   11.426 0.00000e+00
  178    18.98333   -97.43898 36.71371     380.143     701.582  926.333  293.642   70.389   -0.835   11.500 0.00000e+00
