    0    16.01667   -97.52911 36.28851      75.233     432.362  955.814  292.586   87.006   -0.107   12.892 0.00000e+00
    1    16.03333   -97.52955 36.29058      70.488     426.330  956.489  292.656   86.708   -0.166   12.894 0.00000e+00
    2    16.05000   -97.52994 36.29274      65.346     419.854  957.206  292.737   86.374   -0.099   12.900 0.00000e+00
    3    16.06667   -97.53030 36.29503      58.701     411.835  958.095  292.837   85.939   -0.138   12.904 0.00000e+00
    4    16.08333   -97.53075 36.29746      48.897     400.764  959.277  292.993   85.249   -0.106   12.910 0.00000e+00
    5    16.10000   -97.53152 36.30003      39.779     390.770  960.406  293.134   84.618   -0.059   12.913 0.00000e+00
    6    16.11667   -97.53252 36.30267      33.178     383.260  961.234  293.273   84.041   -0.059   12.926 0.00000e+00
    7    16.13333   -97.53371 36.30527      28.368     377.533  961.914  293.482   83.221   -0.034   12.958 0.00000e+00
    8    16.15000   -97.53501 36.30765      25.286     373.710  962.350  293.629   82.623   -0.042   12.978 0.00000e+00
    9    16.16667   -97.53644 36.30987      22.818     371.736  962.601  293.685   82.335   -0.037   12.974 0.00000e+00
   10    16.18333   -97.53799 36.31195      22.652     373.267  962.505  293.703   82.291    0.014   12.983 0.00000e+00
   11    16.20000   -97.53941 36.31392      25.692     377.640  962.069  293.687   82.409    0.099   12.995 0.00000e+00
   12    16.21667   -97.54053 36.31572      40.332     392.034  960.464  293.573   82.941    0.425   13.008 0.00000e+00
   13    16.23333   -97.54109 36.31760      64.560     415.163  957.905  293.328   83.912    0.456   12.996 0.00000e+00
   14    16.25000   -97.54119 36.31969      84.109     433.000  955.934  293.149   84.475    0.290   12.964 0.00000e+00
   15    16.26667   -97.54094 36.32187     101.937     449.340  953.979  292.986   84.439    0.252   12.854 0.00000e+00
   16    16.28333   -97.54052 36.32400     125.664     473.770  951.216  292.751   84.925    0.266   12.776 0.00000e+00
   17    16.30000   -97.53989 36.32604     167.547     516.560  946.458  292.373   85.619    0.638   12.642 0.00000e+00
   18    16.31667   -97.53917 36.32823     222.574     572.645  940.352  291.869   88.052    1.520   12.678 0.00000e+00
   19    16.33333   -97.53822 36.33064     288.382     639.452  933.062  291.207   91.097    1.700   12.677 0.00000e+00
   20    16.35000   -97.53716 36.33323     346.501     697.609  926.815  290.636   93.914    1.106   12.688 0.00000e+00
   21    16.36667   -97.53612 36.33579     387.663     738.418  922.469  290.237   96.072    0.558   12.715 0.00000e+00
   22    16.38333   -97.53525 36.33830     415.357     765.683  919.472  289.995   97.170    0.431   12.703 0.00000e+00
   23    16.40000   -97.53433 36.34081     441.767     792.511  916.564  289.745   98.161    0.749   12.670 0.00000e+00
   24    16.41667   -97.53313 36.34344     476.214     827.678  912.794  289.428   99.704    0.809   12.663 3.15295e-03
   25    16.43333   -97.53180 36.34624     512.734     865.318  908.824  289.251  100.000    0.570   12.628 6.45738e-02
   26    16.45000   -97.53048 36.34924     538.052     888.477  906.412  289.164  100.000    0.337   12.592 1.08674e-01
   27    16.46667   -97.52921 36.35234     547.417     895.268  905.679  289.120  100.000    0.126   12.567 1.07582e-01
   28    16.48333   -97.52806 36.35540     553.033     898.052  905.506  289.097  100.000    0.136   12.550 9.86787e-02
   29    16.50000   -97.52694 36.35846     563.299     903.417  904.948  289.060  100.000   -0.136   12.528 9.93247e-02
   30    16.51667   -97.52577 36.36154     573.465     908.696  904.363  289.018  100.000   -0.078   12.502 9.66396e-02
   31    16.53333   -97.52440 36.36466     581.269     912.324  903.923  288.968  100.000    0.134   12.468 7.30367e-02
   32    16.55000   -97.52275 36.36786     587.010     914.819  903.650  288.923  100.000    0.215   12.428 2.45693e-02
   33    16.56667   -97.52092 36.37119     587.920     913.200  903.720  289.019   98.450    0.047   12.301 1.19192e-04
   34    16.58333   -97.51882 36.37448     580.878     908.402  904.200  289.167   96.867    0.038   12.213 0.00000e+00
   35    16.60000   -97.51637 36.37772     568.421     898.976  905.185  289.281   96.140   -0.278   12.197 0.00000e+00
   36    16.61667   -97.51373 36.38093     546.650     880.047  907.230  289.506   94.740   -0.611   12.167 0.00000e+00
   37    16.63333   -97.51115 36.38411     516.417     850.846  910.375  289.829   92.898   -0.614   12.138 0.00000e+00
   38    16.65000   -97.50861 36.38730     494.580     829.576  912.647  290.049   91.763   -0.255   12.129 0.00000e+00
   39    16.66667   -97.50610 36.39053     500.452     836.435  911.924  289.979   92.173    0.464   12.139 0.00000e+00
   40    16.68333   -97.50346 36.39386     547.345     884.200  906.836  289.520   94.324    1.149   12.130 0.00000e+00
   41    16.70000   -97.50035 36.39730     620.646     959.275  898.789  288.768   98.303    1.330   12.152 4.42328e-03
   42    16.71667   -97.49670 36.40084     683.429    1023.297  892.057  288.288  100.000    0.486   12.091 4.83217e-02
   43    16.73333   -97.49294 36.40456     690.217    1029.355  891.540  288.264  100.000   -0.731   12.081 4.30716e-02
   44    16.75000   -97.48962 36.40836     646.575     981.917  896.580  288.634   98.754   -1.199   12.134 3.72610e-03
   45    16.76667   -97.48677 36.41212     588.559     919.783  903.162  289.222   95.783   -1.145   12.133 0.00000e+00
   46    16.78333   -97.48409 36.41570     538.170     866.287  908.826  289.736   93.268   -0.783   12.135 0.00000e+00
   47    16.80000   -97.48122 36.41914     503.581     829.242  912.742  290.071   91.852   -0.377   12.157 0.00000e+00
   48    16.81667   -97.47824 36.42253     482.981     806.644  915.037  290.209   91.676   -0.212   12.210 0.00000e+00
   49    16.83333   -97.47529 36.42606     466.978     791.412  916.688  290.352   91.051   -0.257   12.216 0.00000e+00
   50    16.85000   -97.47256 36.42962     465.740     790.271  916.853  290.415   90.485   -0.004   12.186 0.00000e+00
   51    16.86667   -97.46999 36.43313     477.942     800.910  915.848  290.321   90.965    0.147   12.191 0.00000e+00
   52    16.88333   -97.46746 36.43652     488.351     807.600  915.124  290.239   91.488    0.011   12.207 0.00000e+00
   53    16.90000   -97.46506 36.43969     489.143     805.909  915.258  290.260   91.341   -0.088   12.202 0.00000e+00
   54    16.91667   -97.46265 36.44271     479.183     794.785  916.482  290.371   90.865   -0.303   12.208 0.00000e+00
   55    16.93333   -97.46046 36.44569     455.307     769.758  919.187  290.603   89.901   -0.328   12.223 0.00000e+00
   56    16.95000   -97.45853 36.44868     432.105     745.552  921.774  290.833   88.843   -0.317   12.222 0.00000e+00
   57    16.96667   -97.45681 36.45167     415.434     727.919  923.679  290.993   88.242   -0.046   12.238 0.00000e+00
   58    16.98333   -97.45527 36.45462     419.370     730.782  923.336  290.936   89.385    0.453   12.356 0.00000e+00
   59    17.00000   -97.45367 36.45726     456.188     766.748  919.439  290.535   92.581    1.055   12.529 0.00000e+00
   60    17.01667   -97.45157 36.45971     510.982     821.383  913.516  289.960   95.547    0.853   12.545 0.00000e+00
   61    17.03333   -97.44916 36.46218     545.765     856.761  909.732  289.586   97.336    0.387   12.530 0.00000e+00
   62    17.05000   -97.44668 36.46474     552.313     863.618  909.143  289.550   97.246   -0.159   12.497 1.31840e-04
   63    17.06667   -97.44425 36.46753     530.226     840.195  911.662  289.836   95.306   -0.624   12.440 0.00000e+00
   64    17.08333   -97.44200 36.47056     489.354     797.587  916.213  290.278   92.874   -0.894   12.408 0.00000e+00
   65    17.10000   -97.44003 36.47372     433.840     740.908  922.338  290.830   90.373   -1.201   12.423 0.00000e+00
   66    17.11667   -97.43845 36.47685     367.959     673.071  929.667  291.484   87.608   -1.283   12.453 0.00000e+00
   67    17.13333   -97.43739 36.47996     301.073     603.625  937.166  292.163   84.584   -1.288   12.448 0.00000e+00
   68    17.15000   -97.43681 36.48312     228.477     529.562  945.213  292.886   81.911   -1.263   12.507 0.00000e+00
   69    17.16667   -97.43652 36.48637     161.648     461.405  952.738  293.573   79.226   -1.001   12.527 0.00000e+00
   70    17.18333   -97.43644 36.48970     115.727     414.056  957.946  294.041   77.529   -0.485   12.552 0.00000e+00
   71    17.20000   -97.43638 36.49317      94.285     390.979  960.506  294.278   76.696   -0.077   12.567 0.00000e+00
   72    17.21667   -97.43645 36.49677      86.896     382.169  961.363  294.445   76.309    0.064   12.623 0.00000e+00
   73    17.23333   -97.43682 36.50035      86.686     384.771  960.994  294.548   76.400    0.278   12.724 0.00000e+00
   74    17.25000   -97.43759 36.50372      98.701     399.494  959.375  294.366   77.189    0.113   12.732 0.00000e+00
   75    17.26667   -97.43855 36.50691      89.550     392.574  960.133  294.387   77.006   -0.452   12.709 0.00000e+00
   76    17.28333   -97.43939 36.50968      67.175     371.940  962.432  294.579   76.214   -0.356   12.698 0.00000e+00
   77    17.30000   -97.44022 36.51213      55.025     361.270  963.571  294.740   75.745   -0.130   12.731 0.00000e+00
   78    17.31667   -97.44103 36.51437      53.335     360.718  963.667  294.893   75.493    0.097   12.808 0.00000e+00
   79    17.33333   -97.44194 36.51642      65.768     373.873  962.201  294.887   75.893    0.237   12.890 0.00000e+00
   80    17.35000   -97.44281 36.51838      73.527     382.149  961.256  294.818   76.234   -0.056   12.906 0.00000e+00
   81    17.36667   -97.44364 36.52017      62.384     371.369  962.438  294.855   75.966   -0.333   12.874 0.00000e+00
   82    17.38333   -97.44416 36.52175      42.404     351.751  964.614  295.034   75.253   -0.323   12.866 0.00000e+00
   83    17.40000   -97.44437 36.52312      24.214     333.860  966.619  295.380   73.945   -0.273   12.887 0.00000e+00
   84    17.41667   -97.44440 36.52426      11.197     321.105  968.031  295.702   72.968   -0.166   12.953 0.00000e+00
   85    17.43333   -97.44408 36.52520       5.377     315.611  968.475  296.090   71.357   -0.049   12.966 0.00000e+00
   86    17.45000   -97.44341 36.52583       5.440     316.157  968.389  296.443   70.366    0.058   13.066 0.00000e+00
   87    17.46667   -97.44302 36.52654      17.686     328.805  967.071  296.398   70.699    0.558   13.111 0.00000e+00
   88    17.48333   -97.44269 36.52798      75.671     387.336  960.636  295.617   73.131    2.165   13.015 0.00000e+00
   89    17.50000   -97.44237 36.53038     198.304     510.694  947.099  293.975   78.652    3.120   12.828 0.00000e+00
   90    17.51667   -97.44139 36.53321     347.953     661.217  930.732  292.426   84.810    3.166   12.779 0.00000e+00
   91    17.53333   -97.43977 36.53596     459.795     773.892  918.644  291.289   89.707    1.772   12.747 0.00000e+00
   92    17.55000   -97.43801 36.53865     539.439     853.775  910.189  290.508   93.196    1.448   12.719 0.00000e+00
   93    17.56667   -97.43634 36.54119     616.497     929.460  902.237  289.751   96.513    1.355   12.661 0.00000e+00
   94    17.58333   -97.43460 36.54353     676.573     988.066  896.067  289.135   99.542    0.813   12.639 0.00000e+00
   95    17.60000   -97.43274 36.54598     724.031    1033.992  891.141  288.825  100.000    0.383   12.524 3.19265e-02
   96    17.61667   -97.43062 36.54867     758.666    1069.526  887.357  288.580   99.870   -0.038   12.355 3.77517e-02
   97    17.63333   -97.42838 36.55159     778.195    1091.521  885.086  288.393   99.528   -0.289   12.197 1.01396e-02
   98    17.65000   -97.42606 36.55467     780.430    1096.137  884.632  288.381   98.156   -0.475   12.025 8.49451e-04
   99    17.66667   -97.42383 36.55781     763.607    1080.772  886.297  288.568   95.583   -0.738   11.830 0.00000e+00
  100    17.68333   -97.42163 36.56097     732.152    1050.462  889.484  288.921   92.285   -1.153   11.644 0.00000e+00
  101    17.70000   -97.41940 36.56417     690.331    1008.928  893.927  289.369   89.379   -1.226   11.549 0.00000e+00
  102    17.71667   -97.41716 36.56746     647.054     964.165  898.612  289.826   86.974   -0.855   11.511 0.00000e+00
  103    17.73333   -97.41515 36.57084     619.758     936.626  901.408  290.031   87.302   -0.176   11.671 0.00000e+00
  104    17.75000   -97.41333 36.57447     618.526     936.515  901.433  289.997   88.623    0.232   11.821 0.00000e+00
  105    17.76667   -97.41161 36.57831     634.156     953.557  899.554  289.768   91.037    0.334   11.992 0.00000e+00
  106    17.78333   -97.40989 36.58214     657.612     978.241  896.951  289.542   91.888    0.373   11.964 0.00000e+00
  107    17.80000   -97.40813 36.58580     694.342    1016.056  893.006  289.207   93.163    0.563   11.925 0.00000e+00
  108    17.81667   -97.40637 36.58939     739.564    1062.535  888.103  288.755   95.415    0.432   11.929 0.00000e+00
  109    17.83333   -97.40453 36.59296     761.824    1086.272  885.648  288.540   96.179   -0.162   11.891 0.00000e+00
  110    17.85000   -97.40260 36.59638     757.337    1083.373  885.979  288.617   95.352   -0.421   11.844 0.00000e+00
  111    17.86667   -97.40073 36.59956     731.609    1058.510  888.518  288.904   93.445   -0.650   11.789 0.00000e+00
  112    17.88333   -97.39901 36.60252     689.874    1017.631  892.819  289.292   91.584   -0.860   11.790 0.00000e+00
  113    17.90000   -97.39738 36.60527     638.455     967.041  898.195  289.787   89.237   -0.913   11.787 0.00000e+00
  114    17.91667   -97.39583 36.60778     584.792     913.130  903.863  290.277   87.432   -0.890   11.841 0.00000e+00
  115    17.93333   -97.39438 36.61008     530.811     858.643  909.659  290.813   85.065   -0.947   11.844 0.00000e+00
  116    17.95000   -97.39316 36.61222     473.625     801.199  915.724  291.363   82.719   -1.033   11.847 0.00000e+00
  117    17.96667   -97.39227 36.61427     416.809     743.645  921.933  291.935   80.118   -1.001   11.817 0.00000e+00
  118    17.98333   -97.39177 36.61635     370.905     695.966  927.100  292.414   78.050   -0.695   11.797 0.00000e+00
  119    18.00000   -97.39169 36.61844     342.277     665.272  930.435  292.722   76.750   -0.354   11.785 0.00000e+00
  120    18.01667   -97.39191 36.62061     327.379     648.103  932.246  292.898   75.892   -0.284   11.760 0.00000e+00
  121    18.03333   -97.39221 36.62290     313.137     632.063  933.999  293.054   76.400   -0.330   11.931 0.00000e+00
  122    18.05000   -97.39227 36.62510     300.885     618.638  935.436  293.171   77.211   -0.248   12.128 0.00000e+00
  123    18.06667   -97.39206 36.62723     296.454     613.049  936.034  293.233   77.269   -0.151   12.177 0.00000e+00
  124    18.08333   -97.39187 36.62937     293.353     608.723  936.573  293.284   76.835   -0.100   12.140 0.00000e+00
  125    18.10000   -97.39159 36.63150     286.845     600.872  937.417  293.366   76.571   -0.235   12.149 0.00000e+00
  126    18.11667   -97.39120 36.63355     275.143     587.796  938.845  293.517   76.195   -0.341   12.186 0.00000e+00
  127    18.13333   -97.39072 36.63565     264.069     575.291  940.208  293.681   75.247   -0.021   12.140 0.00000e+00
  128    18.15000   -97.39014 36.63765     285.448     595.269  938.067  293.579   75.637    0.713   12.153 0.00000e+00
  129    18.16667   -97.38979 36.63972     349.861     658.916  931.159  292.972   78.105    1.154   12.173 0.00000e+00
  130    18.18333   -97.38981 36.64196     438.019     746.776  921.655  292.115   81.583    1.374   12.174 0.00000e+00
  131    18.20000   -97.39024 36.64433     529.804     838.469  911.920  291.228   85.495    1.100   12.191 0.00000e+00
  132    18.21667   -97.39101 36.64686     580.069     888.732  906.596  290.726   87.779    0.119   12.196 0.00000e+00
  133    18.23333   -97.39180 36.64946     560.487     868.243  908.792  290.958   86.923   -1.014   12.227 0.00000e+00
  134    18.25000   -97.39212 36.65200     479.935     786.434  917.429  291.752   83.388   -1.621   12.218 0.00000e+00
  135    18.26667   -97.39171 36.65453     392.303     697.186  927.018  292.616   79.778   -1.281   12.214 0.00000e+00
  136    18.28333   -97.39085 36.65707     327.223     630.630  934.185  293.271   76.901   -0.890   12.172 0.00000e+00
  137    18.30000   -97.38983 36.65943     281.144     583.419  939.242  293.696   75.354   -0.460   12.181 0.00000e+00
  138    18.31667   -97.38870 36.66157     254.055     555.517  942.241  293.955   74.368   -0.083   12.178 0.00000e+00
  139    18.33333   -97.38763 36.66375     242.998     544.010  943.470  294.065   73.997    0.012   12.184 0.00000e+00
  140    18.35000   -97.38669 36.66603     228.983     529.958  944.991  294.226   73.120   -0.197   12.141 0.00000e+00
  141    18.36667   -97.38586 36.66830     205.844     506.777  947.527  294.452   72.342   -0.401   12.148 0.00000e+00
  142    18.38333   -97.38496 36.67050     174.414     475.268  950.980  294.770   71.188   -0.618   12.147 0.00000e+00
  143    18.40000   -97.38397 36.67255     129.484     430.057  955.934  295.201   69.696   -0.932   12.150 0.00000e+00
  144    18.41667   -97.38301 36.67438      79.935     380.152  961.440  295.699   67.931   -0.942   12.140 0.00000e+00
  145    18.43333   -97.38207 36.67590      43.396     343.393  965.496  296.180   66.309   -0.478   12.153 0.00000e+00
  146    18.45000   -97.38114 36.67708      25.883     325.773  967.400  296.726   64.718   -0.240   12.240 0.00000e+00
  147    18.46667   -97.38032 36.67789      17.096     316.957  968.392  297.181   63.485   -0.091   12.332 0.00000e+00
  148    18.48333   -97.37959 36.67840      14.148     314.022  968.671  297.469   62.714   -0.004   12.393 0.00000e+00
  149    18.50000   -97.37912 36.67886      17.394     317.291  968.315  297.790   61.890    0.158   12.475 0.00000e+00
  150    18.51667   -97.37879 36.67950      30.551     330.471  966.860  297.616   62.303    0.349   12.445 0.00000e+00
  151    18.53333   -97.37846 36.68032      53.037     353.031  964.363  297.115   63.665    0.477   12.369 0.00000e+00
  152    18.55000   -97.37815 36.68121      96.907     397.038  959.528  296.607   65.183    1.182   12.340 0.00000e+00
  153    18.56667   -97.37799 36.68229     187.930     488.219  949.497  295.427   68.915    1.826   12.265 0.00000e+00
  154    18.58333   -97.37799 36.68349     303.703     604.134  936.908  294.137   73.414    1.939   12.228 0.00000e+00
  155    18.60000   -97.37802 36.68476     430.010     730.584  923.294  292.850   78.257    2.091   12.208 0.00000e+00
  156    18.61667   -97.37804 36.68606     571.665     872.393  908.217  291.472   83.911    2.415   12.203 0.00000e+00
  157    18.63333   -97.37793 36.68750     733.828    1034.729  891.196  289.922   90.662    2.768   12.175 0.00000e+00
  158    18.65000   -97.37775 36.68927     900.183    1201.189  873.962  288.324   98.464    2.840   12.167 0.00000e+00
  159    18.66667   -97.37753 36.69164    1035.395    1336.421  860.154  287.527  100.000    2.720   11.940 1.91317e-01
  160    18.68333   -97.37726 36.69463    1155.599    1456.666  847.997  286.826  100.000    2.701   11.572 3.38431e-01
  161    18.70000   -97.37691 36.69822    1282.253    1583.275  835.342  286.198  100.000    3.210   11.275 5.62757e-01
  162    18.71667   -97.37646 36.70257    1413.397    1714.349  822.374  285.687  100.000    2.881   11.076 7.71711e-01
  163    18.73333   -97.37529 36.70745    1505.323    1807.231  813.275  284.793  100.000    0.344   10.561 5.80879e-01
  164    18.75000   -97.37325 36.71242    1533.150    1836.254  810.480  284.280  100.000   -1.197   10.239 3.46049e-01
  165    18.76667   -97.37064 36.71675    1547.282    1850.983  809.022  284.061  100.000   -0.857   10.109 2.34863e-01
  166    18.78333   -97.36804 36.72049    1568.960    1874.270  806.748  283.790  100.000   -0.676    9.946 1.67491e-01
  167    18.80000   -97.36548 36.72382    1574.637    1882.648  805.963  283.722   99.835   -0.621    9.883 1.46845e-01
  168    18.81667   -97.36273 36.72680    1562.250    1872.080  807.006  283.759  100.000   -0.085    9.921 8.72404e-02
  169    18.83333   -97.35983 36.72944    1551.042    1861.119  808.101  283.757   99.826    0.969    9.879 4.03793e-02
  170    18.85000   -97.35660 36.73244    1567.242    1877.367  806.566  283.649   99.959    1.094    9.839 7.08464e-02
  171    18.86667   -97.35358 36.73576    1587.025    1897.073  804.731  283.528  100.000    0.304    9.804 6.68924e-02
  172    18.88333   -97.35076 36.73916    1580.553    1890.767  805.289  283.515   99.244   -0.046    9.697 1.53241e-02
  173    18.90000   -97.34781 36.74261    1570.319    1881.808  806.225  283.586   98.345   -0.162    9.644 6.32538e-05
  174    18.91667   -97.34470 36.74614    1567.015    1878.897  806.484  283.641   97.568   -0.223    9.599 0.00000e+00
  175    18.93333   -97.34152 36.74968    1568.316    1880.641  806.302  283.656   96.950   -0.109    9.551 0.00000e+00
  176    18.95000   -97.33839 36.75322    1576.474    1889.325  805.416  283.575   97.241    0.175    9.538 0.00000e+00
  177    18.96667   -97.33537 36.75684    1580.563    1893.662  805.049  283.479   98.034    0.025    9.558 0.00000e+00
  178    18.98333   -97.33264 36.76059    1568.084    1881.098  806.285  283.552   98.173   -0.280    9.604 0.00000e+00
