    0    16.01667   -97.42503 36.25328      36.014     403.257  959.202  292.964   85.649   -0.052   12.948 0.00000e+00
    1    16.03333   -97.42614 36.25529      37.138     403.309  959.312  293.011   85.508    0.175   12.964 0.00000e+00
    2    16.05000   -97.42711 36.25751      49.049     411.500  958.434  292.956   85.781    0.454   12.972 0.00000e+00
    3    16.06667   -97.42792 36.25996      83.499     441.447  955.058  292.635   87.013    0.896   12.942 0.00000e+00
    4    16.08333   -97.42831 36.26252     138.396     491.544  949.474  292.147   89.075    0.963   12.925 0.00000e+00
    5    16.10000   -97.42815 36.26519     190.723     542.606  943.745  291.656   91.283    0.982   12.920 0.00000e+00
    6    16.11667   -97.42752 36.26813     240.461     592.833  938.319  291.172   93.474    1.115   12.905 0.00000e+00
    7    16.13333   -97.42648 36.27127     293.000     645.485  932.666  290.655   95.877    1.268   12.887 0.00000e+00
    8    16.15000   -97.42490 36.27452     345.425     696.162  927.105  290.163   98.192    1.029   12.868 0.00000e+00
    9    16.16667   -97.42289 36.27791     368.966     718.846  924.566  289.943   99.360    0.270   12.875 7.66444e-04
   10    16.18333   -97.42086 36.28136     344.374     695.126  927.118  290.199   98.028   -0.590   12.876 0.00000e+00
   11    16.20000   -97.41913 36.28485     285.817     637.215  933.615  290.816   94.623   -1.077   12.837 0.00000e+00
   12    16.21667   -97.41774 36.28838     219.064     568.738  941.252  291.520   90.960   -1.116   12.798 0.00000e+00
   13    16.23333   -97.41664 36.29206     161.225     506.105  948.092  292.134   87.994   -0.890   12.777 0.00000e+00
   14    16.25000   -97.41562 36.29593     116.217     456.553  953.551  292.621   85.774   -0.640   12.767 0.00000e+00
   15    16.26667   -97.41465 36.29991      85.866     418.106  957.849  292.999   84.098   -0.396   12.759 0.00000e+00
   16    16.28333   -97.41365 36.30392      66.254     390.461  960.800  293.289   82.902   -0.235   12.769 0.00000e+00
   17    16.30000   -97.41270 36.30795      53.709     375.253  962.336  293.507   82.132   -0.164   12.803 0.00000e+00
   18    16.31667   -97.41187 36.31182      49.116     369.588  962.978  293.714   81.516   -0.024   12.863 0.00000e+00
   19    16.33333   -97.41113 36.31540      49.944     371.332  962.680  293.826   81.241    0.041   12.914 0.00000e+00
   20    16.35000   -97.41042 36.31875      54.275     377.818  961.993  293.887   81.251    0.101   12.974 0.00000e+00
   21    16.36667   -97.40971 36.32192      58.685     383.931  961.435  293.902   81.353    0.034   13.010 0.00000e+00
   22    16.38333   -97.40910 36.32487      58.331     382.192  961.645  293.970   81.211   -0.039   13.039 0.00000e+00
   23    16.40000   -97.40857 36.32768      54.034     376.426  962.301  294.037   80.989   -0.089   13.049 0.00000e+00
   24    16.41667   -97.40815 36.33033      48.550     369.419  963.057  294.128   80.699   -0.097   13.066 0.00000e+00
   25    16.43333   -97.40767 36.33289      44.061     362.925  963.766  294.203   80.403   -0.073   13.069 0.00000e+00
   26    16.45000   -97.40717 36.33530      43.530     360.554  964.023  294.295   80.222    0.079   13.111 0.00000e+00
   27    16.46667   -97.40658 36.33752      55.970     371.374  962.801  294.210   80.605    0.368   13.121 0.00000e+00
   28    16.48333   -97.40596 36.33981      84.533     398.199  959.857  293.871   81.638    0.651   13.052 0.00000e+00
   29    16.50000   -97.40511 36.34217     135.157     447.042  954.438  293.367   83.524    0.990   13.015 0.00000e+00
   30    16.51667   -97.40394 36.34475     193.098     503.218  948.236  292.791   85.866    1.021   12.991 0.00000e+00
   31    16.53333   -97.40263 36.34752     240.837     551.153  942.710  292.252   87.855    0.681   12.925 0.00000e+00
   32    16.55000   -97.40135 36.35056     265.083     580.134  939.575  291.918   88.978    0.350   12.861 0.00000e+00
   33    16.56667   -97.40022 36.35377     271.579     591.171  938.417  291.793   89.415    0.229   12.839 0.00000e+00
   34    16.58333   -97.39926 36.35710     269.935     592.476  938.372  291.772   89.433    0.217   12.824 0.00000e+00
   35    16.60000   -97.39847 36.36044     265.956     590.311  938.624  291.782   89.335    0.192   12.815 0.00000e+00
   36    16.61667   -97.39784 36.36382     264.254     590.071  938.722  291.765   89.259    0.214   12.789 0.00000e+00
   37    16.63333   -97.39732 36.36721     263.883     590.526  938.634  291.732   89.222    0.099   12.758 0.00000e+00
   38    16.65000   -97.39697 36.37055     259.604     587.296  938.994  291.759   88.989   -0.016   12.742 0.00000e+00
   39    16.66667   -97.39671 36.37378     251.764     577.634  940.132  291.859   88.364   -0.052   12.718 0.00000e+00
   40    16.68333   -97.39655 36.37693     243.330     565.865  941.458  291.979   87.685   -0.066   12.698 0.00000e+00
   41    16.70000   -97.39642 36.38000     236.508     555.957  942.505  292.081   87.136   -0.079   12.685 0.00000e+00
   42    16.71667   -97.39632 36.38304     226.560     544.587  943.720  292.195   86.609   -0.132   12.683 0.00000e+00
   43    16.73333   -97.39620 36.38606     214.536     531.340  945.195  292.336   85.976   -0.166   12.683 0.00000e+00
   44    16.75000   -97.39612 36.38909     205.087     520.761  946.326  292.451   85.530   -0.187   12.693 0.00000e+00
   45    16.76667   -97.39607 36.39212     198.316     513.105  947.093  292.527   85.264   -0.160   12.703 0.00000e+00
   46    16.78333   -97.39597 36.39520     193.317     507.215  947.701  292.581   85.078   -0.144   12.711 0.00000e+00
   47    16.80000   -97.39586 36.39830     188.805     501.890  948.330  292.644   84.828   -0.150   12.715 0.00000e+00
   48    16.81667   -97.39569 36.40145     182.855     495.161  949.055  292.710   84.546   -0.200   12.715 0.00000e+00
   49    16.83333   -97.39552 36.40461     177.462     489.000  949.729  292.793   84.143   -0.099   12.712 0.00000e+00
   50    16.85000   -97.39532 36.40774     176.861     488.375  949.806  292.832   83.915    0.019   12.707 0.00000e+00
   51    16.86667   -97.39508 36.41077     188.093     499.758  948.493  292.756   84.295    0.334   12.722 0.00000e+00
   52    16.88333   -97.39466 36.41365     215.073     526.933  945.547  292.622   85.289    0.467   12.805 0.00000e+00
   53    16.90000   -97.39398 36.41637     252.489     564.401  941.472  292.361   86.698    0.554   12.860 0.00000e+00
   54    16.91667   -97.39320 36.41897     284.402     596.323  937.969  292.094   87.931    0.406   12.874 0.00000e+00
   55    16.93333   -97.39226 36.42141     297.193     608.950  936.652  291.998   88.217   -0.183   12.856 0.00000e+00
   56    16.95000   -97.39136 36.42389     281.943     592.882  938.309  292.141   87.490   -0.592   12.843 0.00000e+00
   57    16.96667   -97.39086 36.42662     253.960     564.338  941.445  292.419   86.157   -0.494   12.827 0.00000e+00
   58    16.98333   -97.39068 36.42951     236.963     546.921  943.315  292.566   85.287   -0.274   12.790 0.00000e+00
   59    17.00000   -97.39063 36.43245     226.202     534.263  944.758  292.690   84.602   -0.231   12.766 0.00000e+00
   60    17.01667   -97.39069 36.43536     218.396     524.182  945.847  292.778   84.159   -0.103   12.755 0.00000e+00
   61    17.03333   -97.39082 36.43821     219.432     523.128  945.895  292.792   84.117    0.007   12.759 0.00000e+00
   62    17.05000   -97.39099 36.44094     231.254     535.867  944.525  292.706   84.442    0.389   12.758 0.00000e+00
   63    17.06667   -97.39124 36.44347     264.696     570.529  940.718  292.412   85.603    0.709   12.749 0.00000e+00
   64    17.08333   -97.39131 36.44591     305.867     612.885  936.126  292.043   87.115    0.643   12.738 0.00000e+00
   65    17.10000   -97.39114 36.44837     345.672     654.131  931.661  291.805   87.833    0.654   12.714 0.00000e+00
   66    17.11667   -97.39046 36.45090     398.232     708.250  925.778  291.408   88.500    1.109   12.573 0.00000e+00
   67    17.13333   -97.38886 36.45356     451.243     763.091  919.829  290.886   90.222    0.776   12.480 0.00000e+00
   68    17.15000   -97.38696 36.45613     480.848     792.717  916.892  290.647   91.068    0.394   12.447 0.00000e+00
   69    17.16667   -97.38539 36.45849     509.335     818.195  914.159  290.434   92.627    0.746   12.527 0.00000e+00
   70    17.18333   -97.38384 36.46081     552.532     858.865  909.750  290.048   94.781    0.917   12.568 0.00000e+00
   71    17.20000   -97.38203 36.46314     605.008     909.623  904.364  289.537   97.423    1.109   12.577 0.00000e+00
   72    17.21667   -97.38009 36.46547     664.351     966.723  898.356  289.052   99.766    1.083   12.568 2.65911e-02
   73    17.23333   -97.37808 36.46783     719.971    1019.586  892.830  288.815  100.000    1.009   12.500 1.34990e-01
   74    17.25000   -97.37608 36.47020     768.290    1064.577  888.114  288.601  100.000    0.854   12.397 2.03417e-01
   75    17.26667   -97.37399 36.47260     809.129    1102.621  884.102  288.388  100.000    0.649   12.283 2.43859e-01
   76    17.28333   -97.37170 36.47511     835.932    1127.589  881.546  288.243  100.000    0.267   12.204 2.46349e-01
   77    17.30000   -97.36919 36.47781     838.508    1128.567  881.399  288.134  100.000   -0.273   12.117 1.48160e-01
   78    17.31667   -97.36650 36.48071     817.737    1107.123  883.494  288.229   98.690   -0.638   11.988 2.11447e-02
   79    17.33333   -97.36388 36.48374     786.780    1077.701  886.608  288.551   95.810   -0.618   11.841 0.00000e+00
   80    17.35000   -97.36150 36.48682     766.403    1058.678  888.583  288.816   93.384   -0.356   11.715 0.00000e+00
   81    17.36667   -97.35947 36.48992     769.393    1062.448  888.242  288.866   92.193    0.053   11.607 0.00000e+00
   82    17.38333   -97.35783 36.49306     796.468    1090.084  885.326  288.618   92.966    0.406   11.556 0.00000e+00
   83    17.40000   -97.35648 36.49634     838.504    1133.006  880.819  288.161   95.326    0.797   11.564 1.22998e-05
   84    17.41667   -97.35522 36.49976     896.343    1192.214  874.708  287.523   99.738    1.590   11.689 2.15790e-02
   85    17.43333   -97.35370 36.50297     967.302    1263.974  867.408  287.364  100.000    1.948   11.716 2.88534e-01
   86    17.45000   -97.35184 36.50581    1039.401    1335.619  860.154  287.270  100.000    2.195   11.744 5.68064e-01
   87    17.46667   -97.34969 36.50849    1103.718    1398.848  853.706  287.049  100.000    2.330   11.664 7.55521e-01
   88    17.48333   -97.34729 36.51114    1158.482    1452.876  848.226  286.727  100.000    2.158   11.494 7.86453e-01
   89    17.50000   -97.34464 36.51382    1209.036    1503.363  843.064  286.373  100.000    1.882   11.300 7.60028e-01
   90    17.51667   -97.34167 36.51662    1246.103    1541.896  839.236  286.017  100.000    1.745   11.089 6.45390e-01
   91    17.53333   -97.33875 36.51939    1279.932    1576.671  835.779  285.662  100.000    1.691   10.878 5.11532e-01
   92    17.55000   -97.33568 36.52214    1309.109    1606.541  832.770  285.369  100.000    1.456   10.709 3.84685e-01
   93    17.56667   -97.33255 36.52504    1331.449    1631.236  830.300  285.174  100.000    1.351   10.602 3.05534e-01
   94    17.58333   -97.32921 36.52803    1360.708    1663.324  827.151  284.953  100.000    1.348   10.489 2.78152e-01
   95    17.60000   -97.32572 36.53109    1403.165    1706.902  822.969  284.687  100.000    1.366   10.357 2.88108e-01
   96    17.61667   -97.32230 36.53425    1448.210    1752.735  818.405  284.432  100.000    1.253   10.241 3.54899e-01
   97    17.63333   -97.31895 36.53748    1488.066    1794.468  814.369  284.168  100.000    1.106   10.112 3.96186e-01
   98    17.65000   -97.31575 36.54066    1517.074    1824.968  811.391  283.974  100.000    0.728   10.019 4.12040e-01
   99    17.66667   -97.31264 36.54386    1534.422    1844.318  809.484  283.809  100.000    0.325    9.932 3.79887e-01
  100    17.68333   -97.30954 36.54708    1541.600    1855.255  808.337  283.699  100.000    0.017    9.874 3.51437e-01
  101    17.70000   -97.30640 36.55037    1531.557    1850.516  808.805  283.696  100.000   -0.278    9.866 3.09272e-01
  102    17.71667   -97.30325 36.55370    1497.975    1821.638  811.666  283.835  100.000   -0.617    9.923 2.46825e-01
  103    17.73333   -97.30003 36.55714    1436.643    1761.873  817.621  284.122   99.940   -1.008   10.016 4.89521e-02
  104    17.75000   -97.29669 36.56063    1365.560    1689.536  824.768  284.720   96.630   -0.706    9.990 0.00000e+00
  105    17.76667   -97.29319 36.56401    1326.291    1648.106  828.752  285.128   94.359   -0.083    9.975 0.00000e+00
  106    17.78333   -97.28963 36.56736    1319.054    1641.382  829.415  285.189   93.249    0.315    9.890 2.06906e-05
  107    17.80000   -97.28604 36.57061    1316.449    1639.714  829.651  285.084   93.760   -0.009    9.872 1.73150e-03
  108    17.81667   -97.28239 36.57380    1293.883    1615.296  832.144  285.060   95.906   -0.609   10.051 9.90992e-03
  109    17.83333   -97.27868 36.57700    1258.567    1576.802  836.035  285.233   97.321   -0.732   10.269 6.52782e-03
  110    17.85000   -97.27501 36.58014    1249.011    1561.849  837.605  285.312   97.822    0.072   10.357 3.63113e-03
  111    17.86667   -97.27148 36.58327    1278.371    1584.868  835.232  285.098   99.879    0.731   10.455 3.13673e-02
  112    17.88333   -97.26820 36.58649    1317.946    1620.385  831.684  284.930  100.000    0.786   10.415 1.14946e-01
  113    17.90000   -97.26499 36.58973    1352.169    1650.743  828.659  284.872  100.000    0.567   10.413 2.07414e-01
  114    17.91667   -97.26161 36.59290    1370.495    1666.135  827.061  284.752  100.000    0.358   10.351 1.66561e-01
  115    17.93333   -97.25798 36.59593    1383.660    1677.556  825.926  284.638  100.000    0.651   10.287 1.38168e-01
  116    17.95000   -97.25435 36.59890    1410.284    1702.859  823.449  284.493  100.000    0.736   10.219 1.59485e-01
  117    17.96667   -97.25095 36.60186    1430.957    1723.426  821.432  284.366  100.000    0.417   10.158 1.48050e-01
  118    17.98333   -97.24779 36.60480    1427.589    1719.945  821.824  284.338  100.000   -0.078   10.134 8.44958e-02
  119    18.00000   -97.24479 36.60767    1393.422    1685.140  825.231  284.505   99.699   -0.555   10.155 1.03211e-06
  120    18.01667   -97.24194 36.61045    1338.721    1630.281  830.670  285.026   96.392   -0.822   10.098 0.00000e+00
  121    18.03333   -97.23922 36.61313    1290.586    1582.256  835.387  285.495   93.570   -0.611   10.054 0.00000e+00
  122    18.05000   -97.23657 36.61576    1272.090    1564.057  837.233  285.677   92.432   -0.015   10.030 0.00000e+00
  123    18.06667   -97.23387 36.61841    1290.777    1582.899  835.347  285.429   94.386    0.799   10.098 0.00000e+00
  124    18.08333   -97.23119 36.62109    1352.691    1645.731  829.111  285.334   99.849    1.883   10.696 4.17948e-01
  125    18.10000   -97.22821 36.62390    1485.192    1779.113  816.071  284.770  100.000    2.601   10.507 7.41806e-01
  126    18.11667   -97.22454 36.62711    1633.432    1928.502  801.603  283.880  100.000    1.528   10.083 8.53907e-01
  127    18.13333   -97.22020 36.63060    1690.420    1987.977  795.932  283.197  100.000   -0.713    9.698 6.07464e-01
  128    18.15000   -97.21577 36.63424    1610.493    1907.952  803.587  283.707  100.000   -2.425    9.925 4.89145e-01
  129    18.16667   -97.21199 36.63799    1481.416    1779.251  816.026  284.378  100.000   -2.368   10.222 2.49867e-01
  130    18.18333   -97.20889 36.64164    1363.330    1661.445  827.568  285.116   97.078   -1.843   10.269 1.04545e-03
  131    18.20000   -97.20617 36.64536    1304.762    1603.280  833.364  285.768   91.951   -0.376   10.084 0.00000e+00
  132    18.21667   -97.20361 36.64907    1336.257    1635.198  830.210  285.507   91.980    1.184    9.953 0.00000e+00
  133    18.23333   -97.20103 36.65269    1434.724    1733.825  820.501  284.574   96.707    1.802    9.953 7.75008e-04
  134    18.25000   -97.19838 36.65634    1546.495    1846.049  809.558  283.741  100.000    1.621    9.885 9.54364e-02
  135    18.26667   -97.19571 36.66005    1634.961    1934.833  800.974  283.340  100.000    1.208    9.728 2.86846e-01
  136    18.28333   -97.19292 36.66382    1691.648    1992.100  795.487  283.081  100.000    0.746    9.627 4.11757e-01
  137    18.30000   -97.19005 36.66762    1716.513    2017.843  793.057  282.931  100.000    0.266    9.559 4.78747e-01
  138    18.31667   -97.18710 36.67148    1704.179    2006.086  794.195  282.971  100.000   -0.524    9.572 4.42720e-01
  139    18.33333   -97.18430 36.67550    1646.216    1948.674  799.705  283.040   98.565   -1.720    9.393 1.98633e-02
  140    18.35000   -97.18204 36.67978    1578.986    1881.955  806.126  284.106  100.000   -0.128   10.170 6.61985e-01
  141    18.36667   -97.18001 36.68420    1558.176    1861.677  808.093  284.113  100.000    0.774   10.155 4.95113e-01
  142    18.38333   -97.17786 36.68852    1571.129    1875.185  806.787  283.939  100.000    0.806   10.053 3.80233e-01
  143    18.40000   -97.17556 36.69269    1580.043    1885.081  805.841  283.884  100.000    0.687   10.028 3.44765e-01
  144    18.41667   -97.17296 36.69685    1570.211    1876.182  806.702  283.774  100.000    0.346    9.944 2.00790e-01
  145    18.43333   -97.16994 36.70112    1553.079    1859.099  808.372  283.767  100.000    0.179    9.917 9.85552e-02
  146    18.45000   -97.16668 36.70541    1541.991    1848.042  809.392  283.765  100.000   -0.077    9.904 1.11012e-02
  147    18.46667   -97.16349 36.70978    1539.982    1846.548  809.574  283.846   99.203   -0.193    9.857 0.00000e+00
  148    18.48333   -97.16061 36.71416    1543.784    1851.332  809.022  283.932   97.450    0.025    9.746 0.00000e+00
  149    18.50000   -97.15822 36.71844    1556.747    1866.701  807.599  283.863   96.673    0.344    9.640 0.00000e+00
  150    18.51667   -97.15611 36.72258    1584.953    1897.034  804.664  283.635   96.276    0.525    9.490 0.00000e+00
  151    18.53333   -97.15415 36.72661    1611.148    1925.454  801.984  283.348   97.311    0.285    9.440 0.00000e+00
  152    18.55000   -97.15221 36.73067    1613.116    1928.999  801.686  283.319   96.453   -0.168    9.343 0.00000e+00
  153    18.56667   -97.15030 36.73483    1598.091    1914.630  803.139  283.494   94.932   -0.152    9.287 0.00000e+00
  154    18.58333   -97.14836 36.73898    1592.638    1908.513  803.760  283.565   94.089    0.165    9.241 0.00000e+00
  155    18.60000   -97.14626 36.74292    1598.871    1911.858  803.416  283.521   94.302    0.145    9.239 0.00000e+00
  156    18.61667   -97.14397 36.74667    1598.979    1910.125  803.470  283.497   94.695   -0.046    9.262 0.00000e+00
  157    18.63333   -97.14145 36.75037    1592.400    1904.558  803.974  283.519   94.717    0.060    9.272 0.00000e+00
  158    18.65000   -97.13885 36.75416    1592.569    1906.407  803.773  283.445   95.384    0.260    9.293 0.00000e+00
  159    18.66667   -97.13638 36.75813    1604.407    1919.615  802.591  283.317   95.664    0.390    9.254 0.00000e+00
  160    18.68333   -97.13405 36.76223    1628.256    1943.502  800.286  283.092   96.566    0.399    9.228 0.00000e+00
  161    18.70000   -97.13165 36.76632    1654.575    1970.761  797.640  282.955   95.887    0.208    9.109 0.00000e+00
  162    18.71667   -97.12918 36.77031    1668.150    1986.222  796.131  282.941   94.476   -0.116    8.984 0.00000e+00
  163    18.73333   -97.12663 36.77416    1663.999    1984.372  796.309  283.058   92.712   -0.399    8.884 0.00000e+00
  164    18.75000   -97.12405 36.77789    1647.234    1969.292  797.814  283.237   91.460   -0.440    8.853 0.00000e+00
  165    18.76667   -97.12148 36.78156    1627.771    1951.071  799.553  283.391   91.021   -0.246    8.883 0.00000e+00
  166    18.78333   -97.11893 36.78524    1610.933    1935.295  801.210  283.507   90.704    0.044    8.903 0.00000e+00
  167    18.80000   -97.11633 36.78899    1603.999    1927.411  801.984  283.580   90.084    0.118    8.877 0.00000e+00
  168    18.81667   -97.11383 36.79288    1603.552    1926.134  802.075  283.563   90.063    0.001    8.863 0.00000e+00
  169    18.83333   -97.11132 36.79682    1605.256    1927.043  802.057  283.466   91.923   -0.058    8.988 0.00000e+00
  170    18.85000   -97.10886 36.80075    1609.506    1927.899  801.997  283.448   92.748   -0.165    9.058 0.00000e+00
  171    18.86667   -97.10657 36.80457    1618.515    1934.042  801.376  283.306   93.575   -0.406    9.059 7.65655e-04
  172    18.88333   -97.10418 36.80856    1627.786    1942.670  800.517  283.086   97.157   -0.315    9.278 3.17946e-02
  173    18.90000   -97.10182 36.81277    1637.998    1953.834  799.342  282.995  100.000   -0.080    9.509 9.25209e-02
  174    18.91667   -97.09950 36.81714    1635.047    1953.275  799.382  283.327  100.000    0.195    9.727 2.60287e-01
  175    18.93333   -97.09705 36.82160    1632.230    1952.833  799.447  283.369  100.000    0.133    9.768 2.11799e-01
  176    18.95000   -97.09419 36.82583    1624.779    1945.586  800.135  283.201   99.712    0.006    9.601 5.40178e-02
  177    18.96667   -97.09103 36.82957    1604.434    1926.987  801.882  283.296   97.855   -0.339    9.461 2.13063e-03
  178    18.98333   -97.08799 36.83294    1573.723    1899.436  804.531  283.580   95.575   -0.420    9.388 0.00000e+00
