    0    16.01667   -97.40691 36.22501      75.817     440.536  955.080  292.529   86.036   -0.195   12.712 0.00000e+00
    1    16.03333   -97.40508 36.22882      72.407     438.023  955.276  292.558   85.901    0.006   12.713 0.00000e+00
    2    16.05000   -97.40349 36.23233      80.066     444.367  954.754  292.575   85.989    0.317   12.746 0.00000e+00
    3    16.06667   -97.40208 36.23563      99.087     460.927  952.864  292.451   86.611    0.387   12.764 0.00000e+00
    4    16.08333   -97.40080 36.23893     109.799     469.985  951.800  292.363   87.011    0.055   12.766 0.00000e+00
    5    16.10000   -97.39979 36.24230     109.648     468.308  951.948  292.384   86.850   -0.069   12.758 0.00000e+00
    6    16.11667   -97.39892 36.24577     100.767     458.153  953.047  292.534   86.144    0.045   12.759 0.00000e+00
    7    16.13333   -97.39816 36.24937      94.896     450.171  953.935  292.647   85.643    0.122   12.764 0.00000e+00
    8    16.15000   -97.39746 36.25306      92.873     445.747  954.425  292.729   85.177    0.172   12.753 0.00000e+00
    9    16.16667   -97.39680 36.25683      93.232     444.265  954.596  292.776   84.951    0.196   12.754 0.00000e+00
   10    16.18333   -97.39618 36.26064      96.495     445.842  954.484  292.790   84.852    0.211   12.752 0.00000e+00
   11    16.20000   -97.39575 36.26447     103.424     450.116  954.080  292.786   84.875    0.239   12.758 0.00000e+00
   12    16.21667   -97.39542 36.26822     118.290     460.878  952.885  292.703   85.191    0.319   12.755 0.00000e+00
   13    16.23333   -97.39502 36.27185     145.248     483.581  950.356  292.510   86.000    0.605   12.755 0.00000e+00
   14    16.25000   -97.39420 36.27529     197.680     532.444  944.916  292.043   87.972    0.893   12.743 0.00000e+00
   15    16.26667   -97.39273 36.27863     256.804     589.714  938.568  291.513   90.177    0.621   12.719 0.00000e+00
   16    16.28333   -97.39095 36.28187     291.588     624.380  934.786  291.210   91.308    0.121   12.685 0.00000e+00
   17    16.30000   -97.38927 36.28506     297.530     630.433  934.146  291.221   90.986   -0.226   12.658 0.00000e+00
   18    16.31667   -97.38794 36.28829     283.128     615.417  935.862  291.394   90.138   -0.462   12.655 0.00000e+00
   19    16.33333   -97.38704 36.29166     263.138     592.577  938.398  291.614   89.103   -0.320   12.650 0.00000e+00
   20    16.35000   -97.38652 36.29525     258.255     583.858  939.390  291.705   88.760    0.171   12.661 0.00000e+00
   21    16.36667   -97.38608 36.29898     287.291     609.949  936.503  291.438   89.933    0.841   12.652 0.00000e+00
   22    16.38333   -97.38520 36.30270     340.116     660.705  930.996  290.950   92.276    1.128   12.662 0.00000e+00
   23    16.40000   -97.38383 36.30629     389.324     707.687  925.886  290.498   94.423    0.817   12.658 0.00000e+00
   24    16.41667   -97.38226 36.30978     413.533     730.124  923.373  290.275   95.549    0.426   12.663 0.00000e+00
   25    16.43333   -97.38066 36.31325     415.460     731.283  923.224  290.256   95.720    0.117   12.673 0.00000e+00
   26    16.45000   -97.37914 36.31682     400.675     716.875  924.823  290.398   94.993   -0.193   12.669 0.00000e+00
   27    16.46667   -97.37772 36.32051     375.680     692.034  927.520  290.643   93.785   -0.448   12.668 0.00000e+00
   28    16.48333   -97.37640 36.32432     344.703     659.715  931.071  290.967   92.184   -0.672   12.662 0.00000e+00
   29    16.50000   -97.37519 36.32821     307.519     620.168  935.425  291.354   90.324   -0.861   12.655 0.00000e+00
   30    16.51667   -97.37421 36.33210     267.013     576.999  940.152  291.770   88.410   -0.855   12.652 0.00000e+00
   31    16.53333   -97.37349 36.33588     235.130     542.408  943.925  292.102   86.957   -0.632   12.656 0.00000e+00
   32    16.55000   -97.37295 36.33951     213.199     519.317  946.355  292.319   86.048   -0.327   12.663 0.00000e+00
   33    16.56667   -97.37253 36.34300     202.938     511.253  947.240  292.390   85.781   -0.051   12.669 0.00000e+00
   34    16.58333   -97.37215 36.34637     201.860     512.308  947.114  292.372   85.886    0.135   12.672 0.00000e+00
   35    16.60000   -97.37174 36.34966     201.866     516.356  946.657  292.325   86.102    0.116   12.672 0.00000e+00
   36    16.61667   -97.37135 36.35285     201.187     519.881  946.257  292.291   86.226    0.084   12.669 0.00000e+00
   37    16.63333   -97.37101 36.35600     196.456     518.222  946.555  292.322   86.065   -0.029   12.666 0.00000e+00
   38    16.65000   -97.37073 36.35915     187.840     510.292  947.474  292.402   85.729   -0.113   12.668 0.00000e+00
   39    16.66667   -97.37058 36.36233     176.659     499.845  948.562  292.502   85.288   -0.136   12.667 0.00000e+00
   40    16.68333   -97.37050 36.36560     165.070     489.708  949.680  292.608   84.771   -0.150   12.660 0.00000e+00
   41    16.70000   -97.37038 36.36895     156.906     483.366  950.311  292.740   84.039   -0.203   12.646 0.00000e+00
   42    16.71667   -97.37022 36.37241     148.197     476.232  951.124  292.852   83.515   -0.215   12.645 0.00000e+00
   43    16.73333   -97.37014 36.37591     140.106     468.444  951.948  292.928   83.204   -0.136   12.647 0.00000e+00
   44    16.75000   -97.37016 36.37935     132.817     461.439  952.706  292.969   83.059   -0.047   12.647 0.00000e+00
   45    16.76667   -97.37028 36.38266     127.410     453.867  953.633  293.041   82.794   -0.046   12.652 0.00000e+00
   46    16.78333   -97.37037 36.38583     120.852     444.660  954.654  293.138   82.419   -0.147   12.657 0.00000e+00
   47    16.80000   -97.37039 36.38895     113.149     434.546  955.729  293.275   81.942   -0.164   12.677 0.00000e+00
   48    16.81667   -97.37046 36.39204     107.479     427.028  956.546  293.378   81.558   -0.054   12.689 0.00000e+00
   49    16.83333   -97.37071 36.39511     110.662     428.350  956.402  293.364   81.564    0.143   12.681 0.00000e+00
   50    16.85000   -97.37109 36.39798     129.489     446.134  954.386  293.297   82.142    0.391   12.744 0.00000e+00
   51    16.86667   -97.37143 36.40059     159.009     475.459  951.102  293.061   83.236    0.481   12.769 0.00000e+00
   52    16.88333   -97.37176 36.40309     187.565     503.691  947.984  292.792   84.322    0.434   12.762 0.00000e+00
   53    16.90000   -97.37197 36.40552     208.395     524.080  945.713  292.598   85.013    0.383   12.741 0.00000e+00
   54    16.91667   -97.37212 36.40800     227.766     542.842  943.657  292.430   85.776    0.596   12.749 0.00000e+00
   55    16.93333   -97.37209 36.41055     252.425     567.053  941.025  292.203   86.843    0.700   12.760 0.00000e+00
   56    16.95000   -97.37190 36.41322     274.302     588.582  938.718  292.005   87.770    0.484   12.768 0.00000e+00
   57    16.96667   -97.37169 36.41605     278.624     591.668  938.321  291.980   87.922    0.045   12.775 0.00000e+00
   58    16.98333   -97.37150 36.41898     261.120     572.673  940.415  292.169   87.113   -0.269   12.781 0.00000e+00
   59    17.00000   -97.37156 36.42188     228.953     538.836  944.130  292.492   85.633   -0.444   12.770 0.00000e+00
   60    17.01667   -97.37190 36.42470     189.313     497.731  948.611  292.881   83.885   -0.518   12.758 0.00000e+00
   61    17.03333   -97.37260 36.42757     155.918     462.663  952.509  293.232   82.403   -0.466   12.758 0.00000e+00
   62    17.05000   -97.37337 36.43037     140.432     445.552  954.424  293.405   81.721   -0.152   12.765 0.00000e+00
   63    17.06667   -97.37404 36.43299     154.258     457.754  953.127  293.367   81.858    0.461   12.773 0.00000e+00
   64    17.08333   -97.37444 36.43552     207.380     509.694  947.446  293.014   83.153    1.259   12.769 0.00000e+00
   65    17.10000   -97.37463 36.43830     295.093     596.328  938.009  292.264   86.233    1.848   12.761 0.00000e+00
   66    17.11667   -97.37458 36.44120     394.990     695.358  927.286  291.310   90.570    1.529   12.766 0.00000e+00
   67    17.13333   -97.37398 36.44396     467.082     766.457  919.625  290.613   93.769    0.946   12.750 0.00000e+00
   68    17.15000   -97.37308 36.44653     517.500     815.854  914.354  290.149   95.851    0.758   12.727 0.00000e+00
   69    17.16667   -97.37215 36.44900     569.142     868.113  908.722  289.718   97.677    1.027   12.695 0.00000e+00
   70    17.18333   -97.37092 36.45142     639.093     938.505  901.257  289.191   99.941    1.224   12.662 8.92492e-03
   71    17.20000   -97.36917 36.45385     700.145     999.625  894.793  288.954  100.000    0.928   12.584 1.11207e-01
   72    17.21667   -97.36714 36.45623     733.077    1032.670  891.273  288.778  100.000    0.379   12.494 1.62539e-01
   73    17.23333   -97.36523 36.45864     740.398    1040.813  890.381  288.720  100.000    0.196   12.459 1.67902e-01
   74    17.25000   -97.36356 36.46113     739.315    1041.265  890.285  288.656  100.000    0.121   12.409 1.21857e-01
   75    17.26667   -97.36189 36.46369     737.003    1040.119  890.635  288.617  100.000    0.551   12.368 7.89837e-02
   76    17.28333   -97.36021 36.46636     755.594    1054.925  889.125  288.444  100.000    1.110   12.242 4.40049e-02
   77    17.30000   -97.35834 36.46941     781.424    1076.504  886.826  288.298  100.000    1.217   12.172 4.75120e-02
   78    17.31667   -97.35616 36.47256     796.904    1089.026  885.493  288.221   99.954    1.075   12.108 2.82292e-02
   79    17.33333   -97.35373 36.47565     827.123    1117.320  882.589  288.043   99.945    1.356   12.007 2.51035e-02
   80    17.35000   -97.35107 36.47864     888.546    1175.954  876.512  287.679  100.000    2.201   11.830 7.37106e-02
   81    17.36667   -97.34816 36.48165     984.482    1271.157  866.620  287.114  100.000    2.883   11.536 1.93475e-01
   82    17.38333   -97.34480 36.48491    1105.934    1393.334  854.176  286.464  100.000    3.119   11.218 3.47263e-01
   83    17.40000   -97.34111 36.48852    1235.954    1524.092  841.036  285.825  100.000    3.086   10.925 5.78010e-01
   84    17.41667   -97.33731 36.49220    1348.147    1636.243  829.892  285.319  100.000    2.701   10.710 8.05890e-01
   85    17.43333   -97.33347 36.49574    1422.163    1712.931  822.283  284.958  100.000    1.790   10.555 9.72008e-01
   86    17.45000   -97.32990 36.49937    1460.166    1753.630  818.336  284.800  100.000    1.075   10.496 1.08204e+00
   87    17.46667   -97.32632 36.50303    1467.611    1762.759  817.352  284.785  100.000    0.640   10.498 1.14185e+00
   88    17.48333   -97.32248 36.50666    1465.801    1764.208  817.216  284.815  100.000    0.312   10.518 1.12034e+00
   89    17.50000   -97.31834 36.51031    1478.328    1780.164  815.596  284.703   97.865    0.330   10.221 8.22167e-01
   90    17.51667   -97.31414 36.51408    1522.624    1829.565  810.859  284.780   87.207    0.888    9.208 5.14334e-01
   91    17.53333   -97.31025 36.51796    1577.142    1885.757  805.566  284.131   87.621    0.802    8.918 3.33574e-01
   92    17.55000   -97.30668 36.52185    1599.091    1908.472  803.294  283.804   93.432    0.028    9.330 4.57428e-01
   93    17.56667   -97.30341 36.52572    1580.889    1893.865  804.682  283.881   90.366   -0.836    9.055 2.82260e-01
   94    17.58333   -97.30031 36.52956    1535.925    1851.426  808.848  284.297   83.056   -1.357    8.513 4.41869e-02
   95    17.60000   -97.29715 36.53326    1473.881    1790.354  814.710  284.543   82.937   -1.401    8.580 0.00000e+00
   96    17.61667   -97.29378 36.53696    1422.244    1740.718  819.645  284.242   93.482   -0.816    9.421 4.28636e-03
   97    17.63333   -97.29031 36.54061    1419.306    1736.889  820.039  284.265   96.780   -0.027    9.763 1.49606e-02
   98    17.65000   -97.28694 36.54421    1451.532    1768.404  816.986  284.103   97.064    0.220    9.723 2.35074e-02
   99    17.66667   -97.28366 36.54777    1495.477    1810.913  812.868  283.804   96.692    0.126    9.542 4.75321e-02
  100    17.68333   -97.28040 36.55134    1527.061    1841.705  809.874  283.647   95.197   -0.041    9.330 4.26501e-02
  101    17.70000   -97.27715 36.55491    1532.075    1847.097  809.301  283.644   94.561   -0.490    9.273 3.11210e-02
  102    17.71667   -97.27387 36.55850    1509.408    1824.519  811.590  283.904   92.646   -0.819    9.218 1.40991e-02
  103    17.73333   -97.27057 36.56211    1476.852    1788.615  815.157  284.271   89.966   -0.699    9.134 0.00000e+00
  104    17.75000   -97.26727 36.56570    1453.062    1759.267  818.033  284.483   88.985   -0.244    9.130 0.00000e+00
  105    17.76667   -97.26385 36.56925    1453.219    1754.426  818.454  284.388   91.033    0.308    9.277 0.00000e+00
  106    17.78333   -97.26036 36.57284    1478.280    1775.904  816.279  284.008   94.591    0.539    9.423 0.00000e+00
  107    17.80000   -97.25690 36.57643    1508.260    1804.371  813.532  283.557   98.437    0.327    9.547 2.22067e-04
  108    17.81667   -97.25348 36.57994    1518.069    1812.351  812.748  283.444   99.726   -0.182    9.608 1.29407e-02
  109    17.83333   -97.25015 36.58340    1494.975    1788.435  815.067  283.619   99.321   -0.741    9.654 1.42472e-03
  110    17.85000   -97.24695 36.58681    1445.194    1737.787  820.037  284.109   96.554   -1.071    9.639 0.00000e+00
  111    17.86667   -97.24381 36.59019    1387.118    1679.116  825.741  284.716   92.645   -1.150    9.564 0.00000e+00
  112    17.88333   -97.24070 36.59358    1337.410    1629.410  830.676  285.246   89.751   -0.829    9.540 0.00000e+00
  113    17.90000   -97.23757 36.59700    1315.074    1607.074  832.896  285.506   88.201   -0.161    9.512 0.00000e+00
  114    17.91667   -97.23443 36.60044    1333.777    1625.678  831.085  285.352   88.841    0.544    9.505 0.00000e+00
  115    17.93333   -97.23135 36.60387    1380.738    1672.227  826.513  284.871   91.888    0.965    9.575 0.00000e+00
  116    17.95000   -97.22842 36.60733    1431.979    1722.778  821.538  284.261   96.333    0.780    9.697 0.00000e+00
  117    17.96667   -97.22565 36.61086    1460.267    1750.481  818.829  283.969   98.233    0.246    9.730 3.92216e-03
  118    17.98333   -97.22307 36.61443    1454.998    1745.500  819.281  284.007   98.159   -0.298    9.742 5.28155e-03
  119    18.00000   -97.22061 36.61798    1420.278    1712.484  822.476  284.299   97.006   -0.672    9.779 5.52126e-04
  120    18.01667   -97.21824 36.62148    1367.072    1661.285  827.488  284.803   94.617   -0.883    9.804 0.00000e+00
  121    18.03333   -97.21580 36.62490    1305.005    1601.112  833.520  285.402   91.659   -0.973    9.810 0.00000e+00
  122    18.05000   -97.21327 36.62828    1248.210    1545.696  839.068  285.949   89.005   -0.779    9.811 0.00000e+00
  123    18.06667   -97.21069 36.63160    1215.121    1513.126  842.354  286.278   87.313   -0.212    9.797 0.00000e+00
  124    18.08333   -97.20805 36.63484    1221.512    1519.512  841.708  286.198   88.001    0.539    9.829 0.00000e+00
  125    18.10000   -97.20535 36.63803    1266.082    1564.091  837.274  285.746   90.507    1.102    9.865 0.00000e+00
  126    18.11667   -97.20259 36.64120    1331.569    1629.884  830.734  285.082   94.299    1.216    9.914 0.00000e+00
  127    18.13333   -97.19979 36.64439    1391.906    1690.352  824.773  284.489   97.453    0.850    9.921 0.00000e+00
  128    18.15000   -97.19687 36.64757    1426.395    1724.812  821.405  284.150   99.302    0.190    9.924 1.07611e-04
  129    18.16667   -97.19385 36.65066    1437.666    1736.572  820.233  284.061   99.450   -0.274    9.894 6.14592e-05
  130    18.18333   -97.19073 36.65359    1443.702    1742.967  819.589  284.035   99.366   -0.300    9.877 2.52528e-02
  131    18.20000   -97.18753 36.65633    1442.772    1742.312  819.627  284.160   99.802   -0.566   10.002 1.37647e-01
  132    18.21667   -97.18435 36.65932    1416.515    1716.821  822.155  284.523   99.567   -1.147   10.192 1.84252e-01
  133    18.23333   -97.18134 36.66280    1352.695    1653.380  828.434  284.928   98.610   -1.341   10.291 5.87636e-02
  134    18.25000   -97.17875 36.66682    1291.454    1592.389  834.458  285.379   96.428   -0.609   10.293 4.86652e-04
  135    18.26667   -97.17651 36.67106    1272.557    1573.916  836.359  285.631   93.428    0.423   10.117 0.00000e+00
  136    18.28333   -97.17427 36.67532    1287.602    1589.091  834.799  285.459   94.328    0.962   10.119 0.00000e+00
  137    18.30000   -97.17194 36.67944    1317.252    1619.354  831.796  285.114   96.783    0.897   10.184 1.69118e-06
  138    18.31667   -97.16942 36.68337    1353.671    1656.436  828.102  284.762   98.447    0.770   10.165 5.12390e-04
  139    18.33333   -97.16671 36.68712    1390.351    1693.702  824.472  284.470   99.130    0.640   10.083 4.55169e-04
  140    18.35000   -97.16390 36.69081    1417.261    1721.158  821.784  284.254   99.659    0.390   10.024 3.91009e-03
  141    18.36667   -97.16103 36.69446    1423.056    1727.542  821.180  284.226   99.661   -0.142   10.014 5.22511e-04
  142    18.38333   -97.15817 36.69801    1400.980    1706.196  823.264  284.470   98.147   -0.709    9.997 0.00000e+00
  143    18.40000   -97.15549 36.70138    1357.632    1663.586  827.492  284.948   95.158   -0.976    9.955 0.00000e+00
  144    18.41667   -97.15297 36.70456    1309.600    1616.467  832.107  285.436   92.424   -0.908    9.932 0.00000e+00
  145    18.43333   -97.15064 36.70764    1271.675    1579.301  835.802  285.826   90.193   -0.618    9.900 0.00000e+00
  146    18.45000   -97.14845 36.71072    1249.061    1557.423  837.970  286.055   88.928   -0.311    9.884 0.00000e+00
  147    18.46667   -97.14625 36.71383    1240.129    1549.302  838.755  286.141   88.355   -0.090    9.867 0.00000e+00
  148    18.48333   -97.14398 36.71697    1237.561    1547.721  838.981  286.160   88.232   -0.042    9.863 0.00000e+00
  149    18.50000   -97.14162 36.72010    1237.805    1548.067  838.993  286.157   88.044   -0.098    9.840 0.00000e+00
  150    18.51667   -97.13913 36.72316    1238.883    1547.725  839.078  286.135   88.973    0.249    9.928 0.00000e+00
  151    18.53333   -97.13653 36.72621    1269.050    1575.093  836.336  285.996   89.083    1.171    9.883 0.00000e+00
  152    18.55000   -97.13390 36.72937    1304.776    1608.992  832.888  285.570   90.243    0.319    9.774 0.00000e+00
  153    18.56667   -97.13136 36.73264    1304.194    1608.946  832.883  285.349   95.021    0.119   10.142 4.58210e-02
  154    18.58333   -97.12855 36.73600    1315.522    1620.998  831.667  285.215   97.268    0.467   10.305 8.50701e-02
  155    18.60000   -97.12549 36.73930    1352.057    1658.138  827.980  284.779   98.998    0.925   10.235 2.13953e-02
  156    18.61667   -97.12273 36.74229    1415.543    1723.749  821.476  284.349   99.448    1.134   10.071 7.93161e-02
  157    18.63333   -97.12064 36.74501    1476.495    1788.031  815.217  283.967  100.000    0.962    9.967 1.22564e-01
  158    18.65000   -97.11906 36.74770    1517.638    1831.397  811.180  283.758  100.000    0.981    9.878 1.64007e-01
  159    18.66667   -97.11768 36.75032    1531.238    1844.906  809.910  283.742  100.000    0.269    9.883 1.91437e-01
  160    18.68333   -97.11628 36.75281    1514.842    1828.409  811.483  283.794  100.000   -0.724    9.897 1.13591e-01
  161    18.70000   -97.11503 36.75523    1479.303    1792.935  814.945  284.115   97.405   -0.795    9.789 1.60735e-03
  162    18.71667   -97.11404 36.75761    1441.641    1754.728  818.697  284.529   94.843   -0.437    9.754 0.00000e+00
  163    18.73333   -97.11319 36.76012    1418.124    1730.619  821.091  284.753   93.791   -0.131    9.762 0.00000e+00
  164    18.75000   -97.11226 36.76283    1404.593    1716.396  822.473  284.880   93.093   -0.116    9.755 0.00000e+00
  165    18.76667   -97.11108 36.76565    1390.663    1702.125  823.863  285.035   91.896   -0.431    9.712 0.00000e+00
  166    18.78333   -97.10979 36.76848    1385.532    1696.777  824.362  285.274   88.540   -0.421    9.501 0.00000e+00
  167    18.80000   -97.10834 36.77122    1385.982    1697.073  824.281  285.184   88.942    0.194    9.489 0.00000e+00
  168    18.81667   -97.10700 36.77409    1404.347    1715.892  822.473  284.806   93.769    0.574    9.777 0.00000e+00
  169    18.83333   -97.10579 36.77730    1436.998    1748.948  819.275  284.557   94.296    0.684    9.709 0.00000e+00
  170    18.85000   -97.10458 36.78044    1466.603    1778.378  816.411  284.292   94.923    0.533    9.636 0.00000e+00
  171    18.86667   -97.10332 36.78336    1483.303    1794.679  814.744  284.156   95.893   -0.012    9.666 0.00000e+00
  172    18.88333   -97.10197 36.78606    1485.138    1797.105  814.424  284.189   95.690   -0.213    9.671 0.00000e+00
  173    18.90000   -97.10044 36.78854    1491.857    1805.010  813.700  284.147   95.916    0.223    9.675 0.00000e+00
  174    18.91667   -97.09874 36.79102    1519.543    1833.404  810.944  283.872   97.575    0.700    9.696 1.95493e-05
  175    18.93333   -97.09698 36.79362    1561.598    1876.014  806.830  283.461   99.871    0.809    9.703 1.15761e-02
  176    18.95000   -97.09512 36.79631    1597.710    1912.618  803.297  283.277  100.000    0.678    9.659 7.99953e-02
  177    18.96667   -97.09325 36.79911    1618.231    1934.203  801.215  283.196  100.000    0.314    9.631 1.20064e-01
  178    18.98333   -97.09116 36.80204    1621.694    1938.543  800.813  283.138  100.000    0.067    9.590 7.77049e-02
