    0    16.01667   -97.52859 36.20514      67.301     396.038  959.764  293.013   85.563   -0.027   12.967 0.00000e+00
    1    16.03333   -97.52884 36.20772      62.461     391.647  960.264  293.089   85.237   -0.215   12.973 0.00000e+00
    2    16.05000   -97.52904 36.21028      46.991     376.638  961.958  293.237   84.569   -0.363   12.967 0.00000e+00
    3    16.06667   -97.52917 36.21278      29.047     359.205  963.923  293.440   83.727   -0.288   12.976 0.00000e+00
    4    16.08333   -97.52937 36.21497      17.380     348.164  965.132  293.679   82.801   -0.150   13.008 0.00000e+00
    5    16.10000   -97.52964 36.21679      11.446     342.855  965.789  293.913   81.929   -0.086   13.052 0.00000e+00
    6    16.11667   -97.52998 36.21838       7.660     339.741  966.038  294.030   81.166   -0.054   13.021 0.00000e+00
    7    16.13333   -97.53033 36.21999       5.202     338.003  966.204  294.173   80.365   -0.039   13.005 0.00000e+00
    8    16.15000   -97.53051 36.22169       4.097     337.603  966.248  294.198   80.077   -0.031   12.978 0.00000e+00
    9    16.16667   -97.53045 36.22334       3.282     337.356  966.238  294.214   79.963   -0.016   12.973 0.00000e+00
   10    16.18333   -97.53011 36.22482       2.402     336.859  966.229  294.352   79.562   -0.005   13.019 0.00000e+00
   11    16.20000   -97.52963 36.22619       2.302     337.077  966.215  294.436   79.388    0.002   13.058 0.00000e+00
   12    16.21667   -97.52927 36.22753       3.291     338.514  966.008  294.522   79.314    0.021   13.119 0.00000e+00
   13    16.23333   -97.52929 36.22882       5.331     341.109  965.764  294.635   79.132    0.054   13.184 0.00000e+00
   14    16.25000   -97.52969 36.23016       8.967     345.334  965.350  294.638   79.371    0.118   13.232 0.00000e+00
   15    16.26667   -97.53031 36.23158      16.028     353.041  964.593  294.451   79.955    0.212   13.186 0.00000e+00
   16    16.28333   -97.53099 36.23323      30.886     368.651  962.847  294.195   80.757    0.442   13.133 0.00000e+00
   17    16.30000   -97.53164 36.23528      55.178     393.865  960.080  293.814   82.125    0.617   13.081 0.00000e+00
   18    16.31667   -97.53232 36.23756      87.298     427.077  956.392  293.387   83.741    0.733   13.037 0.00000e+00
   19    16.33333   -97.53310 36.24004     125.770     467.747  951.900  292.917   85.596    0.859   13.002 0.00000e+00
   20    16.35000   -97.53391 36.24255     167.680     512.663  946.949  292.431   87.606    0.922   12.976 0.00000e+00
   21    16.36667   -97.53471 36.24503     215.124     563.483  941.373  291.920   89.837    1.088   12.961 0.00000e+00
   22    16.38333   -97.53536 36.24750     271.128     622.314  935.050  291.337   92.446    1.183   12.943 0.00000e+00
   23    16.40000   -97.53580 36.24999     320.255     672.503  929.607  290.831   94.798    0.889   12.929 0.00000e+00
   24    16.41667   -97.53596 36.25258     348.259     701.324  926.411  290.525   96.193    0.412   12.910 0.00000e+00
   25    16.43333   -97.53609 36.25525     347.654     701.437  926.410  290.501   96.252   -0.029   12.899 0.00000e+00
   26    16.45000   -97.53617 36.25801     328.437     682.666  928.409  290.658   95.474   -0.319   12.895 0.00000e+00
   27    16.46667   -97.53617 36.26083     298.213     652.866  931.591  290.943   94.001   -0.490   12.884 0.00000e+00
   28    16.48333   -97.53618 36.26367     258.121     613.236  935.800  291.329   92.043   -0.688   12.870 0.00000e+00
   29    16.50000   -97.53635 36.26655     213.189     568.914  940.648  291.796   89.605   -0.778   12.837 0.00000e+00
   30    16.51667   -97.53666 36.26940     175.154     531.454  944.737  292.224   87.291   -0.654   12.792 0.00000e+00
   31    16.53333   -97.53693 36.27222     146.531     503.258  947.915  292.546   85.700   -0.444   12.772 0.00000e+00
   32    16.55000   -97.53711 36.27503     127.414     483.805  950.036  292.757   84.737   -0.322   12.769 0.00000e+00
   33    16.56667   -97.53728 36.27787     110.655     466.727  951.927  292.933   84.050   -0.300   12.780 0.00000e+00
   34    16.58333   -97.53755 36.28069      94.931     450.463  953.773  293.116   83.381   -0.234   12.799 0.00000e+00
   35    16.60000   -97.53790 36.28347      82.022     436.176  955.353  293.264   82.846   -0.161   12.814 0.00000e+00
   36    16.61667   -97.53835 36.28624      71.869     424.638  956.620  293.409   82.368   -0.121   12.839 0.00000e+00
   37    16.63333   -97.53880 36.28897      63.931     415.379  957.666  293.536   81.938   -0.112   12.859 0.00000e+00
   38    16.65000   -97.53927 36.29172      58.627     408.949  958.362  293.636   81.637   -0.073   12.882 0.00000e+00
   39    16.66667   -97.53976 36.29448      62.626     411.884  958.070  293.800   81.154    0.311   12.942 0.00000e+00
   40    16.68333   -97.54018 36.29712      95.986     444.651  954.367  293.594   82.162    0.809   12.986 0.00000e+00
   41    16.70000   -97.54019 36.29972     149.233     498.876  948.460  293.077   84.164    0.883   12.961 0.00000e+00
   42    16.71667   -97.53970 36.30238     196.793     547.142  943.194  292.568   86.026    0.700   12.904 0.00000e+00
   43    16.73333   -97.53896 36.30510     227.762     578.283  939.795  292.244   87.315    0.397   12.880 0.00000e+00
   44    16.75000   -97.53834 36.30782     234.974     585.319  939.064  292.169   87.670    0.067   12.881 0.00000e+00
   45    16.76667   -97.53819 36.31049     232.416     582.989  939.323  292.229   87.367    0.098   12.882 0.00000e+00
   46    16.78333   -97.53830 36.31294     249.132     600.183  937.495  292.164   87.709    0.697   12.905 0.00000e+00
   47    16.80000   -97.53831 36.31520     296.815     646.943  932.458  291.756   89.620    1.127   12.921 0.00000e+00
   48    16.81667   -97.53808 36.31720     355.328     704.174  926.237  291.193   92.136    1.007   12.905 0.00000e+00
   49    16.83333   -97.53770 36.31890     397.031     744.772  921.852  290.781   93.814    0.472   12.862 0.00000e+00
   50    16.85000   -97.53734 36.32037     421.983     768.806  919.204  290.533   95.032    0.386   12.862 0.00000e+00
   51    16.86667   -97.53709 36.32169     447.130     793.534  916.494  290.288   95.917    0.712   12.819 0.00000e+00
   52    16.88333   -97.53685 36.32302     476.326     823.180  913.283  289.993   97.295    0.694   12.806 0.00000e+00
   53    16.90000   -97.53659 36.32458     499.887     847.549  910.732  289.764   98.330    0.278   12.789 0.00000e+00
   54    16.91667   -97.53597 36.32631     508.162     856.588  909.811  289.760   97.774   -0.564   12.726 0.00000e+00
   55    16.93333   -97.53512 36.32815     499.447     848.461  910.708  289.972   95.608   -0.188   12.602 0.00000e+00
   56    16.95000   -97.53400 36.33009     503.133     852.335  910.289  290.033   94.360    0.318   12.492 0.00000e+00
   57    16.96667   -97.53270 36.33199     528.568     876.977  907.703  289.820   95.392    0.688   12.494 0.00000e+00
   58    16.98333   -97.53131 36.33385     566.469     913.867  903.797  289.459   98.087    0.788   12.607 0.00000e+00
   59    17.00000   -97.52975 36.33581     601.230     947.501  900.270  289.193   99.840    0.465   12.664 1.18106e-02
   60    17.01667   -97.52787 36.33792     628.420     973.628  897.401  289.044  100.000    0.290   12.605 1.97213e-02
   61    17.03333   -97.52570 36.34013     640.557     986.772  896.005  288.998   98.829    0.135   12.439 5.89714e-03
   62    17.05000   -97.52321 36.34243     641.470     987.941  895.964  289.057   97.471    0.064   12.316 0.00000e+00
   63    17.06667   -97.52055 36.34491     637.006     982.093  896.590  289.197   95.570    0.147   12.176 0.00000e+00
   64    17.08333   -97.51795 36.34771     631.002     973.793  897.495  289.348   93.916    0.129   12.070 0.00000e+00
   65    17.10000   -97.51546 36.35079     617.903     957.233  899.280  289.582   91.917   -0.158   11.968 0.00000e+00
   66    17.11667   -97.51306 36.35406     593.700     929.123  902.262  289.883   90.300   -0.681   11.946 0.00000e+00
   67    17.13333   -97.51081 36.35736     562.004     894.246  905.873  290.214   88.910   -0.819   11.966 0.00000e+00
   68    17.15000   -97.50883 36.36057     536.250     866.396  908.825  290.485   87.735   -0.618   11.974 0.00000e+00
   69    17.16667   -97.50710 36.36373     522.131     850.447  910.513  290.663   86.788   -0.227   11.958 0.00000e+00
   70    17.18333   -97.50548 36.36691     521.689     848.497  910.729  290.648   87.087    0.243   11.985 0.00000e+00
   71    17.20000   -97.50381 36.37021     536.740     861.655  909.320  290.464   88.473    0.596   12.053 0.00000e+00
   72    17.21667   -97.50188 36.37369     556.311     882.075  907.066  290.216   90.165    0.537   12.121 0.00000e+00
   73    17.23333   -97.49955 36.37728     568.133     896.384  905.532  290.086   90.724    0.161   12.115 0.00000e+00
   74    17.25000   -97.49718 36.38084     571.406     901.202  904.978  290.070   90.444    0.003   12.073 0.00000e+00
   75    17.26667   -97.49516 36.38415     574.957     906.965  904.410  290.031   90.462    0.109   12.053 0.00000e+00
   76    17.28333   -97.49354 36.38709     590.352     924.733  902.547  289.850   91.460    0.415   12.071 0.00000e+00
   77    17.30000   -97.49196 36.38976     627.085     962.466  898.597  289.483   94.376    0.788   12.220 0.00000e+00
   78    17.31667   -97.49014 36.39233     674.393    1010.427  893.581  289.007   97.344    0.624   12.293 3.65210e-03
   79    17.33333   -97.48797 36.39491     704.569    1041.601  890.249  288.717   99.214    0.191   12.343 1.47093e-02
   80    17.35000   -97.48562 36.39762     704.245    1042.289  890.233  288.759   99.145   -0.199   12.369 2.96592e-02
   81    17.36667   -97.48337 36.40057     682.294    1019.770  892.608  288.933   98.547   -0.445   12.400 8.25988e-03
   82    17.38333   -97.48142 36.40368     651.785     987.914  896.020  289.216   97.286   -0.448   12.418 0.00000e+00
   83    17.40000   -97.47969 36.40683     623.890     957.799  899.195  289.517   95.445   -0.278   12.377 0.00000e+00
   84    17.41667   -97.47809 36.40996     598.194     929.715  902.106  289.790   93.879   -0.229   12.348 0.00000e+00
   85    17.43333   -97.47650 36.41302     572.085     902.138  904.976  290.066   92.306   -0.273   12.319 0.00000e+00
   86    17.45000   -97.47501 36.41608     546.633     876.487  907.658  290.319   91.010   -0.308   12.306 0.00000e+00
   87    17.46667   -97.47348 36.41914     526.709     857.175  909.699  290.501   90.256   -0.245   12.320 0.00000e+00
   88    17.48333   -97.47185 36.42221     513.097     844.749  911.026  290.617   89.819   -0.308   12.333 0.00000e+00
   89    17.50000   -97.47009 36.42523     499.267     830.251  912.721  290.779   89.003   -0.457   12.324 0.00000e+00
   90    17.51667   -97.46835 36.42812     494.186     822.534  913.614  290.865   88.076   -0.138   12.251 0.00000e+00
   91    17.53333   -97.46669 36.43084     524.593     849.708  910.732  290.640   88.817    0.838   12.217 0.00000e+00
   92    17.55000   -97.46516 36.43330     583.000     905.313  904.815  290.188   91.462    1.477   12.304 0.00000e+00
   93    17.56667   -97.46326 36.43563     642.000     962.054  898.787  289.682   93.931    1.030   12.316 0.00000e+00
   94    17.58333   -97.46099 36.43799     688.461    1006.553  894.094  289.268   95.917    0.905   12.311 0.00000e+00
   95    17.60000   -97.45868 36.44042     719.020    1035.322  891.079  289.012   96.771    0.461   12.259 0.00000e+00
   96    17.61667   -97.45639 36.44297     733.814    1048.811  889.657  288.880   97.150   -0.017   12.223 0.00000e+00
   97    17.63333   -97.45414 36.44564     731.846    1046.031  889.945  288.920   96.735   -0.338   12.198 0.00000e+00
   98    17.65000   -97.45195 36.44839     714.758    1027.907  891.870  289.122   95.445   -0.508   12.167 0.00000e+00
   99    17.66667   -97.44980 36.45117     688.073    1000.344  894.725  289.410   93.776   -0.621   12.138 0.00000e+00
  100    17.68333   -97.44765 36.45392     653.010     965.266  898.401  289.770   91.784   -0.716   12.108 0.00000e+00
  101    17.70000   -97.44547 36.45666     610.535     923.307  902.844  290.201   89.722   -0.848   12.106 0.00000e+00
  102    17.71667   -97.44320 36.45938     562.424     874.785  908.000  290.698   86.960   -0.983   12.042 0.00000e+00
  103    17.73333   -97.44096 36.46215     510.177     821.730  913.619  291.230   84.243   -1.016   11.992 0.00000e+00
  104    17.75000   -97.43884 36.46497     459.992     770.431  919.066  291.709   82.348   -0.816   12.011 0.00000e+00
  105    17.76667   -97.43695 36.46780     418.471     727.952  923.654  292.109   80.763   -0.706   12.021 0.00000e+00
  106    17.78333   -97.43537 36.47063     382.281     690.972  927.664  292.456   79.608   -0.501   12.057 0.00000e+00
  107    17.80000   -97.43414 36.47350     352.968     659.924  930.987  292.732   78.708   -0.383   12.086 0.00000e+00
  108    17.81667   -97.43334 36.47646     319.792     625.202  934.690  293.059   78.088   -0.617   12.190 0.00000e+00
  109    17.83333   -97.43303 36.47954     266.701     570.869  940.556  293.579   76.414   -1.046   12.245 0.00000e+00
  110    17.85000   -97.43311 36.48270     198.849     500.949  948.217  294.313   74.289   -1.036   12.359 0.00000e+00
  111    17.86667   -97.43339 36.48603     141.625     441.452  954.769  294.974   72.245   -0.743   12.434 0.00000e+00
  112    17.88333   -97.43344 36.48949     101.191     399.048  959.418  295.348   70.820   -0.351   12.412 0.00000e+00
  113    17.90000   -97.43311 36.49291      99.814     396.282  959.726  295.428   71.025    0.377   12.506 0.00000e+00
  114    17.91667   -97.43242 36.49612     138.991     434.226  955.442  295.083   72.629    0.558   12.576 0.00000e+00
  115    17.93333   -97.43161 36.49888     179.594     476.714  950.696  294.654   74.430    0.587   12.614 0.00000e+00
  116    17.95000   -97.43072 36.50134     220.467     520.102  945.939  294.154   76.384    0.557   12.613 0.00000e+00
  117    17.96667   -97.42976 36.50354     257.290     559.347  941.683  293.757   78.060    0.698   12.633 0.00000e+00
  118    17.98333   -97.42874 36.50558     291.902     595.911  937.802  293.476   79.344    0.659   12.670 0.00000e+00
  119    18.00000   -97.42789 36.50755     306.572     611.449  936.078  293.465   79.585    0.142   12.724 0.00000e+00
  120    18.01667   -97.42732 36.50965     307.927     613.594  935.836  293.467   79.492   -0.017   12.714 0.00000e+00
  121    18.03333   -97.42709 36.51177     310.454     616.932  935.449  293.411   79.632    0.147   12.697 0.00000e+00
  122    18.05000   -97.42711 36.51389     320.758     628.285  934.220  293.288   80.031    0.334   12.680 0.00000e+00
  123    18.06667   -97.42736 36.51594     342.641     651.781  931.642  293.042   80.906    0.520   12.658 0.00000e+00
  124    18.08333   -97.42767 36.51781     395.128     705.810  925.843  292.529   82.955    1.029   12.647 0.00000e+00
  125    18.10000   -97.42768 36.51958     481.017     793.142  916.530  291.665   86.571    1.892   12.627 0.00000e+00
  126    18.11667   -97.42683 36.52145     570.463     883.844  906.956  290.784   90.415    1.684   12.604 0.00000e+00
  127    18.13333   -97.42519 36.52378     627.833     941.416  900.915  290.255   92.966    0.757   12.615 0.00000e+00
  128    18.15000   -97.42351 36.52655     637.132     950.295  900.025  290.207   93.006    0.051   12.594 0.00000e+00
  129    18.16667   -97.42228 36.52940     613.877     926.357  902.634  290.460   91.722   -0.402   12.585 0.00000e+00
  130    18.18333   -97.42144 36.53209     571.005     882.423  907.226  290.894   89.376   -0.699   12.543 0.00000e+00
  131    18.20000   -97.42089 36.53450     516.916     827.492  913.037  291.437   86.713   -0.916   12.515 0.00000e+00
  132    18.21667   -97.42061 36.53663     457.580     767.622  919.462  292.035   83.835   -1.073   12.477 0.00000e+00
  133    18.23333   -97.42049 36.53850     398.233     707.907  925.834  292.614   81.322   -1.091   12.465 0.00000e+00
  134    18.25000   -97.42045 36.54024     345.393     654.736  931.522  293.129   79.205   -0.978   12.462 0.00000e+00
  135    18.26667   -97.42046 36.54199     299.698     608.728  936.464  293.576   77.451   -0.805   12.464 0.00000e+00
  136    18.28333   -97.42046 36.54385     257.660     566.369  941.058  293.997   75.813   -0.643   12.463 0.00000e+00
  137    18.30000   -97.42049 36.54589     217.570     525.923  945.393  294.394   74.304   -0.590   12.462 0.00000e+00
  138    18.31667   -97.42054 36.54817     176.591     486.130  949.677  294.779   72.904   -0.653   12.465 0.00000e+00
  139    18.33333   -97.42069 36.55067     140.098     452.033  953.416  295.095   71.715   -0.531   12.453 0.00000e+00
  140    18.35000   -97.42086 36.55332     118.759     433.187  955.466  295.311   70.719   -0.137   12.418 0.00000e+00
  141    18.36667   -97.42099 36.55598     111.888     428.264  956.029  295.361   70.336   -0.096   12.381 0.00000e+00
  142    18.38333   -97.42122 36.55850     100.911     418.251  957.123  295.510   69.822   -0.216   12.390 0.00000e+00
  143    18.40000   -97.42153 36.56087     100.132     418.398  957.081  295.822   68.882    0.595   12.460 0.00000e+00
  144    18.41667   -97.42165 36.56307     135.980     455.049  953.140  295.651   68.955    1.253   12.395 0.00000e+00
  145    18.43333   -97.42128 36.56529     219.461     538.393  944.040  294.858   71.200    2.254   12.307 0.00000e+00
  146    18.45000   -97.42043 36.56760     346.381     664.651  930.394  293.587   75.480    2.787   12.235 0.00000e+00
  147    18.46667   -97.41924 36.56975     492.059     809.475  914.878  292.158   80.852    2.969   12.188 0.00000e+00
  148    18.48333   -97.41779 36.57169     640.897     957.977  899.139  290.695   86.915    2.910   12.153 0.00000e+00
  149    18.50000   -97.41616 36.57335     783.254    1100.839  884.273  289.330   92.975    2.536   12.115 0.00000e+00
  150    18.51667   -97.41463 36.57480     896.832    1214.947  872.514  288.206   98.836    1.781   12.140 0.00000e+00
  151    18.53333   -97.41316 36.57616     949.542    1268.138  867.029  287.821   99.951    0.871   12.050 4.02824e-02
  152    18.55000   -97.41146 36.57754     960.196    1279.326  865.884  287.756  100.000    0.300   12.041 4.43370e-02
  153    18.56667   -97.40952 36.57906     954.856    1274.955  866.337  287.782   99.521   -0.228   11.977 1.89552e-02
  154    18.58333   -97.40740 36.58075     931.494    1252.556  868.622  287.971   98.244   -0.755   11.938 0.00000e+00
  155    18.60000   -97.40521 36.58257     886.873    1208.857  873.155  288.449   95.206   -1.175   11.871 0.00000e+00
  156    18.61667   -97.40314 36.58450     817.623    1140.663  880.153  289.138   91.559   -1.496   11.840 0.00000e+00
  157    18.63333   -97.40146 36.58655     739.147    1063.332  888.153  289.901   87.769   -1.338   11.812 0.00000e+00
  158    18.65000   -97.40012 36.58877     669.770     994.895  895.290  290.592   84.320   -1.151   11.764 0.00000e+00
  159    18.66667   -97.39895 36.59113     604.873     930.981  901.995  291.225   81.542   -1.074   11.755 0.00000e+00
  160    18.68333   -97.39780 36.59354     542.081     869.186  908.474  291.832   78.936   -1.051   11.739 0.00000e+00
  161    18.70000   -97.39658 36.59594     480.367     808.496  914.926  292.428   76.598   -0.978   11.744 0.00000e+00
  162    18.71667   -97.39537 36.59842     422.333     751.260  920.985  292.985   74.557   -0.944   11.759 0.00000e+00
  163    18.73333   -97.39410 36.60098     365.158     694.863  927.030  293.552   72.091   -0.881   11.703 0.00000e+00
  164    18.75000   -97.39272 36.60365     310.329     641.033  932.776  294.078   69.734   -0.872   11.624 0.00000e+00
  165    18.76667   -97.39115 36.60645     261.409     592.558  938.070  294.569   67.991   -0.564   11.618 0.00000e+00
  166    18.78333   -97.38945 36.60936     221.890     552.939  942.324  294.985   66.605   -0.652   11.624 0.00000e+00
  167    18.80000   -97.38752 36.61243     189.904     521.321  945.809  295.344   65.641   -0.297   11.669 0.00000e+00
  168    18.81667   -97.38544 36.61524     170.828     500.042  948.295  295.628   64.728   -0.406   11.679 0.00000e+00
  169    18.83333   -97.38313 36.61776     146.309     471.995  951.282  295.980   63.638   -0.439   11.696 0.00000e+00
  170    18.85000   -97.38048 36.61981     133.623     457.031  952.901  296.181   63.178    0.237   11.735 0.00000e+00
  171    18.86667   -97.37801 36.62141     160.936     482.902  950.120  295.928   64.041    0.798   11.747 0.00000e+00
  172    18.88333   -97.37605 36.62282     210.875     530.920  944.920  295.464   65.839    0.921   11.802 0.00000e+00
  173    18.90000   -97.37449 36.62414     269.925     588.240  938.681  294.879   67.849    1.051   11.810 0.00000e+00
  174    18.91667   -97.37310 36.62537     328.032     644.881  932.584  294.317   69.907    0.789   11.830 0.00000e+00
  175    18.93333   -97.37187 36.62654     375.065     690.619  927.735  293.889   71.573    0.635   11.857 0.00000e+00
  176    18.95000   -97.37073 36.62765     428.602     743.001  922.086  293.424   73.463    0.857   11.895 0.00000e+00
  177    18.96667   -97.36970 36.62877     498.829     812.206  914.727  292.860   75.934    1.101   11.965 0.00000e+00
  178    18.98333   -97.36898 36.62995     594.608     907.032  904.743  292.047   79.337    1.903   12.011 0.00000e+00
