    0    16.01667   -97.48148 36.27507      67.562     426.091  956.794  292.471   88.007    0.386   12.932 0.00000e+00
    1    16.03333   -97.48296 36.27757      82.912     444.243  954.772  292.280   88.890    0.300   12.933 0.00000e+00
    2    16.05000   -97.48461 36.27995      95.623     459.973  953.043  292.108   89.667    0.193   12.930 0.00000e+00
    3    16.06667   -97.48640 36.28230     100.637     465.568  952.320  292.027   89.994   -0.002   12.921 0.00000e+00
    4    16.08333   -97.48811 36.28466      99.792     462.127  952.515  292.033   89.933   -0.089   12.914 0.00000e+00
    5    16.10000   -97.48961 36.28707      88.192     447.171  954.150  292.152   89.377   -0.303   12.908 0.00000e+00
    6    16.11667   -97.49090 36.28949      66.862     421.981  957.045  292.400   88.243   -0.396   12.906 0.00000e+00
    7    16.13333   -97.49218 36.29183      46.423     397.271  959.753  292.638   87.168   -0.353   12.904 0.00000e+00
    8    16.15000   -97.49358 36.29412      34.805     381.550  961.514  292.801   86.459   -0.155   12.907 0.00000e+00
    9    16.16667   -97.49497 36.29636      33.640     377.604  962.049  293.057   85.600    0.038   12.978 0.00000e+00
   10    16.18333   -97.49625 36.29855      37.387     381.574  961.687  293.238   85.001    0.104   13.038 0.00000e+00
   11    16.20000   -97.49749 36.30073      43.773     388.055  960.940  293.222   85.084    0.181   13.048 0.00000e+00
   12    16.21667   -97.49867 36.30306      47.952     391.333  960.532  293.265   84.898    0.239   13.061 0.00000e+00
   13    16.23333   -97.49952 36.30523      58.992     400.937  959.443  293.220   84.961    0.319   13.048 0.00000e+00
   14    16.25000   -97.50002 36.30732      74.931     415.662  957.765  293.054   85.226    0.393   12.977 0.00000e+00
   15    16.26667   -97.50053 36.30944      93.867     433.369  955.795  292.863   85.876    0.395   12.947 0.00000e+00
   16    16.28333   -97.50102 36.31181      99.760     437.861  955.276  292.796   85.916    0.086   12.906 0.00000e+00
   17    16.30000   -97.50134 36.31429      96.133     432.986  955.803  292.832   85.654    0.015   12.889 0.00000e+00
   18    16.31667   -97.50156 36.31679      93.630     429.728  956.260  292.878   85.453    0.068   12.889 0.00000e+00
   19    16.33333   -97.50173 36.31914     102.174     437.691  955.330  292.836   85.650    0.203   12.898 0.00000e+00
   20    16.35000   -97.50211 36.32125     118.376     453.632  953.665  292.725   86.319    0.199   12.931 0.00000e+00
   21    16.36667   -97.50272 36.32317     129.963     465.051  952.405  292.653   86.576    0.127   12.928 0.00000e+00
   22    16.38333   -97.50342 36.32504     129.087     463.748  952.500  292.686   86.275   -0.198   12.909 0.00000e+00
   23    16.40000   -97.50394 36.32691     106.364     440.305  955.077  292.914   85.173   -0.600   12.892 0.00000e+00
   24    16.41667   -97.50416 36.32866      75.890     408.905  958.561  293.209   83.783   -0.680   12.870 0.00000e+00
   25    16.43333   -97.50430 36.33027      57.245     390.041  960.472  293.385   83.000   -0.270   12.865 0.00000e+00
   26    16.45000   -97.50455 36.33181      53.080     387.345  960.718  293.519   82.639   -0.001   12.914 0.00000e+00
   27    16.46667   -97.50490 36.33324      62.771     398.689  959.467  293.479   82.898    0.397   12.939 0.00000e+00
   28    16.48333   -97.50526 36.33459      96.305     433.779  955.586  293.242   84.247    0.851   13.009 0.00000e+00
   29    16.50000   -97.50558 36.33621     158.298     497.595  948.537  292.603   86.963    1.396   12.999 0.00000e+00
   30    16.51667   -97.50562 36.33816     245.410     586.674  938.821  291.739   90.848    1.624   12.995 0.00000e+00
   31    16.53333   -97.50533 36.34056     335.920     677.869  928.920  290.865   94.769    1.425   12.963 0.00000e+00
   32    16.55000   -97.50476 36.34333     407.642     750.015  921.127  290.167   98.177    1.154   12.954 0.00000e+00
   33    16.56667   -97.50381 36.34633     463.857     806.676  915.114  289.658   99.990    1.492   12.855 2.06195e-02
   34    16.58333   -97.50213 36.34962     520.886     861.191  909.390  289.335  100.000    1.532   12.687 8.55788e-02
   35    16.60000   -97.50005 36.35323     553.856     890.396  906.291  289.179  100.000    0.847   12.604 1.13534e-01
   36    16.61667   -97.49800 36.35696     577.302     910.528  904.114  289.037  100.000    0.637   12.506 9.49327e-02
   37    16.63333   -97.49586 36.36073     608.846     939.933  900.960  288.839  100.000    0.779   12.391 8.70669e-02
   38    16.65000   -97.49355 36.36453     652.551     981.356  896.656  288.607  100.000    1.063   12.280 1.15569e-01
   39    16.66667   -97.49081 36.36836     710.164    1035.463  890.955  288.362  100.000    1.347   12.165 2.03384e-01
   40    16.68333   -97.48756 36.37218     777.303    1100.059  884.045  288.066  100.000    1.447   12.030 3.31391e-01
   41    16.70000   -97.48409 36.37590     835.164    1161.730  877.558  287.781  100.000    1.274   11.898 4.54139e-01
   42    16.71667   -97.48057 36.37944     876.331    1207.738  872.815  287.548  100.000    0.990   11.782 5.14925e-01
   43    16.73333   -97.47697 36.38285     899.599    1233.837  870.284  287.405  100.000    0.612   11.708 5.26071e-01
   44    16.75000   -97.47331 36.38622     903.491    1238.643  869.746  287.347  100.000   -0.051   11.671 4.62945e-01
   45    16.76667   -97.46956 36.38963     885.918    1222.006  871.550  287.393  100.000   -0.403   11.682 3.54058e-01
   46    16.78333   -97.46577 36.39314     858.923    1194.428  874.352  287.499  100.000   -0.407   11.725 2.19245e-01
   47    16.80000   -97.46196 36.39686     842.819    1179.015  875.878  287.540  100.000    0.093   11.725 9.80050e-02
   48    16.81667   -97.45818 36.40082     860.511    1199.553  873.790  287.389  100.000    0.912   11.647 7.67977e-02
   49    16.83333   -97.45433 36.40499     906.978    1246.969  869.040  287.161  100.000    1.156   11.540 1.54267e-01
   50    16.85000   -97.45033 36.40920     945.878    1279.513  865.850  287.024  100.000    0.675   11.480 2.10208e-01
   51    16.86667   -97.44624 36.41324     952.578    1278.270  865.970  286.990   99.788    0.183   11.410 1.30820e-01
   52    16.88333   -97.44215 36.41712     928.102    1249.254  868.854  287.173   98.552   -0.165   11.366 3.33714e-02
   53    16.90000   -97.43811 36.42083     896.211    1214.162  872.481  287.532   95.819   -0.097   11.265 0.00000e+00
   54    16.91667   -97.43406 36.42440     880.658    1196.935  874.153  287.769   93.663    0.246   11.161 0.00000e+00
   55    16.93333   -97.43000 36.42781     889.268    1206.652  873.120  287.654   94.513    0.604   11.192 0.00000e+00
   56    16.95000   -97.42606 36.43105     913.996    1232.824  870.490  287.392   96.083    0.699   11.219 0.00000e+00
   57    16.96667   -97.42219 36.43420     935.789    1255.637  868.104  287.189   96.955    0.358   11.203 0.00000e+00
   58    16.98333   -97.41830 36.43735     938.421    1259.526  867.851  287.201   96.535    0.034   11.167 0.00000e+00
   59    17.00000   -97.41429 36.44056     924.010    1242.209  869.572  287.413   94.956   -0.318   11.115 0.00000e+00
   60    17.01667   -97.41013 36.44384     900.660    1216.104  872.274  287.710   93.058   -0.382   11.071 0.00000e+00
   61    17.03333   -97.40595 36.44714     885.916    1200.060  873.854  287.896   91.668   -0.203   11.018 0.00000e+00
   62    17.05000   -97.40198 36.45042     887.333    1201.942  873.682  287.903   91.308    0.031   10.982 0.00000e+00
   63    17.06667   -97.39829 36.45372     900.575    1215.424  872.337  287.783   91.771    0.183   10.969 0.00000e+00
   64    17.08333   -97.39474 36.45704     920.336    1231.815  870.756  287.631   92.521    0.275   10.970 0.00000e+00
   65    17.10000   -97.39125 36.46042     934.794    1242.750  869.651  287.508   93.327    0.218   10.991 0.00000e+00
   66    17.11667   -97.38776 36.46388     939.995    1243.777  869.533  287.499   93.355    0.051   10.989 0.00000e+00
   67    17.13333   -97.38419 36.46741     933.508    1233.631  870.553  287.563   93.296   -0.092   11.015 0.00000e+00
   68    17.15000   -97.38049 36.47101     926.205    1222.298  871.715  287.648   93.005   -0.119   11.027 0.00000e+00
   69    17.16667   -97.37664 36.47456     925.283    1218.023  872.122  287.701   92.605   -0.020   11.012 0.00000e+00
   70    17.18333   -97.37278 36.47793     936.361    1226.554  871.266  287.691   92.030    0.176   10.948 0.00000e+00
   71    17.20000   -97.36891 36.48110     952.753    1242.370  869.535  287.591   91.982    0.149   10.893 0.00000e+00
   72    17.21667   -97.36506 36.48418     954.901    1246.112  869.149  287.551   92.242    0.007   10.900 0.00000e+00
   73    17.23333   -97.36131 36.48730     940.626    1233.107  870.513  287.561   92.964   -0.275   10.975 0.00000e+00
   74    17.25000   -97.35768 36.49054     915.352    1208.402  873.076  287.780   92.029   -0.391   10.988 0.00000e+00
   75    17.26667   -97.35410 36.49388     892.274    1186.217  875.360  288.006   90.825   -0.201   10.976 0.00000e+00
   76    17.28333   -97.35056 36.49732     894.990    1188.677  875.143  287.970   91.182    0.508   10.996 0.00000e+00
   77    17.30000   -97.34696 36.50082     942.851    1234.867  870.414  287.471   94.129    1.258   11.049 0.00000e+00
   78    17.31667   -97.34315 36.50435    1026.679    1318.022  861.762  286.632   98.443    1.371   11.049 1.52105e-03
   79    17.33333   -97.33908 36.50789    1106.127    1400.385  853.363  286.031  100.000    0.656   10.912 3.50177e-02
   80    17.35000   -97.33511 36.51128    1142.753    1439.644  849.479  285.802  100.000   -0.264   10.800 5.46125e-02
   81    17.36667   -97.33137 36.51434    1133.859    1431.507  850.304  285.878   99.131   -1.135   10.731 4.77022e-03
   82    17.38333   -97.32803 36.51710    1095.356    1394.113  854.062  286.311   96.278   -1.539   10.677 0.00000e+00
   83    17.40000   -97.32505 36.51976    1047.167    1346.671  858.933  286.836   93.239   -1.272   10.641 0.00000e+00
   84    17.41667   -97.32229 36.52241    1006.743    1305.994  863.062  287.224   91.304   -0.696   10.637 0.00000e+00
   85    17.43333   -97.31957 36.52505     988.682    1288.613  864.772  287.347   91.190   -0.065   10.688 0.00000e+00
   86    17.45000   -97.31677 36.52757    1002.568    1304.678  863.115  287.149   92.399    0.684   10.711 0.00000e+00
   87    17.46667   -97.31396 36.53000    1052.871    1356.284  857.915  286.626   95.157    1.522   10.724 0.00000e+00
   88    17.48333   -97.31119 36.53246    1140.890    1445.815  848.795  285.778   99.622    2.020   10.733 1.63757e-02
   89    17.50000   -97.30859 36.53498    1248.406    1556.025  837.756  285.254  100.000    2.080   10.563 2.25388e-01
   90    17.51667   -97.30615 36.53764    1339.146    1648.399  828.643  284.862  100.000    1.662   10.406 4.25296e-01
   91    17.53333   -97.30375 36.54032    1390.068    1702.215  823.235  284.638  100.000    1.012   10.320 5.52641e-01
   92    17.55000   -97.30120 36.54288    1415.917    1731.618  820.399  284.476  100.000    0.524   10.246 5.70038e-01
   93    17.56667   -97.29858 36.54527    1424.372    1742.321  819.397  284.426  100.000    0.086   10.224 5.70889e-01
   94    17.58333   -97.29585 36.54763    1416.866    1736.423  819.993  284.483  100.000   -0.577   10.257 5.73992e-01
   95    17.60000   -97.29288 36.55004    1395.129    1715.786  822.090  284.606  100.000   -1.251   10.315 5.23116e-01
   96    17.61667   -97.28957 36.55246    1354.446    1674.702  826.158  284.797  100.000   -1.624   10.395 4.09395e-01
   97    17.63333   -97.28616 36.55519    1292.049    1611.030  832.465  285.091  100.000   -1.959   10.519 2.67034e-01
   98    17.65000   -97.28278 36.55821    1215.041    1533.214  840.172  285.416  100.000   -2.372   10.647 6.54636e-02
   99    17.66667   -97.27942 36.56145    1136.427    1454.820  848.030  286.078   96.823   -2.342   10.649 0.00000e+00
  100    17.68333   -97.27589 36.56486    1076.821    1393.390  854.397  286.762   92.726   -1.748   10.587 0.00000e+00
  101    17.70000   -97.27209 36.56833    1060.569    1371.127  856.729  287.055   90.826   -0.655   10.542 0.00000e+00
  102    17.71667   -97.26813 36.57175    1081.026    1384.843  855.242  286.980   90.613    0.201   10.484 0.00000e+00
  103    17.73333   -97.26410 36.57507    1109.941    1410.432  852.652  286.653   92.655    0.435   10.525 0.00000e+00
  104    17.75000   -97.26009 36.57823    1133.084    1430.509  850.574  286.454   93.546    0.182   10.515 0.00000e+00
  105    17.76667   -97.25605 36.58132    1140.949    1436.218  850.037  286.407   93.688   -0.185   10.505 0.00000e+00
  106    17.78333   -97.25191 36.58440    1124.851    1418.240  851.777  286.560   93.146   -0.586   10.528 0.00000e+00
  107    17.80000   -97.24786 36.58749    1085.670    1378.220  855.840  286.965   91.014   -0.816   10.513 0.00000e+00
  108    17.81667   -97.24394 36.59053    1046.149    1338.151  859.917  287.344   89.164   -0.593   10.507 0.00000e+00
  109    17.83333   -97.24004 36.59357    1036.542    1328.542  860.906  287.464   88.311    0.134   10.476 0.00000e+00
  110    17.85000   -97.23610 36.59666    1064.117    1356.116  858.086  287.192   89.591    0.686   10.476 0.00000e+00
  111    17.86667   -97.23212 36.59981    1105.342    1397.155  853.941  286.746   92.067    0.764   10.507 0.00000e+00
  112    17.88333   -97.22835 36.60300    1138.226    1429.500  850.707  286.374   94.404    0.579   10.554 0.00000e+00
  113    17.90000   -97.22483 36.60622    1157.781    1448.314  848.804  286.155   95.780    0.326   10.578 0.00000e+00
  114    17.91667   -97.22152 36.60953    1160.407    1450.505  848.579  286.122   96.022   -0.003   10.585 0.00000e+00
  115    17.93333   -97.21836 36.61292    1141.224    1431.531  850.451  286.311   94.979   -0.392   10.578 0.00000e+00
  116    17.95000   -97.21526 36.61634    1102.238    1394.713  854.157  286.664   93.246   -0.710   10.581 0.00000e+00
  117    17.96667   -97.21217 36.61975    1057.602    1352.462  858.479  287.082   91.135   -0.718   10.576 0.00000e+00
  118    17.98333   -97.20908 36.62311    1025.916    1322.043  861.584  287.388   89.602   -0.440   10.569 0.00000e+00
  119    18.00000   -97.20601 36.62641    1017.537    1314.390  862.398  287.483   89.000    0.002   10.553 0.00000e+00
  120    18.01667   -97.20297 36.62965    1036.465    1334.231  860.392  287.300   89.786    0.441   10.545 0.00000e+00
  121    18.03333   -97.19997 36.63288    1075.206    1372.732  856.492  286.934   91.514    0.729   10.541 0.00000e+00
  122    18.05000   -97.19698 36.63615    1116.636    1414.262  852.261  286.522   93.549    0.653   10.541 0.00000e+00
  123    18.06667   -97.19397 36.63950    1145.189    1442.912  849.380  286.224   95.174    0.382   10.552 0.00000e+00
  124    18.08333   -97.19095 36.64294    1155.568    1452.769  848.396  286.119   95.831    0.067   10.564 0.00000e+00
  125    18.10000   -97.18790 36.64643    1149.458    1447.336  848.945  286.172   95.552   -0.205   10.563 0.00000e+00
  126    18.11667   -97.18483 36.64994    1130.747    1428.922  850.837  286.352   94.627   -0.376   10.562 0.00000e+00
  127    18.13333   -97.18177 36.65348    1104.401    1403.013  853.406  286.591   93.527   -0.414   10.572 0.00000e+00
  128    18.15000   -97.17877 36.65704    1078.870    1378.159  855.934  286.824   92.478   -0.346   10.583 0.00000e+00
  129    18.16667   -97.17586 36.66059    1059.895    1359.307  857.850  287.018   91.371   -0.257   10.566 0.00000e+00
  130    18.18333   -97.17295 36.66410    1044.454    1343.922  859.355  287.159   90.770   -0.285   10.575 0.00000e+00
  131    18.20000   -97.16999 36.66758    1024.343    1323.436  861.527  287.364   89.842   -0.480   10.581 0.00000e+00
  132    18.21667   -97.16696 36.67095     996.549    1295.200  864.393  287.664   88.116   -0.619   10.547 0.00000e+00
  133    18.23333   -97.16396 36.67422     971.020    1270.245  866.920  287.889   87.400   -0.333   10.585 0.00000e+00
  134    18.25000   -97.16109 36.67748     962.784    1262.964  867.669  287.951   87.504    0.154   10.631 0.00000e+00
  135    18.26667   -97.15852 36.68082     977.074    1278.901  866.055  287.784   88.483    0.535   10.653 0.00000e+00
  136    18.28333   -97.15618 36.68427    1012.065    1315.000  862.371  287.430   90.186    0.739   10.657 0.00000e+00
  137    18.30000   -97.15401 36.68781    1055.441    1359.248  857.902  287.001   92.326    0.791   10.664 0.00000e+00
  138    18.31667   -97.15190 36.69139    1097.893    1402.061  853.575  286.565   94.762    0.736   10.692 0.00000e+00
  139    18.33333   -97.14975 36.69500    1134.568    1438.897  849.867  286.199   96.747    0.558   10.703 0.00000e+00
  140    18.35000   -97.14748 36.69859    1160.111    1465.053  847.221  285.956   97.915    0.272   10.693 0.00000e+00
  141    18.36667   -97.14503 36.70211    1167.184    1473.142  846.417  285.880   98.293   -0.096   10.691 0.00000e+00
  142    18.38333   -97.14245 36.70552    1153.218    1460.086  847.776  286.019   97.483   -0.446   10.684 0.00000e+00
  143    18.40000   -97.13976 36.70877    1122.665    1430.239  850.695  286.338   95.315   -0.632   10.631 0.00000e+00
  144    18.41667   -97.13693 36.71183    1085.272    1393.720  854.455  286.741   92.825   -0.632   10.583 0.00000e+00
  145    18.43333   -97.13396 36.71477    1049.897    1357.403  858.172  287.015   92.846   -0.470   10.731 0.00000e+00
  146    18.45000   -97.13097 36.71762    1018.345    1323.968  861.551  287.188   96.158   -0.312   11.196 1.60271e-03
  147    18.46667   -97.12806 36.72046     995.788    1299.796  864.004  287.416   96.690   -0.081   11.393 8.80652e-03
  148    18.48333   -97.12526 36.72330     991.711    1294.086  864.612  287.468   96.656    0.136   11.420 0.00000e+00
  149    18.50000   -97.12255 36.72614    1003.258    1304.005  863.609  287.431   95.413    0.188   11.259 9.34772e-06
  150    18.51667   -97.11998 36.72894    1020.448    1319.790  861.931  287.359   93.743    0.094   11.031 0.00000e+00
  151    18.53333   -97.11752 36.73172    1028.706    1329.553  860.897  287.344   92.148   -0.131   10.847 0.00000e+00
  152    18.55000   -97.11519 36.73449    1021.865    1324.213  861.522  287.446   90.713   -0.372   10.741 0.00000e+00
  153    18.56667   -97.11290 36.73723    1002.053    1304.541  863.597  287.678   88.938   -0.556   10.665 0.00000e+00
  154    18.58333   -97.11069 36.73991     973.382    1276.207  866.395  287.971   87.089   -0.593   10.610 0.00000e+00
  155    18.60000   -97.10854 36.74254     948.339    1252.011  868.912  288.228   85.597   -0.422   10.573 0.00000e+00
  156    18.61667   -97.10638 36.74515     931.534    1235.077  870.670  288.398   84.701   -0.227   10.556 0.00000e+00
  157    18.63333   -97.10415 36.74776     920.798    1223.580  871.827  288.512   84.092   -0.160   10.544 0.00000e+00
  158    18.65000   -97.10184 36.75038     910.230    1213.953  872.677  288.603   83.578   -0.185   10.531 0.00000e+00
  159    18.66667   -97.09955 36.75296     896.091    1202.678  873.816  288.707   83.065   -0.190   10.523 0.00000e+00
  160    18.68333   -97.09727 36.75552     881.779    1191.173  875.042  288.832   82.353   -0.218   10.502 0.00000e+00
  161    18.70000   -97.09503 36.75802     865.415    1176.352  876.648  288.997   81.675   -0.287   10.508 0.00000e+00
  162    18.71667   -97.09285 36.76044     849.782    1161.497  878.196  289.144   81.089   -0.173   10.513 0.00000e+00
  163    18.73333   -97.09065 36.76274     843.153    1155.293  878.829  289.165   80.818   -0.033   10.485 0.00000e+00
  164    18.75000   -97.08844 36.76496     846.735    1160.262  878.310  289.030   83.996    0.199   10.809 0.00000e+00
  165    18.76667   -97.08621 36.76717     866.116    1181.567  876.095  288.740   87.211    0.514   11.043 0.00000e+00
  166    18.78333   -97.08408 36.76943     903.551    1220.950  872.063  288.311   89.920    0.778   11.126 0.00000e+00
  167    18.80000   -97.08207 36.77178     949.950    1268.993  867.165  287.821   92.661    0.722   11.169 0.00000e+00
  168    18.81667   -97.08028 36.77416     988.827    1309.172  863.082  287.459   93.869    0.379   11.104 0.00000e+00
  169    18.83333   -97.07866 36.77647    1010.974    1332.312  860.710  287.270   94.204    0.045   11.037 0.00000e+00
  170    18.85000   -97.07711 36.77862    1015.535    1337.561  860.225  287.262   93.568   -0.254   10.964 0.00000e+00
  171    18.86667   -97.07559 36.78059    1000.873    1323.509  861.645  287.412   92.497   -0.575   10.926 0.00000e+00
  172    18.88333   -97.07399 36.78255     967.812    1291.796  864.836  287.719   91.164   -0.829   10.946 0.00000e+00
  173    18.90000   -97.07236 36.78455     921.784    1247.162  869.437  288.153   89.597   -0.919   11.006 0.00000e+00
  174    18.91667   -97.07066 36.78661     867.087    1193.914  874.853  288.660   87.495   -0.876   11.038 0.00000e+00
  175    18.93333   -97.06890 36.78876     808.352    1136.716  880.760  289.203   85.426   -0.897   11.085 0.00000e+00
  176    18.95000   -97.06707 36.79092     750.394    1080.231  886.600  289.746   83.279   -0.875   11.116 0.00000e+00
  177    18.96667   -97.06527 36.79309     694.604    1025.921  892.274  290.265   81.308   -0.830   11.147 0.00000e+00
  178    18.98333   -97.06352 36.79533     639.226     972.052  897.898  290.773   79.488   -0.856   11.185 0.00000e+00
