    0    16.01667   -97.41646 36.20639       6.980     380.367  961.853  293.888   81.508   -0.008   13.018 0.00000e+00
    1    16.03333   -97.41625 36.20854       7.892     378.533  962.029  293.928   81.399    0.022   13.030 0.00000e+00
    2    16.05000   -97.41605 36.21064       8.863     376.892  962.228  294.010   81.266    0.040   13.073 0.00000e+00
    3    16.06667   -97.41594 36.21269      10.306     375.866  962.320  294.022   81.338    0.023   13.093 0.00000e+00
    4    16.08333   -97.41586 36.21468      11.758     376.909  962.119  293.885   81.773    0.013   13.054 0.00000e+00
    5    16.10000   -97.41574 36.21657      14.751     380.531  961.731  293.797   82.051    0.086   13.032 0.00000e+00
    6    16.11667   -97.41540 36.21842      25.213     391.495  960.511  293.628   82.638    0.306   13.005 0.00000e+00
    7    16.13333   -97.41469 36.22062      50.979     417.793  957.597  293.232   84.066    0.771   12.946 0.00000e+00
    8    16.15000   -97.41371 36.22321      99.885     466.912  952.183  292.588   86.556    1.014   12.876 0.00000e+00
    9    16.16667   -97.41267 36.22616     149.606     516.350  946.754  292.090   88.687    0.831   12.860 0.00000e+00
   10    16.18333   -97.41154 36.22926     178.941     545.214  943.567  291.808   89.951    0.386   12.857 0.00000e+00
   11    16.20000   -97.41030 36.23257     185.900     549.800  943.102  291.770   90.054   -0.057   12.847 0.00000e+00
   12    16.21667   -97.40899 36.23603     170.348     531.488  945.076  291.970   88.879   -0.477   12.813 0.00000e+00
   13    16.23333   -97.40765 36.23959     135.732     494.294  949.170  292.370   86.781   -0.733   12.774 0.00000e+00
   14    16.25000   -97.40640 36.24314      97.801     453.953  953.579  292.792   84.680   -0.662   12.740 0.00000e+00
   15    16.26667   -97.40520 36.24669      70.552     424.307  956.868  293.105   83.225   -0.363   12.724 0.00000e+00
   16    16.28333   -97.40388 36.25020      56.950     407.861  958.756  293.311   82.406   -0.140   12.737 0.00000e+00
   17    16.30000   -97.40242 36.25361      49.749     397.686  959.737  293.568   81.463   -0.058   12.782 0.00000e+00
   18    16.31667   -97.40082 36.25688      46.712     394.567  960.045  293.755   80.853   -0.016   12.831 0.00000e+00
   19    16.33333   -97.39921 36.25997      45.108     393.449  960.198  293.931   80.312    0.039   12.883 0.00000e+00
   20    16.35000   -97.39759 36.26292      46.851     394.660  960.142  294.034   79.966    0.074   12.911 0.00000e+00
   21    16.36667   -97.39607 36.26581      50.348     395.646  960.104  294.113   79.683    0.069   12.929 0.00000e+00
   22    16.38333   -97.39460 36.26863      55.031     397.015  959.908  294.176   79.446    0.108   12.944 0.00000e+00
   23    16.40000   -97.39318 36.27118      71.947     412.005  958.142  294.064   79.765    0.429   12.930 0.00000e+00
   24    16.41667   -97.39184 36.27362     116.934     456.046  953.279  293.569   81.526    0.743   12.880 0.00000e+00
   25    16.43333   -97.39069 36.27608     174.759     512.792  947.029  292.929   83.970    0.636   12.831 0.00000e+00
   26    16.45000   -97.38984 36.27865     219.157     555.812  942.280  292.423   85.966    0.686   12.790 0.00000e+00
   27    16.46667   -97.38898 36.28140     252.613     588.209  938.722  292.022   87.413    0.630   12.730 0.00000e+00
   28    16.48333   -97.38797 36.28427     286.959     621.972  935.077  291.726   88.302    0.819   12.670 0.00000e+00
   29    16.50000   -97.38660 36.28732     338.368     672.706  929.700  291.280   89.830    1.222   12.605 0.00000e+00
   30    16.51667   -97.38492 36.29042     412.071     743.468  922.123  290.675   92.323    1.545   12.569 0.00000e+00
   31    16.53333   -97.38290 36.29349     498.238     826.281  913.180  289.915   95.798    1.434   12.547 0.00000e+00
   32    16.55000   -97.38054 36.29662     570.627     896.108  905.719  289.293   98.278    0.899   12.471 3.16952e-03
   33    16.56667   -97.37790 36.29974     616.124     939.885  901.098  288.969   98.814    0.188   12.343 0.00000e+00
   34    16.58333   -97.37495 36.30281     628.328     950.362  899.956  288.929   98.164   -0.391   12.246 0.00000e+00
   35    16.60000   -97.37186 36.30579     616.672     938.017  901.280  289.095   96.705   -0.840   12.176 5.88569e-07
   36    16.61667   -97.36863 36.30870     582.189     903.847  904.903  289.460   94.459   -0.945   12.127 0.00000e+00
   37    16.63333   -97.36550 36.31166     540.232     860.947  909.500  289.897   92.198   -0.658   12.111 0.00000e+00
   38    16.65000   -97.36265 36.31462     521.822     841.049  911.580  290.118   90.986   -0.073   12.094 0.00000e+00
   39    16.66667   -97.36002 36.31756     529.560     849.589  910.552  290.030   91.624    0.345   12.124 0.00000e+00
   40    16.68333   -97.35782 36.32044     543.370     864.137  909.145  289.826   92.967    0.046   12.161 0.00000e+00
   41    16.70000   -97.35606 36.32318     562.513     883.359  906.978  289.600   95.358    0.299   12.324 0.00000e+00
   42    16.71667   -97.35443 36.32586     578.268     901.060  905.016  289.383   96.918    0.397   12.379 0.00000e+00
   43    16.73333   -97.35268 36.32845     585.861     911.892  903.956  289.279   97.492   -0.005   12.384 0.00000e+00
   44    16.75000   -97.35064 36.33093     588.342     913.683  904.013  289.335   96.754   -0.269   12.334 0.00000e+00
   45    16.76667   -97.34844 36.33329     582.561     903.328  905.095  289.533   94.810   -0.454   12.226 0.00000e+00
   46    16.78333   -97.34621 36.33558     559.133     875.893  908.003  289.778   93.844   -0.555   12.254 0.00000e+00
   47    16.80000   -97.34410 36.33798     519.598     832.814  912.516  290.165   92.288   -0.731   12.291 0.00000e+00
   48    16.81667   -97.34220 36.34056     473.644     784.232  917.760  290.583   90.953   -0.785   12.369 0.00000e+00
   49    16.83333   -97.34045 36.34327     435.795     742.866  922.264  290.984   89.155   -0.633   12.376 0.00000e+00
   50    16.85000   -97.33887 36.34599     412.622     715.187  925.242  291.236   88.215   -0.296   12.403 0.00000e+00
   51    16.86667   -97.33746 36.34872     406.732     708.443  925.850  291.278   88.194    0.062   12.425 0.00000e+00
   52    16.88333   -97.33626 36.35150     418.602     720.882  924.476  291.116   89.293    0.414   12.470 0.00000e+00
   53    16.90000   -97.33521 36.35428     447.335     750.367  921.272  290.803   91.022    0.648   12.505 0.00000e+00
   54    16.91667   -97.33412 36.35689     493.844     799.240  915.938  290.339   93.531    0.819   12.548 0.00000e+00
   55    16.93333   -97.33279 36.35946     551.656     859.829  909.495  289.752   96.748    0.963   12.591 0.00000e+00
   56    16.95000   -97.33112 36.36205     605.754     916.538  903.523  289.206   99.970    1.053   12.646 1.17450e-02
   57    16.96667   -97.32922 36.36473     645.615     958.476  899.140  289.035  100.000    0.887   12.590 1.10528e-01
   58    16.98333   -97.32707 36.36757     677.540     991.620  895.671  288.851  100.000    0.583   12.490 1.49350e-01
   59    17.00000   -97.32479 36.37057     711.154    1025.958  892.062  288.622  100.000    0.558   12.351 1.46532e-01
   60    17.01667   -97.32248 36.37381     747.077    1062.362  888.236  288.406  100.000    0.714   12.239 1.54539e-01
   61    17.03333   -97.32022 36.37728     779.206    1095.166  884.755  288.258  100.000    0.689   12.170 2.25934e-01
   62    17.05000   -97.31805 36.38092     802.708    1120.717  881.999  288.144  100.000    0.636   12.118 2.79405e-01
   63    17.06667   -97.31577 36.38470     815.983    1136.397  880.427  288.012  100.000    0.486   12.038 2.27792e-01
   64    17.08333   -97.31324 36.38852     821.071    1142.898  879.860  287.912  100.000    0.261   11.956 1.25461e-01
   65    17.10000   -97.31024 36.39233     819.724    1140.421  880.119  287.877  100.000    0.050   11.929 4.56738e-02
   66    17.11667   -97.30685 36.39606     804.261    1124.022  881.852  287.983   99.406   -0.295   11.906 2.20368e-03
   67    17.13333   -97.30328 36.39960     774.304    1093.693  885.054  288.312   97.270   -0.390   11.858 1.95333e-06
   68    17.15000   -97.29986 36.40304     750.784    1065.641  888.130  288.663   94.783    0.014   11.779 0.00000e+00
   69    17.16667   -97.29671 36.40648     754.296    1063.693  888.345  288.780   93.188    0.535   11.666 0.00000e+00
   70    17.18333   -97.29361 36.41004     788.253    1092.738  885.241  288.546   93.805    0.955   11.608 0.00000e+00
   71    17.20000   -97.29052 36.41372     843.156    1144.438  879.903  288.068   96.018    1.177   11.590 2.88881e-06
   72    17.21667   -97.28729 36.41739     903.727    1200.900  874.035  287.512   98.903    1.017   11.592 3.63500e-03
   73    17.23333   -97.28397 36.42106     950.086    1243.629  869.578  287.190  100.000    0.743   11.548 3.78015e-02
   74    17.25000   -97.28058 36.42475     973.541    1263.651  867.562  287.087  100.000    0.321   11.503 6.39698e-02
   75    17.26667   -97.27713 36.42842     965.196    1252.032  868.681  287.139  100.000   -0.277   11.528 4.46501e-02
   76    17.28333   -97.27374 36.43208     925.000    1209.629  873.102  287.446   99.123   -0.836   11.580 4.83064e-05
   77    17.30000   -97.27039 36.43570     867.497    1149.929  879.224  288.039   95.937   -1.127   11.567 0.00000e+00
   78    17.31667   -97.26706 36.43927     813.067    1094.917  884.895  288.605   92.853   -1.030   11.539 0.00000e+00
   79    17.33333   -97.26376 36.44276     786.459    1067.953  887.728  288.907   91.044   -0.396   11.499 0.00000e+00
   80    17.35000   -97.26044 36.44616     804.754    1085.000  885.989  288.783   91.244    0.412   11.455 0.00000e+00
   81    17.36667   -97.25705 36.44951     851.389    1131.216  881.153  288.350   93.139    0.689   11.433 0.00000e+00
   82    17.38333   -97.25375 36.45283     898.998    1178.832  876.220  287.877   95.588    0.744   11.444 0.00000e+00
   83    17.40000   -97.25054 36.45604     934.721    1214.771  872.494  287.490   97.997    0.719   11.489 0.00000e+00
   84    17.41667   -97.24730 36.45921     947.175    1226.993  871.269  287.283   99.925    0.342   11.575 4.81193e-03
   85    17.43333   -97.24411 36.46235     920.831    1199.948  874.032  287.467   99.787   -0.359   11.661 0.00000e+00
   86    17.45000   -97.24110 36.46545     858.666    1138.908  880.336  288.041   96.942   -1.125   11.675 0.00000e+00
   87    17.46667   -97.23827 36.46844     784.029    1066.079  887.903  288.770   93.040   -1.405   11.645 0.00000e+00
   88    17.48333   -97.23537 36.47140     723.692    1007.415  893.990  289.392   89.537   -0.995   11.585 0.00000e+00
   89    17.50000   -97.23227 36.47438     698.353     983.963  896.451  289.662   87.972   -0.220   11.550 0.00000e+00
   90    17.51667   -97.22903 36.47742     708.787     996.668  895.141  289.570   88.170    0.403   11.525 0.00000e+00
   91    17.53333   -97.22593 36.48047     742.120    1030.621  891.733  289.245   89.737    0.778   11.531 0.00000e+00
   92    17.55000   -97.22305 36.48343     797.096    1083.554  886.260  288.709   92.520    1.095   11.556 0.00000e+00
   93    17.56667   -97.22026 36.48634     867.888    1152.350  879.073  287.987   96.454    1.160   11.592 2.34302e-04
   94    17.58333   -97.21728 36.48933     925.177    1209.707  872.985  287.411   99.337    0.524   11.580 4.88333e-03
   95    17.60000   -97.21420 36.49247     939.004    1226.592  871.248  287.284   99.615   -0.296   11.540 6.63879e-03
   96    17.61667   -97.21125 36.49576     908.192    1199.921  873.994  287.535   98.344   -0.978   11.544 5.55382e-03
   97    17.63333   -97.20852 36.49922     842.142    1136.292  880.600  288.115   95.481   -1.579   11.550 0.00000e+00
   98    17.65000   -97.20607 36.50278     747.230    1044.003  890.197  289.041   90.949   -1.949   11.554 0.00000e+00
   99    17.66667   -97.20393 36.50630     641.338     939.513  901.377  290.101   85.710   -1.887   11.510 0.00000e+00
  100    17.68333   -97.20206 36.50966     546.918     842.286  911.708  291.106   81.112   -1.490   11.480 0.00000e+00
  101    17.70000   -97.20055 36.51292     492.742     784.974  917.802  291.589   79.874   -0.283   11.578 0.00000e+00
  102    17.71667   -97.19963 36.51612     490.630     781.497  918.131  291.404   83.217    0.852   11.918 0.00000e+00
  103    17.73333   -97.19923 36.51932     521.746     812.017  914.833  290.861   88.116    0.958   12.236 0.00000e+00
  104    17.75000   -97.19923 36.52251     553.562     844.056  911.308  290.409   91.751    0.476   12.428 0.00000e+00
  105    17.76667   -97.19933 36.52560     566.080     859.024  909.698  290.299   92.014   -0.050   12.398 0.00000e+00
  106    17.78333   -97.19925 36.52858     565.728     861.033  909.494  290.322   91.165   -0.286   12.305 0.00000e+00
  107    17.80000   -97.19902 36.53153     568.469     865.478  909.047  290.294   91.189   -0.148   12.292 0.00000e+00
  108    17.81667   -97.19856 36.53448     576.149     874.306  908.091  290.196   91.953    0.103   12.331 0.00000e+00
  109    17.83333   -97.19800 36.53725     572.286     871.658  908.387  290.201   92.270   -0.118   12.373 0.00000e+00
  110    17.85000   -97.19735 36.53986     547.353     847.687  910.964  290.397   91.941   -0.890   12.449 0.00000e+00
  111    17.86667   -97.19662 36.54232     514.327     815.443  914.409  290.699   90.836   -1.004   12.491 0.00000e+00
  112    17.88333   -97.19608 36.54438     486.849     788.646  917.251  291.048   89.081   -0.992   12.485 0.00000e+00
  113    17.90000   -97.19559 36.54604     450.885     753.283  920.987  291.464   86.782   -0.997   12.437 0.00000e+00
  114    17.91667   -97.19507 36.54761     399.678     702.902  926.390  291.977   84.352   -1.326   12.413 0.00000e+00
  115    17.93333   -97.19456 36.54940     349.505     653.827  931.706  292.487   82.773   -1.214   12.506 0.00000e+00
  116    17.95000   -97.19408 36.55157     300.415     605.915  936.896  292.961   80.819   -1.009   12.509 0.00000e+00
  117    17.96667   -97.19382 36.55416     253.421     560.140  941.887  293.402   78.992   -0.967   12.502 0.00000e+00
  118    17.98333   -97.19402 36.55695     205.015     513.004  947.001  293.851   77.241   -0.868   12.503 0.00000e+00
  119    18.00000   -97.19470 36.55975     167.374     476.519  950.985  294.183   75.976   -0.526   12.502 0.00000e+00
  120    18.01667   -97.19569 36.56248     150.412     460.382  952.722  294.331   75.404   -0.054   12.499 0.00000e+00
  121    18.03333   -97.19679 36.56517     147.206     457.084  953.150  294.360   75.402    0.080   12.515 0.00000e+00
  122    18.05000   -97.19799 36.56773     142.959     452.258  953.652  294.386   75.522   -0.059   12.549 0.00000e+00
  123    18.06667   -97.19930 36.57014     131.125     439.704  955.020  294.475   75.420   -0.356   12.583 0.00000e+00
  124    18.08333   -97.20078 36.57248     107.037     413.848  957.958  294.722   74.696   -0.549   12.615 0.00000e+00
  125    18.10000   -97.20254 36.57473      75.742     379.221  961.790  295.058   73.584   -0.577   12.637 0.00000e+00
  126    18.11667   -97.20470 36.57679      50.386     352.132  964.869  295.393   72.596   -0.280   12.686 0.00000e+00
  127    18.13333   -97.20718 36.57860      43.314     343.961  965.778  295.745   71.913    0.066   12.830 0.00000e+00
  128    18.15000   -97.20941 36.58023      55.746     355.128  964.534  295.655   72.350    0.274   12.853 0.00000e+00
  129    18.16667   -97.21085 36.58178      89.279     387.286  960.980  295.444   72.846    0.737   12.822 0.00000e+00
  130    18.18333   -97.21181 36.58331     119.632     416.147  957.826  295.137   73.501    0.387   12.737 0.00000e+00
  131    18.20000   -97.21245 36.58482     135.691     430.585  956.202  294.924   72.960    0.022   12.499 0.00000e+00
  132    18.21667   -97.21281 36.58636     138.718     431.923  956.014  294.907   72.565   -0.013   12.422 0.00000e+00
  133    18.23333   -97.21309 36.58784     143.066     434.682  955.658  294.889   73.094    0.074   12.502 0.00000e+00
  134    18.25000   -97.21338 36.58937     154.303     445.291  954.429  294.788   73.817    0.140   12.564 0.00000e+00
  135    18.26667   -97.21369 36.59095     171.873     462.872  952.498  294.628   74.520    0.454   12.585 0.00000e+00
  136    18.28333   -97.21394 36.59261     202.783     493.782  949.169  294.356   75.700    0.872   12.614 0.00000e+00
  137    18.30000   -97.21405 36.59439     251.193     542.193  943.835  293.914   77.253    1.025   12.596 0.00000e+00
  138    18.31667   -97.21407 36.59619     313.461     604.462  937.093  293.335   79.294    1.147   12.562 0.00000e+00
  139    18.33333   -97.21423 36.59800     384.437     675.483  929.396  292.678   81.927    1.194   12.560 0.00000e+00
  140    18.35000   -97.21458 36.60006     456.603     747.689  921.600  292.058   84.803    0.892   12.610 0.00000e+00
  141    18.36667   -97.21462 36.60252     505.601     796.741  916.336  291.650   86.721    0.301   12.640 0.00000e+00
  142    18.38333   -97.21413 36.60508     538.395     829.710  912.841  291.315   88.393    0.332   12.661 0.00000e+00
  143    18.40000   -97.21348 36.60748     578.279     869.767  908.559  290.909   90.141    0.587   12.643 0.00000e+00
  144    18.41667   -97.21291 36.60983     629.543     921.182  903.198  290.406   92.294    0.695   12.613 0.00000e+00
  145    18.43333   -97.21238 36.61222     681.081     972.830  897.750  289.901   94.572    0.525   12.589 0.00000e+00
  146    18.45000   -97.21186 36.61475     717.522    1010.016  893.806  289.539   95.756    0.121   12.510 0.00000e+00
  147    18.46667   -97.21140 36.61742     733.173    1027.026  892.042  289.378   96.384   -0.164   12.488 0.00000e+00
  148    18.48333   -97.21100 36.62013     729.398    1024.556  892.313  289.450   95.514   -0.428   12.429 0.00000e+00
  149    18.50000   -97.21086 36.62291     706.330    1002.560  894.630  289.693   94.020   -0.471   12.394 0.00000e+00
  150    18.51667   -97.21103 36.62576     665.236     962.177  898.890  290.141   91.515   -0.870   12.356 0.00000e+00
  151    18.53333   -97.21126 36.62869     600.140     897.815  905.656  290.817   88.076   -1.479   12.321 0.00000e+00
  152    18.55000   -97.21127 36.63165     514.188     812.186  914.748  291.673   84.285   -1.641   12.324 0.00000e+00
  153    18.56667   -97.21090 36.63445     418.210     716.201  924.976  292.613   80.291   -1.773   12.318 0.00000e+00
  154    18.58333   -97.21019 36.63709     323.026     621.034  935.246  293.563   76.402   -1.649   12.301 0.00000e+00
  155    18.60000   -97.20929 36.63965     247.377     545.420  943.415  294.285   73.660   -1.016   12.296 0.00000e+00
  156    18.61667   -97.20824 36.64208     202.755     500.920  948.284  294.715   72.197   -0.428   12.313 0.00000e+00
  157    18.63333   -97.20712 36.64436     185.451     483.811  950.100  294.907   71.584    0.055   12.330 0.00000e+00
  158    18.65000   -97.20609 36.64658     194.404     493.014  949.128  294.888   71.477    0.254   12.310 0.00000e+00
  159    18.66667   -97.20528 36.64861     213.694     512.482  946.997  294.763   71.694    0.598   12.281 0.00000e+00
  160    18.68333   -97.20456 36.65055     240.454     539.354  944.078  294.507   71.726    0.547   12.131 0.00000e+00
  161    18.70000   -97.20395 36.65249     268.063     567.027  941.063  294.249   72.744    0.691   12.147 0.00000e+00
  162    18.71667   -97.20342 36.65461     297.108     596.112  937.903  293.998   74.010    0.469   12.208 0.00000e+00
  163    18.73333   -97.20291 36.65694     309.439     608.467  936.581  293.879   74.505    0.094   12.217 0.00000e+00
  164    18.75000   -97.20241 36.65937     306.751     605.827  936.853  293.952   74.120   -0.148   12.205 0.00000e+00
  165    18.76667   -97.20187 36.66167     298.159     597.283  937.776  294.053   73.749   -0.446   12.209 0.00000e+00
  166    18.78333   -97.20132 36.66388     281.922     581.175  939.506  294.233   73.094   -0.419   12.213 0.00000e+00
  167    18.80000   -97.20087 36.66611     265.112     564.689  941.312  294.402   72.477   -0.395   12.215 0.00000e+00
  168    18.81667   -97.20052 36.66836     246.881     546.772  943.239  294.600   71.769   -0.351   12.219 0.00000e+00
  169    18.83333   -97.20028 36.67064     219.712     519.909  946.115  294.863   70.697   -0.557   12.196 0.00000e+00
  170    18.85000   -97.19997 36.67294     190.826     491.335  949.291  295.162   69.515   -0.501   12.175 0.00000e+00
  171    18.86667   -97.19960 36.67517     171.004     471.826  951.354  295.401   68.587   -0.593   12.164 0.00000e+00
  172    18.88333   -97.19911 36.67728     154.897     456.029  953.057  295.583   67.913   -0.598   12.158 0.00000e+00
  173    18.90000   -97.19870 36.67922     146.949     448.368  953.991  295.770   67.501   -0.149   12.211 0.00000e+00
  174    18.91667   -97.19855 36.68111     149.369     450.902  953.679  295.942   67.070    0.115   12.267 0.00000e+00
  175    18.93333   -97.19868 36.68314     163.725     465.241  952.069  295.892   67.098    0.361   12.255 0.00000e+00
  176    18.95000   -97.19920 36.68537     184.251     485.704  949.800  295.668   67.757    0.437   12.236 0.00000e+00
  177    18.96667   -97.20013 36.68764     228.093     529.435  945.061  295.178   69.019    1.194   12.155 0.00000e+00
  178    18.98333   -97.20093 36.68990     305.897     606.911  936.654  294.428   71.645    1.407   12.154 0.00000e+00
