    0    16.01667   -97.59219 36.29482      53.451     400.635  959.298  293.152   84.262   -0.013   12.888 0.00000e+00
    1    16.03333   -97.59182 36.29841      52.362     401.047  959.251  293.223   83.976   -0.035   12.902 0.00000e+00
    2    16.05000   -97.59148 36.30197      51.849     401.985  959.093  293.227   83.845   -0.040   12.888 0.00000e+00
    3    16.06667   -97.59121 36.30556      50.063     401.767  959.088  293.284   83.578    0.007   12.892 0.00000e+00
    4    16.08333   -97.59094 36.30919      50.347     404.059  958.871  293.322   83.249    0.038   12.875 0.00000e+00
    5    16.10000   -97.59063 36.31288      49.903     405.635  958.704  293.350   82.883   -0.026   12.843 0.00000e+00
    6    16.11667   -97.59018 36.31658      47.505     405.251  958.707  293.370   82.738   -0.034   12.837 0.00000e+00
    7    16.13333   -97.58966 36.32028      47.678     407.497  958.433  293.370   82.724   -0.003   12.838 0.00000e+00
    8    16.15000   -97.58911 36.32394      49.359     410.557  958.134  293.392   82.643    0.042   12.847 0.00000e+00
    9    16.16667   -97.58863 36.32758      53.884     416.140  957.481  293.385   82.719    0.086   12.862 0.00000e+00
   10    16.18333   -97.58822 36.33112      60.020     422.721  956.834  293.388   82.800    0.118   12.886 0.00000e+00
   11    16.20000   -97.58799 36.33456      64.463     425.820  956.562  293.407   82.743    0.009   12.896 0.00000e+00
   12    16.21667   -97.58804 36.33796      59.826     419.796  957.286  293.471   82.404   -0.174   12.885 0.00000e+00
   13    16.23333   -97.58813 36.34134      47.336     404.538  958.947  293.608   81.804   -0.265   12.878 0.00000e+00
   14    16.25000   -97.58808 36.34462      33.208     387.461  960.782  293.784   81.133   -0.293   12.888 0.00000e+00
   15    16.26667   -97.58796 36.34758      21.050     372.877  962.412  293.966   80.499   -0.215   12.911 0.00000e+00
   16    16.28333   -97.58790 36.35021      13.197     363.280  963.477  294.108   80.010   -0.117   12.932 0.00000e+00
   17    16.30000   -97.58787 36.35267       8.961     357.385  964.081  294.240   79.503   -0.050   12.948 0.00000e+00
   18    16.31667   -97.58785 36.35509       6.766     353.367  964.578  294.359   79.076   -0.027   12.967 0.00000e+00
   19    16.33333   -97.58777 36.35742       6.075     349.545  965.028  294.485   78.724   -0.008   13.004 0.00000e+00
   20    16.35000   -97.58770 36.35965       6.225     346.499  965.421  294.573   78.512    0.010   13.035 0.00000e+00
   21    16.36667   -97.58767 36.36186       6.491     343.568  965.780  294.592   78.529    0.017   13.049 0.00000e+00
   22    16.38333   -97.58772 36.36415       6.206     341.223  965.885  294.516   78.693   -0.012   13.013 0.00000e+00
   23    16.40000   -97.58792 36.36660       5.064     340.211  965.962  294.378   79.021   -0.043   12.955 0.00000e+00
   24    16.41667   -97.58824 36.36919       4.151     339.412  966.014  294.447   78.824   -0.020   12.977 0.00000e+00
   25    16.43333   -97.58865 36.37167       3.778     339.225  965.943  294.620   78.294    0.006   13.029 0.00000e+00
   26    16.45000   -97.58910 36.37395       3.658     340.523  965.762  294.658   78.201    0.015   13.047 0.00000e+00
   27    16.46667   -97.58954 36.37600       4.133     342.333  965.544  294.633   78.516    0.026   13.082 0.00000e+00
   28    16.48333   -97.59004 36.37771       5.333     344.536  965.254  294.597   78.669    0.036   13.083 0.00000e+00
   29    16.50000   -97.59067 36.37925       7.375     347.345  965.001  294.525   78.916    0.031   13.069 0.00000e+00
   30    16.51667   -97.59137 36.38078       9.327     349.897  964.762  294.513   79.101    0.048   13.093 0.00000e+00
   31    16.53333   -97.59209 36.38227      12.737     353.807  964.366  294.457   79.393    0.072   13.101 0.00000e+00
   32    16.55000   -97.59284 36.38380      17.859     359.404  963.734  294.411   79.492    0.103   13.089 0.00000e+00
   33    16.56667   -97.59354 36.38540      24.871     366.889  962.851  294.351   79.732    0.145   13.091 0.00000e+00
   34    16.58333   -97.59421 36.38703      33.009     375.653  961.923  294.258   80.022    0.122   13.076 0.00000e+00
   35    16.60000   -97.59486 36.38867      40.398     383.686  961.086  294.179   80.304    0.094   13.070 0.00000e+00
   36    16.61667   -97.59549 36.39058      43.328     387.548  960.682  294.133   80.309   -0.090   13.039 0.00000e+00
   37    16.63333   -97.59613 36.39261      34.824     380.102  961.522  294.215   79.938   -0.202   13.034 0.00000e+00
   38    16.65000   -97.59668 36.39469      25.185     371.606  962.492  294.326   79.502   -0.155   13.039 0.00000e+00
   39    16.66667   -97.59718 36.39680      17.269     364.729  963.295  294.453   79.115   -0.091   13.067 0.00000e+00
   40    16.68333   -97.59778 36.39881      13.565     361.600  963.634  294.535   78.667   -0.043   13.054 0.00000e+00
   41    16.70000   -97.59850 36.40082      12.696     361.275  963.661  294.587   78.562   -0.009   13.079 0.00000e+00
   42    16.71667   -97.59927 36.40276      14.736     363.841  963.351  294.637   78.456    0.070   13.105 0.00000e+00
   43    16.73333   -97.59995 36.40464      21.741     371.266  962.555  294.611   78.546    0.252   13.110 0.00000e+00
   44    16.75000   -97.60022 36.40648      47.956     397.685  959.633  294.346   79.562    0.826   13.104 0.00000e+00
   45    16.76667   -97.59998 36.40849     108.146     457.890  952.982  293.612   82.050    1.294   13.002 0.00000e+00
   46    16.78333   -97.59912 36.41092     202.164     551.912  942.598  292.634   85.867    2.214   12.941 0.00000e+00
   47    16.80000   -97.59785 36.41346     329.412     679.445  928.716  291.327   91.493    2.488   12.889 0.00000e+00
   48    16.81667   -97.59618 36.41605     468.965     819.599  913.611  289.943   98.256    2.399   12.886 5.66192e-06
   49    16.83333   -97.59405 36.41852     611.179     962.568  898.392  289.107  100.000    2.084   12.657 2.29519e-01
   50    16.85000   -97.59149 36.42126     729.436    1082.107  885.829  288.534  100.000    1.152   12.374 4.18734e-01
   51    16.86667   -97.58852 36.42455     813.511    1168.603  876.853  288.034  100.000    0.684   12.104 4.70628e-01
   52    16.88333   -97.58549 36.42811     883.600    1241.342  869.384  287.526  100.000    0.558   11.813 4.34163e-01
   53    16.90000   -97.58264 36.43183     961.180    1320.697  861.292  287.068  100.000    0.978   11.575 5.21823e-01
   54    16.91667   -97.58005 36.43563    1059.548    1421.000  851.140  286.497  100.000    1.392   11.284 6.53577e-01
   55    16.93333   -97.57755 36.43948    1185.707    1547.731  838.564  285.914  100.000    2.282   11.023 8.98145e-01
   56    16.95000   -97.57497 36.44340    1338.766    1697.574  823.721  285.240  100.000    2.329   10.735 1.21987e+00
   57    16.96667   -97.57269 36.44746    1420.950    1777.399  815.935  284.818  100.000    0.297   10.540 1.34160e+00
   58    16.98333   -97.57062 36.45156    1349.474    1703.354  823.140  284.908   98.838   -1.858   10.368 7.27896e-01
   59    17.00000   -97.56901 36.45575    1225.899    1576.523  835.741  285.222   98.600   -2.026   10.400 6.20299e-02
   60    17.01667   -97.56759 36.45999    1169.998    1515.515  841.800  285.654   96.808   -0.508   10.431 2.37517e-02
   61    17.03333   -97.56564 36.46411    1150.548    1492.494  844.072  285.713   98.435   -0.436   10.619 0.00000e+00
   62    17.05000   -97.56329 36.46808    1117.689    1457.077  847.628  286.188   94.496   -0.719   10.474 0.00000e+00
   63    17.06667   -97.56073 36.47192    1095.633    1432.106  850.230  286.536   91.726    0.100   10.370 0.00000e+00
   64    17.08333   -97.55812 36.47564    1113.370    1445.982  848.852  286.418   91.781    0.950   10.313 0.00000e+00
   65    17.10000   -97.55551 36.47919    1159.693    1489.078  844.514  285.965   94.021    1.302   10.307 0.00000e+00
   66    17.11667   -97.55289 36.48264    1212.432    1539.457  839.469  285.444   96.809    1.189   10.316 0.00000e+00
   67    17.13333   -97.55018 36.48618    1248.963    1574.153  835.978  285.073   99.001    0.601   10.336 3.57640e-03
   68    17.15000   -97.54729 36.48997    1266.052    1589.610  834.403  284.926  100.000    0.249   10.359 6.87989e-03
   69    17.16667   -97.54413 36.49400    1289.814    1610.929  832.288  284.790   99.575    0.293   10.249 1.14505e-02
   70    17.18333   -97.54089 36.49799    1335.319    1653.423  828.143  284.497   98.845    0.310   10.027 6.56499e-03
   71    17.20000   -97.53786 36.50168    1380.126    1695.747  823.939  284.273   96.341    0.036    9.677 1.78240e-05
   72    17.21667   -97.53510 36.50503    1403.708    1718.464  821.612  284.223   94.928   -0.139    9.531 0.00000e+00
   73    17.23333   -97.53249 36.50813    1405.150    1718.998  821.666  284.175   95.639   -0.322    9.571 0.00000e+00
   74    17.25000   -97.52984 36.51120    1379.042    1690.981  824.449  284.405   95.042   -0.824    9.626 0.00000e+00
   75    17.26667   -97.52702 36.51439    1320.665    1629.601  830.536  284.974   92.554   -1.255    9.663 0.00000e+00
   76    17.28333   -97.52399 36.51773    1251.803    1557.731  837.645  285.656   89.346   -1.002    9.677 0.00000e+00
   77    17.30000   -97.52094 36.52116    1216.667    1520.136  841.317  286.036   87.497   -0.266    9.674 0.00000e+00
   78    17.31667   -97.51794 36.52451    1236.800    1541.538  839.093  285.920   86.884    0.213    9.558 0.00000e+00
   79    17.33333   -97.51505 36.52777    1277.412    1584.454  834.885  285.435   88.855   -0.127    9.515 0.00000e+00
   80    17.35000   -97.51227 36.53115    1291.187    1600.294  833.333  284.896   92.562   -0.895    9.582 9.73967e-03
   81    17.36667   -97.50954 36.53465    1270.573    1580.351  835.313  284.842   98.227   -0.994   10.108 0.00000e+00
   82    17.38333   -97.50685 36.53832    1225.296    1536.351  839.680  285.235   99.741   -0.892   10.480 5.40767e-02
   83    17.40000   -97.50440 36.54216    1192.665    1505.249  842.795  285.564  100.000   -0.526   10.719 1.00074e-01
   84    17.41667   -97.50199 36.54599    1192.264    1506.178  842.703  285.599  100.000   -0.048   10.745 1.23128e-01
   85    17.43333   -97.49958 36.54964    1222.843    1539.091  839.384  285.522  100.000    0.450   10.732 2.22288e-01
   86    17.45000   -97.49701 36.55305    1249.785    1569.186  836.287  285.430  100.000    0.426   10.706 2.79514e-01
   87    17.46667   -97.49435 36.55627    1250.405    1572.552  836.064  285.372  100.000    0.142   10.668 2.12813e-01
   88    17.48333   -97.49174 36.55951    1234.950    1558.260  837.452  285.422  100.000    0.145   10.686 1.55124e-01
   89    17.50000   -97.48931 36.56289    1217.078    1542.687  838.978  285.447   99.923    0.029   10.656 8.23222e-02
   90    17.51667   -97.48711 36.56637    1201.217    1529.007  840.394  285.497   99.445    0.089   10.622 6.83478e-03
   91    17.53333   -97.48513 36.56976    1189.185    1517.490  841.697  285.642   97.381   -0.123   10.485 3.93215e-04
   92    17.55000   -97.48325 36.57290    1175.119    1501.307  843.412  285.846   95.413   -0.189   10.392 0.00000e+00
   93    17.56667   -97.48143 36.57587    1154.640    1477.648  845.790  286.166   92.830   -0.539   10.297 0.00000e+00
   94    17.58333   -97.47958 36.57879    1130.854    1450.891  848.450  286.475   91.281   -0.716   10.300 0.00000e+00
   95    17.60000   -97.47779 36.58175    1108.700    1425.563  850.983  286.743   89.864   -0.340   10.290 0.00000e+00
   96    17.61667   -97.47603 36.58467    1094.935    1409.295  852.560  286.816   89.920    0.079   10.326 0.00000e+00
   97    17.63333   -97.47422 36.58751    1093.259    1406.047  852.879  286.735   91.605    0.456   10.460 0.00000e+00
   98    17.65000   -97.47228 36.59032    1110.544    1422.087  851.275  286.565   92.501    0.669   10.465 0.00000e+00
   99    17.66667   -97.47019 36.59313    1141.260    1451.552  848.335  286.257   93.972    0.637   10.454 0.00000e+00
  100    17.68333   -97.46806 36.59592    1170.335    1478.871  845.598  285.968   95.504    0.438   10.459 0.00000e+00
  101    17.70000   -97.46597 36.59867    1187.179    1493.784  844.107  285.788   96.790    0.161   10.493 0.00000e+00
  102    17.71667   -97.46391 36.60145    1187.066    1492.213  844.215  285.776   97.523   -0.144   10.562 1.71172e-03
  103    17.73333   -97.46193 36.60429    1173.923    1478.136  845.602  285.868   97.549   -0.355   10.612 0.00000e+00
  104    17.75000   -97.46011 36.60724    1154.595    1458.948  847.492  286.064   96.518   -0.313   10.613 0.00000e+00
  105    17.76667   -97.45843 36.61032    1139.014    1443.667  849.034  286.224   95.328   -0.107   10.573 0.00000e+00
  106    17.78333   -97.45676 36.61352    1132.872    1437.522  849.683  286.309   94.747    0.049   10.560 0.00000e+00
  107    17.80000   -97.45506 36.61683    1136.527    1441.466  849.268  286.218   95.321    0.025   10.566 0.00000e+00
  108    17.81667   -97.45332 36.62017    1144.137    1449.222  848.542  286.152   95.524   -0.111   10.551 2.37328e-05
  109    17.83333   -97.45154 36.62356    1144.308    1449.259  848.511  286.070   96.368   -0.454   10.588 0.00000e+00
  110    17.85000   -97.44972 36.62688    1121.237    1426.007  850.898  286.318   95.061   -0.859   10.586 0.00000e+00
  111    17.86667   -97.44785 36.63008    1072.514    1377.143  855.793  286.805   92.525   -1.212   10.577 0.00000e+00
  112    17.88333   -97.44597 36.63323    1008.293    1313.128  862.296  287.408   90.010   -1.161   10.622 0.00000e+00
  113    17.90000   -97.44410 36.63633     945.928    1251.188  868.623  288.020   87.116   -0.932   10.619 0.00000e+00
  114    17.91667   -97.44226 36.63942     904.606    1210.369  872.875  288.401   85.677   -0.221   10.653 0.00000e+00
  115    17.93333   -97.44041 36.64244     896.127    1201.185  873.829  288.461   85.688    0.292   10.684 0.00000e+00
  116    17.95000   -97.43852 36.64547     913.682    1217.389  872.166  288.254   87.019    0.675   10.726 0.00000e+00
  117    17.96667   -97.43662 36.64852     946.010    1248.807  868.911  287.913   89.110    0.879   10.784 0.00000e+00
  118    17.98333   -97.43469 36.65161     981.630    1284.089  865.329  287.492   91.837    0.642   10.858 0.00000e+00
  119    18.00000   -97.43283 36.65467    1002.015    1303.699  863.346  287.238   93.503    0.190   10.899 0.00000e+00
  120    18.01667   -97.43111 36.65768     998.431    1299.449  863.817  287.246   93.820   -0.330   10.936 0.00000e+00
  121    18.03333   -97.42963 36.66067     970.041    1270.838  866.668  287.471   93.407   -0.789   11.012 0.00000e+00
  122    18.05000   -97.42835 36.66360     923.344    1224.231  871.472  287.896   91.780   -1.014   11.062 0.00000e+00
  123    18.06667   -97.42725 36.66646     871.153    1172.183  876.851  288.391   89.552   -0.905   11.076 0.00000e+00
  124    18.08333   -97.42622 36.66923     826.288    1127.431  881.463  288.828   87.523   -0.637   11.077 0.00000e+00
  125    18.10000   -97.42522 36.67196     795.242    1096.628  884.653  289.127   86.181   -0.346   11.079 0.00000e+00
  126    18.11667   -97.42417 36.67470     780.114    1081.961  886.193  289.268   85.660   -0.112   11.093 0.00000e+00
  127    18.13333   -97.42302 36.67751     775.047    1077.207  886.713  289.315   85.539    0.006   11.104 0.00000e+00
  128    18.15000   -97.42189 36.68037     776.036    1078.486  886.555  289.289   85.781    0.081   11.119 0.00000e+00
  129    18.16667   -97.42082 36.68324     782.446    1085.849  885.780  289.209   86.379    0.103   11.149 0.00000e+00
  130    18.18333   -97.41985 36.68608     791.824    1096.074  884.719  289.112   87.115    0.149   11.188 0.00000e+00
  131    18.20000   -97.41889 36.68890     807.153    1112.432  882.962  288.942   88.342    0.263   11.244 0.00000e+00
  132    18.21667   -97.41788 36.69167     829.683    1137.107  880.401  288.693   89.741    0.457   11.273 0.00000e+00
  133    18.23333   -97.41676 36.69439     861.069    1170.678  876.913  288.352   91.555    0.590   11.295 0.00000e+00
  134    18.25000   -97.41559 36.69702     897.938    1209.515  872.984  287.957   93.733    0.719   11.322 0.00000e+00
  135    18.26667   -97.41429 36.69958     939.862    1252.254  868.606  287.492   97.003    0.791   11.426 0.00000e+00
  136    18.28333   -97.41280 36.70213     972.837    1285.981  865.164  287.205   99.615    0.502   11.562 3.55701e-02
  137    18.30000   -97.41109 36.70472     982.884    1296.733  864.022  287.234   99.855    0.041   11.627 1.08008e-01
  138    18.31667   -97.40934 36.70734     962.817    1277.666  865.996  287.387   99.527   -0.400   11.679 7.43191e-02
  139    18.33333   -97.40767 36.70991     926.953    1242.755  869.561  287.594   99.636   -0.490   11.801 5.54350e-03
  140    18.35000   -97.40616 36.71242     899.418    1216.069  872.353  287.871   97.439   -0.255   11.713 0.00000e+00
  141    18.36667   -97.40466 36.71494     890.274    1207.745  873.183  287.991   96.104   -0.048   11.632 0.00000e+00
  142    18.38333   -97.40311 36.71750     886.415    1204.914  873.505  288.018   96.198   -0.100   11.659 0.00000e+00
  143    18.40000   -97.40157 36.72004     878.556    1197.853  874.275  288.101   95.314   -0.180   11.604 0.00000e+00
  144    18.41667   -97.39999 36.72253     862.700    1182.246  875.871  288.271   93.850   -0.527   11.531 0.00000e+00
  145    18.43333   -97.39854 36.72496     827.095    1146.820  879.532  288.647   91.601   -0.818   11.484 0.00000e+00
  146    18.45000   -97.39736 36.72723     784.052    1104.122  883.936  289.092   88.232   -0.836   11.327 0.00000e+00
  147    18.46667   -97.39642 36.72929     750.600    1071.214  887.430  289.394   87.168   -0.605   11.365 0.00000e+00
  148    18.48333   -97.39564 36.73126     744.625    1063.879  888.353  289.516   88.607   -0.003   11.630 0.00000e+00
  149    18.50000   -97.39502 36.73338     798.099    1114.650  883.059  289.097   91.006    1.269   11.698 0.00000e+00
  150    18.51667   -97.39434 36.73587     889.610    1202.947  873.919  288.247   95.139    1.560   11.698 0.00000e+00
  151    18.53333   -97.39359 36.73872     974.156    1284.313  865.518  287.448   99.024    1.406   11.672 2.39673e-02
  152    18.55000   -97.39280 36.74177    1029.251    1337.060  860.124  287.106   99.858    0.986   11.583 6.53398e-02
  153    18.56667   -97.39194 36.74489    1056.453    1362.151  857.585  286.960  100.000    0.743   11.530 6.81454e-02
  154    18.58333   -97.39111 36.74800    1057.899    1363.151  857.377  286.899   99.858    0.129   11.464 2.34611e-02
  155    18.60000   -97.39026 36.75103    1033.334    1340.131  859.730  287.060   98.287   -0.292   11.372 0.00000e+00
  156    18.61667   -97.38944 36.75401     999.598    1307.807  863.030  287.427   95.483   -0.517   11.272 0.00000e+00
  157    18.63333   -97.38869 36.75697     971.039    1280.885  865.782  287.743   93.216   -0.341   11.197 0.00000e+00
  158    18.65000   -97.38793 36.75983     961.683    1273.107  866.555  287.865   92.044    0.048   11.135 0.00000e+00
  159    18.66667   -97.38704 36.76259     973.850    1286.756  865.121  287.774   91.629    0.366   11.037 0.00000e+00
  160    18.68333   -97.38606 36.76537    1000.554    1314.802  862.274  287.528   92.275    0.496   10.975 0.00000e+00
  161    18.70000   -97.38503 36.76822    1029.931    1345.563  859.124  287.240   93.417    0.380   10.944 0.00000e+00
  162    18.71667   -97.38393 36.77119    1044.528    1361.365  857.555  287.083   94.139   -0.000   10.936 0.00000e+00
  163    18.73333   -97.38280 36.77421    1029.177    1346.828  859.042  287.221   93.508   -0.494   10.942 0.00000e+00
  164    18.75000   -97.38166 36.77712     986.080    1304.307  863.367  287.624   91.551   -0.873   10.943 0.00000e+00
  165    18.76667   -97.38056 36.77989     928.232    1246.819  869.236  288.184   88.993   -1.018   10.957 0.00000e+00
  166    18.78333   -97.37956 36.78262     871.459    1190.232  875.117  288.746   86.408   -0.849   10.958 0.00000e+00
  167    18.80000   -97.37872 36.78540     823.798    1142.767  879.945  289.211   83.739   -0.698   10.882 0.00000e+00
  168    18.81667   -97.37785 36.78819     785.749    1105.053  883.851  289.597   82.022   -0.569   10.878 0.00000e+00
  169    18.83333   -97.37691 36.79081     755.285    1075.617  886.867  289.894   80.678   -0.264   10.868 0.00000e+00
  170    18.85000   -97.37602 36.79327     739.361    1060.906  888.430  290.012   80.831    0.021   10.952 0.00000e+00
  171    18.86667   -97.37520 36.79568     745.564    1068.235  887.671  289.969   80.902    0.337   10.940 0.00000e+00
  172    18.88333   -97.37436 36.79811     775.011    1098.651  884.533  289.689   81.951    0.749   10.925 0.00000e+00
  173    18.90000   -97.37361 36.80061     819.156    1143.659  879.852  289.256   84.205    0.757   10.976 0.00000e+00
  174    18.91667   -97.37306 36.80323     864.825    1190.155  875.072  288.801   87.461    0.691   11.131 0.00000e+00
  175    18.93333   -97.37263 36.80599     903.584    1229.849  870.961  288.420   89.050    0.557   11.110 0.00000e+00
  176    18.95000   -97.37213 36.80882     928.224    1255.695  868.358  288.167   90.737    0.350   11.170 0.00000e+00
  177    18.96667   -97.37155 36.81164     937.758    1266.467  867.245  288.085   91.019    0.042   11.160 0.00000e+00
  178    18.98333   -97.37086 36.81441     929.558    1259.414  867.985  288.161   90.866   -0.314   11.187 0.00000e+00
