    0    16.01667   -97.56029 36.21563      31.947     368.547  962.786  294.166   80.843    0.269   13.123 0.00000e+00
    1    16.03333   -97.56005 36.21764      50.591     388.264  960.589  293.811   82.021    0.388   13.055 0.00000e+00
    2    16.05000   -97.55985 36.21988      80.872     419.732  957.119  293.308   83.720    0.631   12.960 0.00000e+00
    3    16.06667   -97.55971 36.22227     126.545     466.029  952.043  292.801   85.745    0.998   12.929 0.00000e+00
    4    16.08333   -97.55966 36.22472     187.301     525.511  945.534  292.234   88.252    1.026   12.930 0.00000e+00
    5    16.10000   -97.55986 36.22722     232.293     569.049  940.732  291.812   90.164    0.687   12.930 0.00000e+00
    6    16.11667   -97.56007 36.22978     249.891     585.160  938.917  291.677   90.462    0.240   12.887 0.00000e+00
    7    16.13333   -97.56023 36.23246     258.148     593.322  938.003  291.621   90.393    0.215   12.844 0.00000e+00
    8    16.15000   -97.56035 36.23528     276.330     611.690  935.972  291.457   90.854    0.648   12.804 0.00000e+00
    9    16.16667   -97.56036 36.23826     309.521     645.329  932.285  291.132   92.047    1.015   12.759 0.00000e+00
   10    16.18333   -97.56039 36.24143     341.236     679.488  928.603  290.803   93.398    1.060   12.729 0.00000e+00
   11    16.20000   -97.56023 36.24482     365.653     706.770  925.759  290.544   94.494    0.658   12.707 0.00000e+00
   12    16.21667   -97.55970 36.24846     372.866     715.838  924.865  290.469   94.680   -0.222   12.684 0.00000e+00
   13    16.23333   -97.55895 36.25233     347.408     691.292  927.419  290.725   93.156   -0.940   12.650 0.00000e+00
   14    16.25000   -97.55816 36.25635     294.904     639.331  933.068  291.248   90.523   -0.843   12.630 0.00000e+00
   15    16.26667   -97.55722 36.26044     249.295     593.440  938.065  291.727   88.027   -0.623   12.591 0.00000e+00
   16    16.28333   -97.55598 36.26457     214.259     559.419  941.696  292.077   86.323   -0.491   12.574 0.00000e+00
   17    16.30000   -97.55449 36.26867     189.444     536.761  944.220  292.292   85.428   -0.174   12.580 0.00000e+00
   18    16.31667   -97.55278 36.27281     184.269     533.646  944.561  292.302   85.634    0.291   12.613 0.00000e+00
   19    16.33333   -97.55089 36.27703     204.503     555.883  942.040  292.083   87.395    0.799   12.731 0.00000e+00
   20    16.35000   -97.54877 36.28119     239.405     592.234  938.091  291.723   89.097    0.721   12.741 0.00000e+00
   21    16.36667   -97.54674 36.28523     284.405     636.688  933.356  291.320   90.600    0.742   12.694 0.00000e+00
   22    16.38333   -97.54453 36.28920     318.068     668.939  929.848  291.023   91.731   -0.261   12.661 0.00000e+00
   23    16.40000   -97.54249 36.29311     288.070     637.891  933.233  291.331   90.237   -1.163   12.654 0.00000e+00
   24    16.41667   -97.54115 36.29681     233.139     581.874  939.296  291.867   87.877   -1.139   12.665 0.00000e+00
   25    16.43333   -97.54035 36.30019     185.080     534.981  944.530  292.324   85.929   -0.796   12.675 0.00000e+00
   26    16.45000   -97.53984 36.30323     151.899     502.642  948.120  292.628   84.802   -0.609   12.701 0.00000e+00
   27    16.46667   -97.53956 36.30592     123.658     474.930  951.172  292.888   83.877   -0.612   12.727 0.00000e+00
   28    16.48333   -97.53967 36.30835      98.122     449.887  953.925  293.109   83.214   -0.453   12.766 0.00000e+00
   29    16.50000   -97.54022 36.31064      81.640     434.396  955.637  293.249   82.824   -0.065   12.795 0.00000e+00
   30    16.51667   -97.54105 36.31305      81.512     435.510  955.587  293.225   82.880    0.409   12.784 0.00000e+00
   31    16.53333   -97.54176 36.31594     108.500     461.044  952.751  293.086   83.608    1.162   12.823 0.00000e+00
   32    16.55000   -97.54209 36.31903     181.014     530.924  945.045  292.470   86.463    1.936   12.864 0.00000e+00
   33    16.56667   -97.54190 36.32211     276.082     623.712  934.787  291.534   90.549    1.653   12.841 0.00000e+00
   34    16.58333   -97.54112 36.32519     353.552     702.315  926.270  290.775   93.941    1.454   12.813 0.00000e+00
   35    16.60000   -97.53993 36.32812     428.774     778.827  918.004  290.018   97.438    1.303   12.778 0.00000e+00
   36    16.61667   -97.53850 36.33099     494.404     845.512  910.921  289.434  100.000    1.220   12.741 2.74240e-02
   37    16.63333   -97.53679 36.33393     548.613     899.661  905.219  289.193  100.000    1.062   12.631 1.38644e-01
   38    16.65000   -97.53477 36.33703     583.918     933.800  901.629  289.045  100.000    0.388   12.563 1.95803e-01
   39    16.66667   -97.53247 36.34028     590.213     939.548  900.982  289.002   99.941   -0.226   12.513 1.58462e-01
   40    16.68333   -97.53012 36.34357     579.047     929.319  902.062  289.044   99.544    0.099   12.482 7.98567e-02
   41    16.70000   -97.52779 36.34690     581.251     932.547  901.904  288.982   99.297    0.632   12.403 1.49797e-02
   42    16.71667   -97.52543 36.35029     610.965     957.667  899.276  288.800   99.512    0.964   12.321 9.71888e-03
   43    16.73333   -97.52305 36.35374     657.730     998.933  894.895  288.559  100.000    1.150   12.265 7.80747e-02
   44    16.75000   -97.52071 36.35722     711.708    1047.153  889.815  288.379  100.000    1.327   12.196 2.01520e-01
   45    16.76667   -97.51828 36.36066     768.247    1099.739  884.246  288.154  100.000    1.312   12.095 3.19670e-01
   46    16.78333   -97.51570 36.36406     824.374    1152.580  878.756  287.917  100.000    1.456   11.986 4.15117e-01
   47    16.80000   -97.51269 36.36755     878.145    1203.519  873.469  287.680  100.000    1.226   11.875 5.05622e-01
   48    16.81667   -97.50900 36.37114     908.514    1232.145  870.415  287.520  100.000    0.223   11.795 5.10907e-01
   49    16.83333   -97.50472 36.37478     898.769    1225.672  871.036  287.494  100.000   -0.576   11.767 4.06671e-01
   50    16.85000   -97.50011 36.37847     878.452    1207.844  872.948  287.526  100.000   -0.176   11.765 2.84769e-01
   51    16.86667   -97.49531 36.38217     882.102    1212.348  872.476  287.481  100.000    0.636   11.736 2.23076e-01
   52    16.88333   -97.49047 36.38580     921.287    1253.736  868.262  287.229  100.000    1.304   11.601 1.90968e-01
   53    16.90000   -97.48578 36.38942     990.059    1323.214  861.022  286.847  100.000    1.731   11.411 2.65310e-01
   54    16.91667   -97.48132 36.39318    1067.308    1405.332  852.735  286.421  100.000    1.830   11.206 3.73465e-01
   55    16.93333   -97.47701 36.39704    1138.112    1478.356  845.607  286.057  100.000    1.557   11.034 4.66671e-01
   56    16.95000   -97.47279 36.40091    1181.250    1517.673  841.669  285.850  100.000    0.667   10.937 5.23022e-01
   57    16.96667   -97.46854 36.40475    1173.249    1508.240  842.429  285.867  100.000   -0.204   10.940 4.92448e-01
   58    16.98333   -97.46407 36.40862    1132.345    1470.755  846.191  285.957  100.000   -0.211   10.955 3.37735e-01
   59    17.00000   -97.45917 36.41241    1119.194    1457.507  847.748  285.995  100.000    0.844   10.961 2.77412e-01
   60    17.01667   -97.45439 36.41600    1176.756    1507.226  842.842  285.738  100.000    1.687   10.840 3.21074e-01
   61    17.03333   -97.45014 36.41951    1266.734    1590.375  834.528  285.333  100.000    1.647   10.660 4.55330e-01
   62    17.05000   -97.44637 36.42305    1336.520    1655.781  828.013  285.037  100.000    1.044   10.536 5.87931e-01
   63    17.06667   -97.44285 36.42667    1370.929    1687.706  824.824  284.869  100.000    0.464   10.460 6.18074e-01
   64    17.08333   -97.43928 36.43040    1370.664    1685.290  825.035  284.739  100.000   -0.277   10.368 4.53584e-01
   65    17.10000   -97.43542 36.43406    1335.728    1649.866  828.351  284.939  100.000   -1.012   10.451 3.21697e-01
   66    17.11667   -97.43099 36.43764    1286.094    1603.542  832.882  285.141  100.000   -0.930   10.546 1.28165e-01
   67    17.13333   -97.42604 36.44106    1276.774    1597.233  833.610  285.139   99.151    0.316   10.428 3.32897e-02
   68    17.15000   -97.42133 36.44439    1315.636    1637.912  829.637  284.848   99.890    0.444   10.353 7.35296e-02
   69    17.16667   -97.41714 36.44769    1346.232    1667.097  826.907  284.641  100.000   -0.280   10.277 9.11840e-02
   70    17.18333   -97.41330 36.45097    1341.818    1661.745  827.307  284.587   99.968   -0.933   10.213 5.00262e-02
   71    17.20000   -97.40957 36.45424    1305.392    1627.085  830.839  284.796   98.617   -1.232   10.172 3.44297e-03
   72    17.21667   -97.40578 36.45752    1260.495    1576.556  836.028  285.291   95.952   -1.085   10.164 0.00000e+00
   73    17.23333   -97.40173 36.46083    1214.671    1523.154  841.276  285.824   93.122   -0.812   10.154 0.00000e+00
   74    17.25000   -97.39744 36.46416    1182.825    1487.002  844.789  286.151   91.701   -0.226   10.174 0.00000e+00
   75    17.26667   -97.39304 36.46743    1187.153    1486.512  844.901  286.119   92.075    0.480   10.192 0.00000e+00
   76    17.28333   -97.38871 36.47063    1222.813    1518.893  841.655  285.776   94.123    0.897   10.226 0.00000e+00
   77    17.30000   -97.38467 36.47380    1271.303    1565.215  837.058  285.309   96.670    0.925   10.239 0.00000e+00
   78    17.31667   -97.38087 36.47697    1306.738    1597.861  833.786  284.969   98.656    0.472   10.257 0.00000e+00
   79    17.33333   -97.37714 36.48015    1313.534    1602.823  833.187  284.925   98.803   -0.081   10.250 0.00000e+00
   80    17.35000   -97.37331 36.48338    1291.165    1581.994  835.232  285.121   97.788   -0.500   10.252 0.00000e+00
   81    17.36667   -97.36927 36.48668    1253.630    1546.563  838.790  285.495   95.694   -0.596   10.240 0.00000e+00
   82    17.38333   -97.36494 36.49005    1228.036    1521.768  841.288  285.744   94.283   -0.238   10.226 0.00000e+00
   83    17.40000   -97.36049 36.49342    1234.491    1528.117  840.637  285.738   93.863    0.216   10.184 9.32452e-06
   84    17.41667   -97.35611 36.49682    1266.878    1561.579  837.252  285.310   96.855    0.131   10.257 0.00000e+00
   85    17.43333   -97.35184 36.50034    1306.113    1601.247  833.435  284.978   98.641   -0.097   10.266 3.09545e-03
   86    17.45000   -97.34770 36.50401    1335.006    1628.036  830.786  284.773   99.349   -0.285   10.232 4.29129e-03
   87    17.46667   -97.34366 36.50775    1338.289    1630.648  830.381  284.746   99.480   -0.407   10.233 1.01574e-02
   88    17.48333   -97.33968 36.51148    1310.791    1606.359  832.816  284.868   99.703   -0.571   10.308 1.93266e-02
   89    17.50000   -97.33566 36.51519    1257.804    1555.590  837.904  285.251   99.452   -0.872   10.483 1.11623e-02
   90    17.51667   -97.33163 36.51899    1190.364    1489.025  844.488  285.761   99.208   -1.047   10.731 2.05496e-03
   91    17.53333   -97.32785 36.52302    1135.083    1436.335  849.845  286.335   94.544   -0.232   10.553 0.00000e+00
   92    17.55000   -97.32457 36.52725    1139.234    1441.282  849.359  286.457   92.126    1.121   10.372 0.00000e+00
   93    17.56667   -97.32159 36.53153    1208.256    1511.443  842.282  285.662   96.353    1.556   10.382 0.00000e+00
   94    17.58333   -97.31872 36.53576    1291.217    1596.647  833.800  284.929  100.000    1.040   10.386 4.74463e-02
   95    17.60000   -97.31590 36.53993    1342.051    1649.515  828.588  284.665  100.000    0.145   10.272 9.04114e-02
   96    17.61667   -97.31313 36.54406    1341.248    1651.250  828.391  284.665   99.815   -0.674   10.236 6.36175e-02
   97    17.63333   -97.31024 36.54819    1302.687    1617.012  831.685  284.878   99.167   -0.928   10.274 2.76712e-02
   98    17.65000   -97.30715 36.55232    1265.655    1586.047  834.760  285.070   98.507   -0.601   10.298 3.71315e-03
   99    17.66667   -97.30383 36.55638    1247.445    1572.618  836.213  285.237   97.403   -0.302   10.278 0.00000e+00
  100    17.68333   -97.30035 36.56034    1236.698    1562.412  837.304  285.466   95.490   -0.232   10.217 0.00000e+00
  101    17.70000   -97.29668 36.56415    1223.099    1546.660  838.896  285.653   94.250   -0.259   10.190 0.00000e+00
  102    17.71667   -97.29285 36.56788    1199.242    1522.115  841.269  285.901   92.326   -0.438   10.118 0.00000e+00
  103    17.73333   -97.28894 36.57156    1163.114    1486.995  844.779  286.317   89.045   -0.577    9.988 0.00000e+00
  104    17.75000   -97.28508 36.57516    1123.152    1446.322  848.978  286.750   86.861   -0.458    9.974 0.00000e+00
  105    17.76667   -97.28137 36.57869    1095.905    1415.976  852.081  287.052   86.108   -0.126   10.048 0.00000e+00
  106    17.78333   -97.27795 36.58220    1099.179    1413.034  852.526  287.088   86.585    0.601   10.122 0.00000e+00
  107    17.80000   -97.27483 36.58560    1139.887    1446.994  849.031  286.686   88.924    1.308   10.167 0.00000e+00
  108    17.81667   -97.27187 36.58891    1198.872    1502.036  843.448  286.071   92.198    1.427   10.192 0.00000e+00
  109    17.83333   -97.26900 36.59210    1257.760    1557.701  837.891  285.446   95.926    1.207   10.243 0.00000e+00
  110    17.85000   -97.26610 36.59521    1299.573    1596.418  834.020  285.058   97.975    0.573   10.243 0.00000e+00
  111    17.86667   -97.26316 36.59826    1314.205    1609.052  832.794  284.929   98.624   -0.085   10.238 0.00000e+00
  112    17.88333   -97.26014 36.60132    1301.371    1594.597  834.169  285.080   97.722   -0.564   10.230 0.00000e+00
  113    17.90000   -97.25704 36.60446    1268.105    1560.683  837.510  285.438   95.652   -0.799   10.213 0.00000e+00
  114    17.91667   -97.25386 36.60776    1229.709    1522.349  841.304  285.837   93.377   -0.697   10.190 0.00000e+00
  115    17.93333   -97.25055 36.61118    1207.858    1499.829  843.596  286.076   92.133   -0.237   10.186 0.00000e+00
  116    17.95000   -97.24717 36.61468    1208.511    1500.076  843.531  286.085   91.995    0.182   10.178 0.00000e+00
  117    17.96667   -97.24387 36.61816    1222.649    1514.786  842.081  285.919   93.034    0.325   10.198 0.00000e+00
  118    17.98333   -97.24065 36.62157    1233.421    1525.926  841.001  285.776   94.085    0.186   10.229 0.00000e+00
  119    18.00000   -97.23753 36.62488    1229.532    1521.775  841.429  285.803   94.060   -0.078   10.240 0.00000e+00
  120    18.01667   -97.23442 36.62811    1208.703    1501.144  843.458  285.981   93.364   -0.350   10.259 0.00000e+00
  121    18.03333   -97.23131 36.63126    1177.643    1470.958  846.496  286.266   92.076   -0.470   10.272 0.00000e+00
  122    18.05000   -97.22817 36.63437    1148.187    1442.209  849.400  286.548   90.706   -0.348   10.273 0.00000e+00
  123    18.06667   -97.22508 36.63746    1134.270    1429.036  850.761  286.675   90.134   -0.060   10.277 0.00000e+00
  124    18.08333   -97.22207 36.64055    1143.986    1439.181  849.731  286.581   90.635    0.299   10.283 0.00000e+00
  125    18.10000   -97.21918 36.64367    1171.198    1466.140  847.025  286.320   91.932    0.454   10.286 0.00000e+00
  126    18.11667   -97.21639 36.64681    1202.269    1497.906  843.760  286.018   93.327    0.377   10.276 0.00000e+00
  127    18.13333   -97.21371 36.64998    1224.471    1521.830  841.399  285.795   94.436    0.207   10.275 0.00000e+00
  128    18.15000   -97.21113 36.65322    1232.499    1531.225  840.564  285.710   94.896   -0.060   10.278 0.00000e+00
  129    18.16667   -97.20861 36.65654    1223.017    1522.139  841.441  285.812   94.280   -0.349   10.270 0.00000e+00
  130    18.18333   -97.20612 36.65989    1197.295    1496.516  844.062  286.089   92.740   -0.578   10.256 0.00000e+00
  131    18.20000   -97.20366 36.66321    1163.968    1463.070  847.386  286.432   90.820   -0.552   10.233 0.00000e+00
  132    18.21667   -97.20111 36.66641    1136.461    1436.043  850.072  286.674   89.792   -0.263   10.246 0.00000e+00
  133    18.23333   -97.19836 36.66952    1124.759    1425.050  851.173  286.750   89.738   -0.045   10.277 0.00000e+00
  134    18.25000   -97.19547 36.67266    1122.842    1423.857  851.288  286.719   89.964   -0.033   10.281 0.00000e+00
  135    18.26667   -97.19261 36.67587    1123.248    1424.991  851.161  286.548   92.766    0.001   10.485 0.00000e+00
  136    18.28333   -97.18987 36.67911    1123.071    1425.534  851.097  286.415   94.435   -0.065   10.581 0.00000e+00
  137    18.30000   -97.18716 36.68230    1118.207    1421.348  851.545  286.379   95.862   -0.152   10.710 0.00000e+00
  138    18.31667   -97.18447 36.68540    1106.192    1409.839  852.759  286.461   95.912   -0.337   10.758 0.00000e+00
  139    18.33333   -97.18177 36.68834    1084.111    1388.122  854.941  286.677   94.451   -0.547   10.717 0.00000e+00
  140    18.35000   -97.17912 36.69121    1051.024    1355.661  858.236  287.062   91.699   -0.797   10.630 0.00000e+00
  141    18.36667   -97.17659 36.69408    1008.094    1313.468  862.566  287.514   88.974   -0.901   10.569 0.00000e+00
  142    18.38333   -97.17427 36.69698     970.127    1276.123  866.349  287.873   87.315   -0.689   10.570 0.00000e+00
  143    18.40000   -97.17211 36.69992     951.418    1257.533  868.264  288.042   86.824   -0.237   10.603 0.00000e+00
  144    18.41667   -97.17004 36.70287     955.638    1261.680  867.868  287.971   87.674    0.230   10.663 0.00000e+00
  145    18.43333   -97.16792 36.70583     978.212    1284.303  865.524  287.696   89.607    0.518   10.734 0.00000e+00
  146    18.45000   -97.16563 36.70878    1008.050    1314.499  862.439  287.367   91.590    0.555   10.778 0.00000e+00
  147    18.46667   -97.16319 36.71174    1031.621    1338.413  859.984  287.116   92.915    0.297   10.787 0.00000e+00
  148    18.48333   -97.16065 36.71473    1033.639    1341.429  859.638  287.105   92.610   -0.183   10.748 0.00000e+00
  149    18.50000   -97.15811 36.71775    1013.493    1323.164  861.492  287.353   90.661   -0.575   10.670 0.00000e+00
  150    18.51667   -97.15558 36.72084     977.548    1288.894  865.001  287.724   88.562   -0.847   10.634 0.00000e+00
  151    18.53333   -97.15305 36.72396     932.146    1245.161  869.536  288.210   86.037   -0.987   10.607 0.00000e+00
  152    18.55000   -97.15047 36.72699     884.475    1198.066  874.422  288.700   83.604   -0.939   10.579 0.00000e+00
  153    18.56667   -97.14782 36.72992     843.723    1156.661  878.721  289.126   81.744   -0.568   10.579 0.00000e+00
  154    18.58333   -97.14523 36.73277     826.036    1137.826  880.685  289.270   81.534    0.214   10.627 0.00000e+00
  155    18.60000   -97.14285 36.73562     842.516    1152.965  879.131  289.071   82.993    0.798   10.698 0.00000e+00
  156    18.61667   -97.14062 36.73849     889.784    1199.403  874.311  288.573   85.810    1.138   10.771 0.00000e+00
  157    18.63333   -97.13857 36.74136     955.680    1265.243  867.523  287.944   88.418    1.086   10.739 0.00000e+00
  158    18.65000   -97.13667 36.74432     996.829    1307.407  863.200  287.431   92.267    0.248   10.893 0.00000e+00
  159    18.66667   -97.13498 36.74736    1004.160    1315.665  862.421  287.252   94.954   -0.289   11.090 1.51053e-02
  160    18.68333   -97.13337 36.75043     991.840    1303.580  863.643  287.384   95.957   -0.290   11.289 3.20182e-02
  161    18.70000   -97.13176 36.75361     967.162    1279.378  866.103  287.512   97.058   -0.546   11.481 0.00000e+00
  162    18.71667   -97.13000 36.75701     928.188    1240.736  870.056  287.881   95.984   -0.623   11.576 1.89121e-02
  163    18.73333   -97.12802 36.76055     884.594    1197.726  874.416  288.224   95.005   -0.946   11.657 0.00000e+00
  164    18.75000   -97.12589 36.76397     835.506    1150.855  879.183  288.685   91.773   -0.902   11.538 0.00000e+00
  165    18.76667   -97.12376 36.76708     780.703    1098.951  884.565  289.189   88.557   -0.951   11.431 0.00000e+00
  166    18.78333   -97.12177 36.76989     720.955    1041.886  890.555  289.751   85.614   -1.105   11.380 0.00000e+00
  167    18.80000   -97.11999 36.77238     652.873     975.599  897.651  290.408   81.508   -1.882   11.210 0.00000e+00
  168    18.81667   -97.11838 36.77472     575.602     897.471  905.888  291.263   79.261   -2.281   11.404 0.00000e+00
  169    18.83333   -97.11642 36.77727     491.952     812.636  914.812  292.123   76.080   -2.179   11.444 0.00000e+00
  170    18.85000   -97.11435 36.78017     419.262     739.684  922.617  292.796   73.669   -1.338   11.461 0.00000e+00
  171    18.86667   -97.11256 36.78342     372.572     692.369  927.719  293.223   72.418   -0.937   11.508 0.00000e+00
  172    18.88333   -97.11116 36.78672     340.454     659.292  931.307  293.553   71.036   -0.763   11.479 0.00000e+00
  173    18.90000   -97.11001 36.78991     315.916     634.302  933.976  293.792   70.215   -0.647   11.483 0.00000e+00
  174    18.91667   -97.10896 36.79295     288.623     606.843  936.937  294.046   69.445   -0.538   11.502 0.00000e+00
  175    18.93333   -97.10795 36.79597     256.569     574.385  940.510  294.345   68.505   -0.492   11.514 0.00000e+00
  176    18.95000   -97.10691 36.79894     238.212     554.694  942.610  294.511   68.442    0.285   11.596 0.00000e+00
  177    18.96667   -97.10599 36.80171     271.293     586.473  939.209  294.576   69.464    1.520   11.860 0.00000e+00
  178    18.98333   -97.10493 36.80429     381.530     695.417  927.396  293.668   73.025    2.265   11.936 0.00000e+00
