    0    16.01667   -97.56390 36.21758      35.614     368.747  962.579  293.587   82.272   -0.127   12.886 0.00000e+00
    1    16.03333   -97.56286 36.21936      29.295     364.703  963.050  293.747   81.893   -0.118   12.949 0.00000e+00
    2    16.05000   -97.56174 36.22123      24.950     362.878  963.401  293.848   81.712   -0.124   12.996 0.00000e+00
    3    16.06667   -97.56062 36.22303      23.403     361.953  963.580  294.059   81.305    0.061   13.100 0.00000e+00
    4    16.08333   -97.55971 36.22467      31.909     370.121  962.677  294.121   81.292    0.292   13.161 0.00000e+00
    5    16.10000   -97.55918 36.22629      57.244     394.960  959.876  293.832   82.325    0.655   13.129 0.00000e+00
    6    16.11667   -97.55892 36.22828      99.352     436.230  955.301  293.243   84.249    0.785   13.015 0.00000e+00
    7    16.13333   -97.55898 36.23054     144.161     480.195  950.422  292.763   86.118    0.709   12.976 0.00000e+00
    8    16.15000   -97.55915 36.23294     181.134     517.204  946.335  292.385   87.654    0.522   12.954 0.00000e+00
    9    16.16667   -97.55917 36.23563     208.945     545.253  943.252  292.072   88.755    0.441   12.903 0.00000e+00
   10    16.18333   -97.55876 36.23856     229.800     566.843  940.876  291.824   89.560    0.365   12.850 0.00000e+00
   11    16.20000   -97.55795 36.24160     238.485     577.599  939.758  291.714   90.034    0.285   12.845 0.00000e+00
   12    16.21667   -97.55676 36.24468     236.085     576.697  939.957  291.722   89.829   -0.354   12.819 0.00000e+00
   13    16.23333   -97.55544 36.24766     223.789     565.047  941.243  291.836   89.029   -0.716   12.779 0.00000e+00
   14    16.25000   -97.55407 36.25031     225.011     567.014  940.951  291.864   89.062   -0.284   12.810 0.00000e+00
   15    16.26667   -97.55226 36.25285     233.444     576.708  939.805  291.788   89.402   -0.198   12.813 0.00000e+00
   16    16.28333   -97.54987 36.25530     215.910     560.756  941.529  291.966   88.513   -0.915   12.806 0.00000e+00
   17    16.30000   -97.54755 36.25765     174.582     520.824  945.962  292.366   86.849   -1.014   12.825 0.00000e+00
   18    16.31667   -97.54570 36.26002     138.676     486.217  949.739  292.704   85.454   -0.766   12.838 0.00000e+00
   19    16.33333   -97.54428 36.26245     107.990     456.983  952.902  292.983   84.355   -0.709   12.853 0.00000e+00
   20    16.35000   -97.54341 36.26492      81.662     432.390  955.623  293.216   83.504   -0.469   12.873 0.00000e+00
   21    16.36667   -97.54306 36.26738      63.833     416.093  957.416  293.373   83.075   -0.242   12.909 0.00000e+00
   22    16.38333   -97.54312 36.26986      54.823     408.397  958.260  293.473   82.790    0.022   12.934 0.00000e+00
   23    16.40000   -97.54320 36.27233      71.155     425.727  956.399  293.399   83.392    0.571   12.993 0.00000e+00
   24    16.41667   -97.54281 36.27472     120.393     475.269  950.976  292.964   85.419    1.212   13.026 0.00000e+00
   25    16.43333   -97.54171 36.27718     188.062     543.318  943.523  292.318   88.306    1.438   13.035 0.00000e+00
   26    16.45000   -97.53981 36.27967     253.524     609.083  936.393  291.706   90.956    0.941   13.017 0.00000e+00
   27    16.46667   -97.53751 36.28223     288.002     642.793  932.701  291.371   92.263    0.189   12.979 0.00000e+00
   28    16.48333   -97.53528 36.28490     293.640     647.949  932.138  291.321   92.138   -0.013   12.928 0.00000e+00
   29    16.50000   -97.53333 36.28771     294.123     648.539  932.054  291.292   92.249    0.033   12.921 0.00000e+00
   30    16.51667   -97.53162 36.29049     295.464     649.824  931.896  291.258   92.292    0.005   12.901 0.00000e+00
   31    16.53333   -97.53009 36.29320     290.075     644.234  932.516  291.315   91.846   -0.233   12.876 0.00000e+00
   32    16.55000   -97.52879 36.29580     273.641     627.492  934.300  291.480   91.007   -0.510   12.868 0.00000e+00
   33    16.56667   -97.52781 36.29822     244.055     597.712  937.575  291.773   89.595   -0.646   12.860 0.00000e+00
   34    16.58333   -97.52725 36.30047     212.080     565.397  941.127  292.098   88.114   -0.539   12.860 0.00000e+00
   35    16.60000   -97.52705 36.30264     193.055     545.894  943.230  292.294   87.284   -0.101   12.868 0.00000e+00
   36    16.61667   -97.52689 36.30474     200.825     553.125  942.506  292.232   87.522    0.434   12.863 0.00000e+00
   37    16.63333   -97.52652 36.30680     229.764     580.430  939.577  291.971   88.611    0.474   12.851 0.00000e+00
   38    16.65000   -97.52592 36.30891     258.697     607.677  936.514  291.700   89.875    0.241   12.855 0.00000e+00
   39    16.66667   -97.52528 36.31102     278.439     626.007  934.560  291.527   90.588   -0.065   12.843 0.00000e+00
   40    16.68333   -97.52467 36.31318     282.533     628.866  934.244  291.512   90.584   -0.439   12.835 0.00000e+00
   41    16.70000   -97.52405 36.31534     272.988     617.942  935.439  291.679   89.857   -0.580   12.850 0.00000e+00
   42    16.71667   -97.52357 36.31763     250.758     593.748  938.163  291.947   88.650   -0.778   12.857 0.00000e+00
   43    16.73333   -97.52332 36.32006     230.087     570.631  940.687  292.179   87.654   -0.464   12.864 0.00000e+00
   44    16.75000   -97.52317 36.32258     218.121     557.177  942.035  292.322   87.018   -0.358   12.868 0.00000e+00
   45    16.76667   -97.52307 36.32529     211.854     551.562  942.736  292.437   86.501   -0.286   12.875 0.00000e+00
   46    16.78333   -97.52301 36.32816     207.974     548.333  943.112  292.530   86.127   -0.247   12.889 0.00000e+00
   47    16.80000   -97.52280 36.33109     200.802     542.073  943.766  292.613   85.772   -0.279   12.894 0.00000e+00
   48    16.81667   -97.52235 36.33397     182.232     525.058  945.540  292.773   85.037   -0.612   12.888 0.00000e+00
   49    16.83333   -97.52169 36.33665     145.619     490.145  949.307  293.170   83.469   -0.577   12.917 0.00000e+00
   50    16.85000   -97.52090 36.33915     127.536     473.344  951.277  293.385   82.603   -0.202   12.929 0.00000e+00
   51    16.86667   -97.52003 36.34155     126.964     472.318  951.381  293.411   82.457    0.118   12.926 0.00000e+00
   52    16.88333   -97.51914 36.34377     130.966     475.585  951.082  293.388   82.463    0.122   12.912 0.00000e+00
   53    16.90000   -97.51832 36.34584     138.753     482.724  950.300  293.317   82.718    0.120   12.906 0.00000e+00
   54    16.91667   -97.51756 36.34785     142.779     485.395  950.031  293.303   82.765    0.045   12.905 0.00000e+00
   55    16.93333   -97.51685 36.34990     140.858     481.334  950.487  293.338   82.614   -0.102   12.903 0.00000e+00
   56    16.95000   -97.51604 36.35206     130.687     468.830  951.882  293.475   82.028   -0.160   12.903 0.00000e+00
   57    16.96667   -97.51505 36.35427     121.070     456.741  953.226  293.617   81.462   -0.119   12.910 0.00000e+00
   58    16.98333   -97.51389 36.35643     112.603     446.088  954.378  293.755   80.899   -0.159   12.915 0.00000e+00
   59    17.00000   -97.51268 36.35855     103.328     434.736  955.661  293.906   80.317   -0.182   12.926 0.00000e+00
   60    17.01667   -97.51148 36.36069      88.961     418.339  957.367  294.055   79.611   -0.333   12.908 0.00000e+00
   61    17.03333   -97.51020 36.36287      61.640     389.436  960.537  294.388   78.359   -0.475   12.927 0.00000e+00
   62    17.05000   -97.50871 36.36491      37.627     364.699  963.241  294.809   77.065   -0.270   13.013 0.00000e+00
   63    17.06667   -97.50716 36.36666      29.956     356.477  964.198  295.050   76.358   -0.043   13.073 0.00000e+00
   64    17.08333   -97.50597 36.36809      38.107     364.035  963.344  295.140   76.256    0.395   13.141 0.00000e+00
   65    17.10000   -97.50548 36.36946      77.107     402.248  959.120  294.670   77.701    1.082   13.064 0.00000e+00
   66    17.11667   -97.50578 36.37122     149.931     473.992  951.170  293.880   80.533    1.713   13.001 0.00000e+00
   67    17.13333   -97.50651 36.37330     221.653     546.888  943.100  293.197   83.349    1.089   13.006 0.00000e+00
   68    17.15000   -97.50731 36.37547     256.671     584.240  939.033  292.759   85.107    0.500   12.978 0.00000e+00
   69    17.16667   -97.50809 36.37763     256.694     586.645  938.789  292.692   85.057   -0.240   12.919 0.00000e+00
   70    17.18333   -97.50877 36.37971     230.701     562.944  941.369  292.840   84.162   -0.638   12.867 0.00000e+00
   71    17.20000   -97.50922 36.38171     198.433     531.748  944.825  293.112   82.840   -0.520   12.834 0.00000e+00
   72    17.21667   -97.50956 36.38365     177.977     511.980  946.970  293.315   81.996   -0.210   12.837 0.00000e+00
   73    17.23333   -97.50978 36.38562     172.613     507.317  947.507  293.441   81.662    0.027   12.878 0.00000e+00
   74    17.25000   -97.50982 36.38761     179.798     515.175  946.665  293.435   81.815    0.206   12.908 0.00000e+00
   75    17.26667   -97.50968 36.38959     195.471     531.895  944.773  293.283   82.388    0.308   12.902 0.00000e+00
   76    17.28333   -97.50942 36.39156     210.429     548.098  943.021  293.141   82.941    0.269   12.898 0.00000e+00
   77    17.30000   -97.50900 36.39346     219.778     558.556  941.878  293.075   83.279    0.270   12.913 0.00000e+00
   78    17.31667   -97.50845 36.39537     218.263     558.038  941.963  293.071   83.150   -0.180   12.889 0.00000e+00
   79    17.33333   -97.50770 36.39729     202.723     543.361  943.558  293.215   82.542   -0.345   12.888 0.00000e+00
   80    17.35000   -97.50671 36.39918     175.445     516.887  946.431  293.448   81.491   -0.817   12.872 0.00000e+00
   81    17.36667   -97.50566 36.40092     156.988     499.151  948.370  293.728   80.629    0.076   12.933 0.00000e+00
   82    17.38333   -97.50469 36.40248     178.404     521.237  945.970  293.577   80.967    0.741   12.898 0.00000e+00
   83    17.40000   -97.50372 36.40402     228.543     572.157  940.474  293.088   82.705    0.909   12.854 0.00000e+00
   84    17.41667   -97.50249 36.40559     285.137     628.537  934.423  292.607   84.575    0.964   12.837 0.00000e+00
   85    17.43333   -97.50101 36.40716     333.835     675.624  929.346  292.154   86.436    0.738   12.821 0.00000e+00
   86    17.45000   -97.49950 36.40868     366.458     706.594  925.980  291.859   87.741    0.559   12.822 0.00000e+00
   87    17.46667   -97.49812 36.41022     386.748     725.304  923.977  291.665   88.561    0.377   12.812 0.00000e+00
   88    17.48333   -97.49699 36.41180     399.529     736.589  922.770  291.538   88.978    0.276   12.787 0.00000e+00
   89    17.50000   -97.49601 36.41344     406.726     742.298  922.205  291.481   89.039    0.187   12.757 0.00000e+00
   90    17.51667   -97.49521 36.41517     410.498     744.279  921.961  291.451   88.995    0.018   12.730 0.00000e+00
   91    17.53333   -97.49453 36.41690     406.871     738.828  922.535  291.507   88.458   -0.170   12.690 0.00000e+00
   92    17.55000   -97.49395 36.41870     390.148     720.300  924.553  291.687   87.663   -0.360   12.692 0.00000e+00
   93    17.56667   -97.49342 36.42051     364.210     692.586  927.505  291.959   86.316   -0.561   12.673 0.00000e+00
   94    17.58333   -97.49300 36.42242     325.531     652.504  931.822  292.354   84.499   -0.824   12.659 0.00000e+00
   95    17.60000   -97.49266 36.42430     271.176     597.307  937.801  292.903   82.171   -1.026   12.660 0.00000e+00
   96    17.61667   -97.49236 36.42616     210.057     535.306  944.584  293.523   79.629   -1.014   12.661 0.00000e+00
   97    17.63333   -97.49206 36.42794     152.142     476.477  951.032  294.105   77.308   -0.920   12.658 0.00000e+00
   98    17.65000   -97.49177 36.42962     103.664     427.093  956.421  294.587   75.443   -0.705   12.655 0.00000e+00
   99    17.66667   -97.49149 36.43116      69.681     392.644  960.166  294.920   74.191   -0.451   12.655 0.00000e+00
  100    17.68333   -97.49119 36.43257      50.352     373.133  962.261  295.168   73.312   -0.213   12.669 0.00000e+00
  101    17.70000   -97.49091 36.43383      41.757     364.440  963.207  295.420   72.584   -0.048   12.727 0.00000e+00
  102    17.71667   -97.49072 36.43497      39.489     362.175  963.437  295.642   72.013    0.002   12.798 0.00000e+00
  103    17.73333   -97.49069 36.43598      37.636     360.408  963.600  295.826   71.527   -0.052   12.854 0.00000e+00
  104    17.75000   -97.49088 36.43694      34.025     356.928  963.946  295.968   71.077   -0.092   12.880 0.00000e+00
  105    17.76667   -97.49129 36.43789      30.588     353.570  964.292  296.181   70.512    0.025   12.940 0.00000e+00
  106    17.78333   -97.49171 36.43892      32.568     355.515  964.108  296.355   70.187    0.081   13.022 0.00000e+00
  107    17.80000   -97.49193 36.44003      33.847     356.720  963.975  296.381   70.015   -0.032   13.012 0.00000e+00
  108    17.81667   -97.49181 36.44118      33.680     356.443  964.048  296.429   69.515   -0.004   12.956 0.00000e+00
  109    17.83333   -97.49136 36.44224      37.781     360.330  963.636  296.391   69.508    0.157   12.930 0.00000e+00
  110    17.85000   -97.49078 36.44333      50.055     372.269  962.315  296.150   70.017    0.262   12.852 0.00000e+00
  111    17.86667   -97.49018 36.44454      78.448     400.209  959.255  295.803   70.912    0.633   12.784 0.00000e+00
  112    17.88333   -97.48941 36.44603     126.107     447.139  954.104  295.287   72.456    0.996   12.723 0.00000e+00
  113    17.90000   -97.48859 36.44769     186.403     506.367  947.654  294.620   74.833    0.674   12.697 0.00000e+00
  114    17.91667   -97.48788 36.44957     220.439     539.124  944.101  294.251   76.252    0.433   12.692 0.00000e+00
  115    17.93333   -97.48732 36.45162     241.376     558.761  941.942  293.997   77.179    0.185   12.675 0.00000e+00
  116    17.95000   -97.48713 36.45381     250.231     566.482  941.107  293.958   77.083    0.085   12.640 0.00000e+00
  117    17.96667   -97.48750 36.45609     256.956     572.289  940.486  293.967   76.666   -0.040   12.587 0.00000e+00
  118    17.98333   -97.48812 36.45848     248.486     562.767  941.485  294.062   76.216   -0.488   12.574 0.00000e+00
  119    18.00000   -97.48854 36.46095     218.494     531.446  944.908  294.372   74.898   -0.523   12.551 0.00000e+00
  120    18.01667   -97.48858 36.46353     199.477     510.961  947.080  294.614   73.681   -0.123   12.504 0.00000e+00
  121    18.03333   -97.48846 36.46639     188.697     500.086  948.241  294.754   72.749   -0.062   12.438 0.00000e+00
  122    18.05000   -97.48859 36.46945     184.970     496.538  948.627  294.808   72.357    0.222   12.407 0.00000e+00
  123    18.06667   -97.48886 36.47260     199.188     510.874  947.103  294.684   72.685    0.523   12.388 0.00000e+00
  124    18.08333   -97.48907 36.47575     234.312     545.661  943.291  294.355   73.892    0.830   12.391 0.00000e+00
  125    18.10000   -97.48917 36.47876     293.168     604.095  936.983  293.799   76.175    1.376   12.423 0.00000e+00
  126    18.11667   -97.48915 36.48151     385.061     695.838  927.048  292.920   79.827    2.166   12.456 0.00000e+00
  127    18.13333   -97.48906 36.48394     503.088     813.885  914.437  291.819   84.636    2.820   12.495 0.00000e+00
  128    18.15000   -97.48885 36.48613     639.660     950.380  899.999  290.557   90.475    2.942   12.528 0.00000e+00
  129    18.16667   -97.48849 36.48825     784.741    1095.221  884.918  289.194   97.273    2.778   12.556 0.00000e+00
  130    18.18333   -97.48788 36.49045     925.194    1234.627  870.522  288.362  100.000    2.926   12.453 1.77098e-01
  131    18.20000   -97.48669 36.49306    1066.576    1374.621  856.253  287.589  100.000    2.733   12.043 3.80821e-01
  132    18.21667   -97.48470 36.49628    1195.108    1501.929  843.360  286.652  100.000    2.092   11.508 4.44244e-01
  133    18.23333   -97.48247 36.50018    1295.230    1599.842  833.556  285.953  100.000    1.875   11.121 4.58240e-01
  134    18.25000   -97.48036 36.50401    1426.196    1729.097  820.823  285.206  100.000    2.577   10.750 5.88655e-01
  135    18.26667   -97.47807 36.50687    1511.996    1814.019  812.631  284.700  100.000    1.106   10.500 6.82632e-01
  136    18.28333   -97.47544 36.50931    1528.485    1828.985  811.213  284.517  100.000   -0.409   10.393 5.89026e-01
  137    18.30000   -97.47253 36.51166    1513.392    1812.414  812.847  284.380  100.000   -1.130   10.277 3.53805e-01
  138    18.31667   -97.46967 36.51426    1476.091    1775.215  816.292  284.317  100.000   -1.757   10.187 8.57247e-02
  139    18.33333   -97.46688 36.51721    1412.599    1716.063  822.077  284.723   97.861   -2.171   10.153 9.94690e-03
  140    18.35000   -97.46419 36.52040    1333.066    1640.484  829.528  285.446   94.668   -2.090   10.211 0.00000e+00
  141    18.36667   -97.46162 36.52369    1258.176    1568.088  836.751  286.165   91.981   -1.447   10.313 0.00000e+00
  142    18.38333   -97.45912 36.52701    1215.464    1527.107  840.855  286.577   90.497   -0.503   10.374 0.00000e+00
  143    18.40000   -97.45663 36.53034    1214.904    1527.966  840.807  286.541   90.669    0.264   10.370 0.00000e+00
  144    18.41667   -97.45412 36.53360    1247.844    1561.135  837.543  286.190   92.463    0.693   10.374 0.00000e+00
  145    18.43333   -97.45161 36.53681    1297.631    1610.545  832.639  285.698   94.503    0.907   10.326 0.00000e+00
  146    18.45000   -97.44906 36.53998    1350.296    1663.027  827.437  285.140   97.318    0.918   10.312 0.00000e+00
  147    18.46667   -97.44650 36.54316    1396.326    1707.979  823.060  284.729   99.160    0.756   10.280 9.91644e-04
  148    18.48333   -97.44395 36.54637    1426.628    1736.729  820.202  284.483  100.000    0.505   10.253 1.97603e-02
  149    18.50000   -97.44142 36.54969    1436.302    1747.211  819.179  284.403  100.000    0.093   10.204 2.19283e-02
  150    18.51667   -97.43887 36.55319    1422.548    1734.428  820.423  284.453   99.704   -0.346   10.180 0.00000e+00
  151    18.53333   -97.43635 36.55681    1386.014    1699.051  823.850  284.753   98.192   -0.740   10.185 0.00000e+00
  152    18.55000   -97.43381 36.56034    1333.531    1649.271  828.769  285.219   95.967   -0.948   10.206 0.00000e+00
  153    18.56667   -97.43126 36.56369    1278.619    1597.173  833.906  285.734   93.245   -0.929   10.197 0.00000e+00
  154    18.58333   -97.42872 36.56692    1232.550    1553.183  838.359  286.184   90.854   -0.624   10.180 0.00000e+00
  155    18.60000   -97.42615 36.57011    1201.322    1522.030  841.531  286.499   89.217   -0.275   10.167 0.00000e+00
  156    18.61667   -97.42348 36.57333    1184.359    1504.155  843.318  286.697   88.094   -0.074   10.149 0.00000e+00
  157    18.63333   -97.42075 36.57657    1184.131    1503.466  843.370  286.717   87.904    0.138   10.139 0.00000e+00
  158    18.65000   -97.41795 36.57978    1200.583    1520.414  841.653  286.533   89.078    0.422   10.172 0.00000e+00
  159    18.66667   -97.41515 36.58315    1231.120    1551.150  838.559  286.213   90.844    0.611   10.195 0.00000e+00
  160    18.68333   -97.41248 36.58675    1274.866    1595.435  834.116  285.872   91.986    0.677   10.149 0.00000e+00
  161    18.70000   -97.40985 36.59055    1305.823    1627.645  830.914  285.641   92.243   -0.120   10.062 0.00000e+00
  162    18.71667   -97.40721 36.59443    1306.677    1630.236  830.653  285.621   92.533   -0.261   10.083 0.00000e+00
  163    18.73333   -97.40456 36.59832    1291.922    1617.168  831.974  285.703   91.753   -0.419   10.037 0.00000e+00
  164    18.75000   -97.40189 36.60222    1265.123    1591.602  834.522  285.979   90.066   -0.591   10.002 0.00000e+00
  165    18.76667   -97.39919 36.60616    1245.110    1572.765  836.419  286.047   90.727   -0.029   10.097 0.00000e+00
  166    18.78333   -97.39664 36.61009    1241.605    1568.933  836.861  285.919   93.675    0.006   10.333 0.00000e+00
  167    18.80000   -97.39441 36.61403    1228.515    1554.286  838.341  286.089   93.177   -0.492   10.375 0.00000e+00
  168    18.81667   -97.39251 36.61799    1205.705    1528.781  840.868  286.397   91.633   -0.624   10.381 0.00000e+00
  169    18.83333   -97.39090 36.62189    1192.975    1512.820  842.446  286.573   90.553   -0.126   10.358 0.00000e+00
  170    18.85000   -97.38937 36.62569    1204.213    1521.527  841.690  286.481   91.142    0.318   10.372 0.00000e+00
  171    18.86667   -97.38781 36.62931    1233.505    1547.632  839.089  286.244   91.907    0.495   10.329 0.00000e+00
  172    18.88333   -97.38623 36.63282    1261.100    1572.780  836.503  285.962   93.154    0.175   10.309 0.00000e+00
  173    18.90000   -97.38480 36.63642    1274.949    1585.183  835.228  285.800   94.130   -0.198   10.322 0.00000e+00
  174    18.91667   -97.38374 36.64012    1282.383    1591.593  834.585  285.692   95.375   -0.329   10.392 3.92846e-03
  175    18.93333   -97.38297 36.64392    1297.958    1606.233  833.168  285.531   97.758   -0.240   10.557 7.81081e-03
  176    18.95000   -97.38237 36.64769    1313.810    1620.586  831.758  285.400   98.589    0.636   10.573 4.62737e-03
  177    18.96667   -97.38184 36.65127    1379.763    1684.300  825.494  284.905   99.738    1.863   10.429 2.65460e-02
  178    18.98333   -97.38136 36.65458    1495.734    1798.070  814.387  284.208  100.000    2.066   10.138 9.49473e-02
