    0    16.01667   -97.46171 36.23291      25.718     403.950  959.157  292.937   86.078   -0.035   12.992 0.00000e+00
    1    16.03333   -97.46219 36.23479      24.579     400.093  959.555  293.003   85.739    0.003   12.988 0.00000e+00
    2    16.05000   -97.46275 36.23660      26.711     399.983  959.645  293.039   85.563    0.105   12.990 0.00000e+00
    3    16.06667   -97.46317 36.23845      32.304     403.830  959.224  293.040   85.597    0.145   13.002 0.00000e+00
    4    16.08333   -97.46345 36.24053      39.079     409.431  958.618  293.018   85.622    0.162   12.996 0.00000e+00
    5    16.10000   -97.46362 36.24275      45.022     414.087  958.110  292.987   85.629    0.106   12.978 0.00000e+00
    6    16.11667   -97.46377 36.24505      47.333     415.029  957.987  292.973   85.569   -0.020   12.960 0.00000e+00
    7    16.13333   -97.46396 36.24734      41.201     407.403  958.904  293.069   85.183   -0.135   12.967 0.00000e+00
    8    16.15000   -97.46442 36.24953      31.838     396.358  960.124  293.207   84.678   -0.155   12.985 0.00000e+00
    9    16.16667   -97.46511 36.25155      24.178     387.584  961.068  293.342   84.165   -0.123   13.003 0.00000e+00
   10    16.18333   -97.46606 36.25333      19.441     382.322  961.659  293.467   83.719   -0.076   13.027 0.00000e+00
   11    16.20000   -97.46708 36.25493      20.007     382.741  961.613  293.566   83.415    0.039   13.061 0.00000e+00
   12    16.21667   -97.46780 36.25629      32.474     394.878  960.280  293.583   83.512    0.265   13.109 0.00000e+00
   13    16.23333   -97.46820 36.25760      60.824     422.381  957.183  293.374   84.222    0.687   13.091 0.00000e+00
   14    16.25000   -97.46838 36.25898     110.216     470.611  951.885  292.883   86.183    0.984   13.064 0.00000e+00
   15    16.26667   -97.46825 36.26044     166.482     525.274  945.876  292.322   88.555    0.995   13.042 0.00000e+00
   16    16.28333   -97.46756 36.26222     228.547     584.942  939.282  291.756   90.900    0.810   13.009 0.00000e+00
   17    16.30000   -97.46635 36.26438     282.516     635.752  933.729  291.265   92.529    0.934   12.914 0.00000e+00
   18    16.31667   -97.46458 36.26683     320.154     669.657  930.025  290.901   94.324    1.070   12.915 0.00000e+00
   19    16.33333   -97.46252 36.26960     344.264     689.807  927.793  290.658   95.578    0.822   12.918 0.00000e+00
   20    16.35000   -97.46060 36.27259     364.137     707.276  925.790  290.493   96.087    0.714   12.879 0.00000e+00
   21    16.36667   -97.45889 36.27569     392.812     734.721  922.910  290.251   97.044    0.828   12.848 0.00000e+00
   22    16.38333   -97.45713 36.27897     431.054     770.049  919.171  289.891   98.833    0.759   12.840 8.20624e-05
   23    16.40000   -97.45508 36.28233     462.733     800.963  915.762  289.595  100.000    0.665   12.811 1.39397e-02
   24    16.41667   -97.45258 36.28551     485.849     823.707  913.315  289.462  100.000    0.467   12.736 5.50294e-02
   25    16.43333   -97.44993 36.28858     498.030     834.422  912.253  289.404  100.000    0.282   12.704 6.44587e-02
   26    16.45000   -97.44731 36.29175     502.740     836.440  912.043  289.394  100.000    0.205   12.685 5.29052e-02
   27    16.46667   -97.44476 36.29504     504.914     836.281  911.961  289.366  100.000    0.108   12.676 2.42429e-02
   28    16.48333   -97.44233 36.29835     507.471     839.735  911.562  289.375  100.000   -0.004   12.678 2.31910e-02
   29    16.50000   -97.44009 36.30161     512.904     845.249  911.098  289.344  100.000    0.098   12.670 2.15036e-02
   30    16.51667   -97.43787 36.30486     523.974     853.555  910.296  289.311   99.975    0.118   12.637 3.45968e-02
   31    16.53333   -97.43565 36.30814     531.846     861.223  909.317  289.290   99.581   -0.204   12.584 2.89148e-02
   32    16.55000   -97.43340 36.31146     531.070     861.699  909.309  289.384   98.188   -0.205   12.483 7.24594e-04
   33    16.56667   -97.43123 36.31481     532.172     863.212  909.186  289.452   97.219    0.161   12.415 0.00000e+00
   34    16.58333   -97.42905 36.31822     548.782     880.664  907.295  289.308   97.787    0.484   12.399 0.00000e+00
   35    16.60000   -97.42674 36.32175     575.517     908.703  904.408  289.027   99.413    0.700   12.419 8.54157e-03
   36    16.61667   -97.42425 36.32535     606.799     936.771  901.430  288.834  100.000    0.400   12.393 4.22426e-02
   37    16.63333   -97.42171 36.32893     619.168     946.280  900.427  288.793  100.000   -0.232   12.376 5.11657e-02
   38    16.65000   -97.41933 36.33236     615.841     939.497  901.171  288.844   99.826   -0.073   12.369 2.29457e-02
   39    16.66667   -97.41698 36.33561     618.831     938.735  901.274  288.831   99.867    0.127   12.362 0.00000e+00
   40    16.68333   -97.41445 36.33871     612.978     929.400  902.247  288.925   99.489   -0.240   12.376 8.84959e-04
   41    16.70000   -97.41187 36.34166     582.361     895.348  905.846  289.300   97.262   -0.794   12.346 0.00000e+00
   42    16.71667   -97.40930 36.34459     529.081     839.151  911.839  289.933   93.467   -1.321   12.274 0.00000e+00
   43    16.73333   -97.40680 36.34771     461.612     771.411  918.864  290.634   89.696   -1.469   12.223 0.00000e+00
   44    16.75000   -97.40446 36.35094     392.409     707.420  925.708  291.227   87.263   -1.248   12.256 0.00000e+00
   45    16.76667   -97.40239 36.35421     339.897     660.459  930.860  291.630   85.978   -0.707   12.319 0.00000e+00
   46    16.78333   -97.40047 36.35738     322.526     645.748  932.552  291.759   85.516   -0.129   12.330 0.00000e+00
   47    16.80000   -97.39834 36.36038     325.234     649.472  932.194  291.715   85.991   -0.013   12.369 0.00000e+00
   48    16.81667   -97.39590 36.36337     320.478     644.512  932.712  291.738   86.331   -0.340   12.429 0.00000e+00
   49    16.83333   -97.39349 36.36634     300.956     625.413  934.732  291.911   85.829   -0.622   12.465 0.00000e+00
   50    16.85000   -97.39132 36.36937     271.450     597.155  937.846  292.191   84.723   -0.784   12.482 0.00000e+00
   51    16.86667   -97.38948 36.37251     238.241     563.735  941.632  292.537   83.177   -0.677   12.473 0.00000e+00
   52    16.88333   -97.38800 36.37580     207.490     529.234  945.424  292.870   81.766   -0.562   12.469 0.00000e+00
   53    16.90000   -97.38683 36.37912     174.324     492.409  949.335  293.199   80.572   -0.573   12.491 0.00000e+00
   54    16.91667   -97.38586 36.38245     144.585     460.896  952.735  293.470   79.960   -0.375   12.562 0.00000e+00
   55    16.93333   -97.38496 36.38578     122.961     438.216  955.241  293.683   79.292   -0.125   12.590 0.00000e+00
   56    16.95000   -97.38406 36.38910     114.914     429.162  956.240  293.778   79.052   -0.025   12.614 0.00000e+00
   57    16.96667   -97.38319 36.39244      99.865     413.162  957.947  293.970   78.403   -0.186   12.637 0.00000e+00
   58    16.98333   -97.38241 36.39584      76.632     388.858  960.691  294.190   77.364   -0.522   12.605 0.00000e+00
   59    17.00000   -97.38174 36.39930      50.894     362.045  963.696  294.561   76.303   -0.377   12.682 0.00000e+00
   60    17.01667   -97.38105 36.40281      37.933     347.865  965.283  294.848   75.465   -0.188   12.746 0.00000e+00
   61    17.03333   -97.37993 36.40627      38.062     346.961  965.341  295.074   74.821    0.214   12.814 0.00000e+00
   62    17.05000   -97.37864 36.40931      57.239     365.564  963.219  295.001   75.374    0.573   12.879 0.00000e+00
   63    17.06667   -97.37759 36.41225      95.405     403.387  958.989  294.627   76.928    0.810   12.902 0.00000e+00
   64    17.08333   -97.37700 36.41510     147.228     454.559  953.348  294.103   79.020    0.899   12.906 0.00000e+00
   65    17.10000   -97.37677 36.41792     195.073     501.257  948.214  293.603   81.108    0.710   12.910 0.00000e+00
   66    17.11667   -97.37663 36.42073     230.483     535.376  944.519  293.215   82.678    0.349   12.897 0.00000e+00
   67    17.13333   -97.37640 36.42358     250.193     554.503  942.400  293.003   83.136    0.076   12.826 0.00000e+00
   68    17.15000   -97.37605 36.42634     260.048     564.132  941.425  292.912   83.297   -0.115   12.791 0.00000e+00
   69    17.16667   -97.37563 36.42894     260.721     564.625  941.324  292.873   82.795   -0.147   12.684 0.00000e+00
   70    17.18333   -97.37513 36.43129     266.309     569.939  940.778  292.810   82.935    0.062   12.663 0.00000e+00
   71    17.20000   -97.37475 36.43339     285.076     588.147  938.862  292.671   83.392    0.051   12.648 0.00000e+00
   72    17.21667   -97.37443 36.43554     298.921     601.224  937.455  292.632   82.939    0.027   12.568 0.00000e+00
   73    17.23333   -97.37401 36.43766     311.308     612.680  936.220  292.558   83.634    0.036   12.631 0.00000e+00
   74    17.25000   -97.37358 36.43965     334.217     634.767  933.786  292.340   83.987   -0.031   12.545 0.00000e+00
   75    17.26667   -97.37315 36.44185     351.315     651.078  932.070  292.172   84.811   -0.112   12.558 0.00000e+00
   76    17.28333   -97.37278 36.44397     360.120     659.109  931.198  292.096   85.100    0.072   12.552 0.00000e+00
   77    17.30000   -97.37254 36.44617     365.757     663.986  930.605  292.049   85.507    0.195   12.583 0.00000e+00
   78    17.31667   -97.37227 36.44838     378.919     677.645  929.107  291.911   86.129    0.529   12.585 0.00000e+00
   79    17.33333   -97.37193 36.45047     411.706     711.252  925.520  291.583   87.503    0.836   12.573 0.00000e+00
   80    17.35000   -97.37160 36.45246     457.549     757.801  920.513  291.136   89.513    0.803   12.571 0.00000e+00
   81    17.36667   -97.37135 36.45439     501.315     802.243  915.791  290.713   91.539    0.708   12.580 0.00000e+00
   82    17.38333   -97.37112 36.45643     540.501     841.803  911.582  290.339   93.354    0.620   12.585 0.00000e+00
   83    17.40000   -97.37074 36.45870     566.935     868.428  908.728  290.073   94.733    0.207   12.596 0.00000e+00
   84    17.41667   -97.37003 36.46101     568.264     869.916  908.529  290.064   94.794   -0.380   12.599 0.00000e+00
   85    17.43333   -97.36904 36.46337     547.396     849.254  910.784  290.374   93.347   -0.840   12.623 0.00000e+00
   86    17.45000   -97.36774 36.46580     519.341     818.952  914.017  290.742   91.328   -1.061   12.598 0.00000e+00
   87    17.46667   -97.36623 36.46835     491.280     787.970  917.389  291.064   89.705   -0.955   12.584 0.00000e+00
   88    17.48333   -97.36461 36.47094     464.634     758.026  920.593  291.375   88.169   -1.031   12.570 0.00000e+00
   89    17.50000   -97.36297 36.47345     440.452     731.956  923.305  291.646   86.310   -1.222   12.481 0.00000e+00
   90    17.51667   -97.36131 36.47583     426.238     716.752  924.915  291.797   84.388   -1.260   12.299 0.00000e+00
   91    17.53333   -97.35965 36.47809     404.333     693.767  927.407  292.027   82.948   -1.090   12.232 0.00000e+00
   92    17.55000   -97.35802 36.48031     377.368     665.850  930.364  292.295   81.879   -0.811   12.241 0.00000e+00
   93    17.56667   -97.35658 36.48255     358.393     647.632  932.329  292.467   81.299   -0.492   12.260 0.00000e+00
   94    17.58333   -97.35522 36.48480     370.776     661.025  930.850  292.339   82.211   -0.014   12.318 0.00000e+00
   95    17.60000   -97.35389 36.48706     405.750     697.098  927.003  291.996   84.020    0.307   12.371 0.00000e+00
   96    17.61667   -97.35249 36.48917     445.503     737.588  922.645  291.614   85.823    0.548   12.394 0.00000e+00
   97    17.63333   -97.35091 36.49106     473.615     765.686  919.656  291.365   86.713    0.386   12.368 0.00000e+00
   98    17.65000   -97.34921 36.49278     473.182     764.942  919.715  291.381   86.712   -0.291   12.379 0.00000e+00
   99    17.66667   -97.34770 36.49438     439.248     730.607  923.394  291.724   85.472   -0.896   12.420 0.00000e+00
  100    17.68333   -97.34669 36.49594     385.103     676.194  929.273  292.257   83.246   -1.095   12.430 0.00000e+00
  101    17.70000   -97.34631 36.49760     326.791     617.917  935.576  292.822   81.028   -0.936   12.450 0.00000e+00
  102    17.71667   -97.34647 36.49947     271.161     562.643  941.595  293.363   78.928   -0.765   12.465 0.00000e+00
  103    17.73333   -97.34697 36.50149     224.813     516.943  946.607  293.811   77.204   -0.689   12.471 0.00000e+00
  104    17.75000   -97.34779 36.50358     188.622     481.649  950.475  294.145   75.993   -0.662   12.481 0.00000e+00
  105    17.76667   -97.34889 36.50570     164.726     458.906  952.905  294.354   75.235   -0.499   12.486 0.00000e+00
  106    17.78333   -97.35016 36.50787     154.919     450.237  953.880  294.437   74.962   -0.175   12.492 0.00000e+00
  107    17.80000   -97.35137 36.51012     160.773     456.963  953.092  294.350   75.303    0.131   12.492 0.00000e+00
  108    17.81667   -97.35236 36.51241     177.320     474.084  951.207  294.150   76.312    0.290   12.528 0.00000e+00
  109    17.83333   -97.35304 36.51465     199.609     497.122  948.677  293.926   76.974    0.145   12.496 0.00000e+00
  110    17.85000   -97.35336 36.51670     229.399     527.530  945.350  293.716   77.491    0.280   12.460 0.00000e+00
  111    17.86667   -97.35324 36.51865     272.551     571.044  940.611  293.357   79.112    0.685   12.503 0.00000e+00
  112    17.88333   -97.35278 36.52076     307.038     605.786  936.819  293.038   81.039    0.448   12.605 0.00000e+00
  113    17.90000   -97.35233 36.52314     319.531     618.502  935.471  292.879   81.842   -0.255   12.622 0.00000e+00
  114    17.91667   -97.35223 36.52576     307.545     606.849  936.727  292.974   81.483   -0.538   12.625 0.00000e+00
  115    17.93333   -97.35243 36.52854     291.281     591.027  938.434  293.105   80.956   -0.439   12.624 0.00000e+00
  116    17.95000   -97.35289 36.53149     274.167     574.744  940.151  293.279   80.353   -0.554   12.643 0.00000e+00
  117    17.96667   -97.35327 36.53472     250.214     551.973  942.590  293.515   79.520   -0.716   12.664 0.00000e+00
  118    17.98333   -97.35359 36.53789     226.917     529.774  945.015  293.784   78.547   -0.242   12.688 0.00000e+00
  119    18.00000   -97.35405 36.54055     213.704     517.519  946.365  293.914   78.005   -0.205   12.684 0.00000e+00
  120    18.01667   -97.35473 36.54306     190.178     494.969  948.844  294.113   77.187   -0.331   12.675 0.00000e+00
  121    18.03333   -97.35546 36.54529     168.748     474.485  951.062  294.317   76.460   -0.509   12.685 0.00000e+00
  122    18.05000   -97.35616 36.54746     145.392     452.261  953.490  294.631   75.161   -0.362   12.682 0.00000e+00
  123    18.06667   -97.35668 36.54959     119.256     427.591  956.244  294.960   73.853   -0.672   12.680 0.00000e+00
  124    18.08333   -97.35736 36.55165      95.298     405.103  958.708  295.216   72.960   -0.285   12.694 0.00000e+00
  125    18.10000   -97.35806 36.55364      91.812     403.085  958.906  295.250   72.797   -0.030   12.689 0.00000e+00
  126    18.11667   -97.35866 36.55563     119.665     432.626  955.635  295.228   73.199    0.970   12.786 0.00000e+00
  127    18.13333   -97.35889 36.55743     183.013     497.846  948.466  294.699   74.804    1.206   12.742 0.00000e+00
  128    18.15000   -97.35895 36.55897     239.043     555.465  942.230  294.205   76.514    0.871   12.726 0.00000e+00
  129    18.16667   -97.35917 36.56054     284.088     602.193  937.125  293.812   78.030    0.899   12.734 0.00000e+00
  130    18.18333   -97.35957 36.56221     326.618     646.609  932.340  293.411   79.352    0.997   12.696 0.00000e+00
  131    18.20000   -97.36005 36.56397     371.640     693.710  927.278  292.982   80.968    0.997   12.680 0.00000e+00
  132    18.21667   -97.36061 36.56581     434.376     758.787  920.297  292.417   83.335    1.140   12.693 0.00000e+00
  133    18.23333   -97.36102 36.56775     510.100     836.984  911.984  291.720   86.255    1.159   12.689 0.00000e+00
  134    18.25000   -97.36110 36.56981     594.518     923.792  902.818  290.891   89.679    1.395   12.645 0.00000e+00
  135    18.26667   -97.36069 36.57192     691.730    1022.821  892.535  289.907   93.714    1.697   12.554 0.00000e+00
  136    18.28333   -97.35979 36.57426     813.606    1144.512  879.853  288.646   99.729    1.804   12.497 3.51022e-04
  137    18.30000   -97.35819 36.57675     975.127    1305.138  863.354  287.857  100.000    3.072   12.154 2.84107e-01
  138    18.31667   -97.35601 36.57935    1201.353    1530.520  840.556  286.747  100.000    4.550   11.615 6.92587e-01
  139    18.33333   -97.35381 36.58252    1453.687    1783.500  815.573  285.529  100.000    5.277   11.052 1.19729e+00
  140    18.35000   -97.35249 36.58706    1617.699    1950.776  799.545  284.592  100.000    2.661   10.597 1.30858e+00
  141    18.36667   -97.35107 36.59222    1651.512    1983.633  796.559  283.964  100.000   -0.187   10.203 8.71097e-01
  142    18.38333   -97.34926 36.59703    1615.546    1943.677  800.482  283.813   99.970   -0.759   10.025 4.58846e-01
  143    18.40000   -97.34726 36.60151    1565.814    1884.331  806.164  283.841   97.624   -1.480    9.739 2.16800e-02
  144    18.41667   -97.34511 36.60564    1498.222    1808.417  813.406  284.662   92.130   -1.783    9.621 0.00000e+00
  145    18.43333   -97.34282 36.60966    1438.235    1743.771  819.616  285.267   90.207   -1.226    9.732 0.00000e+00
  146    18.45000   -97.34040 36.61376    1411.996    1713.921  822.487  285.541   90.100   -0.463    9.864 0.00000e+00
  147    18.46667   -97.33798 36.61787    1415.251    1715.910  822.268  285.531   89.567    0.331    9.802 0.00000e+00
  148    18.48333   -97.33563 36.62193    1442.931    1742.493  819.741  285.262   90.317    0.756    9.740 0.00000e+00
  149    18.50000   -97.33323 36.62587    1482.145    1779.722  816.092  284.868   91.744    0.726    9.681 0.00000e+00
  150    18.51667   -97.33068 36.62971    1515.503    1811.885  812.957  284.533   92.889    0.493    9.623 0.00000e+00
  151    18.53333   -97.32800 36.63348    1535.519    1831.546  811.013  284.304   93.543    0.225    9.567 0.00000e+00
  152    18.55000   -97.32519 36.63721    1540.967    1836.918  810.481  284.204   93.776   -0.008    9.534 0.00000e+00
  153    18.56667   -97.32236 36.64097    1535.763    1832.075  810.948  284.230   93.591   -0.076    9.525 0.00000e+00
  154    18.58333   -97.31956 36.64470    1531.676    1828.375  811.369  284.254   93.256    0.020    9.502 0.00000e+00
  155    18.60000   -97.31676 36.64837    1540.915    1836.897  810.541  284.168   93.599    0.287    9.492 0.00000e+00
  156    18.61667   -97.31393 36.65194    1564.525    1859.323  808.396  283.985   93.836    0.475    9.425 0.00000e+00
  157    18.63333   -97.31107 36.65548    1596.983    1891.174  805.211  283.680   94.915    0.570    9.378 0.00000e+00
  158    18.65000   -97.30811 36.65910    1628.665    1923.918  802.047  283.351   96.632    0.531    9.376 0.00000e+00
  159    18.66667   -97.30510 36.66290    1651.313    1947.761  799.750  283.103   98.196    0.247    9.397 0.00000e+00
  160    18.68333   -97.30203 36.66691    1656.243    1955.472  798.999  283.058   98.166   -0.163    9.375 0.00000e+00
  161    18.70000   -97.29892 36.67106    1640.701    1942.807  800.234  283.216   97.020   -0.544    9.350 0.00000e+00
  162    18.71667   -97.29579 36.67527    1607.162    1912.972  803.121  283.567   94.484   -0.778    9.289 0.00000e+00
  163    18.73333   -97.29274 36.67942    1568.354    1877.437  806.592  283.915   92.038   -0.727    9.222 0.00000e+00
  164    18.75000   -97.28973 36.68347    1534.703    1844.178  809.818  284.177   92.970   -0.264    9.442 0.00000e+00
  165    18.76667   -97.28683 36.68740    1521.896    1831.736  811.042  284.474   87.566    0.147    9.057 0.00000e+00
  166    18.78333   -97.28388 36.69127    1529.982    1840.386  810.241  284.425   85.662    0.376    8.841 0.00000e+00
  167    18.80000   -97.28075 36.69507    1549.318    1860.258  808.314  284.081   88.478    0.569    8.945 0.00000e+00
  168    18.81667   -97.27744 36.69888    1565.034    1876.544  806.726  283.889   90.049    0.425    9.006 0.00000e+00
  169    18.83333   -97.27415 36.70280    1567.523    1879.656  806.453  283.849   90.358   -0.012    9.015 0.00000e+00
  170    18.85000   -97.27102 36.70686    1559.518    1869.788  807.530  283.932   90.724   -0.288    9.090 0.00000e+00
  171    18.86667   -97.26814 36.71098    1540.815    1845.411  809.911  284.126   91.234   -0.746    9.233 0.00000e+00
  172    18.88333   -97.26532 36.71501    1490.924    1791.755  815.020  284.557   90.327   -1.305    9.349 0.00000e+00
  173    18.90000   -97.26220 36.71882    1432.162    1732.557  820.711  285.071   88.459   -0.822    9.408 0.00000e+00
  174    18.91667   -97.25868 36.72241    1401.748    1704.951  823.342  285.333   87.035    0.167    9.388 0.00000e+00
  175    18.93333   -97.25486 36.72593    1410.321    1716.949  822.197  285.176   88.306    0.767    9.440 0.00000e+00
  176    18.95000   -97.25106 36.72934    1439.928    1747.010  819.424  284.834   90.727    0.828    9.513 0.00000e+00
  177    18.96667   -97.24746 36.73257    1474.030    1779.082  816.297  284.482   92.868    0.582    9.549 0.00000e+00
  178    18.98333   -97.24393 36.73576    1512.832    1815.926  812.673  284.138   93.948    0.430    9.483 0.00000e+00
