    0    16.01667   -97.59529 36.21219      59.738     393.205  959.949  293.566   82.523    0.229   12.944 0.00000e+00
    1    16.03333   -97.59570 36.21466      68.876     402.878  958.849  293.444   82.948    0.065   12.927 0.00000e+00
    2    16.05000   -97.59622 36.21727      68.152     402.067  958.924  293.442   82.916    0.146   12.919 0.00000e+00
    3    16.06667   -97.59684 36.22001      76.460     410.201  958.018  293.321   83.364    0.336   12.903 0.00000e+00
    4    16.08333   -97.59727 36.22293     100.398     433.970  955.427  293.092   84.217    0.632   12.886 0.00000e+00
    5    16.10000   -97.59724 36.22602     133.880     467.550  951.772  292.778   85.474    0.846   12.873 0.00000e+00
    6    16.11667   -97.59677 36.22930     171.410     505.425  947.634  292.417   87.008    0.748   12.867 0.00000e+00
    7    16.13333   -97.59608 36.23283     195.043     530.461  944.927  292.212   87.924    0.213   12.873 0.00000e+00
    8    16.15000   -97.59528 36.23656     191.679     528.741  945.157  292.240   87.768   -0.320   12.869 0.00000e+00
    9    16.16667   -97.59439 36.24044     164.182     501.870  948.176  292.492   86.634   -0.520   12.865 0.00000e+00
   10    16.18333   -97.59343 36.24453     132.582     469.718  951.725  292.799   85.201   -0.450   12.849 0.00000e+00
   11    16.20000   -97.59245 36.24879     114.647     451.275  953.708  292.994   84.212   -0.108   12.829 0.00000e+00
   12    16.21667   -97.59151 36.25307     119.197     455.797  953.232  292.968   84.183    0.290   12.810 0.00000e+00
   13    16.23333   -97.59061 36.25719     145.396     482.581  950.250  292.719   85.157    0.602   12.799 0.00000e+00
   14    16.25000   -97.58976 36.26107     178.744     516.852  946.464  292.401   86.509    0.688   12.796 0.00000e+00
   15    16.26667   -97.58885 36.26479     205.645     544.428  943.474  292.168   87.350    0.430   12.773 0.00000e+00
   16    16.28333   -97.58791 36.26845     220.789     559.768  941.770  292.061   87.434    0.160   12.723 0.00000e+00
   17    16.30000   -97.58694 36.27211     223.948     563.205  941.417  292.058   87.183   -0.084   12.688 0.00000e+00
   18    16.31667   -97.58593 36.27576     213.235     553.301  942.435  292.151   86.672   -0.451   12.674 0.00000e+00
   19    16.33333   -97.58504 36.27924     184.930     526.014  945.460  292.419   85.542   -0.711   12.680 0.00000e+00
   20    16.35000   -97.58449 36.28262     150.013     492.062  949.115  292.735   84.272   -0.614   12.693 0.00000e+00
   21    16.36667   -97.58435 36.28600     116.831     459.724  952.654  293.053   83.035   -0.503   12.711 0.00000e+00
   22    16.38333   -97.58464 36.28940      95.817     439.783  954.802  293.240   82.426   -0.203   12.737 0.00000e+00
   23    16.40000   -97.58516 36.29274      94.993     440.801  954.687  293.235   82.554   -0.039   12.754 0.00000e+00
   24    16.41667   -97.58562 36.29580     101.061     448.617  953.844  293.169   82.945   -0.050   12.773 0.00000e+00
   25    16.43333   -97.58590 36.29853     109.043     457.992  952.828  293.079   83.379    0.017   12.782 0.00000e+00
   26    16.45000   -97.58595 36.30101     124.183     474.326  951.031  292.935   84.136    0.257   12.807 0.00000e+00
   27    16.46667   -97.58559 36.30339     145.302     496.665  948.544  292.741   85.255    0.343   12.854 0.00000e+00
   28    16.48333   -97.58485 36.30581     164.802     517.525  946.283  292.549   86.136    0.338   12.863 0.00000e+00
   29    16.50000   -97.58385 36.30830     179.432     533.703  944.518  292.401   86.771    0.201   12.861 0.00000e+00
   30    16.51667   -97.58266 36.31087     184.601     540.582  943.792  292.346   86.932    0.020   12.851 0.00000e+00
   31    16.53333   -97.58129 36.31348     177.074     534.966  944.379  292.416   86.578   -0.095   12.846 0.00000e+00
   32    16.55000   -97.57980 36.31607     163.544     523.769  945.599  292.532   86.043   -0.074   12.844 0.00000e+00
   33    16.56667   -97.57827 36.31851     151.047     513.566  946.746  292.637   85.511   -0.057   12.833 0.00000e+00
   34    16.58333   -97.57674 36.32077     143.455     507.234  947.498  292.697   85.184   -0.139   12.822 0.00000e+00
   35    16.60000   -97.57529 36.32285     134.445     498.201  948.521  292.796   84.469   -0.188   12.780 0.00000e+00
   36    16.61667   -97.57407 36.32479     123.241     486.984  949.720  292.937   83.636    0.021   12.750 0.00000e+00
   37    16.63333   -97.57301 36.32657     128.136     492.020  949.189  292.990   83.336    0.350   12.753 0.00000e+00
   38    16.65000   -97.57194 36.32832     162.754     526.901  945.339  292.710   84.492    0.760   12.758 0.00000e+00
   39    16.66667   -97.57088 36.33010     207.256     571.332  940.615  292.309   86.301    0.860   12.771 0.00000e+00
   40    16.68333   -97.56996 36.33196     240.805     602.544  937.273  292.013   87.682    0.412   12.782 0.00000e+00
   41    16.70000   -97.56915 36.33384     254.564     613.585  936.047  291.871   88.385   -0.193   12.786 0.00000e+00
   42    16.71667   -97.56853 36.33559     240.491     597.080  937.853  292.024   87.857   -0.769   12.808 0.00000e+00
   43    16.73333   -97.56818 36.33718     225.360     579.848  939.682  292.202   86.660   -0.650   12.751 0.00000e+00
   44    16.75000   -97.56808 36.33894     224.596     577.248  939.911  292.262   86.172    0.574   12.724 0.00000e+00
   45    16.76667   -97.56798 36.34091     255.877     606.987  936.754  291.978   87.347    0.893   12.712 0.00000e+00
   46    16.78333   -97.56793 36.34301     303.982     653.516  931.634  291.508   89.588    0.628   12.727 0.00000e+00
   47    16.80000   -97.56773 36.34523     362.174     710.046  925.521  291.024   91.502    0.678   12.690 0.00000e+00
   48    16.81667   -97.56702 36.34759     423.998     769.239  919.255  290.477   94.418    0.766   12.733 0.00000e+00
   49    16.83333   -97.56570 36.35001     475.849     817.006  914.166  290.060   96.294    0.488   12.716 0.00000e+00
   50    16.85000   -97.56408 36.35255     511.321     848.291  910.828  289.842   96.435    0.377   12.605 0.00000e+00
   51    16.86667   -97.56248 36.35530     534.512     867.448  908.673  289.722   96.386    0.373   12.531 0.00000e+00
   52    16.88333   -97.56104 36.35827     555.335     886.445  906.591  289.556   97.046    0.408   12.512 0.00000e+00
   53    16.90000   -97.55972 36.36125     572.388     901.891  904.974  289.428   97.618    0.202   12.506 0.00000e+00
   54    16.91667   -97.55853 36.36423     579.092     907.768  904.242  289.392   97.558    0.029   12.479 0.00000e+00
   55    16.93333   -97.55733 36.36717     576.314     906.421  904.447  289.412   97.477   -0.049   12.481 0.00000e+00
   56    16.95000   -97.55600 36.37001     567.898     898.894  905.241  289.469   97.375   -0.156   12.503 0.00000e+00
   57    16.96667   -97.55461 36.37273     552.733     884.056  906.861  289.606   96.788   -0.341   12.515 0.00000e+00
   58    16.98333   -97.55319 36.37535     528.229     859.354  909.515  289.851   95.588   -0.581   12.519 0.00000e+00
   59    17.00000   -97.55181 36.37788     491.198     822.321  913.388  290.216   93.734   -0.848   12.512 0.00000e+00
   60    17.01667   -97.55051 36.38035     445.766     777.814  918.103  290.672   91.385   -0.993   12.494 0.00000e+00
   61    17.03333   -97.54936 36.38283     399.156     732.942  922.923  291.114   89.265   -0.925   12.486 0.00000e+00
   62    17.05000   -97.54846 36.38528     357.772     693.251  927.177  291.517   87.123   -0.791   12.444 0.00000e+00
   63    17.06667   -97.54790 36.38768     325.466     662.514  930.519  291.831   85.303   -0.652   12.383 0.00000e+00
   64    17.08333   -97.54762 36.39000     309.415     647.856  932.091  291.987   85.401   -0.016   12.499 0.00000e+00
   65    17.10000   -97.54740 36.39235     317.906     657.652  931.077  291.940   85.986    0.343   12.560 0.00000e+00
   66    17.11667   -97.54701 36.39480     341.845     682.913  928.333  291.728   87.291    0.523   12.619 0.00000e+00
   67    17.13333   -97.54639 36.39743     366.289     708.525  925.632  291.487   88.327    0.368   12.612 0.00000e+00
   68    17.15000   -97.54572 36.40018     374.573     717.571  924.643  291.384   88.990   -0.116   12.638 0.00000e+00
   69    17.16667   -97.54522 36.40304     360.993     704.677  926.050  291.497   88.317   -0.635   12.613 0.00000e+00
   70    17.18333   -97.54523 36.40606     347.289     691.751  927.361  291.604   87.756   -0.281   12.601 0.00000e+00
   71    17.20000   -97.54557 36.40913     386.122     731.380  923.140  291.269   89.616    1.282   12.656 0.00000e+00
   72    17.21667   -97.54567 36.41212     474.927     820.886  913.584  290.426   94.009    1.970   12.716 0.00000e+00
   73    17.23333   -97.54501 36.41501     568.871     915.394  903.553  289.526   98.638    1.269   12.736 1.79892e-04
   74    17.25000   -97.54382 36.41784     618.178     965.308  898.280  289.141  100.000    0.400   12.686 3.35571e-02
   75    17.26667   -97.54223 36.42088     624.428     972.474  897.494  289.060   99.993   -0.251   12.615 1.51853e-02
   76    17.28333   -97.54036 36.42412     609.308     959.270  898.870  289.217   98.664   -0.631   12.554 2.01788e-04
   77    17.30000   -97.53841 36.42746     585.536     937.743  901.155  289.473   96.489   -0.707   12.449 0.00000e+00
   78    17.31667   -97.53650 36.43084     568.913     922.813  902.877  289.664   95.668   -0.365   12.472 0.00000e+00
   79    17.33333   -97.53469 36.43417     563.666     916.240  903.625  289.711   95.046   -0.181   12.418 0.00000e+00
   80    17.35000   -97.53285 36.43738     564.016     913.826  903.930  289.774   94.141   -0.267   12.345 0.00000e+00
   81    17.36667   -97.53098 36.44044     561.169     906.196  904.797  289.887   93.372   -0.348   12.321 0.00000e+00
   82    17.38333   -97.52922 36.44334     541.997     882.582  907.225  290.115   92.042   -0.773   12.291 0.00000e+00
   83    17.40000   -97.52771 36.44610     503.087     840.508  911.627  290.557   90.668   -1.084   12.394 0.00000e+00
   84    17.41667   -97.52619 36.44872     461.108     796.510  916.281  291.006   88.947   -0.981   12.446 0.00000e+00
   85    17.43333   -97.52463 36.45126     424.833     758.517  920.338  291.380   87.369   -0.789   12.464 0.00000e+00
   86    17.45000   -97.52307 36.45380     390.023     722.096  924.249  291.750   86.038   -0.668   12.510 0.00000e+00
   87    17.46667   -97.52147 36.45641     347.349     677.727  929.019  292.195   84.125   -1.019   12.516 0.00000e+00
   88    17.48333   -97.51971 36.45921     303.185     631.593  934.058  292.703   82.465   -0.888   12.598 0.00000e+00
   89    17.50000   -97.51785 36.46201     285.987     612.240  936.177  292.914   82.028   -0.243   12.669 0.00000e+00
   90    17.51667   -97.51604 36.46465     299.417     623.780  934.890  292.821   82.563    0.153   12.695 0.00000e+00
   91    17.53333   -97.51430 36.46720     325.878     648.298  932.249  292.598   83.542    0.178   12.703 0.00000e+00
   92    17.55000   -97.51274 36.46972     354.539     675.057  929.325  292.316   84.152    0.087   12.611 0.00000e+00
   93    17.56667   -97.51134 36.47231     380.839     699.808  926.596  292.072   84.379    0.001   12.490 0.00000e+00
   94    17.58333   -97.51003 36.47490     398.992     717.242  924.703  291.910   84.768    0.074   12.445 0.00000e+00
   95    17.60000   -97.50872 36.47746     408.161     725.803  923.819  291.827   85.221    0.048   12.458 0.00000e+00
   96    17.61667   -97.50740 36.48002     405.270     722.133  924.243  291.876   84.919   -0.285   12.447 0.00000e+00
   97    17.63333   -97.50602 36.48259     397.424     712.580  925.263  291.990   84.665    0.159   12.485 0.00000e+00
   98    17.65000   -97.50453 36.48502     406.162     719.338  924.541  291.911   85.009    0.177   12.483 0.00000e+00
   99    17.66667   -97.50304 36.48733     397.865     709.028  925.607  291.997   84.488   -0.449   12.460 0.00000e+00
  100    17.68333   -97.50169 36.48957     353.585     663.824  930.429  292.409   82.637   -1.207   12.442 0.00000e+00
  101    17.70000   -97.50052 36.49189     271.895     581.722  939.340  293.309   79.353   -1.704   12.520 0.00000e+00
  102    17.71667   -97.49974 36.49464     175.902     484.709  949.850  294.264   75.688   -1.273   12.532 0.00000e+00
  103    17.73333   -97.49978 36.49776     141.523     449.023  953.825  294.598   74.382    0.482   12.520 0.00000e+00
  104    17.75000   -97.50011 36.50065     226.644     533.501  944.598  294.169   76.825    2.688   12.717 0.00000e+00
  105    17.76667   -97.49992 36.50278     379.923     686.251  928.125  292.673   82.867    2.500   12.717 0.00000e+00
  106    17.78333   -97.49913 36.50451     530.777     836.180  912.106  291.232   89.262    2.590   12.730 0.00000e+00
  107    17.80000   -97.49781 36.50600     686.008     989.948  895.821  289.744   96.275    2.885   12.716 0.00000e+00
  108    17.81667   -97.49599 36.50741     839.474    1141.919  879.989  288.616  100.000    2.577   12.523 1.58212e-01
  109    17.83333   -97.49387 36.50891     959.583    1261.077  867.666  288.096  100.000    1.744   12.283 4.32504e-01
  110    17.85000   -97.49150 36.51043     999.032    1300.252  863.682  287.734  100.000   -0.175   12.052 3.91790e-01
  111    17.86667   -97.48880 36.51193     971.116    1272.158  866.517  287.532   95.427   -1.658   11.297 6.73005e-02
  112    17.88333   -97.48624 36.51337     916.956    1217.990  872.046  288.464   83.058   -1.664   10.379 0.00000e+00
  113    17.90000   -97.48383 36.51513     872.379    1173.498  876.633  288.965   81.538   -1.010   10.469 0.00000e+00
  114    17.91667   -97.48151 36.51727     854.819    1156.003  878.526  289.044   83.340   -0.464   10.732 0.00000e+00
  115    17.93333   -97.47929 36.51955     876.257    1177.243  876.301  288.721   86.955    0.408   10.994 0.00000e+00
  116    17.95000   -97.47704 36.52193     930.080    1231.952  870.512  288.059   92.078    1.100   11.228 0.00000e+00
  117    17.96667   -97.47484 36.52434     993.096    1297.994  863.771  287.340   97.467    1.320   11.431 1.12588e-02
  118    17.98333   -97.47270 36.52672    1061.753    1369.600  856.491  286.845  100.000    1.456   11.471 1.30631e-01
  119    18.00000   -97.47034 36.52904    1151.674    1462.579  847.116  286.425  100.000    2.493   11.283 3.52172e-01
  120    18.01667   -97.46751 36.53164    1266.329    1579.557  835.487  285.943  100.000    2.592   11.086 6.31366e-01
  121    18.03333   -97.46413 36.53453    1361.634    1677.002  825.849  285.583  100.000    1.712   10.953 8.94572e-01
  122    18.05000   -97.46062 36.53715    1418.020    1734.933  820.238  285.248  100.000    1.281   10.787 9.47570e-01
  123    18.06667   -97.45724 36.53961    1481.249    1796.748  814.275  284.833  100.000    1.057   10.572 9.16880e-01
  124    18.08333   -97.45407 36.54208    1537.135    1850.713  809.044  284.563  100.000    0.749   10.452 1.01127e+00
  125    18.10000   -97.45097 36.54453    1589.436    1901.897  804.108  284.263  100.000    0.782   10.308 1.05969e+00
  126    18.11667   -97.44795 36.54724    1645.452    1956.813  798.820  283.941  100.000    0.857   10.157 1.08846e+00
  127    18.13333   -97.44484 36.55031    1667.954    1979.715  796.521  283.442   99.624    0.443    9.793 4.01316e-01
  128    18.15000   -97.44193 36.55378    1627.556    1940.357  800.325  283.822   99.606   -1.149    9.997 3.31307e-01
  129    18.16667   -97.43936 36.55696    1544.769    1858.172  808.292  284.216   99.168   -1.070   10.117 8.31324e-02
  130    18.18333   -97.43685 36.55972    1492.788    1807.084  813.182  284.585   96.438   -0.119   10.023 0.00000e+00
  131    18.20000   -97.43419 36.56236    1491.102    1807.624  813.103  284.721   92.649    0.768    9.718 0.00000e+00
  132    18.21667   -97.43130 36.56529    1525.441    1844.677  809.572  284.552   89.169    1.015    9.288 0.00000e+00
  133    18.23333   -97.42833 36.56853    1574.019    1895.106  804.783  284.054   90.604    0.934    9.184 0.00000e+00
  134    18.25000   -97.42529 36.57195    1622.841    1943.315  800.169  283.481   94.070    0.903    9.229 0.00000e+00
  135    18.26667   -97.42195 36.57539    1659.591    1979.173  796.732  283.062   95.313    0.622    9.131 0.00000e+00
  136    18.28333   -97.41855 36.57899    1676.973    1996.598  794.992  282.884   94.820    0.164    8.995 0.00000e+00
  137    18.30000   -97.41532 36.58264    1672.324    1992.336  795.436  282.849   94.767   -0.325    8.963 0.00000e+00
  138    18.31667   -97.41225 36.58606    1646.712    1967.269  797.803  283.180   91.427   -0.575    8.816 0.00000e+00
  139    18.33333   -97.40918 36.58908    1614.393    1936.263  800.767  283.494   89.885   -0.447    8.820 0.00000e+00
  140    18.35000   -97.40608 36.59184    1575.205    1898.768  804.407  283.881   87.904   -0.650    8.812 0.00000e+00
  141    18.36667   -97.40304 36.59453    1536.138    1861.577  807.987  284.403   83.062   -0.522    8.583 0.00000e+00
  142    18.38333   -97.40009 36.59731    1512.341    1839.407  810.185  284.616   81.887   -0.175    8.560 0.00000e+00
  143    18.40000   -97.39713 36.60020    1511.606    1840.000  810.089  284.564   83.452    0.226    8.694 0.00000e+00
  144    18.41667   -97.39413 36.60313    1519.479    1849.460  809.172  284.412   85.553    0.227    8.833 0.00000e+00
  145    18.43333   -97.39114 36.60608    1524.013    1855.319  808.617  284.310   86.228    0.205    8.849 0.00000e+00
  146    18.45000   -97.38815 36.60914    1526.578    1858.525  808.295  284.208   87.457    0.159    8.917 0.00000e+00
  147    18.46667   -97.38515 36.61232    1533.213    1865.006  807.778  284.109   88.699    0.201    8.990 0.00000e+00
  148    18.48333   -97.38216 36.61550    1546.301    1874.129  806.947  284.028   88.936    0.239    8.975 0.00000e+00
  149    18.50000   -97.37919 36.61863    1557.997    1882.346  806.133  283.957   89.410    0.154    8.989 0.00000e+00
  150    18.51667   -97.37635 36.62171    1564.003    1884.775  805.980  283.937   89.720    0.126    9.010 0.00000e+00
  151    18.53333   -97.37373 36.62477    1561.283    1878.803  806.550  283.961   90.172    0.024    9.064 0.00000e+00
  152    18.55000   -97.37133 36.62779    1554.121    1868.932  807.489  284.041   89.891   -0.106    9.073 0.00000e+00
  153    18.56667   -97.36909 36.63079    1552.404    1864.391  807.954  284.139   88.453   -0.194    8.981 0.00000e+00
  154    18.58333   -97.36687 36.63382    1561.775    1870.207  807.345  284.123   86.774   -0.002    8.808 0.00000e+00
  155    18.60000   -97.36465 36.63690    1580.339    1885.949  805.826  283.943   86.586    0.607    8.700 0.00000e+00
  156    18.61667   -97.36243 36.64007    1615.593    1919.213  802.586  283.602   88.764    0.995    8.753 0.00000e+00
  157    18.63333   -97.36023 36.64347    1670.301    1972.837  797.378  283.040   92.715    0.988    8.861 0.00000e+00
  158    18.65000   -97.35810 36.64724    1710.182    2011.753  793.691  282.784   94.777    0.468    8.945 0.00000e+00
  159    18.66667   -97.35578 36.65133    1725.163    2025.274  792.461  283.000   88.518    0.144    8.490 0.00000e+00
  160    18.68333   -97.35311 36.65564    1726.058    2024.111  792.518  283.234   83.598   -0.189    8.145 0.00000e+00
  161    18.70000   -97.35022 36.65997    1699.831    1997.830  794.986  283.386   83.892   -0.378    8.232 0.00000e+00
  162    18.71667   -97.34709 36.66414    1663.421    1961.381  798.504  283.601   84.643   -0.653    8.389 0.00000e+00
  163    18.73333   -97.34379 36.66808    1634.441    1931.976  801.321  283.783   86.129   -0.882    8.611 0.00000e+00
  164    18.75000   -97.34038 36.67187    1625.413    1922.947  802.201  283.909   88.033   -0.617    8.866 0.00000e+00
  165    18.76667   -97.33694 36.67556    1644.351    1942.305  800.344  283.729   92.241   -0.015    9.199 0.00000e+00
  166    18.78333   -97.33343 36.67921    1657.178    1954.814  799.149  283.544   93.115    0.412    9.186 3.98608e-05
  167    18.80000   -97.33008 36.68287    1646.711    1945.732  799.972  283.682   88.070    0.280    8.760 0.00000e+00
  168    18.81667   -97.32707 36.68644    1621.926    1924.154  801.974  283.652   89.181   -0.046    8.830 0.00000e+00
  169    18.83333   -97.32431 36.68983    1590.959    1896.974  804.643  283.863   89.311   -0.127    8.939 0.00000e+00
  170    18.85000   -97.32163 36.69309    1560.930    1869.334  807.367  284.074   89.687   -0.218    9.073 0.00000e+00
  171    18.86667   -97.31899 36.69629    1529.931    1840.113  810.208  284.317   89.641   -0.566    9.185 0.00000e+00
  172    18.88333   -97.31636 36.69951    1496.069    1807.992  813.304  284.635   88.363   -0.736    9.213 0.00000e+00
  173    18.90000   -97.31377 36.70274    1467.990    1781.258  815.936  284.914   87.249   -0.468    9.237 0.00000e+00
  174    18.91667   -97.31104 36.70596    1455.312    1769.109  817.175  285.069   85.975   -0.109    9.182 0.00000e+00
  175    18.93333   -97.30801 36.70915    1442.322    1754.753  818.597  284.995   88.075   -0.449    9.344 0.00000e+00
  176    18.95000   -97.30492 36.71235    1411.421    1721.066  821.972  285.040   91.490   -0.601    9.695 0.00000e+00
  177    18.96667   -97.30215 36.71554    1384.698    1691.252  824.864  284.991   96.499   -0.282   10.157 0.00000e+00
  178    18.98333   -97.29966 36.71883    1370.794    1675.249  826.411  285.254   98.353   -0.459   10.514 6.60289e-02
