    0    16.01667   -97.48141 36.20496      66.452     426.154  956.516  292.841   85.551    0.322   12.870 0.00000e+00
    1    16.03333   -97.48151 36.20810      86.217     441.980  954.854  292.722   86.093    0.248   12.879 0.00000e+00
    2    16.05000   -97.48148 36.21118      97.694     449.437  954.017  292.648   86.402    0.034   12.876 0.00000e+00
    3    16.06667   -97.48141 36.21421      96.719     446.405  954.129  292.633   86.467   -0.157   12.872 0.00000e+00
    4    16.08333   -97.48117 36.21715      89.588     442.127  954.602  292.655   86.375   -0.125   12.870 0.00000e+00
    5    16.10000   -97.48067 36.22001      86.196     441.685  954.650  292.678   86.309   -0.022   12.878 0.00000e+00
    6    16.11667   -97.47987 36.22278      80.815     439.732  954.847  292.656   86.356   -0.177   12.864 0.00000e+00
    7    16.13333   -97.47878 36.22538      69.080     432.133  955.656  292.778   85.809   -0.266   12.870 0.00000e+00
    8    16.15000   -97.47741 36.22771      57.239     424.223  956.574  292.952   85.090   -0.122   12.889 0.00000e+00
    9    16.16667   -97.47597 36.22984      55.932     426.135  956.354  292.951   85.078    0.123   12.890 0.00000e+00
   10    16.18333   -97.47502 36.23183      73.534     446.161  954.178  292.956   85.234    0.460   12.947 0.00000e+00
   11    16.20000   -97.47443 36.23397     111.620     486.456  949.819  292.622   86.546    0.966   12.934 0.00000e+00
   12    16.21667   -97.47388 36.23640     179.476     556.611  942.119  291.985   89.210    1.460   12.914 0.00000e+00
   13    16.23333   -97.47362 36.23899     261.454     639.857  933.186  291.156   92.843    1.215   12.877 0.00000e+00
   14    16.25000   -97.47334 36.24175     317.536     693.617  927.384  290.656   94.698    0.883   12.803 0.00000e+00
   15    16.26667   -97.47276 36.24475     353.676     727.394  923.682  290.342   96.072    0.453   12.783 0.00000e+00
   16    16.28333   -97.47200 36.24803     359.112     730.284  923.336  290.341   95.781   -0.035   12.748 0.00000e+00
   17    16.30000   -97.47109 36.25148     342.049     710.336  925.489  290.538   94.717   -0.233   12.736 0.00000e+00
   18    16.31667   -97.47003 36.25508     321.124     686.568  928.192  290.794   93.250   -0.172   12.707 0.00000e+00
   19    16.33333   -97.46873 36.25882     308.600     669.510  930.107  290.993   92.046   -0.062   12.677 0.00000e+00
   20    16.35000   -97.46732 36.26272     302.418     658.103  931.287  291.132   91.138    0.065   12.647 0.00000e+00
   21    16.36667   -97.46581 36.26663     306.057     656.672  931.465  291.161   90.881    0.429   12.632 0.00000e+00
   22    16.38333   -97.46431 36.27042     329.544     675.505  929.419  291.019   91.799    0.611   12.673 0.00000e+00
   23    16.40000   -97.46286 36.27403     359.693     702.904  926.404  290.832   92.359    0.409   12.641 0.00000e+00
   24    16.41667   -97.46143 36.27751     386.894     728.097  923.644  290.627   93.040    0.281   12.607 0.00000e+00
   25    16.43333   -97.46008 36.28093     406.330     746.602  921.560  290.467   93.502    0.061   12.570 0.00000e+00
   26    16.45000   -97.45876 36.28432     417.592     760.052  920.149  290.369   93.664   -0.119   12.532 0.00000e+00
   27    16.46667   -97.45745 36.28767     427.099     770.916  919.074  290.301   93.732   -0.016   12.501 0.00000e+00
   28    16.48333   -97.45604 36.29101     443.388     785.200  917.577  290.169   94.396    0.189   12.506 0.00000e+00
   29    16.50000   -97.45441 36.29433     467.615     806.651  915.256  289.968   95.408    0.283   12.510 0.00000e+00
   30    16.51667   -97.45243 36.29759     491.843     828.926  912.766  289.741   96.515    0.217   12.507 0.00000e+00
   31    16.53333   -97.45007 36.30068     499.686     837.327  911.827  289.645   97.099   -0.173   12.518 0.00000e+00
   32    16.55000   -97.44739 36.30350     472.007     811.002  914.615  289.836   96.620   -0.810   12.571 0.00000e+00
   33    16.56667   -97.44470 36.30625     422.650     762.358  920.040  290.328   94.444   -0.694   12.605 0.00000e+00
   34    16.58333   -97.44216 36.30901     389.017     725.789  923.935  290.680   92.892   -0.365   12.625 0.00000e+00
   35    16.60000   -97.43962 36.31177     369.749     705.015  926.155  290.852   92.333   -0.128   12.657 0.00000e+00
   36    16.61667   -97.43722 36.31446     363.227     697.884  926.961  290.889   92.361    0.073   12.680 0.00000e+00
   37    16.63333   -97.43498 36.31715     370.367     704.224  926.241  290.805   92.764    0.252   12.677 0.00000e+00
   38    16.65000   -97.43291 36.31994     387.172     721.137  924.373  290.628   93.633    0.431   12.678 0.00000e+00
   39    16.66667   -97.43093 36.32284     411.173     744.676  921.923  290.423   94.612    0.414   12.678 0.00000e+00
   40    16.68333   -97.42892 36.32577     429.000     760.071  920.300  290.290   95.191    0.099   12.671 0.00000e+00
   41    16.70000   -97.42706 36.32871     428.051     756.764  920.649  290.324   94.988   -0.160   12.666 0.00000e+00
   42    16.71667   -97.42532 36.33169     412.030     737.536  922.771  290.525   93.912   -0.402   12.655 0.00000e+00
   43    16.73333   -97.42374 36.33469     381.479     703.439  926.419  290.863   92.286   -0.700   12.656 0.00000e+00
   44    16.75000   -97.42237 36.33765     339.716     658.463  931.224  291.300   90.180   -0.796   12.648 0.00000e+00
   45    16.76667   -97.42125 36.34053     294.810     610.944  936.387  291.766   87.989   -0.784   12.640 0.00000e+00
   46    16.78333   -97.42035 36.34333     249.259     562.701  941.663  292.239   85.846   -0.721   12.634 0.00000e+00
   47    16.80000   -97.41965 36.34610     205.264     515.923  946.765  292.688   83.890   -0.639   12.630 0.00000e+00
   48    16.81667   -97.41910 36.34880     166.944     476.956  950.995  293.058   82.336   -0.576   12.630 0.00000e+00
   49    16.83333   -97.41866 36.35142     134.571     444.875  954.461  293.357   81.095   -0.463   12.628 0.00000e+00
   50    16.85000   -97.41826 36.35396     111.096     421.859  956.950  293.574   80.189   -0.349   12.624 0.00000e+00
   51    16.86667   -97.41788 36.35642      93.726     406.756  958.523  293.714   79.616   -0.243   12.623 0.00000e+00
   52    16.88333   -97.41747 36.35884      81.431     397.884  959.480  293.807   79.290   -0.132   12.631 0.00000e+00
   53    16.90000   -97.41707 36.36124      75.871     395.677  959.746  293.872   79.183   -0.038   12.662 0.00000e+00
   54    16.91667   -97.41658 36.36363      74.976     397.780  959.612  293.918   79.130    0.032   12.691 0.00000e+00
   55    16.93333   -97.41605 36.36609      76.728     400.766  959.316  293.937   79.162    0.092   12.715 0.00000e+00
   56    16.95000   -97.41550 36.36860      80.922     405.985  958.723  293.944   79.265    0.137   12.746 0.00000e+00
   57    16.96667   -97.41499 36.37119      86.147     412.123  958.059  293.935   79.359    0.181   12.763 0.00000e+00
   58    16.98333   -97.41455 36.37377      95.865     423.023  956.847  293.893   79.592    0.325   12.783 0.00000e+00
   59    17.00000   -97.41418 36.37634     114.561     442.928  954.663  293.720   80.260    0.413   12.781 0.00000e+00
   60    17.01667   -97.41388 36.37891     136.169     465.699  952.150  293.532   81.080    0.441   12.795 0.00000e+00
   61    17.03333   -97.41369 36.38141     158.365     488.197  949.768  293.337   81.828    0.411   12.790 0.00000e+00
   62    17.05000   -97.41362 36.38383     175.355     504.797  948.006  293.168   82.305    0.243   12.753 0.00000e+00
   63    17.06667   -97.41359 36.38626     183.236     512.295  947.213  293.076   82.449    0.097   12.712 0.00000e+00
   64    17.08333   -97.41351 36.38869     180.360     508.712  947.669  293.091   82.141   -0.041   12.670 0.00000e+00
   65    17.10000   -97.41335 36.39108     173.996     500.578  948.559  293.157   81.712   -0.115   12.645 0.00000e+00
   66    17.11667   -97.41319 36.39341     165.676     490.486  949.642  293.253   81.237   -0.163   12.632 0.00000e+00
   67    17.13333   -97.41299 36.39568     157.961     481.065  950.702  293.350   80.829   -0.072   12.632 0.00000e+00
   68    17.15000   -97.41280 36.39791     153.576     475.028  951.334  293.427   80.530    0.076   12.636 0.00000e+00
   69    17.16667   -97.41257 36.40017     155.764     475.609  951.239  293.453   80.460    0.186   12.647 0.00000e+00
   70    17.18333   -97.41238 36.40244     158.865     477.147  951.033  293.462   80.450    0.292   12.656 0.00000e+00
   71    17.20000   -97.41227 36.40480     161.126     477.869  950.968  293.477   80.403    0.257   12.661 0.00000e+00
   72    17.21667   -97.41216 36.40732     161.269     476.628  951.082  293.513   80.277    0.206   12.668 0.00000e+00
   73    17.23333   -97.41208 36.40997     159.892     473.886  951.362  293.571   80.057    0.146   12.675 0.00000e+00
   74    17.25000   -97.41212 36.41268     161.918     474.560  951.298  293.556   80.003    0.048   12.656 0.00000e+00
   75    17.26667   -97.41228 36.41537     171.873     483.529  950.228  293.482   80.245    0.138   12.650 0.00000e+00
   76    17.28333   -97.41251 36.41806     196.173     506.993  947.713  293.344   80.921    0.538   12.681 0.00000e+00
   77    17.30000   -97.41265 36.42075     237.424     547.370  943.321  293.018   82.353    0.951   12.705 0.00000e+00
   78    17.31667   -97.41256 36.42349     288.581     598.653  937.672  292.531   84.358    1.017   12.699 0.00000e+00
   79    17.33333   -97.41216 36.42630     333.642     644.255  932.763  292.082   86.229    0.899   12.687 0.00000e+00
   80    17.35000   -97.41144 36.42913     371.676     682.565  928.597  291.708   87.873    0.873   12.683 0.00000e+00
   81    17.36667   -97.41046 36.43202     403.370     714.747  925.123  291.379   89.145    0.738   12.650 0.00000e+00
   82    17.38333   -97.40927 36.43491     431.280     742.972  922.066  291.106   90.219    0.596   12.625 0.00000e+00
   83    17.40000   -97.40785 36.43783     453.819     765.314  919.721  290.923   90.932    0.438   12.610 0.00000e+00
   84    17.41667   -97.40633 36.44077     467.542     778.855  918.263  290.792   91.400    0.286   12.589 0.00000e+00
   85    17.43333   -97.40482 36.44377     476.022     787.587  917.305  290.713   91.761    0.194   12.589 0.00000e+00
   86    17.45000   -97.40328 36.44685     474.873     787.224  917.265  290.719   91.679   -0.251   12.583 0.00000e+00
   87    17.46667   -97.40176 36.44992     446.438     760.531  920.163  291.039   89.944   -0.801   12.559 0.00000e+00
   88    17.48333   -97.40054 36.45284     394.556     710.184  925.583  291.559   87.449   -0.972   12.545 0.00000e+00
   89    17.50000   -97.39984 36.45554     341.845     657.816  931.458  292.096   85.054   -0.741   12.542 0.00000e+00
   90    17.51667   -97.39976 36.45807     305.472     617.827  935.721  292.549   83.283   -0.572   12.578 0.00000e+00
   91    17.53333   -97.40009 36.46057     279.046     587.836  938.953  292.953   81.883   -0.419   12.640 0.00000e+00
   92    17.55000   -97.40030 36.46314     265.583     570.570  940.774  293.182   81.167   -0.131   12.685 0.00000e+00
   93    17.56667   -97.40027 36.46574     256.711     558.343  942.099  293.324   80.720   -0.273   12.710 0.00000e+00
   94    17.58333   -97.39977 36.46824     243.842     542.226  943.891  293.500   80.009   -0.325   12.713 0.00000e+00
   95    17.60000   -97.39886 36.47056     234.404     529.437  945.318  293.575   79.590   -0.168   12.686 0.00000e+00
   96    17.61667   -97.39774 36.47263     230.016     522.920  945.916  293.621   79.367    0.091   12.679 0.00000e+00
   97    17.63333   -97.39667 36.47445     235.896     527.933  945.357  293.590   79.473    0.109   12.678 0.00000e+00
   98    17.65000   -97.39584 36.47617     248.030     539.151  944.167  293.554   79.652    0.082   12.695 0.00000e+00
   99    17.66667   -97.39515 36.47800     252.147     542.293  943.833  293.535   79.744   -0.318   12.699 0.00000e+00
  100    17.68333   -97.39451 36.47993     236.677     525.968  945.503  293.777   78.815   -0.478   12.719 0.00000e+00
  101    17.70000   -97.39392 36.48187     202.797     492.177  949.170  294.140   77.409   -1.092   12.728 0.00000e+00
  102    17.71667   -97.39358 36.48374     144.626     434.439  955.495  294.806   74.904   -1.126   12.749 0.00000e+00
  103    17.73333   -97.39363 36.48559      95.869     386.158  960.817  295.311   73.105   -0.782   12.765 0.00000e+00
  104    17.75000   -97.39408 36.48737      67.623     358.378  963.890  295.622   72.016   -0.264   12.776 0.00000e+00
  105    17.76667   -97.39436 36.48896      73.285     364.512  963.220  295.707   71.941    0.137   12.839 0.00000e+00
  106    17.78333   -97.39426 36.49052      93.247     385.071  960.935  295.603   72.191    0.460   12.832 0.00000e+00
  107    17.80000   -97.39389 36.49223     127.443     419.962  957.060  295.280   73.063    0.833   12.783 0.00000e+00
  108    17.81667   -97.39336 36.49418     179.995     473.401  951.175  294.706   74.363    1.150   12.637 0.00000e+00
  109    17.83333   -97.39268 36.49653     243.803     538.381  944.083  294.038   76.301    1.276   12.534 0.00000e+00
  110    17.85000   -97.39194 36.49895     298.242     593.659  938.069  293.480   77.357    0.701   12.353 0.00000e+00
  111    17.86667   -97.39120 36.50135     335.339     631.595  933.954  293.116   78.062    0.555   12.239 0.00000e+00
  112    17.88333   -97.39042 36.50373     367.412     664.620  930.393  292.786   78.719    0.469   12.136 0.00000e+00
  113    17.90000   -97.38959 36.50617     396.736     695.371  927.040  292.514   79.063    0.468   12.027 0.00000e+00
  114    17.91667   -97.38875 36.50869     421.129     721.781  924.162  292.247   80.213    0.476   12.037 0.00000e+00
  115    17.93333   -97.38802 36.51126     440.052     742.942  921.885  292.022   81.535    0.493   12.092 0.00000e+00
  116    17.95000   -97.38733 36.51393     456.433     761.495  919.909  291.829   82.713    0.470   12.145 0.00000e+00
  117    17.96667   -97.38662 36.51662     466.610     773.026  918.710  291.711   83.481    0.269   12.183 0.00000e+00
  118    17.98333   -97.38586 36.51933     466.840     774.275  918.614  291.720   83.107   -0.071   12.137 0.00000e+00
  119    18.00000   -97.38499 36.52198     455.099     763.612  919.750  291.842   82.165   -0.383   12.076 0.00000e+00
  120    18.01667   -97.38410 36.52441     439.179     749.245  921.269  292.009   81.547   -0.391   12.092 0.00000e+00
  121    18.03333   -97.38322 36.52664     425.578     737.062  922.589  292.160   81.008   -0.171   12.110 0.00000e+00
  122    18.05000   -97.38217 36.52880     427.432     740.260  922.288  292.199   80.502    0.174   12.068 0.00000e+00
  123    18.06667   -97.38065 36.53084     445.510     759.638  920.177  292.120   81.188    0.413   12.138 0.00000e+00
  124    18.08333   -97.37843 36.53289     446.882     762.182  919.978  292.145   81.350   -0.300   12.184 0.00000e+00
  125    18.10000   -97.37633 36.53524     411.202     726.432  923.808  292.481   79.355   -0.660   12.089 0.00000e+00
  126    18.11667   -97.37467 36.53788     355.296     669.967  929.945  293.052   76.307   -0.736   11.969 0.00000e+00
  127    18.13333   -97.37341 36.54064     291.592     605.358  936.929  293.704   73.214   -0.783   11.871 0.00000e+00
  128    18.15000   -97.37248 36.54331     222.000     535.116  944.584  294.406   70.459   -0.783   11.836 0.00000e+00
  129    18.16667   -97.37178 36.54574     164.855     477.539  950.822  294.980   68.479   -0.624   11.840 0.00000e+00
  130    18.18333   -97.37122 36.54799     119.208     432.158  955.781  295.450   66.796   -0.532   11.826 0.00000e+00
  131    18.20000   -97.37083 36.55018      87.063     400.787  959.200  295.783   65.729   -0.394   11.835 0.00000e+00
  132    18.21667   -97.37062 36.55237      65.670     380.296  961.474  296.021   65.020   -0.285   11.851 0.00000e+00
  133    18.23333   -97.37061 36.55455      49.958     365.673  963.032  296.219   64.455   -0.218   11.872 0.00000e+00
  134    18.25000   -97.37085 36.55674      36.952     354.422  964.271  296.397   64.083   -0.206   11.917 0.00000e+00
  135    18.26667   -97.37130 36.55891      25.280     344.746  965.309  296.812   63.465   -0.151   12.093 0.00000e+00
  136    18.28333   -97.37183 36.56095      17.907     339.214  965.921  297.239   62.742   -0.086   12.262 0.00000e+00
  137    18.30000   -97.37236 36.56290      14.499     337.470  966.077  297.292   63.022   -0.075   12.354 0.00000e+00
  138    18.31667   -97.37276 36.56481      12.996     337.191  966.080  297.528   62.595    0.007   12.447 0.00000e+00
  139    18.33333   -97.37300 36.56657      14.331     339.394  965.841  297.712   62.322    0.081   12.535 0.00000e+00
  140    18.35000   -97.37325 36.56820      19.410     345.189  965.168  297.693   62.652    0.145   12.596 0.00000e+00
  141    18.36667   -97.37352 36.56979      27.562     353.945  964.143  297.586   63.177    0.264   12.633 0.00000e+00
  142    18.38333   -97.37365 36.57154      43.652     370.683  962.327  297.204   64.182    0.524   12.564 0.00000e+00
  143    18.40000   -97.37350 36.57344      92.961     421.133  956.783  296.509   66.046    1.530   12.465 0.00000e+00
  144    18.41667   -97.37341 36.57540     211.446     540.812  943.678  295.105   70.287    2.867   12.341 0.00000e+00
  145    18.43333   -97.37369 36.57738     397.902     728.346  923.413  293.127   77.263    3.405   12.262 0.00000e+00
  146    18.45000   -97.37337 36.57933     578.802     910.511  904.153  291.323   84.413    2.728   12.215 0.00000e+00
  147    18.46667   -97.37164 36.58117     696.945    1029.113  891.800  290.167   87.443    1.087   11.920 0.00000e+00
  148    18.48333   -97.36905 36.58292     725.902    1057.674  888.820  289.977   84.550   -0.726   11.425 0.00000e+00
  149    18.50000   -97.36679 36.58477     657.994     989.643  895.930  290.532   84.219   -1.811   11.697 0.00000e+00
  150    18.51667   -97.36533 36.58713     525.565     857.014  909.814  291.811   78.633   -3.014   11.662 0.00000e+00
  151    18.53333   -97.36402 36.58982     375.440     706.096  925.980  293.279   73.709   -2.470   11.776 0.00000e+00
  152    18.55000   -97.36263 36.59243     276.735     605.918  936.772  294.238   70.421   -1.196   11.805 0.00000e+00
  153    18.56667   -97.36126 36.59497     228.013     555.721  942.151  294.675   69.266   -0.486   11.861 0.00000e+00
  154    18.58333   -97.35992 36.59745     204.368     531.111  944.762  294.851   69.087   -0.209   11.927 0.00000e+00
  155    18.60000   -97.35860 36.59979     199.080     524.557  945.536  294.895   69.307    0.042   11.987 0.00000e+00
  156    18.61667   -97.35738 36.60192     208.094     531.905  944.791  294.818   69.665    0.168   12.002 0.00000e+00
  157    18.63333   -97.35638 36.60400     228.842     550.387  942.818  294.663   70.082    0.349   11.984 0.00000e+00
  158    18.65000   -97.35568 36.60616     258.086     577.538  939.864  294.423   70.791    0.124   11.965 0.00000e+00
  159    18.66667   -97.35510 36.60844     265.038     582.708  939.306  294.411   70.768   -0.442   11.959 0.00000e+00
  160    18.68333   -97.35452 36.61069     253.512     569.242  940.816  294.560   70.523   -0.627   12.008 0.00000e+00
  161    18.70000   -97.35384 36.61298     219.095     532.669  944.787  294.914   69.379   -0.973   12.023 0.00000e+00
  162    18.71667   -97.35304 36.61516     181.152     493.024  949.138  295.419   67.912   -0.233   12.086 0.00000e+00
  163    18.73333   -97.35243 36.61680     178.857     489.553  949.572  295.518   67.647   -0.109   12.106 0.00000e+00
  164    18.75000   -97.35191 36.61827     196.421     505.855  947.731  295.472   68.002    0.526   12.159 0.00000e+00
  165    18.76667   -97.35139 36.61977     237.266     545.469  943.432  295.154   69.178    0.763   12.186 0.00000e+00
  166    18.78333   -97.35088 36.62138     293.908     600.855  937.425  294.673   70.857    1.147   12.194 0.00000e+00
  167    18.80000   -97.35023 36.62323     388.726     694.700  927.306  293.859   74.072    2.090   12.253 0.00000e+00
  168    18.81667   -97.34932 36.62519     477.508     782.507  917.907  292.943   77.251    0.998   12.193 0.00000e+00
  169    18.83333   -97.34785 36.62719     502.691     806.312  915.339  292.711   77.544   -0.485   12.097 0.00000e+00
  170    18.85000   -97.34647 36.62931     474.774     777.240  918.402  293.000   75.939   -0.573   12.023 0.00000e+00
  171    18.86667   -97.34549 36.63123     461.711     763.692  919.869  293.141   75.561   -0.309   12.049 0.00000e+00
  172    18.88333   -97.34448 36.63306     441.233     742.933  922.025  293.320   74.371   -0.785   11.965 0.00000e+00
  173    18.90000   -97.34366 36.63508     406.872     708.542  925.665  293.637   72.633   -0.752   11.871 0.00000e+00
  174    18.91667   -97.34332 36.63714     389.535     691.475  927.517  293.791   72.168   -0.091   11.885 0.00000e+00
  175    18.93333   -97.34329 36.63899     405.119     706.975  925.881  293.626   73.198    0.481   11.953 0.00000e+00
  176    18.95000   -97.34330 36.64059     443.579     744.650  921.862  293.252   74.840    0.770   11.991 0.00000e+00
  177    18.96667   -97.34319 36.64204     488.626     788.920  917.132  292.822   76.571    0.749   12.005 0.00000e+00
  178    18.98333   -97.34286 36.64351     531.704     831.192  912.692  292.410   78.462    0.716   12.046 0.00000e+00
