    0    16.01667   -97.51205 36.28143      82.566     446.777  954.354  292.265   87.158   -0.236   12.675 0.00000e+00
    1    16.03333   -97.51187 36.28386      70.680     433.674  955.792  292.416   86.573   -0.160   12.691 0.00000e+00
    2    16.05000   -97.51163 36.28631      60.109     421.865  957.148  292.568   85.998   -0.172   12.709 0.00000e+00
    3    16.06667   -97.51133 36.28885      51.103     411.478  958.300  292.728   85.472   -0.179   12.744 0.00000e+00
    4    16.08333   -97.51088 36.29140      41.907     400.453  959.561  292.930   84.809   -0.201   12.789 0.00000e+00
    5    16.10000   -97.51030 36.29397      30.516     387.073  961.037  293.135   84.003   -0.221   12.812 0.00000e+00
    6    16.11667   -97.50964 36.29634      19.540     374.326  962.497  293.465   82.799   -0.193   12.871 0.00000e+00
    7    16.13333   -97.50893 36.29848      11.140     363.075  963.803  293.666   81.991   -0.120   12.888 0.00000e+00
    8    16.15000   -97.50801 36.30048       5.363     354.318  964.640  293.893   80.798   -0.052   12.871 0.00000e+00
    9    16.16667   -97.50684 36.30242       3.368     349.431  965.131  294.061   80.120   -0.014   12.890 0.00000e+00
   10    16.18333   -97.50572 36.30426       3.446     346.831  965.295  294.305   79.457    0.019   12.976 0.00000e+00
   11    16.20000   -97.50493 36.30586       5.749     347.627  965.294  294.435   79.400    0.063   13.072 0.00000e+00
   12    16.21667   -97.50434 36.30743       9.742     350.741  965.072  294.396   79.824    0.063   13.113 0.00000e+00
   13    16.23333   -97.50392 36.30900      14.396     354.445  964.675  294.351   80.086    0.063   13.125 0.00000e+00
   14    16.25000   -97.50382 36.31058      19.220     358.395  964.200  294.290   80.261    0.091   13.110 0.00000e+00
   15    16.26667   -97.50405 36.31222      27.055     365.492  963.397  294.167   80.656    0.198   13.085 0.00000e+00
   16    16.28333   -97.50432 36.31404      39.437     377.461  962.053  293.917   81.470    0.284   13.032 0.00000e+00
   17    16.30000   -97.50461 36.31598      57.999     396.041  959.962  293.651   82.425    0.445   12.997 0.00000e+00
   18    16.31667   -97.50497 36.31792      93.331     431.438  956.077  293.305   83.818    0.892   12.988 0.00000e+00
   19    16.33333   -97.50536 36.31990     141.744     479.961  950.733  292.773   85.987    0.808   12.960 0.00000e+00
   20    16.35000   -97.50588 36.32202     184.622     522.774  946.038  292.354   87.831    1.062   12.959 0.00000e+00
   21    16.36667   -97.50654 36.32435     235.832     572.873  940.545  291.857   90.064    1.159   12.954 0.00000e+00
   22    16.38333   -97.50704 36.32689     276.318     611.732  936.307  291.502   91.524    0.715   12.931 0.00000e+00
   23    16.40000   -97.50764 36.32952     274.872     608.457  936.567  291.524   91.151   -0.155   12.893 0.00000e+00
   24    16.41667   -97.50847 36.33192     234.532     569.851  940.635  291.889   88.987   -0.991   12.825 0.00000e+00
   25    16.43333   -97.50977 36.33395     194.181     532.029  944.755  292.298   86.543   -0.578   12.742 0.00000e+00
   26    16.45000   -97.51145 36.33583     197.209     537.558  944.099  292.209   86.906    0.725   12.732 0.00000e+00
   27    16.46667   -97.51271 36.33785     236.843     579.769  939.611  291.778   88.990    0.847   12.749 0.00000e+00
   28    16.48333   -97.51346 36.34013     263.594     607.271  936.679  291.486   90.077    0.199   12.709 0.00000e+00
   29    16.50000   -97.51386 36.34258     260.534     604.144  936.999  291.500   89.913   -0.478   12.692 0.00000e+00
   30    16.51667   -97.51420 36.34499     230.398     573.904  940.313  291.787   88.680   -0.932   12.702 0.00000e+00
   31    16.53333   -97.51445 36.34732     180.646     523.361  945.940  292.278   86.589   -1.269   12.716 0.00000e+00
   32    16.55000   -97.51478 36.34949     125.977     466.534  952.167  292.815   84.335   -1.132   12.725 0.00000e+00
   33    16.56667   -97.51538 36.35144      81.210     419.863  957.311  293.294   82.462   -0.587   12.752 0.00000e+00
   34    16.58333   -97.51613 36.35337      57.003     393.836  960.165  293.562   81.385   -0.068   12.760 0.00000e+00
   35    16.60000   -97.51702 36.35546      47.255     382.316  961.442  293.707   80.876    0.075   12.777 0.00000e+00
   36    16.61667   -97.51794 36.35770      40.319     373.902  962.387  293.836   80.446   -0.042   12.800 0.00000e+00
   37    16.63333   -97.51904 36.35996      28.456     360.746  963.852  294.040   79.767   -0.149   12.834 0.00000e+00
   38    16.65000   -97.52035 36.36189      18.416     349.910  965.075  294.228   79.136   -0.103   12.865 0.00000e+00
   39    16.66667   -97.52193 36.36349      18.750     349.780  965.072  294.300   79.020    0.132   12.904 0.00000e+00
   40    16.68333   -97.52348 36.36512      28.287     358.600  964.068  294.236   79.365    0.221   12.922 0.00000e+00
   41    16.70000   -97.52491 36.36701      40.677     369.634  962.872  294.166   79.737    0.259   12.943 0.00000e+00
   42    16.71667   -97.52621 36.36902      60.091     387.205  960.893  294.003   80.456    0.363   12.955 0.00000e+00
   43    16.73333   -97.52718 36.37105     102.236     427.063  956.408  293.617   82.062    1.097   12.961 0.00000e+00
   44    16.75000   -97.52751 36.37323     181.135     506.601  947.521  292.836   85.321    1.731   12.955 0.00000e+00
   45    16.76667   -97.52718 36.37576     280.717     608.708  936.361  291.848   89.493    1.840   12.923 0.00000e+00
   46    16.78333   -97.52613 36.37873     375.994     706.957  925.715  290.918   93.236    1.579   12.840 0.00000e+00
   47    16.80000   -97.52469 36.38206     457.486     791.389  916.657  290.136   96.378    1.081   12.754 0.00000e+00
   48    16.81667   -97.52280 36.38565     530.347     866.843  908.612  289.416   99.662    0.996   12.706 1.17798e-03
   49    16.83333   -97.52037 36.38932     586.387     925.040  902.447  289.083  100.000    0.733   12.582 8.42771e-02
   50    16.85000   -97.51755 36.39288     605.114     945.457  900.292  288.989  100.000   -0.020   12.536 1.35328e-01
   51    16.86667   -97.51469 36.39621     586.544     928.612  902.083  289.036  100.000   -0.759   12.550 5.98776e-02
   52    16.88333   -97.51187 36.39927     545.414     888.955  906.280  289.337   98.547   -1.128   12.533 0.00000e+00
   53    16.90000   -97.50922 36.40220     486.812     831.279  912.478  289.931   95.156   -1.297   12.485 0.00000e+00
   54    16.91667   -97.50704 36.40512     431.299     776.595  918.398  290.480   92.295   -1.135   12.461 0.00000e+00
   55    16.93333   -97.50548 36.40810     397.640     740.927  922.293  290.837   90.565   -0.754   12.455 0.00000e+00
   56    16.95000   -97.50438 36.41117     387.515     728.582  923.577  290.955   90.084   -0.050   12.465 0.00000e+00
   57    16.96667   -97.50337 36.41424     398.887     737.488  922.635  290.878   90.558    0.289   12.482 0.00000e+00
   58    16.98333   -97.50230 36.41711     426.588     762.532  919.969  290.642   91.728    0.659   12.491 0.00000e+00
   59    17.00000   -97.50114 36.41988     476.107     809.372  914.962  290.190   93.843    1.180   12.484 0.00000e+00
   60    17.01667   -97.49989 36.42266     547.072     877.696  907.621  289.519   97.208    1.588   12.489 0.00000e+00
   61    17.03333   -97.49852 36.42557     627.562     956.095  899.295  288.865  100.000    1.631   12.450 4.13981e-02
   62    17.05000   -97.49689 36.42862     705.130    1031.932  891.315  288.514  100.000    1.619   12.281 1.91862e-01
   63    17.06667   -97.49485 36.43177     774.512    1099.846  884.220  288.208  100.000    1.428   12.138 3.37866e-01
   64    17.08333   -97.49244 36.43497     822.628    1145.989  879.416  288.006  100.000    0.897   12.047 4.36066e-01
   65    17.10000   -97.48972 36.43830     835.520    1158.415  878.105  287.937  100.000    0.250   12.011 4.32879e-01
   66    17.11667   -97.48679 36.44170     808.466    1129.938  881.182  288.045  100.000    0.135   12.054 3.15953e-01
   67    17.13333   -97.48372 36.44517     749.523    1067.534  887.668  288.263  100.000   -0.209   12.133 4.47307e-02
   68    17.15000   -97.48054 36.44870     688.889    1003.297  894.413  288.823   96.829   -0.141   12.072 0.00000e+00
   69    17.16667   -97.47735 36.45233     667.199     977.661  897.080  289.126   94.574    0.526   11.988 0.00000e+00
   70    17.18333   -97.47424 36.45599     697.316    1005.220  894.129  288.875   95.549    1.101   11.957 0.00000e+00
   71    17.20000   -97.47130 36.45956     762.880    1070.271  887.279  288.292   97.989    1.213   11.900 1.72424e-04
   72    17.21667   -97.46837 36.46303     833.958    1142.224  879.812  287.774   99.634    0.704   11.799 3.13819e-02
   73    17.23333   -97.46540 36.46635     882.009    1190.310  874.876  287.531   99.057   -0.055   11.613 2.80887e-02
   74    17.25000   -97.46229 36.46952     886.271    1193.994  874.561  287.603   97.477   -0.792   11.485 9.20316e-06
   75    17.26667   -97.45905 36.47258     848.326    1155.644  878.483  288.080   94.041   -1.372   11.378 0.00000e+00
   76    17.28333   -97.45567 36.47564     784.752    1091.349  885.245  288.786   89.971   -1.386   11.308 0.00000e+00
   77    17.30000   -97.45213 36.47888     729.627    1034.471  891.126  289.326   87.515   -0.594   11.312 0.00000e+00
   78    17.31667   -97.44843 36.48234     719.624    1023.154  892.312  289.362   87.813    0.580   11.362 0.00000e+00
   79    17.33333   -97.44473 36.48598     770.468    1071.443  887.287  288.814   90.921    1.466   11.421 0.00000e+00
   80    17.35000   -97.44121 36.48959     856.619    1155.111  878.589  287.962   95.348    1.547   11.447 0.00000e+00
   81    17.36667   -97.43791 36.49311     939.583    1236.419  870.269  287.213   98.972    1.095   11.425 7.23283e-03
   82    17.38333   -97.43475 36.49662     987.571    1282.732  865.372  286.892   99.964    0.334   11.365 5.03105e-02
   83    17.40000   -97.43158 36.50019     980.297    1278.706  865.739  286.904   99.949   -0.575   11.367 1.35516e-02
   84    17.41667   -97.42838 36.50378     917.400    1219.966  871.792  287.434   97.041   -1.274   11.345 0.00000e+00
   85    17.43333   -97.42507 36.50729     838.741    1143.395  879.761  288.176   93.185   -0.967   11.329 0.00000e+00
   86    17.45000   -97.42152 36.51083     794.860    1101.246  884.082  288.571   91.249   -0.541   11.325 0.00000e+00
   87    17.46667   -97.41769 36.51434     761.810    1070.208  887.401  288.946   89.094   -1.151   11.285 0.00000e+00
   88    17.48333   -97.41438 36.51765     729.446    1037.344  890.856  289.326   86.903   -0.686   11.236 0.00000e+00
   89    17.50000   -97.41146 36.52088     723.128    1028.613  891.845  289.395   86.659   -0.012   11.242 0.00000e+00
   90    17.51667   -97.40867 36.52401     734.504    1037.801  890.868  289.302   87.140    0.393   11.249 0.00000e+00
   91    17.53333   -97.40598 36.52707     751.604    1054.178  889.096  289.098   88.526    0.468   11.302 0.00000e+00
   92    17.55000   -97.40351 36.53008     769.790    1072.935  886.998  288.832   90.635    0.350   11.402 0.00000e+00
   93    17.56667   -97.40119 36.53302     782.871    1089.038  885.280  288.592   92.740    0.274   11.510 0.00000e+00
   94    17.58333   -97.39898 36.53587     788.441    1097.869  884.398  288.446   94.276    0.122   11.602 0.00000e+00
   95    17.60000   -97.39682 36.53864     775.607    1087.792  885.440  288.531   93.815   -0.412   11.595 0.00000e+00
   96    17.61667   -97.39467 36.54141     741.600    1055.528  888.919  288.897   91.579   -0.838   11.544 0.00000e+00
   97    17.63333   -97.39257 36.54426     697.143    1011.869  893.509  289.366   88.900   -0.830   11.490 0.00000e+00
   98    17.65000   -97.39052 36.54728     660.190     975.476  897.279  289.669   88.321   -0.496   11.590 0.00000e+00
   99    17.66667   -97.38847 36.55053     640.655     958.201  899.046  289.720   89.616   -0.128   11.775 0.00000e+00
  100    17.68333   -97.38643 36.55399     632.470     952.769  899.636  289.703   90.606   -0.038   11.885 0.00000e+00
  101    17.70000   -97.38454 36.55753     624.736     947.064  900.292  289.804   89.772   -0.222   11.843 0.00000e+00
  102    17.71667   -97.38306 36.56104     607.909     931.845  901.864  289.978   88.815   -0.477   11.827 0.00000e+00
  103    17.73333   -97.38202 36.56448     583.380     908.241  904.427  290.177   88.578   -0.575   11.912 0.00000e+00
  104    17.75000   -97.38113 36.56794     552.203     876.689  907.766  290.439   87.937   -0.852   11.981 0.00000e+00
  105    17.76667   -97.38029 36.57132     511.253     835.524  912.102  290.792   87.110   -1.322   12.080 0.00000e+00
  106    17.78333   -97.37941 36.57451     462.577     789.137  917.022  291.204   85.940   -1.673   12.168 0.00000e+00
  107    17.80000   -97.37846 36.57752     407.444     736.498  922.625  291.695   84.289   -1.424   12.236 0.00000e+00
  108    17.81667   -97.37749 36.58043     356.991     688.105  927.900  292.165   82.402   -1.203   12.251 0.00000e+00
  109    17.83333   -97.37646 36.58328     308.281     639.692  933.187  292.639   80.536   -1.067   12.266 0.00000e+00
  110    17.85000   -97.37533 36.58602     260.335     591.549  938.405  293.107   78.731   -0.911   12.278 0.00000e+00
  111    17.86667   -97.37414 36.58858     219.196     549.719  943.028  293.516   77.143   -0.727   12.281 0.00000e+00
  112    17.88333   -97.37292 36.59091     184.582     513.784  946.963  293.868   75.775   -0.560   12.279 0.00000e+00
  113    17.90000   -97.37171 36.59297     158.468     486.263  949.992  294.167   74.705   -0.408   12.293 0.00000e+00
  114    17.91667   -97.37050 36.59477     138.552     464.954  952.303  294.406   73.801   -0.308   12.296 0.00000e+00
  115    17.93333   -97.36934 36.59639     124.332     449.655  953.903  294.580   72.941   -0.230   12.263 0.00000e+00
  116    17.95000   -97.36826 36.59789     114.906     439.763  954.980  294.745   71.962   -0.119   12.209 0.00000e+00
  117    17.96667   -97.36726 36.59929     114.910     439.346  955.021  294.806   71.343    0.007   12.149 0.00000e+00
  118    17.98333   -97.36633 36.60066     121.530     445.319  954.438  294.805   71.234    0.196   12.137 0.00000e+00
  119    18.00000   -97.36543 36.60197     134.736     457.694  953.035  294.700   71.467    0.327   12.116 0.00000e+00
  120    18.01667   -97.36461 36.60322     152.403     474.390  951.276  294.576   72.281    0.406   12.183 0.00000e+00
  121    18.03333   -97.36385 36.60448     173.568     494.432  949.084  294.384   73.328    0.624   12.242 0.00000e+00
  122    18.05000   -97.36327 36.60590     206.133     525.868  945.644  294.097   74.536    0.698   12.269 0.00000e+00
  123    18.06667   -97.36293 36.60751     238.460     557.207  942.227  293.788   75.694    0.237   12.267 0.00000e+00
  124    18.08333   -97.36282 36.60939     250.289     568.088  941.033  293.671   76.393   -0.341   12.306 0.00000e+00
  125    18.10000   -97.36292 36.61138     236.110     553.005  942.694  293.821   76.297   -0.650   12.384 0.00000e+00
  126    18.11667   -97.36307 36.61337     203.035     519.045  946.370  294.159   75.186   -0.880   12.413 0.00000e+00
  127    18.13333   -97.36304 36.61528     157.645     472.528  951.478  294.640   73.380   -0.923   12.415 0.00000e+00
  128    18.15000   -97.36256 36.61698     113.001     426.570  956.509  295.115   71.525   -0.772   12.395 0.00000e+00
  129    18.16667   -97.36160 36.61853      78.068     390.184  960.449  295.545   69.845   -0.616   12.377 0.00000e+00
  130    18.18333   -97.36030 36.61988      51.967     362.896  963.447  295.963   68.646   -0.279   12.442 0.00000e+00
  131    18.20000   -97.35880 36.62122      38.190     348.165  965.030  296.283   67.938   -0.011   12.536 0.00000e+00
  132    18.21667   -97.35736 36.62278      43.359     352.617  964.537  296.544   67.333    0.314   12.632 0.00000e+00
  133    18.23333   -97.35632 36.62457      72.856     381.639  961.281  296.259   68.272    0.663   12.629 0.00000e+00
  134    18.25000   -97.35536 36.62628     130.538     438.975  954.971  295.623   70.417    1.191   12.611 0.00000e+00
  135    18.26667   -97.35432 36.62756     229.312     537.560  944.215  294.612   74.103    2.188   12.613 0.00000e+00
  136    18.28333   -97.35271 36.62934     400.461     708.139  925.790  292.989   80.550    3.127   12.641 0.00000e+00
  137    18.30000   -97.35043 36.63157     559.310     865.415  909.067  291.444   87.068    2.472   12.627 0.00000e+00
  138    18.31667   -97.34779 36.63379     651.032     955.400  899.583  290.557   91.024    1.495   12.610 0.00000e+00
  139    18.33333   -97.34496 36.63585     692.337     995.008  895.404  290.155   92.887    0.867   12.602 0.00000e+00
  140    18.35000   -97.34218 36.63811     711.108    1012.491  893.597  289.958   93.231    0.419   12.515 0.00000e+00
  141    18.36667   -97.33962 36.64063     729.894    1029.345  891.822  289.760   93.695    0.431   12.444 0.00000e+00
  142    18.38333   -97.33725 36.64325     754.280    1052.514  889.347  289.514   94.513    0.485   12.390 0.00000e+00
  143    18.40000   -97.33492 36.64577     779.678    1077.501  886.750  289.277   95.125    0.480   12.319 0.00000e+00
  144    18.41667   -97.33263 36.64824     805.727    1103.208  884.068  289.038   95.639    0.592   12.233 0.00000e+00
  145    18.43333   -97.33031 36.65073     834.394    1131.329  881.173  288.797   95.665    0.711   12.088 0.00000e+00
  146    18.45000   -97.32800 36.65327     859.972    1156.203  878.631  288.607   95.052    0.640   11.898 0.00000e+00
  147    18.46667   -97.32577 36.65591     873.196    1169.308  877.199  288.478   95.081    0.303   11.822 0.00000e+00
  148    18.48333   -97.32368 36.65868     870.102    1167.108  877.425  288.487   94.811   -0.064   11.793 0.00000e+00
  149    18.50000   -97.32169 36.66148     855.202    1152.958  878.940  288.638   93.781   -0.359   11.758 0.00000e+00
  150    18.51667   -97.31967 36.66430     849.958    1147.857  879.501  288.741   92.672   -0.424   11.689 0.00000e+00
  151    18.53333   -97.31770 36.66707     846.611    1143.779  879.860  288.802   92.441   -0.515   11.701 0.00000e+00
  152    18.55000   -97.31581 36.66965     830.084    1126.991  881.604  288.937   92.343   -0.408   11.768 0.00000e+00
  153    18.56667   -97.31410 36.67202     801.653    1099.038  884.441  289.174   91.925   -0.357   11.856 0.00000e+00
  154    18.58333   -97.31258 36.67432     770.902    1070.792  887.331  289.419   91.104   -0.213   11.898 0.00000e+00
  155    18.60000   -97.31120 36.67661     754.700    1057.613  888.675  289.546   90.263    0.032   11.867 0.00000e+00
  156    18.61667   -97.30986 36.67898     760.981    1067.006  887.746  289.452   90.780    0.291   11.876 0.00000e+00
  157    18.63333   -97.30849 36.68148     784.460    1092.447  885.180  289.266   90.798    0.389   11.771 0.00000e+00
  158    18.65000   -97.30699 36.68419     809.059    1118.309  882.478  289.035   91.604    0.305   11.736 0.00000e+00
  159    18.66667   -97.30539 36.68700     816.437    1126.898  881.585  288.951   92.040   -0.144   11.740 0.00000e+00
  160    18.68333   -97.30388 36.68980     794.821    1106.320  883.711  289.155   91.056   -0.584   11.740 0.00000e+00
  161    18.70000   -97.30264 36.69254     751.427    1063.887  888.165  289.629   88.067   -0.976   11.646 0.00000e+00
  162    18.71667   -97.30186 36.69521     687.437    1000.799  894.783  290.256   85.108   -1.286   11.629 0.00000e+00
  163    18.73333   -97.30150 36.69789     606.909     920.833  903.197  291.046   81.564   -1.580   11.609 0.00000e+00
  164    18.75000   -97.30135 36.70058     509.560     823.656  913.485  292.007   77.457   -1.871   11.584 0.00000e+00
  165    18.76667   -97.30110 36.70322     402.394     716.625  924.895  293.058   73.320   -1.914   11.568 0.00000e+00
  166    18.78333   -97.30050 36.70572     309.209     622.775  935.082  293.962   70.352   -1.358   11.615 0.00000e+00
  167    18.80000   -97.29962 36.70808     244.969     556.354  942.280  294.606   68.185   -0.945   11.625 0.00000e+00
  168    18.81667   -97.29852 36.71030     204.187     513.499  946.897  295.025   66.686   -0.560   11.610 0.00000e+00
  169    18.83333   -97.29727 36.71231     189.683     497.112  948.715  295.311   66.116   -0.111   11.694 0.00000e+00
  170    18.85000   -97.29613 36.71417     194.711     500.748  948.293  295.436   66.117    0.148   11.789 0.00000e+00
  171    18.86667   -97.29522 36.71615     228.681     533.775  944.645  295.148   67.313    0.717   11.837 0.00000e+00
  172    18.88333   -97.29446 36.71812     285.788     590.026  938.517  294.611   69.310    1.023   11.869 0.00000e+00
  173    18.90000   -97.29382 36.72001     362.302     665.731  930.363  293.885   71.935    1.291   11.879 0.00000e+00
  174    18.91667   -97.29317 36.72169     443.724     746.453  921.712  293.102   74.851    1.223   11.883 0.00000e+00
  175    18.93333   -97.29253 36.72317     520.799     823.156  913.560  292.348   77.649    0.953   11.863 0.00000e+00
  176    18.95000   -97.29185 36.72464     593.131     895.228  905.866  291.622   80.478    1.026   11.846 0.00000e+00
  177    18.96667   -97.29104 36.72622     677.769     979.598  897.089  290.820   83.885    1.162   11.851 0.00000e+00
  178    18.98333   -97.29023 36.72787     766.370    1067.962  887.849  289.967   87.745    1.250   11.862 0.00000e+00
