    0    16.01667   -97.57378 36.25498      90.430     427.373  956.345  292.923   84.796    0.066   12.825 0.00000e+00
    1    16.03333   -97.57326 36.25799     108.926     446.281  954.270  292.776   85.340    0.341   12.817 0.00000e+00
    2    16.05000   -97.57250 36.26105     140.707     478.426  950.709  292.464   86.587    0.536   12.800 0.00000e+00
    3    16.06667   -97.57136 36.26423     170.437     508.719  947.327  292.133   88.228    0.443   12.820 0.00000e+00
    4    16.08333   -97.57026 36.26760     166.639     506.133  947.586  292.107   88.543   -0.372   12.841 0.00000e+00
    5    16.10000   -97.57001 36.27094     135.139     475.865  950.856  292.324   87.676   -0.555   12.846 0.00000e+00
    6    16.11667   -97.57047 36.27415     112.447     454.233  953.300  292.528   86.808   -0.215   12.849 0.00000e+00
    7    16.13333   -97.57097 36.27725     115.781     458.614  952.820  292.493   86.995    0.342   12.855 0.00000e+00
    8    16.15000   -97.57097 36.28024     142.705     486.638  949.702  292.310   87.556    0.793   12.832 0.00000e+00
    9    16.16667   -97.57034 36.28304     191.581     536.880  944.184  291.869   89.348    1.052   12.811 0.00000e+00
   10    16.18333   -97.56911 36.28571     252.557     599.407  937.357  291.297   91.830    1.066   12.793 0.00000e+00
   11    16.20000   -97.56743 36.28847     273.220     621.516  934.955  291.121   92.496   -0.300   12.775 0.00000e+00
   12    16.21667   -97.56622 36.29168     235.958     585.491  938.835  291.470   90.741   -0.936   12.760 0.00000e+00
   13    16.23333   -97.56591 36.29543     193.716     544.602  943.300  291.863   89.010   -0.802   12.770 0.00000e+00
   14    16.25000   -97.56606 36.29939     188.567     541.838  943.551  291.833   89.404    0.157   12.799 0.00000e+00
   15    16.26667   -97.56580 36.30323     235.390     591.534  938.115  291.323   91.850    0.988   12.806 0.00000e+00
   16    16.28333   -97.56453 36.30676     297.871     655.886  931.245  290.728   94.779    0.472   12.819 0.00000e+00
   17    16.30000   -97.56282 36.30994     303.515     661.860  930.572  290.678   95.015   -0.409   12.819 0.00000e+00
   18    16.31667   -97.56166 36.31299     259.681     617.891  935.427  291.111   92.825   -0.750   12.806 0.00000e+00
   19    16.33333   -97.56134 36.31601     210.488     567.370  940.999  291.614   90.395   -0.563   12.798 0.00000e+00
   20    16.35000   -97.56159 36.31883     177.119     532.760  944.783  291.958   88.745   -0.363   12.788 0.00000e+00
   21    16.36667   -97.56212 36.32152     172.356     527.098  945.380  291.975   88.575    0.013   12.770 0.00000e+00
   22    16.38333   -97.56268 36.32415     196.909     552.817  942.556  291.714   89.776    0.492   12.770 0.00000e+00
   23    16.40000   -97.56312 36.32673     230.894     588.098  938.700  291.460   91.141    0.733   12.810 0.00000e+00
   24    16.41667   -97.56325 36.32923     261.086     619.398  935.345  291.223   92.441    0.378   12.845 0.00000e+00
   25    16.43333   -97.56322 36.33179     286.022     642.825  932.886  291.149   93.048    0.008   12.903 0.00000e+00
   26    16.45000   -97.56314 36.33454     299.622     653.576  931.752  291.219   92.998   -0.176   12.970 0.00000e+00
   27    16.46667   -97.56324 36.33760     304.710     655.633  931.519  291.264   92.335    0.114   12.918 0.00000e+00
   28    16.48333   -97.56343 36.34090     313.134     662.167  930.722  291.183   92.454    0.478   12.879 0.00000e+00
   29    16.50000   -97.56346 36.34416     315.575     663.060  930.568  291.183   92.364    0.002   12.868 0.00000e+00
   30    16.51667   -97.56340 36.34708     307.089     652.634  931.800  291.285   91.802   -0.127   12.856 0.00000e+00
   31    16.53333   -97.56345 36.34955     300.510     642.223  932.970  291.368   91.361    0.135   12.845 0.00000e+00
   32    16.55000   -97.56370 36.35176     301.522     639.729  933.194  291.353   91.451    0.420   12.843 0.00000e+00
   33    16.56667   -97.56413 36.35381     312.423     647.354  932.385  291.241   92.009    0.575   12.841 0.00000e+00
   34    16.58333   -97.56461 36.35574     333.679     666.310  930.207  291.029   93.021    0.495   12.838 0.00000e+00
   35    16.60000   -97.56501 36.35762     357.764     689.450  927.709  290.801   94.097    0.479   12.835 0.00000e+00
   36    16.61667   -97.56528 36.35948     382.141     712.964  925.199  290.583   95.115    0.413   12.830 0.00000e+00
   37    16.63333   -97.56535 36.36151     401.145     730.973  923.273  290.442   95.695    0.272   12.820 0.00000e+00
   38    16.65000   -97.56514 36.36378     397.645     726.811  923.646  290.509   95.280   -0.322   12.813 0.00000e+00
   39    16.66667   -97.56487 36.36611     369.053     699.541  926.561  290.755   93.891   -0.940   12.785 0.00000e+00
   40    16.68333   -97.56488 36.36843     336.366     668.378  929.925  291.068   92.161   -0.573   12.755 0.00000e+00
   41    16.70000   -97.56522 36.37071     315.110     648.806  932.035  291.271   91.294    0.269   12.770 0.00000e+00
   42    16.71667   -97.56546 36.37316     328.154     663.253  930.484  291.151   91.897    0.591   12.778 0.00000e+00
   43    16.73333   -97.56544 36.37588     346.985     683.218  928.327  290.953   92.870    0.559   12.783 0.00000e+00
   44    16.75000   -97.56550 36.37874     358.129     695.585  926.968  290.851   93.359    0.411   12.786 0.00000e+00
   45    16.76667   -97.56574 36.38165     375.625     714.758  924.856  290.672   94.203    0.481   12.784 0.00000e+00
   46    16.78333   -97.56596 36.38453     403.734     744.911  921.658  290.386   95.587    0.570   12.782 0.00000e+00
   47    16.80000   -97.56607 36.38733     429.296     772.443  918.758  290.128   96.874    0.258   12.783 0.00000e+00
   48    16.81667   -97.56602 36.39005     429.039     773.105  918.744  290.144   96.740   -0.266   12.779 0.00000e+00
   49    16.83333   -97.56580 36.39272     401.340     745.599  921.739  290.483   94.590   -0.632   12.726 0.00000e+00
   50    16.85000   -97.56534 36.39534     356.627     700.862  926.570  290.940   92.299   -0.855   12.717 0.00000e+00
   51    16.86667   -97.56493 36.39795     300.332     644.339  932.686  291.478   89.837   -0.972   12.723 0.00000e+00
   52    16.88333   -97.56472 36.40058     231.625     575.391  940.138  292.142   86.828   -1.198   12.721 0.00000e+00
   53    16.90000   -97.56491 36.40328     157.247     501.023  948.262  292.887   83.447   -1.338   12.701 0.00000e+00
   54    16.91667   -97.56570 36.40592     102.681     447.146  954.117  293.456   80.875   -0.882   12.676 0.00000e+00
   55    16.93333   -97.56686 36.40856      90.799     436.875  955.205  293.574   80.502    0.128   12.696 0.00000e+00
   56    16.95000   -97.56760 36.41130     111.071     458.534  952.872  293.415   81.227    0.385   12.716 0.00000e+00
   57    16.96667   -97.56766 36.41419     127.758     476.240  950.889  293.275   81.867    0.152   12.731 0.00000e+00
   58    16.98333   -97.56732 36.41724     131.147     480.248  950.465  293.247   82.003   -0.255   12.736 0.00000e+00
   59    17.00000   -97.56689 36.42037     116.846     466.536  951.965  293.367   81.515   -0.552   12.735 0.00000e+00
   60    17.01667   -97.56653 36.42346      92.110     442.695  954.561  293.609   80.563   -0.685   12.743 0.00000e+00
   61    17.03333   -97.56644 36.42642      68.381     420.148  957.080  293.862   79.640   -0.443   12.763 0.00000e+00
   62    17.05000   -97.56671 36.42931      68.386     421.393  956.932  293.925   79.655    0.281   12.817 0.00000e+00
   63    17.06667   -97.56695 36.43200     121.346     475.499  950.960  293.610   81.345    1.597   12.916 0.00000e+00
   64    17.08333   -97.56695 36.43452     250.117     605.288  936.810  292.301   86.802    2.818   12.891 0.00000e+00
   65    17.10000   -97.56627 36.43696     401.249     756.925  920.474  290.780   93.826    2.149   12.883 0.00000e+00
   66    17.11667   -97.56488 36.43923     512.967     867.550  908.772  289.749   98.499    1.007   12.827 0.00000e+00
   67    17.13333   -97.56300 36.44141     584.215     935.693  901.582  289.256   98.934    0.397   12.582 8.09037e-03
   68    17.15000   -97.56078 36.44358     618.757     966.941  898.196  288.980   99.275   -0.052   12.451 4.27640e-03
   69    17.16667   -97.55836 36.44576     615.280     960.757  898.878  289.058   98.208   -0.305   12.369 0.00000e+00
   70    17.18333   -97.55595 36.44808     578.854     921.670  902.975  289.448   96.125   -0.902   12.358 1.52145e-05
   71    17.20000   -97.55351 36.45058     519.245     859.338  909.588  290.097   92.590   -1.118   12.318 0.00000e+00
   72    17.21667   -97.55090 36.45316     465.709     803.478  915.555  290.686   89.636   -0.662   12.300 0.00000e+00
   73    17.23333   -97.54816 36.45589     427.164     762.174  919.960  291.099   87.835   -0.242   12.314 0.00000e+00
   74    17.25000   -97.54527 36.45866     405.497     738.133  922.530  291.316   86.919    0.021   12.319 0.00000e+00
   75    17.26667   -97.54224 36.46162     391.746     722.410  924.212  291.457   86.463    0.008   12.342 0.00000e+00
   76    17.28333   -97.53922 36.46469     385.471     714.239  925.012  291.563   85.911    0.278   12.335 0.00000e+00
   77    17.30000   -97.53617 36.46774     398.447     725.310  923.900  291.477   86.024    0.597   12.299 0.00000e+00
   78    17.31667   -97.53292 36.47066     415.611     740.607  922.160  291.293   86.977    0.310   12.315 0.00000e+00
   79    17.33333   -97.52955 36.47362     409.003     732.051  923.163  291.319   87.317   -0.316   12.370 0.00000e+00
   80    17.35000   -97.52658 36.47668     382.195     702.815  926.351  291.612   86.029   -0.630   12.372 0.00000e+00
   81    17.36667   -97.52404 36.47975     354.388     672.620  929.657  291.938   84.204   -0.576   12.318 0.00000e+00
   82    17.38333   -97.52191 36.48278     322.026     638.434  933.355  292.262   82.895   -0.727   12.327 0.00000e+00
   83    17.40000   -97.52002 36.48575     289.169     603.597  937.164  292.609   81.610   -0.644   12.353 0.00000e+00
   84    17.41667   -97.51820 36.48869     264.240     577.047  939.974  292.894   80.306   -0.403   12.337 0.00000e+00
   85    17.43333   -97.51630 36.49163     256.215     569.116  940.790  292.948   79.903   -0.189   12.306 0.00000e+00
   86    17.45000   -97.51443 36.49471     257.517     570.125  940.706  292.970   79.865   -0.001   12.319 0.00000e+00
   87    17.46667   -97.51287 36.49787     262.071     574.035  940.312  292.948   80.023    0.227   12.331 0.00000e+00
   88    17.48333   -97.51175 36.50101     269.805     581.111  939.483  292.889   80.412    0.285   12.356 0.00000e+00
   89    17.50000   -97.51105 36.50412     271.913     582.880  939.322  292.874   80.600    0.142   12.375 0.00000e+00
   90    17.51667   -97.51068 36.50733     269.062     577.700  939.920  292.929   80.168   -0.073   12.344 0.00000e+00
   91    17.53333   -97.51071 36.51056     261.696     567.304  941.041  293.102   79.288   -0.147   12.326 0.00000e+00
   92    17.55000   -97.51113 36.51374     249.744     552.831  942.497  293.274   78.634   -0.138   12.338 0.00000e+00
   93    17.56667   -97.51176 36.51680     232.528     535.671  944.382  293.484   77.876   -0.323   12.355 0.00000e+00
   94    17.58333   -97.51254 36.51958     227.890     531.025  944.905  293.541   77.757   -0.051   12.373 0.00000e+00
   95    17.60000   -97.51341 36.52217     231.670     535.020  944.387  293.498   78.036   -0.267   12.391 0.00000e+00
   96    17.61667   -97.51422 36.52465     209.025     514.018  946.681  293.707   77.402   -1.009   12.421 0.00000e+00
   97    17.63333   -97.51488 36.52688     153.600     460.064  952.594  294.226   75.708   -1.449   12.469 0.00000e+00
   98    17.65000   -97.51520 36.52882      92.876     400.603  959.122  294.808   73.886   -1.072   12.529 0.00000e+00
   99    17.66667   -97.51517 36.53038      51.375     360.013  963.617  295.208   72.484   -0.572   12.539 0.00000e+00
  100    17.68333   -97.51462 36.53160      33.350     342.445  965.573  295.471   71.777   -0.051   12.594 0.00000e+00
  101    17.70000   -97.51394 36.53248      44.424     353.772  964.306  295.640   71.894    0.525   12.763 0.00000e+00
  102    17.71667   -97.51403 36.53347      93.335     402.960  958.869  295.161   73.361    1.276   12.718 0.00000e+00
  103    17.73333   -97.51486 36.53481     184.480     494.602  948.783  294.201   76.673    1.750   12.660 0.00000e+00
  104    17.75000   -97.51576 36.53656     271.262     582.182  939.273  293.363   79.967    1.380   12.660 0.00000e+00
  105    17.76667   -97.51625 36.53863     336.645     648.456  932.123  292.739   82.589    1.111   12.672 0.00000e+00
  106    17.78333   -97.51649 36.54076     383.091     695.350  927.052  292.282   84.447    0.912   12.659 0.00000e+00
  107    17.80000   -97.51651 36.54291     406.895     719.513  924.483  292.038   85.352    0.601   12.635 0.00000e+00
  108    17.81667   -97.51630 36.54519     414.587     727.530  923.614  291.964   85.496    0.269   12.610 0.00000e+00
  109    17.83333   -97.51587 36.54765     418.521     731.821  923.051  291.923   85.660    0.394   12.609 0.00000e+00
  110    17.85000   -97.51532 36.55029     430.688     744.545  921.767  291.807   85.630    0.384   12.530 0.00000e+00
  111    17.86667   -97.51471 36.55305     443.562     758.184  920.309  291.684   85.851    0.313   12.485 0.00000e+00
  112    17.88333   -97.51402 36.55593     454.911     770.381  918.973  291.571   86.069    0.205   12.446 0.00000e+00
  113    17.90000   -97.51329 36.55888     465.147     781.131  917.812  291.478   86.115    0.087   12.395 0.00000e+00
  114    17.91667   -97.51257 36.56182     471.661     788.159  917.091  291.421   86.197    0.004   12.373 0.00000e+00
  115    17.93333   -97.51186 36.56475     472.924     790.453  916.765  291.404   85.987   -0.123   12.333 0.00000e+00
  116    17.95000   -97.51118 36.56768     464.684     783.800  917.471  291.473   85.404   -0.275   12.293 0.00000e+00
  117    17.96667   -97.51057 36.57067     444.322     765.038  919.496  291.677   84.262   -0.539   12.260 0.00000e+00
  118    17.98333   -97.50999 36.57384     401.361     722.674  924.084  292.111   82.055   -1.048   12.209 0.00000e+00
  119    18.00000   -97.50936 36.57697     331.480     652.937  931.549  292.777   79.547   -1.414   12.242 0.00000e+00
  120    18.01667   -97.50858 36.57995     250.921     572.591  940.232  293.575   76.217   -1.518   12.214 0.00000e+00
  121    18.03333   -97.50763 36.58283     175.233     497.195  948.541  294.322   73.318   -1.294   12.200 0.00000e+00
  122    18.05000   -97.50666 36.58567     114.792     436.753  955.187  294.918   71.227   -0.811   12.211 0.00000e+00
  123    18.06667   -97.50580 36.58847      76.357     397.917  959.520  295.316   70.001   -0.399   12.244 0.00000e+00
  124    18.08333   -97.50510 36.59127      55.568     375.776  961.971  295.632   68.959   -0.211   12.267 0.00000e+00
  125    18.10000   -97.50473 36.59391      43.536     362.426  963.425  295.866   68.277   -0.156   12.302 0.00000e+00
  126    18.11667   -97.50475 36.59642      40.933     358.695  963.855  296.275   67.983    0.133   12.554 0.00000e+00
  127    18.13333   -97.50482 36.59879      52.559     369.323  962.670  296.157   68.700    0.365   12.611 0.00000e+00
  128    18.15000   -97.50484 36.60105      74.198     390.006  960.463  295.838   69.541    0.431   12.547 0.00000e+00
  129    18.16667   -97.50495 36.60316      98.319     413.288  957.845  295.525   70.461    0.374   12.506 0.00000e+00
  130    18.18333   -97.50522 36.60511     123.097     437.462  955.190  295.264   71.314    0.333   12.490 0.00000e+00
  131    18.20000   -97.50542 36.60682     146.629     460.657  952.591  295.039   72.028    0.353   12.476 0.00000e+00
  132    18.21667   -97.50546 36.60840     176.111     489.789  949.455  294.766   72.968    0.495   12.468 0.00000e+00
  133    18.23333   -97.50544 36.60988     222.860     536.169  944.361  294.414   74.432    1.037   12.512 0.00000e+00
  134    18.25000   -97.50548 36.61130     281.171     594.166  938.027  293.836   76.495    0.910   12.490 0.00000e+00
  135    18.26667   -97.50555 36.61282     313.538     626.215  934.550  293.496   77.572    0.265   12.447 0.00000e+00
  136    18.28333   -97.50551 36.61450     310.625     622.986  934.889  293.492   77.203   -0.318   12.380 0.00000e+00
  137    18.30000   -97.50525 36.61623     284.176     596.227  937.756  293.737   76.164   -0.642   12.363 0.00000e+00
  138    18.31667   -97.50481 36.61786     247.810     559.622  941.725  294.129   74.543   -0.504   12.346 0.00000e+00
  139    18.33333   -97.50424 36.61894     240.012     551.735  942.562  294.308   74.034   -0.052   12.387 0.00000e+00
  140    18.35000   -97.50373 36.61943     241.281     552.992  942.402  294.320   74.106   -0.282   12.411 0.00000e+00
  141    18.36667   -97.50333 36.61977     261.558     573.229  940.210  294.258   74.544    0.924   12.466 0.00000e+00
  142    18.38333   -97.50279 36.62037     351.092     662.737  930.551  293.473   77.712    2.033   12.505 0.00000e+00
  143    18.40000   -97.50228 36.62095     482.043     793.533  916.539  292.200   82.320    2.591   12.419 0.00000e+00
  144    18.41667   -97.50191 36.62189     599.532     910.825  904.221  291.111   86.489    1.563   12.347 0.00000e+00
  145    18.43333   -97.50151 36.62328     665.173     976.088  897.350  290.489   87.762    0.578   12.136 0.00000e+00
  146    18.45000   -97.50081 36.62487     696.279    1006.629  894.120  290.204   87.707    0.182   11.953 0.00000e+00
  147    18.46667   -97.49979 36.62660     718.222    1028.034  891.878  290.000   88.459    0.091   11.929 0.00000e+00
  148    18.48333   -97.49855 36.62848     737.935    1047.396  889.818  289.805   89.483    0.032   11.946 0.00000e+00
  149    18.50000   -97.49731 36.63052     753.653    1062.724  888.305  289.653   90.273   -0.125   11.955 0.00000e+00
  150    18.51667   -97.49603 36.63265     762.163    1070.239  887.482  289.562   90.856   -0.195   11.973 0.00000e+00
  151    18.53333   -97.49475 36.63471     750.740    1058.000  888.737  289.654   90.353   -0.593   11.960 0.00000e+00
  152    18.55000   -97.49348 36.63661     711.671    1018.149  892.890  290.043   88.339   -0.888   11.933 0.00000e+00
  153    18.56667   -97.49197 36.63829     660.571     966.299  898.309  290.549   86.215   -0.780   11.955 0.00000e+00
  154    18.58333   -97.49031 36.63981     617.412     922.633  902.887  290.967   84.495   -0.412   11.971 0.00000e+00
  155    18.60000   -97.48865 36.64115     595.050     899.905  905.259  291.191   83.601    0.043   11.982 0.00000e+00
  156    18.61667   -97.48730 36.64223     590.789     895.389  905.777  291.288   82.676   -0.051   11.915 0.00000e+00
  157    18.63333   -97.48654 36.64310     582.116     886.555  906.734  291.426   81.938   -0.304   11.900 0.00000e+00
  158    18.65000   -97.48592 36.64373     576.402     880.721  907.303  291.611   81.248    0.380   11.932 0.00000e+00
  159    18.66667   -97.48504 36.64460     624.486     928.662  902.228  291.264   82.719    0.826   11.951 0.00000e+00
  160    18.68333   -97.48379 36.64578     647.173     951.218  899.827  291.027   83.657   -0.310   11.938 0.00000e+00
  161    18.70000   -97.48288 36.64752     617.269     921.189  903.011  291.286   82.325   -0.830   11.900 0.00000e+00
  162    18.71667   -97.48283 36.64943     616.163     919.890  903.143  291.350   82.025    0.239   11.904 0.00000e+00
  163    18.73333   -97.48277 36.65096     650.623     954.191  899.558  291.078   83.283    0.446   11.927 0.00000e+00
  164    18.75000   -97.48225 36.65227     669.551     972.900  897.613  290.895   83.871   -0.344   11.898 0.00000e+00
  165    18.76667   -97.48165 36.65372     645.273     948.330  900.162  291.132   82.633   -0.561   11.866 0.00000e+00
  166    18.78333   -97.48124 36.65544     632.213     934.960  901.570  291.262   81.884    0.024   11.838 0.00000e+00
  167    18.80000   -97.48081 36.65745     647.494     949.978  900.017  291.120   82.540    0.577   11.846 0.00000e+00
  168    18.81667   -97.48022 36.65957     693.515     995.757  895.221  290.672   84.633    0.912   11.869 0.00000e+00
  169    18.83333   -97.47939 36.66177     752.685    1054.719  889.102  290.106   87.206    1.134   11.878 0.00000e+00
  170    18.85000   -97.47835 36.66406     817.615    1119.888  882.240  289.484   89.942    0.854   11.864 0.00000e+00
  171    18.86667   -97.47722 36.66646     867.816    1171.125  876.929  289.009   91.931    0.433   11.833 0.00000e+00
  172    18.88333   -97.47620 36.66891     893.392    1197.527  874.292  288.763   93.262    0.026   11.851 0.00000e+00
  173    18.90000   -97.47533 36.67132     888.419    1193.049  874.775  288.815   92.624   -0.542   11.804 0.00000e+00
  174    18.91667   -97.47467 36.67370     855.793    1161.401  877.980  289.120   90.998   -1.040   11.783 0.00000e+00
  175    18.93333   -97.47432 36.67606     803.863    1110.686  883.226  289.625   88.396   -1.244   11.753 0.00000e+00
  176    18.95000   -97.47440 36.67839     740.557    1048.576  889.641  290.246   85.299   -1.414   11.715 0.00000e+00
  177    18.96667   -97.47482 36.68065     669.187     978.132  896.979  290.973   81.529   -1.597   11.632 0.00000e+00
  178    18.98333   -97.47535 36.68279     584.037     893.550  905.853  291.820   77.713   -1.732   11.583 0.00000e+00
