    0    16.01667   -97.58675 36.27826      53.156     393.817  960.048  293.244   83.677    0.058   12.863 0.00000e+00
    1    16.03333   -97.58484 36.28146      53.910     395.588  959.819  293.251   83.620   -0.048   12.863 0.00000e+00
    2    16.05000   -97.58295 36.28454      44.243     387.135  960.723  293.373   83.111   -0.188   12.869 0.00000e+00
    3    16.06667   -97.58104 36.28753      32.025     376.082  961.988  293.537   82.500   -0.136   12.890 0.00000e+00
    4    16.08333   -97.57923 36.29047      26.097     371.839  962.418  293.632   82.223   -0.062   12.917 0.00000e+00
    5    16.10000   -97.57771 36.29331      24.497     371.935  962.389  293.740   81.989    0.018   12.967 0.00000e+00
    6    16.11667   -97.57653 36.29605      24.708     373.595  962.208  293.822   81.839    0.035   13.012 0.00000e+00
    7    16.13333   -97.57561 36.29873      25.793     376.428  961.905  293.866   81.778    0.010   13.042 0.00000e+00
    8    16.15000   -97.57485 36.30137      26.906     379.502  961.495  293.904   81.724    0.010   13.070 0.00000e+00
    9    16.16667   -97.57403 36.30399      26.439     381.116  961.299  293.956   81.538    0.017   13.086 0.00000e+00
   10    16.18333   -97.57309 36.30653      28.539     385.191  960.909  293.955   81.460    0.025   13.077 0.00000e+00
   11    16.20000   -97.57207 36.30898      32.308     390.806  960.249  293.937   81.438    0.098   13.068 0.00000e+00
   12    16.21667   -97.57098 36.31149      35.316     395.720  959.671  293.940   81.405    0.104   13.073 0.00000e+00
   13    16.23333   -97.56982 36.31404      38.734     400.368  959.349  293.959   81.429    0.083   13.097 0.00000e+00
   14    16.25000   -97.56870 36.31650      49.338     410.056  958.315  293.891   81.775    0.227   13.111 0.00000e+00
   15    16.26667   -97.56783 36.31894      66.741     426.247  956.557  293.746   82.368    0.355   13.112 0.00000e+00
   16    16.28333   -97.56728 36.32148      90.594     449.015  954.028  293.432   83.555    0.398   13.078 0.00000e+00
   17    16.30000   -97.56702 36.32423     113.991     473.207  951.343  293.079   84.795    0.411   13.019 0.00000e+00
   18    16.31667   -97.56694 36.32715     144.312     504.760  947.872  292.675   86.327    0.627   12.971 0.00000e+00
   19    16.33333   -97.56710 36.33022     192.024     553.462  942.605  292.191   88.327    1.074   12.947 0.00000e+00
   20    16.35000   -97.56756 36.33339     262.959     621.384  935.228  291.550   91.183    1.095   12.937 0.00000e+00
   21    16.36667   -97.56810 36.33662     319.591     674.698  929.455  290.996   93.475    0.245   12.885 0.00000e+00
   22    16.38333   -97.56841 36.33996     338.517     690.548  927.695  290.814   93.497   -0.122   12.764 0.00000e+00
   23    16.40000   -97.56840 36.34354     337.384     686.659  928.094  290.887   93.076   -0.083   12.760 0.00000e+00
   24    16.41667   -97.56816 36.34730     331.551     677.380  929.170  291.012   92.609    0.006   12.782 0.00000e+00
   25    16.43333   -97.56778 36.35106     324.732     664.307  930.559  291.135   92.140   -0.044   12.798 0.00000e+00
   26    16.45000   -97.56731 36.35481     309.904     643.408  932.800  291.331   91.225   -0.147   12.798 0.00000e+00
   27    16.46667   -97.56679 36.35859     293.621     625.178  934.761  291.507   90.423   -0.161   12.801 0.00000e+00
   28    16.48333   -97.56622 36.36235     275.404     605.195  936.940  291.697   89.594   -0.331   12.807 0.00000e+00
   29    16.50000   -97.56557 36.36618     247.930     578.825  939.742  291.958   88.217   -0.627   12.781 0.00000e+00
   30    16.51667   -97.56474 36.37006     198.414     531.417  944.917  292.444   85.764   -1.026   12.741 0.00000e+00
   31    16.53333   -97.56352 36.37400     135.128     469.609  951.688  293.054   82.944   -1.094   12.711 0.00000e+00
   32    16.55000   -97.56173 36.37789      80.823     416.659  957.502  293.564   80.850   -0.883   12.713 0.00000e+00
   33    16.56667   -97.55936 36.38174      46.174     382.597  961.318  293.892   79.441   -0.488   12.698 0.00000e+00
   34    16.58333   -97.55670 36.38554      34.978     371.298  962.567  294.220   78.554   -0.014   12.798 0.00000e+00
   35    16.60000   -97.55444 36.38858      54.946     391.147  960.331  294.220   79.022    0.678   12.904 0.00000e+00
   36    16.61667   -97.55259 36.39141     115.551     453.300  953.372  293.634   81.519    1.468   12.930 0.00000e+00
   37    16.63333   -97.55108 36.39432     201.344     541.594  943.672  292.737   85.220    1.813   12.913 0.00000e+00
   38    16.65000   -97.54971 36.39730     294.232     636.496  933.392  291.804   89.235    1.899   12.891 0.00000e+00
   39    16.66667   -97.54829 36.40035     386.100     729.548  923.368  290.897   93.325    1.972   12.869 0.00000e+00
   40    16.68333   -97.54666 36.40357     478.975     823.221  913.355  289.971   97.680    2.109   12.837 0.00000e+00
   41    16.70000   -97.54478 36.40697     559.401     903.972  904.752  289.290  100.000    1.869   12.715 5.29396e-02
   42    16.71667   -97.54266 36.41051     613.834     959.060  898.875  288.998  100.000    1.210   12.562 1.48721e-01
   43    16.73333   -97.54021 36.41410     631.572     977.793  896.883  288.830  100.000    0.312   12.457 1.27171e-01
   44    16.75000   -97.53761 36.41777     609.641     957.138  899.052  288.844  100.000   -0.483   12.422 2.50876e-02
   45    16.76667   -97.53508 36.42154     565.833     914.936  903.508  289.158   98.653   -0.733   12.441 9.82160e-06
   46    16.78333   -97.53268 36.42535     527.835     878.503  907.436  289.516   96.935   -0.589   12.454 0.00000e+00
   47    16.80000   -97.53050 36.42907     511.513     862.586  909.133  289.690   95.995   -0.271   12.449 0.00000e+00
   48    16.81667   -97.52846 36.43266     518.980     867.093  908.816  289.719   95.101    0.081   12.360 0.00000e+00
   49    16.83333   -97.52650 36.43619     540.201     883.704  907.017  289.570   95.760    0.236   12.351 0.00000e+00
   50    16.85000   -97.52457 36.43969     572.047     912.250  904.044  289.316   97.394    0.453   12.400 0.00000e+00
   51    16.86667   -97.52261 36.44315     612.483     949.926  900.004  288.931   99.798    0.568   12.451 1.01676e-02
   52    16.88333   -97.52040 36.44644     643.747     979.022  896.935  288.781  100.000    0.253   12.416 5.97823e-02
   53    16.90000   -97.51785 36.44948     649.795     982.608  896.545  288.768  100.000   -0.272   12.413 6.28417e-02
   54    16.91667   -97.51503 36.45241     632.745     962.206  898.708  288.926   99.460   -0.671   12.423 3.05607e-02
   55    16.93333   -97.51205 36.45530     600.491     926.078  902.453  289.182   98.214   -0.802   12.419 2.33939e-04
   56    16.95000   -97.50902 36.45823     564.549     888.841  906.373  289.535   96.457   -0.647   12.422 0.00000e+00
   57    16.96667   -97.50592 36.46136     546.367     869.136  908.500  289.751   95.399   -0.381   12.428 0.00000e+00
   58    16.98333   -97.50280 36.46490     543.845     864.803  908.920  289.799   95.128   -0.352   12.425 0.00000e+00
   59    17.00000   -97.49979 36.46903     535.808     855.186  909.958  289.893   94.499   -0.312   12.403 0.00000e+00
   60    17.01667   -97.49710 36.47350     529.141     846.664  910.915  289.999   93.707    0.280   12.370 0.00000e+00
   61    17.03333   -97.49483 36.47768     555.589     871.603  908.309  289.712   95.284    1.221   12.385 0.00000e+00
   62    17.05000   -97.49284 36.48134     620.419     934.621  901.675  289.091   98.244    1.633   12.361 1.21773e-03
   63    17.06667   -97.49086 36.48458     707.289    1019.602  892.637  288.537   99.970    1.785   12.260 7.17573e-02
   64    17.08333   -97.48890 36.48746     823.995    1134.823  880.597  287.970  100.000    2.606   12.001 2.50346e-01
   65    17.10000   -97.48684 36.49008     976.958    1285.886  865.032  287.280  100.000    2.870   11.683 5.41648e-01
   66    17.11667   -97.48473 36.49250    1120.945    1428.278  850.566  286.640  100.000    2.080   11.398 8.45569e-01
   67    17.13333   -97.48242 36.49476    1230.614    1537.074  839.635  286.141  100.000    1.110   11.175 1.08192e+00
   68    17.15000   -97.47997 36.49692    1302.252    1608.354  832.574  285.476  100.000    0.178   10.789 8.96555e-01
   69    17.16667   -97.47721 36.49897    1330.137    1635.072  829.941  284.769   99.798   -0.653   10.287 3.67984e-01
   70    17.18333   -97.47412 36.50113    1321.187    1624.451  830.950  284.982   99.508   -0.887   10.390 4.11364e-01
   71    17.20000   -97.47082 36.50360    1302.953    1604.605  832.900  285.149  100.000   -0.864   10.555 3.65805e-01
   72    17.21667   -97.46745 36.50639    1294.292    1594.531  833.863  285.305  100.000   -0.348   10.650 4.02952e-01
   73    17.23333   -97.46410 36.50951    1296.501    1596.703  833.613  285.334  100.000    0.095   10.674 4.14079e-01
   74    17.25000   -97.46091 36.51282    1301.140    1603.016  832.972  285.274  100.000    0.163   10.639 3.71140e-01
   75    17.26667   -97.45792 36.51622    1306.808    1611.871  832.088  285.191  100.000    0.255   10.592 3.44126e-01
   76    17.28333   -97.45509 36.51956    1326.182    1634.323  829.853  284.997  100.000    0.569   10.485 3.13468e-01
   77    17.30000   -97.45227 36.52280    1363.167    1673.472  826.070  284.749  100.000    0.793   10.362 3.32117e-01
   78    17.31667   -97.44933 36.52593    1407.971    1718.834  821.630  284.499  100.000    0.879   10.246 3.87759e-01
   79    17.33333   -97.44629 36.52887    1448.113    1759.165  817.669  284.284  100.000    0.758   10.149 4.48227e-01
   80    17.35000   -97.44322 36.53158    1475.693    1787.811  814.866  284.195  100.000    0.451   10.125 5.60076e-01
   81    17.36667   -97.44025 36.53410    1491.735    1805.577  813.166  284.116  100.000    0.268   10.093 5.83051e-01
   82    17.38333   -97.43741 36.53654    1502.352    1817.227  812.083  283.868  100.000    0.114    9.941 4.51163e-01
   83    17.40000   -97.43479 36.53913    1502.684    1817.318  812.153  283.710   99.691   -0.241    9.785 2.99362e-01
   84    17.41667   -97.43240 36.54198    1483.493    1796.361  814.213  283.695   97.817   -0.662    9.567 9.26007e-02
   85    17.43333   -97.43002 36.54496    1452.634    1763.625  817.379  284.102   92.544   -0.651    9.265 2.06732e-04
   86    17.45000   -97.42738 36.54792    1422.163    1732.874  820.286  284.530   88.113   -0.425    9.044 0.00000e+00
   87    17.46667   -97.42431 36.55081    1410.901    1723.410  821.176  284.450   90.188    0.347    9.198 0.00000e+00
   88    17.48333   -97.42103 36.55383    1429.483    1744.382  819.124  284.171   93.240    0.509    9.357 0.00000e+00
   89    17.50000   -97.41769 36.55701    1445.407    1761.258  817.594  284.008   94.561    0.076    9.405 0.00000e+00
   90    17.51667   -97.41414 36.56017    1444.437    1759.082  817.826  284.097   93.408   -0.156    9.343 0.00000e+00
   91    17.53333   -97.41051 36.56328    1443.215    1756.500  817.945  284.207   91.936   -0.026    9.262 0.00000e+00
   92    17.55000   -97.40705 36.56642    1441.394    1757.071  817.901  284.212   91.879   -0.071    9.260 0.00000e+00
   93    17.56667   -97.40374 36.56964    1434.160    1752.673  818.330  284.191   93.190   -0.192    9.374 0.00000e+00
   94    17.58333   -97.40054 36.57291    1419.259    1740.517  819.562  284.263   93.471   -0.314    9.433 0.00000e+00
   95    17.60000   -97.39742 36.57619    1397.062    1720.864  821.468  284.398   93.567   -0.462    9.506 0.00000e+00
   96    17.61667   -97.39429 36.57943    1366.383    1693.108  824.239  284.639   92.754   -0.561    9.544 0.00000e+00
   97    17.63333   -97.39116 36.58262    1333.379    1661.214  827.393  284.909   91.899   -0.427    9.590 0.00000e+00
   98    17.65000   -97.38800 36.58582    1315.317    1643.906  829.065  285.061   91.313   -0.001    9.606 0.00000e+00
   99    17.66667   -97.38490 36.58911    1326.015    1655.628  827.905  284.950   91.840    0.423    9.604 0.00000e+00
  100    17.68333   -97.38188 36.59250    1355.646    1686.178  824.961  284.649   93.479    0.611    9.616 0.00000e+00
  101    17.70000   -97.37881 36.59594    1385.536    1715.783  822.097  284.345   95.317    0.430    9.643 0.00000e+00
  102    17.71667   -97.37563 36.59932    1396.473    1725.661  821.145  284.234   96.143   -0.031    9.665 0.00000e+00
  103    17.73333   -97.37234 36.60262    1384.708    1711.535  822.598  284.381   95.509   -0.437    9.679 0.00000e+00
  104    17.75000   -97.36902 36.60584    1363.031    1686.298  825.089  284.640   94.048   -0.441    9.668 0.00000e+00
  105    17.76667   -97.36581 36.60908    1350.335    1670.092  826.709  284.812   93.056   -0.121    9.657 0.00000e+00
  106    17.78333   -97.36269 36.61237    1351.944    1668.252  826.871  284.826   92.984    0.090    9.656 0.00000e+00
  107    17.80000   -97.35969 36.61573    1355.228    1668.473  826.849  284.815   93.128   -0.015    9.664 0.00000e+00
  108    17.81667   -97.35681 36.61917    1351.379    1662.193  827.445  284.859   93.182   -0.145    9.691 0.00000e+00
  109    17.83333   -97.35397 36.62266    1344.859    1653.829  828.252  284.929   92.968   -0.201    9.705 0.00000e+00
  110    17.85000   -97.35114 36.62618    1339.807    1646.559  829.045  285.003   92.637   -0.160    9.709 0.00000e+00
  111    17.86667   -97.34828 36.62972    1338.901    1642.970  829.360  285.037   92.444   -0.049    9.706 0.00000e+00
  112    17.88333   -97.34538 36.63327    1342.431    1644.806  829.148  285.025   92.428    0.082    9.699 0.00000e+00
  113    17.90000   -97.34248 36.63685    1349.002    1650.395  828.579  284.982   92.537    0.126    9.690 0.00000e+00
  114    17.91667   -97.33955 36.64042    1356.449    1655.915  828.070  284.931   92.774    0.157    9.688 0.00000e+00
  115    17.93333   -97.33667 36.64397    1363.718    1661.795  827.464  284.883   92.904    0.077    9.677 0.00000e+00
  116    17.95000   -97.33385 36.64746    1368.490    1666.169  827.025  284.853   92.906   -0.026    9.664 0.00000e+00
  117    17.96667   -97.33108 36.65086    1371.516    1668.577  826.818  284.860   92.523   -0.079    9.631 0.00000e+00
  118    17.98333   -97.32836 36.65417    1373.633    1669.816  826.691  284.880   92.069   -0.067    9.598 0.00000e+00
  119    18.00000   -97.32567 36.65746    1376.644    1673.451  826.285  284.857   92.053    0.023    9.586 0.00000e+00
  120    18.01667   -97.32301 36.66079    1383.818    1681.571  825.505  284.776   92.543    0.131    9.595 0.00000e+00
  121    18.03333   -97.32030 36.66424    1390.531    1688.589  824.876  284.706   93.026    0.062    9.607 0.00000e+00
  122    18.05000   -97.31755 36.66780    1386.783    1683.901  825.266  284.745   92.821   -0.237    9.606 0.00000e+00
  123    18.06667   -97.31471 36.67136    1363.828    1660.840  827.485  284.972   91.700   -0.580    9.608 0.00000e+00
  124    18.08333   -97.31180 36.67485    1321.577    1622.237  831.247  285.340   89.956   -0.815    9.615 0.00000e+00
  125    18.10000   -97.30884 36.67826    1269.116    1574.537  835.990  285.720   88.725   -0.773    9.669 0.00000e+00
  126    18.11667   -97.30589 36.68152    1221.671    1529.923  840.550  286.096   87.558   -0.535    9.728 0.00000e+00
  127    18.13333   -97.30305 36.68465    1190.770    1500.439  843.484  286.340   86.910   -0.300    9.778 0.00000e+00
  128    18.15000   -97.30038 36.68777    1178.266    1489.096  844.667  286.417   87.043   -0.042    9.829 0.00000e+00
  129    18.16667   -97.29774 36.69097    1182.795    1494.537  844.095  286.352   87.492    0.190    9.844 0.00000e+00
  130    18.18333   -97.29510 36.69428    1200.852    1513.306  842.199  286.158   88.546    0.401    9.859 0.00000e+00
  131    18.20000   -97.29237 36.69769    1228.179    1540.855  839.530  285.899   89.812    0.517    9.862 0.00000e+00
  132    18.21667   -97.28960 36.70116    1260.964    1573.471  836.272  285.588   91.301    0.518    9.860 0.00000e+00
  133    18.23333   -97.28681 36.70469    1293.063    1605.876  833.139  285.294   92.699    0.421    9.855 0.00000e+00
  134    18.25000   -97.28397 36.70824    1320.077    1630.008  830.751  285.070   93.736    0.289    9.847 0.00000e+00
  135    18.26667   -97.28118 36.71175    1330.138    1636.686  830.100  285.016   93.989   -0.025    9.846 0.00000e+00
  136    18.28333   -97.27853 36.71522    1319.222    1622.907  831.429  285.120   93.756   -0.443    9.874 0.00000e+00
  137    18.30000   -97.27585 36.71864    1291.750    1592.929  834.376  285.254   94.949   -0.946   10.053 0.00000e+00
  138    18.31667   -97.27308 36.72181    1255.193    1554.932  838.110  285.547   94.313   -1.182   10.135 3.76116e-03
  139    18.33333   -97.27018 36.72459    1218.758    1519.392  841.629  285.899   92.691   -1.026   10.152 2.28080e-05
  140    18.35000   -97.26727 36.72709    1196.926    1499.051  843.627  286.103   91.642   -0.386   10.149 0.00000e+00
  141    18.36667   -97.26450 36.72957    1191.009    1495.246  844.032  286.139   91.292   -0.010   10.129 0.00000e+00
  142    18.38333   -97.26187 36.73221    1189.457    1495.708  844.045  286.144   91.235   -0.045   10.126 0.00000e+00
  143    18.40000   -97.25936 36.73498    1196.804    1504.051  843.240  286.097   91.082    0.054   10.088 0.00000e+00
  144    18.41667   -97.25689 36.73787    1219.323    1526.763  840.997  285.919   91.447    0.229   10.037 0.00000e+00
  145    18.43333   -97.25445 36.74084    1239.198    1545.700  839.176  285.747   92.206    0.100   10.028 0.00000e+00
  146    18.45000   -97.25208 36.74384    1241.658    1546.255  839.133  285.715   94.410   -0.164   10.246 3.60720e-02
  147    18.46667   -97.24986 36.74678    1227.822    1530.401  840.668  285.837   97.977   -0.397   10.700 6.23671e-02
  148    18.48333   -97.24776 36.74966    1202.699    1504.774  843.267  286.001   98.868   -0.498   10.881 3.69199e-02
  149    18.50000   -97.24565 36.75252    1169.826    1471.621  846.515  286.258   96.354   -0.486   10.744 8.46256e-03
  150    18.51667   -97.24348 36.75536    1135.686    1437.718  849.915  286.588   93.619   -0.524   10.624 0.00000e+00
  151    18.53333   -97.24126 36.75814    1104.438    1406.962  853.034  286.933   91.014   -0.502   10.526 0.00000e+00
  152    18.55000   -97.23901 36.76081    1081.923    1385.085  855.245  287.190   89.099   -0.345   10.452 0.00000e+00
  153    18.56667   -97.23670 36.76335    1075.930    1379.784  855.824  287.296   87.894   -0.033   10.375 0.00000e+00
  154    18.58333   -97.23428 36.76580    1089.895    1393.489  854.427  287.215   87.556    0.269   10.298 0.00000e+00
  155    18.60000   -97.23174 36.76823    1116.551    1419.776  851.756  286.974   88.427    0.471   10.269 0.00000e+00
  156    18.61667   -97.22917 36.77072    1144.181    1447.207  848.995  286.677   89.961    0.468   10.280 0.00000e+00
  157    18.63333   -97.22669 36.77330    1167.822    1471.750  846.422  286.420   91.502    0.472   10.313 0.00000e+00
  158    18.65000   -97.22433 36.77597    1193.701    1499.416  843.640  286.153   93.083    0.692   10.343 0.00000e+00
  159    18.66667   -97.22208 36.77874    1221.551    1529.220  840.687  285.829   94.682    0.574   10.334 0.00000e+00
  160    18.68333   -97.21996 36.78156    1239.372    1549.922  838.545  285.593   95.990    0.210   10.341 0.00000e+00
  161    18.70000   -97.21805 36.78440    1242.203    1556.786  837.865  285.521   96.280   -0.084   10.332 0.00000e+00
  162    18.71667   -97.21626 36.78723    1233.752    1552.508  838.334  285.567   96.050   -0.190   10.333 0.00000e+00
  163    18.73333   -97.21458 36.79004    1222.625    1544.156  839.238  285.675   95.198   -0.204   10.303 0.00000e+00
  164    18.75000   -97.21300 36.79285    1211.738    1535.450  840.070  285.793   94.164   -0.225   10.261 0.00000e+00
  165    18.76667   -97.21145 36.79567    1198.855    1525.170  841.114  285.944   92.814   -0.247   10.203 0.00000e+00
  166    18.78333   -97.20992 36.79849    1186.080    1513.692  842.283  286.110   91.526   -0.205   10.158 0.00000e+00
  167    18.80000   -97.20840 36.80132    1171.418    1499.584  843.695  286.263   90.661   -0.235   10.146 0.00000e+00
  168    18.81667   -97.20689 36.80418    1154.103    1482.960  845.346  286.433   89.742   -0.341   10.136 0.00000e+00
  169    18.83333   -97.20544 36.80709    1130.289    1460.711  847.606  286.654   88.651   -0.455   10.132 0.00000e+00
  170    18.85000   -97.20410 36.80996    1102.582    1434.830  850.203  286.892   87.629   -0.447   10.141 0.00000e+00
  171    18.86667   -97.20283 36.81272    1076.623    1410.191  852.782  287.131   86.594   -0.371   10.149 0.00000e+00
  172    18.88333   -97.20166 36.81534    1054.629    1388.613  854.981  287.331   85.757   -0.265   10.156 0.00000e+00
  173    18.90000   -97.20059 36.81786    1037.484    1371.616  856.722  287.490   85.072   -0.190   10.159 0.00000e+00
  174    18.91667   -97.19962 36.82033    1027.685    1362.053  857.730  287.582   84.658   -0.105   10.159 0.00000e+00
  175    18.93333   -97.19875 36.82280    1026.365    1360.993  857.804  287.580   84.726   -0.022   10.164 0.00000e+00
  176    18.95000   -97.19791 36.82529    1032.339    1367.163  857.184  287.534   84.822   -0.004   10.153 0.00000e+00
  177    18.96667   -97.19714 36.82779    1039.510    1374.547  856.470  287.489   84.773   -0.104   10.126 0.00000e+00
  178    18.98333   -97.19640 36.83025    1042.824    1378.138  856.068  287.462   84.733   -0.171   10.108 0.00000e+00
